# Created by Octave 6.2.0, Sat Sep 10 15:33:46 2022 GMT <unknown@LAPTOP-P0PV0581>
# name: Theta2
# type: matrix
# rows: 10
# columns: 16
 0.10397727136250579 0.07007012169970607 0.15778742057076658 0.064377528595986583 0.13423553348269879 0.020804900484493259 -0.057380723134053263 0.12105619653855057 -0.10591309939158708 0.086688464677637314 -0.16275659701452963 0.030794728291535987 -0.051459306922224557 -0.1071257507941414 -0.12509799974727487 0.064581969847554752
 -0.058871053665947824 -0.040493236620721594 -0.017179144357516878 0.03401237709923545 0.15914434449925499 0.0276320720791484 -0.0095968090020100861 -0.00042371669951891966 0.029119785449024976 0.067107967949455921 0.061832164623570898 -0.056780979694935285 0.074475864459097915 -0.09129227651708334 -0.004248532396532341 -0.16552500200745676
 -0.071065803382513892 0.055011971610358389 -0.043411751421176224 0.025681731252575796 0.11907237425009319 0.032466154417830254 -0.010181841107742041 0.09102982329530393 0.031102679120441477 0.030502130568927085 -0.12468424583646684 -0.095487351838393866 -0.088991813110069345 0.14143025183857766 -0.093892529567379021 -0.086351253445805631
 -0.063331763343957875 0.20212727224943805 0.14818405384098224 -0.12837705211515524 -0.0022894857603867141 0.032009534475647396 -0.047761423716650993 -0.012521515510056957 0.043994527988509884 -0.18310727613651259 0.048040747728874934 0.085288568329964815 -0.10466968364891242 -0.080294861735780543 -0.0035602200694149202 0.033519507301532477
 0.18219137118156933 0.090997311836215969 -0.13525691185057057 0.031290444631181594 -0.10969939803678321 0.032883784953163783 0.12756516336213877 0.016022673158116636 0.042842529337301746 -0.037145438821460715 -0.11630957923027012 0.061264501949037764 0.058360910272428769 -0.058018520941510832 -0.099054977551994258 0.081800056787128053
 0.004476024402320135 0.0036696210690985299 -0.023133640407249145 -0.077219651188366642 -0.0027109487994623873 0.0090447170742397887 0.052968621932297885 -0.01796312644895106 -0.020762134296002141 -0.019426485129286023 0.029448895527972082 0.072324083207043019 0.006704098562549967 -0.22005821186101338 0.23706731536899608 0.045556028385100845
 0.047203694715800215 -0.088592145013381265 0.1022049082854988 -0.0027604687665783701 0.006064961240139278 0.040436154749497057 -0.15852589168801004 0.075500065718439383 0.029054448858861232 -0.046857677549421557 0.035032237686851153 -0.15648696720975025 0.04341659001681486 0.16239377110140921 -0.031242513898346268 0.093052357788655907
 -0.10576557965257555 0.072001032313024793 0.0034095656956132795 0.03720939402030525 -0.045422787503011854 0.026185499728163794 0.070676695726177977 -0.045715289237249254 -0.069503761310682782 0.045362855648287556 0.059158695071538127 -0.029084451048529195 -0.068679990008065045 -0.049719944086669229 -0.13064568455546674 0.042408360677750702
 0.087028839122330129 0.099125607155944234 0.095691456816654571 0.045318515906823259 -0.088699679601430312 0.038202629921647309 -0.11462807658867467 0.0027433437452139874 -0.13839570088568376 -0.083679848925339959 0.04657280147135906 0.02102348224940525 -0.087658475303938319 0.10614713211122821 0.0089016915818842003 0.0081933229900901985
 0.088311744606110257 -0.13336794921282771 -0.15327064480619149 0.039252221332752475 -0.011317589164276831 0.010654743065176303 0.059120656435436146 -0.15303734701392274 0.060197048886675784 -0.06838522659040977 0.050183233412200177 0.1288657992924104 0.049363908988818705 0.13917036022966331 0.015811656954575815 0.046015027217341728


