# Created by Octave 6.2.0, Sat Sep 10 15:55:00 2022 GMT <unknown@LAPTOP-P0PV0581>
# name: Theta2
# type: matrix
# rows: 10
# columns: 46
 -0.075116859346705298 -0.074168367553212766 -0.014648911684190366 0.016101052855690894 0.023494474390820697 0.05861245721752522 0.06193943094169075 -0.043246173192326369 -0.047433457233955256 0.0053076881438913594 0.033756135768622991 -0.087004348003862572 -0.064720663677540535 -0.05290317107843609 0.042721792389877951 0.0050388647450423747 -0.044955654150914078 0.015759142214887771 -0.039038630224592002 0.044280936265314944 0.080502620213406942 0.087426903762235331 0.013997703267581546 0.061393342320113314 0.026468942271933384 0.013831365758550896 0.070491709711885717 -0.11086971345804335 0.019086175864139885 0.029551835325789751 0.094270806492066789 -0.063082674244271136 0.075835728067455754 0.073252801168809917 0.05870838560795591 -0.048918294594154518 -0.10011474336801413 0.014852780560980028 0.026068838616832259 -0.10474490454036865 -0.067962823823869187 0.0036688231235355567 0.090229057252554271 -0.035626188803414199 -0.12521123782194779 -0.050627906681454511
 -0.09557113514238276 0.028002704697321874 -0.093882822540553704 -0.010512558031999809 0.021690859188478944 0.020727677060952313 -0.099430273748647546 -0.0016587804970735324 0.002915046664056497 0.053134370127190619 -0.029570975676500893 -0.038267938017097977 0.09935702415718832 -0.043256863233180232 0.050386906620560251 -0.017885932995415764 -0.074427320890927309 -0.076738421785077865 0.10201005554446672 -0.029462802933882967 -0.038175533550747293 0.078056355871436056 -0.12310747606149995 -0.054547477749449499 0.064525672777067139 0.0084634714753531008 -0.059052463706331985 -0.016618449853097562 0.037056285949750523 0.037786602449064045 -0.018582404413151326 0.058979721772577959 0.038001038554618137 -0.10670557463840089 0.035706874338649074 -0.047496383105399727 0.028740822081334879 0.014376375575858396 0.0023234953946322072 0.0044726385488881755 0.085707774933699479 0.0066772910823711257 0.064179319456283829 -0.022113341085789783 -0.02087688301151212 -0.036922131332090047
 0.10255215205398191 0.070173277420044089 -0.012490282582804478 -0.02541493971132933 0.023961812497204443 0.019581835725861311 0.010990575326306248 -0.097549435257200959 0.018432885986118242 0.0047453944199816649 -0.10127230579791292 -0.031776427613200889 0.068008568276349823 -0.065312183553981204 0.010148951875634421 -0.023177118687755335 0.028434493008105542 0.025218569058674627 0.07334458181438093 0.036286188574960673 0.049845627067179106 0.077202913982624938 0.0063431946859110406 -0.077461730093206976 0.041642766814272855 0.0042771555433081653 0.029775534198493159 0.011312101345096536 -0.066111280572514669 0.060607379646707094 -0.079745067658581401 0.12275082122992051 0.048154460938762071 -0.10243922399560541 0.013695725767403176 -0.055753832016566029 -0.052414981545663111 -0.019530887073731788 -0.024563274712740134 -0.052441092744950978 0.0064906921037979817 -0.08551032696688568 0.10322559075752354 0.024586282622004803 -0.062235516591299424 -0.019528999487829986
 0.10440430523164855 0.0072941576732524927 0.024307291660657603 -0.032846091832549378 -0.15380653857221907 -0.13860955161482996 -0.036049189146005724 0.10360973285705478 -0.034784960329048806 -0.018503684193800111 0.04484982749856388 0.013606557560591032 -0.081984831869076097 -0.03560400210311275 -0.08584663942386643 -0.040164969744874345 -0.025460179122796807 0.079470542719737886 -0.016913691477642011 -0.045355811676003249 0.066854573222846214 -0.046587702289186267 -0.0074281325784189755 0.08148156182626963 0.0024097292032103368 0.095144999895673751 0.0078027833405581162 0.012142875480007488 0.045090505913308369 -0.048667359560290863 -0.042650879060246755 0.013234476359135034 -0.072097815252422148 0.11285619423156484 0.11059707905528102 -0.068865449859069935 -0.10085315550535937 0.12843361961338909 0.063078184941316007 0.053408180524787012 0.030452651863302795 0.046624459149166381 -0.035574270945033765 -0.026804041080487395 0.0095884701599164169 -0.043769038999690507
 0.17657648014333524 0.042058648246223143 -0.00063032112371764332 0.054785798868151311 0.049896908925545484 -0.045232765151670171 0.04828855825157486 0.00063046480315737455 0.029296639913638942 -0.050418817956797021 -0.072460195833405641 0.023210993589740995 -0.0053451840818401529 -0.056059633308367572 0.060618222724600566 0.14748906453381638 0.018794648257523337 0.11587952039775734 0.070092965160123658 -0.023894226650671445 -0.063468539512581759 -0.027497653112849348 0.00075702749917930072 -0.1514640226183491 0.075841191772131319 -0.11075931071926606 0.020420689280093805 0.04692962367998519 0.024645306359122793 -0.0073585145171719355 -0.071293970109249191 0.043216169795026876 0.064212268490255117 0.0025298596735588491 0.070398646907771284 0.0072856389954985079 -0.074328652477509458 -0.0098695102105195113 -0.021349400929675459 -0.06390447673888508 -0.088737391666634607 0.010085166589833624 -0.067141554709989504 -0.064203014926850724 0.021791535866010424 -0.023216762628436145
 -0.049478527267925058 -0.033649006926124915 0.052022620830378973 -0.0051984155656430641 -0.03108534938094748 -0.023976210058060374 -0.0099266891843530648 0.04969967492287411 -0.083600744898834109 0.02555513227137321 0.0090409653941670876 0.048569514137468343 -0.049125220163457363 -0.010554800665958581 0.029149278256193196 0.12048375547482872 -0.022399214789891753 0.064421409431959925 -0.097062749438679333 -0.095077337457814756 -0.069344771468200048 0.023843827346555199 -0.029666453193326121 -0.080653267675646262 -0.038538686374533324 0.052914838946513582 -0.085650877040764947 -0.14179456507416358 0.10943946427050294 -0.028302526285672099 -0.047974280541341008 -0.041885843161602189 -0.048735342695518678 0.041015347109393883 0.06563916355755671 -0.020033474459066933 0.10430199939903928 -0.03560681929813253 0.0069465222287280835 0.03042374536281342 0.038426014258604424 0.11272650596686253 0.082091761837260011 -0.029634622011479178 -0.037930274440629769 -0.071240811309611116
 0.11977767336435736 -0.035034383649339092 0.022135743802406651 0.019890910007474248 -0.075960495297628702 0.046588977981437261 0.07240741399205762 0.038365481289198741 0.048400700332416294 -0.05103703627562671 -0.10647955972434063 -0.023954614522648715 -0.06047129425542902 -0.035205039519493143 -0.10576272904729504 -0.091116780288855226 -0.027436831121920115 -0.15481648747318108 0.083162040469436233 0.084320238734202108 0.069908554903868228 -0.040327149103721198 0.033500897231968231 0.099969657509700258 0.050362845351303177 -0.11483887524075914 0.073373266772599047 -0.098585396911245585 0.035575384729870679 -0.028352809791063319 -0.022371660181730372 0.094041604522066904 0.070408788224446281 -0.10902812924742721 0.02639107737902445 -0.083996771541621704 0.10326599286054004 -0.019736977738574631 -0.026111671208050299 0.011434984197024212 0.064740732786087093 0.022282764112979993 0.050302846390149897 0.058819142024040663 0.013179514080526509 0.067706570656000817
