# Created by Octave 6.2.0, Sat Sep 10 16:16:07 2022 GMT <unknown@LAPTOP-P0PV0581>
# name: Theta2
# type: matrix
# rows: 10
# columns: 36
 -0.079746392583354933 0.054110949839341976 -0.049490490252767222 0.15322543987650758 -0.079601467632174808 0.03126633641861281 0.05646457297668743 -0.072174302771315646 0.023049544069951043 0.037406199003130809 -0.037553217313571717 0.047068811168649825 0.03673549346321496 0.010651206648999661 -0.10974295720294407 0.0058727730179656051 0.0011224579934160409 -0.025024468175321626 0.075205934846307179 0.03277985068862712 -0.14265485025362512 -0.019562644408994415 -0.056882122173044086 0.086836341031434131 -0.006169325555687567 -0.048647346896948503 -0.056633317575744066 0.014189807060600973 0.056007489533215181 0.046308380425275644 -0.072084093955583337 -0.083438095817214147 -0.0020566832390424747 -0.0143957111156483 0.062168165243687887 0.14907297810213541
 0.026423349503688302 -0.019092762474958173 0.048775888245725284 0.066253683613687636 -0.0028818971829094433 0.026357689733376665 0.026625511477207528 0.01307233889954517 0.02890197656244604 0.078092444496441371 -0.06501805177711574 0.011036026146583318 -0.015721213751733437 0.049429079530076692 0.12080991968618342 0.020258710676593 -0.017763260164807722 -0.014778826267009713 0.011305256938097039 -0.0075809687716417501 0.034683493210149192 -0.034610472826137946 0.063023947519414703 -0.083002847797349205 -0.010167055811082121 -0.069959679868856262 -0.032891802330506641 -0.086985663606302874 -0.077260844646189208 -0.034203885447452266 -0.066552540159660778 -0.074546348298406118 -0.012934301948882357 0.038572422792306577 0.052299227642444608 -0.030032399068890145
 0.070053279825856685 0.040286186345355614 0.03331646012649285 0.048970025112506754 -0.083750173295493571 -0.016878797671476355 -0.069076813938555776 -0.091509890320005741 0.028153518536054689 -0.032834872276951449 -0.0021825916776523195 -0.040458767913661389 -0.074745511650275168 0.10674806913234511 0.076318817556245477 -0.046401019302439207 0.049577067395792221 -0.04939716525052238 0.086834971427149979 0.00033341370578795267 0.031352809053229271 -0.070222661129589678 -0.037572844447458655 -0.037381452653454376 -0.080305445455404592 0.009692042564692558 -0.037609027572413044 0.11234201266689582 0.027704955424082495 0.086246029740814009 -0.038687949340031294 -0.089653242590270563 0.028389456217565754 0.095693762922814798 0.043686687589533688 -0.072942581710436771
 0.11251678998630932 0.077411655846163482 -0.072041191877230931 0.032127947917610464 0.10425887749071264 -0.0043933044306237881 -0.077168257004381929 -0.11891934789205584 -0.066505398634385288 0.016956884762172164 0.17140185688126261 0.028227106104286834 0.031458877884486577 0.0020138220603169968 0.026830568426443272 -0.074397871702881244 0.0011242544195792289 0.012455613782520759 -0.10515014133797647 0.0010954131741050515 0.0062058021112618407 0.094712992551547873 -0.01117242808251563 0.016747194244595691 -0.010667195878831748 -0.078455935951224659 0.033923748309736129 -0.041908009326067718 0.060257021287275614 -0.047655445802162986 -0.023745574082185764 0.074599155535840442 -0.00062934171878491088 -0.057097030219379445 -0.10748149852945799 -0.018357009935622358
 0.13302578220389119 -0.053357333871191764 0.055778466749754757 -0.0031150629984119721 0.0026233996725262372 -0.0088190062861274298 -0.11638006648947401 -0.04419492644797763 0.00084224953462780524 -0.039757958970350164 -0.19474963999217917 0.013851358110091579 0.064582837241467128 0.12773001145982432 -0.098689869476176556 0.01153535983686152 0.040669975885685862 -0.082603607613381688 -0.062507863618335074 -0.10904911883629159 0.0084075167266139342 0.037800775795085353 0.052727294462829311 -0.046821659778409665 -0.0061334158593257743 0.10497012579925069 0.075267551763939192 -0.024720145991391836 0.11249699468417658 0.1157689639067736 0.0057620353568398723 0.073848320233081174 0.003041791621765425 0.11901111846316023 0.0048743305936257341 -0.095243536908946241
 0.0046180926227000693 -0.025479984182921668 0.031408152368281081 0.089035344452776347 -0.036024592177492779 -0.010731291551800875 0.012261101316148973 0.020472969800701131 -0.0098967548235337505 -0.066482944836238622 -0.091962682041820482 -0.034028352985435446 0.16435362110572097 0.015428588334278631 0.056841241284669185 0.043926556281588848 -0.050803233154299944 0.023120970141152688 0.011716646870124877 0.057132354731912284 -0.10486480188987352 0.08242113547913113 0.042102946341503758 0.028888783393140612 0.02453522895390535 -0.059391723408538794 -0.11881725834309571 -0.029012227303629175 0.010870970076151593 -0.079660876808961126 0.073788964557103515 0.14803740816887756 -0.050448634766471739 -0.13143866296768617 -0.092544098023555663 -0.048591125687334744
 0.095546914962042109 0.050460375917342065 0.046553102797717696 -0.0045479411609902357 0.0054511671055814358 0.019640278001047552 -0.022115490465388587 -0.034170695439344499 -0.052063529405404707 -0.096568844982128157 0.16398361428740924 0.062783798143205449 -0.22047059075379935 0.032819292129662461 -0.05342194387031899 -0.01179799183657889 0.049693186101057697 0.029112327707886739 -0.01168544124598182 -0.072485667790006425 0.073631138988876965 0.016169268462644514 -0.083964096339849151 -0.038208050626303836 -0.038267921500568056 0.10870289359791632 -0.10606025189663554 0.0058478044572705399 0.013683041330475538 -0.006115445072286404 0.0079287640809649722 -0.038206105098143296 0.12890967454882879 -0.027011191372986916 0.066431686456335515 0.13107014639181822
 9.7735557019645292e-05 -0.031888003919934502 -0.0030712432916626623 -0.026436293320340504 -0.014303359742038122 -0.044196108964273999 -0.02290083783641458 0.025259366243157066 -0.00074417210734645939 -0.060707341683128774 -0.067413680851315508 -0.050721782291437929 0.051019895187225377 0.017203563214904728 0.0028566586089637264 -0.072746131591446148 0.0059577244874904718 -0.057069824461063311 -0.028833898390315631 -0.0051212092967632579 -0.03814235592598024 0.0064014732898725942 0.061887201452447242 -0.019978017337806974 0.018515104236943268 0.08330339507942558 0.068803643376564652 -0.024733487658172914 0.0017322135393835134 0.08258611675834468 -0.033045045609242853 -0.04031969405757925 -0.051237333773944869 0.057677276959759126 -0.0048161229145927409 0.072125943436613216
 -0.038796101542186184 0.013134444039631038 0.082270241845615336 -0.0057555135743278729 0.031748586850147219 -0.047263014857128298 -0.14815855007045636 -0.021989496058537845 0.0015152222569867952 -0.1000986345940153 0.14915677819500542 0.0023738919433007916 -0.032450015994062567 0.036857962703351829 -0.065678404869154397 -0.094612506204866956 -0.038100013677369669 0.037575424944112583 -0.062053344354781437 -0.054573516787821671 0.059971591612147233 0.045107709008432181 -0.071555960166020047 -0.082221485212413001 0.064536180134668747 0.049355301012391647 -0.048552813813245929 0.083484652615666954 0.055729572814051873 0.026339862512673257 -0.091840427839622221 -0.039632405579700165 0.03428085548376069 0.011495863086151038 -0.037888121370342268 0.15523001597640676
 0.090778928028999548 0.027043482065279068 0.04879715004153113 -0.023596916183677246 0.10538462379669113 -0.082461674606258389 0.024481068250844094 0.021980080756999452 -0.0065665666398214929 0.041121982370985119 -0.066241190647222295 0.0682800975451512 0.012999310394874545 -0.051750801466821574 0.042923152891867274 0.057961223929377213 0.031417358267094457 -0.089991296229185502 -0.065436335906865664 -0.10443975199157936 -0.0095662050431222431 -0.014118626528520563 0.083526483570231944 0.01807555945670614 0.075582215209793233 0.094259946106057868 -0.1211418868052767 0.10898448743519619 -0.072412616742381461 -0.032799840959188462 0.013844221309242856 0.015772177400987603 -0.089504382131159271 0.02210665073203949 -0.018228170930277916 -0.017956685197494517


