# Created by Octave 6.2.0, Sat Sep 10 20:38:57 2022 GMT <unknown@LAPTOP-P0PV0581>
# name: Theta2
# type: matrix
# rows: 10
# columns: 56
 0.10753952417957917 0.014215219431703537 0.13575672228889746 -0.0052307581017111303 -0.10458073069430333 0.017199622855680947 -0.096217358600114836 0.015895404445998421 0.025711599980334728 0.034476804133763798 -0.071761446583317109 0.030040552786072504 0.00043759038157302292 -0.0030550252653255981 0.079190403993056255 -0.049986002114174609 -0.012397938714195903 -0.093189457238858367 -0.046602164528357935 -0.018214685590935344 0.11023519236522958 0.084427869902507238 -0.02146094936956951 0.074939475368170846 0.018343018278584911 0.036334510019436057 -0.051587033962380895 0.055458199686770175 -0.15713420743932216 0.10201084696496619 0.041027892866966405 0.053672102295157571 0.093550514961486891 -0.11611646699227222 -0.046543955874317033 -0.0025577747808262171 0.024226513191741766 -0.10878104803281909 -0.036707879600764173 -0.0030780059706777734 0.020834478624750838 0.10452750974512297 0.040256100301858305 0.0178330427878211 0.077467215103654813 0.031198712246786948 0.02600868471238315 0.0098515241242439159 0.00058510362568736098 -0.078721471081011851 -0.049235082795782849 0.078199183416784515 -0.066269496585173768 -0.038968509596460463 -0.12921100307442179 0.02665931666385785
 -0.098765084837032724 -0.04879901295483121 -0.053217437999478562 0.049035589802516308 0.049030273439894342 -0.10254949148646544 -0.13178879268250776 0.024282657403937851 -0.06875653113406302 0.10713606678977643 0.023571803008012891 -0.053362783573205654 0.047720159114685023 0.0045920533315559836 -0.074396712808343993 -0.078938508307507135 0.020423526824364938 -0.02014915057597113 -0.020843322395997312 0.016563096102690904 -0.028457722315658355 0.040703733107830611 0.064687539464328966 -0.041072036591871322 0.038066246615490885 0.025960532704996774 0.0096350749189312839 -0.0048536733115058647 -0.055033255633235009 -0.0095471219585929676 -0.0056196837790565696 -0.058572530850642505 -0.024575264867674352 -0.058351595544630937 0.093718570706681589 -0.0056524075338034241 0.028451245599002976 -0.031922427257059419 0.07577507826406428 -0.07203169844058821 0.13286289935415144 -0.051363471253955587 0.040412945574210837 0.056677791251817461 0.053959106320310535 0.087224989471383851 -0.018186693818911377 0.0741310718208541 -0.022002722915976731 0.059225146936858403 -0.048717831720290865 0.03547204832207157 0.028794122767219595 -0.06732008152250317 -0.05674904009297807 0.05143732322091079
 -0.12067840385436546 0.0086658960331342568 -0.061711404768093017 -0.023758686770783171 0.13864728890276937 -0.017492714227838334 -0.12964136495215972 0.021307098430028558 -0.058002557065295529 -0.056441116989166651 0.0038759045228228674 -0.024729372397111198 -0.022524202530849583 0.0054288144631952206 0.00029814333184905503 0.10729457117362545 -0.043371787672226561 -0.099729659636889262 0.019796684301474545 -0.058969429294788531 -0.051843322140517893 0.046181827748972566 0.0035136439966471753 0.043287177119017237 0.01608031822138933 -0.031345642813549589 0.018555207535482308 -0.014921556596291645 -0.091941161817674713 -0.014250714116723743 0.02263599043279161 0.00081800269716173022 -0.078425379883606428 -0.06482140533983187 0.063983028563125238 0.02212844167038959 0.026266362870545221 -0.044516261225787834 0.065842583095867546 -0.091374347303511613 0.0022393314851799689 -0.03250732343630712 -0.027389808834487696 0.053057817471812846 0.10070046343380475 0.048182235028494919 0.00017754891526551364 0.062609413095022853 0.047535004954406899 -0.10300488265926259 -0.01276264238510468 0.057089977969698863 0.014507059444160978 0.034790273292722967 0.12315549378121046 0.03531127060398595
 -0.081933032600268102 0.11355469304330157 0.095463567896247714 0.0045957546897192622 -0.02763321335395626 -0.013623936091138 -0.069945888164082315 -0.043289357077624394 -0.14164817128300908 0.0095038181698370514 0.010466291698603598 0.091569236448131891 -0.091559033045293031 -0.014003061072454035 -0.022359690104529303 -0.18785548525899198 0.046617492526660746 -0.011776022734089753 0.09120833021855658 -0.0049123151626387892 0.023471006402536493 -0.072032843378484868 -0.045223033060936918 0.041161585506340727 0.0097218411392261846 -0.060852390740542675 -0.0010389823272243814 -0.046649286665841332 0.036665667737810347 -0.072305086453848755 0.0036523620718551092 0.094793844112361317 0.039387683558269125 0.079582884613904573 0.022477497284210082 0.094641819077577877 0.028668086702922101 0.049394597829298253 0.040517467604851955 -0.026727679796743873 -0.069095333907016471 -0.009781841681840037 0.057896730424921702 -0.01590236907008646 -0.095090274142393613 0.070195675839347951 -0.030284799214215584 -0.076495995637531747 -0.026237621184633516 0.054575141815354479 -0.074287919480040307 0.042849239084343009 -0.122938895419119 0.089798981961442148 0.082626150130909182 -0.10369636682203749
 0.10748838293911689 -0.048155439362797127 -0.079383132302303649 0.11649406769328398 0.0039182110783110872 0.021631630825904569 -0.070216168964491177 -0.00014673672138809126 0.075467202514953105 -0.096297732548794271 0.0094617217224496706 0.028892530607633856 0.03704348377920226 0.028361805831863346 -0.017855858591363953 0.039943824480942608 -0.051372001039169626 -0.0190897177715533 0.023573296870818286 0.028336468995989132 -0.02581026136746346 -0.006992068832111834 -0.0057688115086473694 -0.060736769172051765 0.023372620660641216 -0.036861374881734049 0.028575479860328018 0.010981206582250585 0.022927383739081555 0.01523417919595617 0.034906601180630818 0.018450623350379572 0.023273515352139527 -0.041279921148653892 -0.0066310101821532505 -0.055615854039201877 0.021339575869244082 -0.031829914669184556 0.053343147258811653 0.07508787809469375 -0.086478680852694667 -0.1165246934294865 0.034288145165677658 0.06955048883923462 -0.007747440746926253 -0.10066264585586365 -0.015399485247393218 0.051568822079621199 0.031109444538963551 -0.081804391322104722 -0.018091859665877071 0.063854783633694512 0.031436511521361538 0.026214069242096343 0.085744446080797204 0.030259073468723908
 -0.0049186565545074803 0.024907708419114938 0.11889854812091581 0.02008556896210812 -0.20796966609195577 -0.017173855279269533 -0.0078791416794599407 -0.10094833314327729 -0.03284994599575531 0.036254295186817158 -0.087712070447889881 0.080171964895494288 -0.045744780285460224 0.0038155774801199673 -0.09838669481199927 -0.039136787630611083 0.10650755626319637 -0.02084537979191323 0.052416323718058717 0.068528210013158036 0.086021887394026456 -0.050035612552710218 -0.0036523463615803801 -0.064448012823994594 0.039639328599308014 -0.0013005965795630445 0.047718196894705855 0.0089129796827307779 -0.015928899916105094 0.0031078758784592558 -0.029713425477321816 -0.055532226510144597 0.017564885749115272 -0.048729105279926632 0.070785586733600803 0.1085629450631896 0.027640833798628552 -0.010546987794717235 0.035024632807642675 -0.024930867028999805 0.14684036085119598 -0.060479272240051958 0.046329161057356003 -0.002465180541886196 -0.097405160014070596 0.021132890528415552 -0.10301449161030406 -0.018625413690546468 -0.0047220188228648341 0.074226905493824019 0.019593993179508586 0.040680595683946143 0.035941558649345694 -0.094455449562855426 -0.042702157110425576 0.02681834357964372
