# Created by Octave 6.2.0, Sat Sep 10 15:40:16 2022 GMT <unknown@LAPTOP-P0PV0581>
# name: Theta2
# type: matrix
# rows: 10
# columns: 26
 0.049165299341318768 0.061759195926058198 0.080569103414391635 -0.052632195172314385 0.084371625767967057 0.12113008580224224 0.084367576105337419 -0.15141903620066777 -0.081821102978038199 0.046949600547706534 0.038338522158196969 -0.072112175848672591 0.067656206836086558 -0.078418544898086778 0.14671474881211216 0.035144118267109191 0.13804943430964958 -0.15384196807217618 -0.057154618289053438 0.017872642490168258 -0.031252818995158929 0.056127767939619343 -0.075564422737009015 -0.01139744489427549 0.020622111646296577 -0.127512662597694
 -0.074506267130696122 0.0088607562291299034 0.019054208526342282 -0.10586461383439007 0.0047341643724347635 0.12162822827435296 -0.032475830259429725 -0.093474975694441687 0.028312857225832086 0.042076420762480589 0.062249236979003454 0.0018910965499642635 0.096341959273191238 0.012457333900616653 -0.091748344087297262 -0.069348016288700548 -0.0754569296686812 -0.039398221613676884 0.15659476289642546 0.018238270397902871 -0.054268799409540311 0.05245909631334212 -0.11802049614374353 -0.093953898795382448 0.073847393551360566 0.12803450527349194
 0.070113434339376515 0.052334009440820527 -0.03783972876936486 -0.0088411594818289512 0.019439828827537312 0.10772581667245698 0.067476962603904095 -0.055519158671395979 0.0044540483808691942 -0.00141086942209463 0.033219154482539301 0.077309875502974662 -0.045009684983126623 -0.044180504475098678 -0.11915627152315071 -0.16281878285262888 0.0096258399636313316 -0.044588046476169638 0.033268961764490255 -0.0027173809897253617 0.11416723563704467 0.015486128625273661 -0.05274379873912944 -0.055157799075283925 0.095924525444764167 -0.060128785345966607
 -0.08684989028981431 -0.032263869577302547 -0.05536177157496041 -0.0081912511504234169 -0.024250576749164147 -0.10374627175469975 -0.086718607980459661 -0.011267819797420316 0.016366766724750195 0.069667704589871218 0.042675059813080375 -0.0017671373498400879 -0.092003376017161298 0.12329904699081322 0.10771149819371185 0.040372660484195924 0.0661638285726108 0.022496962168413855 -0.070190593669065465 -0.090792539788685026 -0.06056906374030465 0.031618667649033733 0.13007365779857841 -0.023109393992145785 -0.018952613057084636 -0.071254551649052034
 0.19342215509724017 -0.038708182944737476 0.020322280438474769 0.15950579256615768 0.057374682016080876 0.0022262706003593666 0.0098621507779216282 -0.067229674936604339 -0.11152562195429827 -0.04624986109628286 -0.098282418457184509 0.10835070947991812 0.054537160607070347 -0.044027538746009023 0.039552950285717037 0.028212070841277359 -0.108435008859044 0.055362447810910653 0.0011542944946526033 -0.13148385273655019 0.073224142396009842 0.034989662811086883 -0.084252548023620186 -0.033390954456734449 0.09840941087626516 -0.078580798359612763
 0.029060900602011434 0.051623939948608998 0.086688206365461776 -0.0051254049876233243 0.028488615783597852 0.026179595198944444 0.0066951165610221698 -0.05986862364873699 -0.026605156622516005 0.042159801602643189 -0.049636957747592851 -0.15013664094415161 0.062062483461339572 0.12875191675273917 0.003158336912890262 0.16682775279005257 -0.0603281583332674 0.042115531990714418 0.084713758735123851 -0.035664774934277339 -0.084602001268432814 -0.12597460607168753 0.072800430527808574 -0.056943955385786886 -0.047366273179011209 -0.094975233046269023
 -0.040209576749212314 -0.023909576892913897 -0.074625613765096105 0.19526878046029689 0.064959259704400002 0.087365335309456324 -0.028196605675034975 0.029129289019174026 -0.046595089036978912 0.011821438507732866 0.080640394344325933 -0.10540831499776265 -0.079150555708341952 0.014882274263798977 -0.11825082708740769 -0.082342119437546046 0.15692673550489175 -0.029834487370870234 -0.18756747110155511 0.022991765676331388 -0.023461408248593829 0.038581979729990827 0.028012911741144276 0.095336920591927998 -0.078080386734971058 0.062665478492637081
 -0.027681550099253445 -0.034608531443258428 0.085854529501029481 -0.017925402034806942 0.032970567785899546 -0.034486691269347919 -0.09297147262161036 -0.066807413347999139 -0.040006370189345664 -0.0458837318116187 -0.099428975251930257 0.036342255491729064 -0.031480600803902754 -0.086737665345853629 0.061014927833478075 -0.021075502448382653 -0.015827105019468532 0.0044573512135454088 0.031851706176722359 0.068327091845406335 0.037581668284583897 0.022960908643214931 -0.021900867217576888 0.047464579575036796 0.00074186763283374635 -0.022061420991791768
 -0.10311504130616865 -0.047201887432551243 -0.15118911880084288 0.078567667729841542 0.049538801657159452 -0.066011393266924415 -0.019439053461064188 -0.032422718400107541 -0.060632586290499134 0.036409537951321895 -0.022425113145999018 0.061647732732883403 -0.037159460589309155 0.050483618410834659 0.058266740524857606 -0.034749676394674481 0.12329032212946844 0.02456682169513395 -0.16246851409131124 0.19733586061183969 -0.074681955029972033 0.0068566804180091997 -0.0045912166525941918 0.063288450218606365 -0.11395180565060722 -0.032954554091275151
 -0.057449658837653572 -0.020094011462806781 0.11287284630587116 0.17160140777177299 -0.067887172819977151 -0.072598408629277383 0.019284096477886755 -0.090628860863938898 -0.0028795185079630047 0.042788379209789437 0.039028320928793693 -0.030631308871406807 0.076962530262153536 0.10183225049921209 -0.088655732923321698 -0.12543786228098705 -0.13485041189221597 -0.0014003003287214998 0.0092960739774347167 0.10076972951855212 0.078013834664307086 -0.057727119166523108 -0.013101190661683129 0.053382610094216659 -0.075004115771573468 -0.015559369126929803


