# Created by Octave 6.2.0, Sat Sep 10 16:01:39 2022 GMT <unknown@LAPTOP-P0PV0581>
# name: Theta2
# type: matrix
# rows: 10
# columns: 36
 0.060374347738999967 0.0051469788808024535 -0.015001645597753683 -0.04180245642305206 -0.0053138598792391639 0.014492020748923669 0.043211758711632853 -0.086081319762947264 -0.051487438792328762 0.071608724840766594 0.022616595576280273 0.035777075270602199 -0.031757466654069054 0.0052522435685928744 0.08300012715023336 0.087637856281428575 0.016830131670800177 0.090710009608108044 -0.025402588851218405 -0.1111278212710924 -0.11134978696143891 0.055842535805470259 0.03283636463783788 0.074651431574117577 0.065057334670367034 0.05255065590488079 -0.11865695897144801 0.012738440889463139 0.10489815401236185 0.07632166067588074 0.066039966948400447 -0.029097516927250624 -0.072712045214445672 0.0024366164491515926 0.006550738493147721 -0.0052159597167687182
 0.017302784972819066 0.0021896090875804753 -0.07370026057599581 -0.01937270500962841 0.0036591844076364535 -0.058469072479021958 0.079283466704416106 0.10537350938299778 -0.072650989773401314 -0.070338508063947855 0.014184579711873462 0.037971296456809876 0.046300839247146515 -0.17217951806020154 0.054012581417276141 0.1270935098859399 0.026174533533472804 -0.072795579793362292 0.038596851006619359 -0.052074614623409315 -0.013841493988026192 0.044831453782307344 0.016423001322768204 0.038548978873615532 0.087464254194759186 0.11576183554495199 0.017011495077381422 -0.035276971442361103 0.014066688048275308 -0.054868873695693356 0.0055921464208737856 0.0012497479774462945 -0.06084890037253933 0.023128140835426355 -0.074995963367779334 0.022831081287526339
 -0.053082925034996217 0.02007196423033409 -0.093458329556226877 -0.044850963220949794 0.0078111168919598739 -0.0079746277730700817 0.070680353015525776 0.1015750498845879 -0.072017395539782064 0.020994479626509691 0.0064807319219939074 0.082103861771450112 -0.05638172116530369 -0.0098546144075951705 -0.031388046768202303 0.047514896850270459 0.020094781432370212 -0.055621740672690732 0.026575036119037956 -0.018632119958960854 0.0157854199975648 -0.007987864451601167 0.031143835513498482 -0.0072586952773183652 -0.04938026441172743 0.07515379331688643 -0.078427359870080426 0.014710369595402485 0.066909888771341783 0.016083163083214655 -0.010833081377947614 0.15428911073389076 -0.0010379042826938773 0.021793622701318512 0.027334799041239199 -0.10720123714067302
 0.0033075947937344198 0.019085095066069469 -0.11569540175270807 0.073420565555610551 -0.016447683331890686 -0.020610436240555138 0.06615552357693795 0.017100529504004466 -0.055085680932478176 0.10784695601219683 0.029857416086866994 0.014053837247713722 0.032460155911069398 -0.025785112383432462 0.038601558427160267 0.0055341114815410019 -0.057920789287971432 0.10924490512074247 0.010909792837271448 0.040564914187101647 0.020087959549534788 -0.051770765730971363 -0.15860021392224941 -0.057945759295764655 -0.069243293152931221 0.041243363642640085 0.05377429936050819 0.019309640537490517 -0.11385331622651576 0.037104063159994503 0.026136060254178556 0.01691426841013588 -0.033033011542439476 0.028179084061374229 0.00015573796675384509 0.10915029009788116
 0.058757146291950085 0.01050551973522894 -0.12305635579955576 0.0032944192481303264 0.033964500455870753 0.0052459432583982423 0.070823164569411887 0.064369659558511289 -0.064238910025152515 -0.10449737536851132 -0.056961644402087806 0.03544906521152049 -0.020805208683632028 -0.017756987626490611 -0.023208602045007371 0.017163056486249065 0.021376378523440723 -0.08098777044945088 0.028625547295542165 0.088902076794441037 -0.1080273808836006 0.038502400513371331 0.03445211454571754 0.058423236776522294 -0.083047359595471826 0.02248291242207201 0.042602487677341871 0.053327106589965922 0.1094898490849867 0.10753721283056454 0.012384572988252065 -0.015485277979395888 -0.0010151868758918445 0.033586340967220164 -0.03650467749592913 0.054621347420461062
 -0.088188518247140205 -0.011886598828713046 -0.049116906888842467 -0.004435225238605912 -0.12562412508838269 0.054771707742840937 -0.089267852424420313 0.088910088303591053 -0.054826447184062092 0.001943393113994617 -0.026595437625091412 -0.0092346347209264767 0.030417199632330274 -0.050778167511442783 0.15419780925953483 -0.00452057466948547 -0.067536467045499468 0.10211003867227704 -0.079467704660160843 -0.044359115868083006 -0.029215629107388823 0.022935175184923287 -0.08568005155966682 0.01828029609339939 0.026556632773581459 0.015299301715287556 0.047178870383452372 -0.040009782201484788 -0.029948908864396159 0.12777407622287651 0.016933009155243227 0.042656321321501572 0.023637076570429287 0.030491155882326263 -0.060487348621173574 0.036582911975079666
 -0.11145146235399464 0.011237739733058041 0.020152237880422721 -0.052588058667803708 0.0078739765732623191 0.053798888240252543 0.065199358254309267 0.057901378014809025 -0.065958565888550993 0.024852196544750425 0.026107871390276788 -0.0077841122859910773 0.074481100090842314 0.00059197560416770979 0.052778378887982882 0.056970394464480052 0.019246172169333418 0.095171709240027075 0.036492509608514467 -0.096980926413202675 0.053126515656155719 -0.14501550045005041 -0.044034375997484589 -0.031376113349806632 -0.038211441764964688 -0.018407871720431165 -0.02610637139429901 0.0035099792850843119 -0.036285348683987285 -0.10573966414915215 0.057995131307785032 0.046395123830080771 0.023080464011653049 0.032732318596018189 0.14103264339490898 0.045448929968928929
 -0.11645018136071288 0.011107094259606631 -0.055821579056341164 -0.059089175154854422 0.01647771519692947 -0.00925662975544435 0.03001449593216628 0.030708905559030827 -0.07750817477199122 0.060667507182965305 -0.0020166460023895673 -0.044707070399053639 -0.073630439027410136 -0.029707248077471202 -0.065425305362562275 0.04738271377458738 0.0039209074600556103 -0.068000641490844782 0.004466998231665271 -0.024951138023475431 -0.025908158121547786 0.026516226655038465 -0.044316990639924794 0.028149787867799297 -0.13516828376943682 0.074771402051799718 -0.036995572769464413 0.03418355676990241 0.05256201666537532 0.10115107547444779 0.14024424821528941 -0.060326139915711861 -0.0022343084629379223 0.014361835167729858 -0.0069533667719173676 0.070387547849252899
 0.085361914489002863 0.01716523144979272 -0.01736514350183866 0.056110871672253329 0.010698504728025957 -0.0099317841781093388 0.061003968511298169 0.01337946326733464 -0.062709293018547066 0.06762285332658563 0.029751414751237017 -0.011891980908170102 0.042460375697133006 -0.080091610161417887 -0.11382546618473464 0.029047468109044738 -0.0019201003402972881 0.079669803228283848 0.0076358954554358559 0.057859743610694167 0.057354243811779393 -0.047777092209896017 -0.015757095271395818 0.052405063957419104 -0.12362986266574041 -0.078068678793844548 -0.078763891989920287 0.03433728278133464 -0.077314052422741461 -0.0058032609157773283 0.14637601850747181 -0.060225603630259285 0.030109589271202893 0.023026591144847328 0.15663552004572262 -0.022976954115685819
 -0.038199305479642363 -0.028838414857050503 0.01923339558616299 -0.041537925229835064 0.013853975849532464 -0.091071853654683052 0.063751076379749916 -0.019484263752546947 -0.065201644122632643 -0.061946812593654491 -0.07492228125835329 0.078080389018065452 0.11932542585585007 -0.010922145404662029 0.01104507971969472 0.017246493805231175 0.012080513226387627 -0.011587976968418318 0.011198891977790863 0.10649436444218414 0.035538560171828652 -0.09108095516334877 -0.016556747347529557 -0.049255640352630227 0.030339845273305813 0.011040864578143348 -0.050365662402793616 0.013828054255556263 -0.063175912780811125 0.11133816281542858 0.028325889624021314 0.0040671685154198027 0.04163967640621094 0.026052495760021225 -0.037284902171431426 0.043439246394487811


