# Created by Octave 6.2.0, Sat Sep 10 20:45:11 2022 GMT <unknown@LAPTOP-P0PV0581>
# name: Theta2
# type: matrix
# rows: 10
# columns: 56
 -0.05178061150816491 -0.028778076088843075 0.058355097101914562 -0.013129437222104402 -0.0063589127410354955 0.041023721831577042 0.0038538319073756115 0.021873331235799019 -0.048354131541758473 -0.02572636826605413 0.036990958097938946 0.0073688840590645215 0.00011433172671921287 0.038856244530838455 -0.097587117519657665 -0.003346806133442716 -0.0027813394799790754 -0.0031531297826073649 0.017906079273115074 0.011920826458154321 0.031612510533678383 -0.0080875735776642869 -0.10555524801797862 0.055261840122640564 0.057195954656546942 0.030648419507249905 0.048631866647817108 0.0031458384312652039 -0.031579428899792553 0.05820764428629932 -0.050747164084730706 0.041462311361545295 0.0092655855748909471 -0.036174183787402711 0.021790211160729538 0.0017175359488849436 0.0093343646795793385 -0.089228481274673463 0.030026848374226495 -0.02528585003594376 0.011787091140302495 -0.059357095221043793 -0.011968697431360982 -0.0012804103690490754 0.027659346256966082 0.029803636066537818 -0.03633643609535351 0.061192820279421439 0.014278847428978936 -0.019704413429983577 -0.025426215765193372 0.0061547106684648328 -0.010641411349487756 0.01810415465673073 0.063270068156106099 -0.027269301637726368
 0.065922698231276139 -0.050317882753693408 0.055065067516301011 0.028287753611920107 -0.079009822026737675 0.068250074558640142 -0.0027701450390448584 0.014898847372434175 -0.041536377136483602 -0.0096781948962352503 0.027901957193751756 0.015695753600393585 0.014250252776713476 -0.0046077050962614677 0.018311262367762579 -0.097740666948333929 -0.011870636983992672 0.0014442162214909407 -0.069950346029375318 -0.10307441335548768 0.039318503222673808 -0.021062455358850981 0.024355496544585829 0.032611013013049389 0.044926336049880264 0.049552551761763104 -0.0076325798707048238 0.012834290725952508 0.033873463889281759 -0.059052785217397499 0.074530613538747792 0.021080056237735637 -0.015222639656823533 0.031404274729584736 0.0070345443151054211 -0.012671686640018609 0.029688013518460461 0.028532787583395402 0.035391524517537319 -0.0027275201266717015 -0.019814108935741235 -0.0095544130607343285 -0.003133837485359572 0.021135244224449512 0.027157191361048012 -0.010512486988764681 0.014170735809472887 0.032542235230013095 -0.011013676102664268 -0.029982837692986292 0.0054077679796721836 0.025896886589851058 -0.034003538260870547 0.019393535360750436 0.057683701927657413 -0.028635394389355053
 -0.018767635465589776 0.0018285886786048383 0.0039363095713828861 0.021667241548307847 -0.077513061073200593 -0.032064102614065337 0.0099022987547749339 0.020534610868923785 -0.050220989773651942 -0.018491104393404505 0.035793613391340996 0.0078625294421657693 -0.05411686452762704 0.0075645431078174181 -0.01064686442665631 -0.049978699684319595 -0.0019796083083020379 0.0049639865119210395 -0.012151509705787071 0.036960256449270382 0.020468786608998119 -0.0061240347519035303 0.025218914607928643 0.031058027350041616 -0.029167797743886222 0.037053324919587557 0.047772361902123681 0.008949975150102164 0.023125928974078221 0.0024101340154182487 0.048371114156242713 0.030184749028574407 -0.014817716240650874 0.050839611979370106 0.021036938086868521 -0.001613349971863873 -0.025861747236889991 0.010025717547681714 0.029541168393767421 -0.02318849438919721 -0.027355701426414261 0.0046288980004943175 -0.00018014711416548611 0.014065117894740634 0.047679112251352643 0.036019624811520899 -0.0026764717719706408 0.0064452855439474082 0.031013504895792878 -0.034345780596695449 0.030483235001797431 0.025120166711834663 -0.01446252804173051 0.0054445363647595175 -0.06103937163857652 -0.026302221829069796
 -0.02026011581845891 -0.02165507714906138 0.01978817834468926 -0.015373943272165892 0.093741094661580954 0.036355775848334201 0.014420921191236138 0.015282502659416488 -0.046918079224898872 -0.0063195761902881111 0.037014284936953426 0.021631848769532797 -0.072948071459185748 -0.077129670062572764 0.0028594777499115704 -0.087020733547340356 0.0020240261334312768 -0.0049830231066204907 0.00079479624318413056 -0.0051235714467228795 0.021211917025584861 -0.01357080424074167 -0.046580546728556355 0.050200491916755539 0.076034714975845547 0.018695544994888503 -0.059226970910613325 -0.014871756256071358 0.012912947941296332 0.023655922015927502 0.083804483152733367 0.018908143187593401 0.077166753237798147 -0.026102451434770357 0.025219896417805393 -0.0066320018008714614 0.068611209109971594 0.012017854693573023 0.020292397449716431 -0.004107465948214541 -0.016845413548289345 0.017109365260120236 -0.0043853151061224623 -0.028915643118259445 -0.019293379823337432 0.020092087099787759 -0.078289213370386468 0.022432947357556091 0.011708729338471712 -0.044040078136663864 -0.044848905124877048 0.013478117139172333 -0.010847500760601043 -0.029992480715586665 0.012810412038806536 -0.041301868315992862
 0.0064817566380988133 -0.028409023295636979 0.0055547710504639195 0.020909563754406606 0.016106284359649229 0.083029418249461917 0.016318748916711923 0.016140328416548902 -0.038541338884336487 -0.010493952226493635 0.02260068802630744 0.010545985701757805 0.060259296646113944 -0.0082055161628486681 0.040257157448504388 -0.046426196357076024 0.0082396266315736058 0.020899631575103463 -0.0096571535578292411 0.013575795102253565 0.022084483995668213 -0.015970055691772126 0.021005036319774066 0.035675072332282252 0.034909547022870017 0.04798746196643628 0.065832073400387645 0.014856196294939592 0.023808311788146717 0.049726637435576294 0.058344388870804023 -0.0012064462697270976 0.041827207889793015 -0.0030049631445354442 0.02626466867632286 0.022159752322994476 0.0097610766784633329 -0.0043852655859382902 0.021652513390533666 -0.020908533660849771 -0.010715581907152064 0.0012825596380429199 0.0020545199461841778 0.0069947368758195693 -0.028669877023993512 0.023440369381423631 -0.091161292928268578 0.0403683050368897 -0.04916798109017434 -0.022882942763221656 -0.032010499473383441 0.031397367386777557 -0.0044769350808948772 0.034684822731591944 -0.11435687784056676 -0.030343328557587538
 -0.10632946303156803 0.0013970461967479314 0.04265361862948111 -0.020035876315609959 0.041173486538875724 0.030691532428602692 0.019735844863243056 -0.0013707839916171189 -0.028639941259165601 -0.006714301782359669 0.022579983006496131 0.005191300715915872 0.037494370965747391 0.016832171620758424 -0.035679716610594214 -0.0050574122453269392 -0.013642485191581901 0.019906200065088746 -0.019522618974626475 -0.044918328624711006 0.024130900686831241 -0.10804152386687445 -0.012354491576114063 0.041320358106951838 0.060928870065458128 -0.086286745577234966 0.056717143881315012 0.0045968185421888554 0.036863780046834542 0.018864899413819698 0.048705517088722054 0.010274161099723331 0.017574701482631613 -0.048870054578228864 0.019334475141155532 -0.0038270876839393568 0.087871662632960174 0.0032647585580260754 0.021657262366963685 0.0031468170416082382 -0.0097545782393235504 -0.10346029096500092 0.0037338852013993687 -0.015170070824719474 -0.041855765474452716 -0.01772357847568096 -0.040306250594977479 0.019523894255675078 -0.074419890714769288 -0.030015644343006173 -0.049842609634179018 0.01796547699866231 -0.011203221602053949 0.040906266877290848 0.03686418460487545 -0.036520554088873891
