# Created by Octave 6.2.0, Sat Sep 10 21:01:38 2022 GMT <unknown@LAPTOP-P0PV0581>
# name: Theta2
# type: matrix
# rows: 10
# columns: 56
 -0.017130096781701572 0.017950003493987333 -0.078010876974089191 -0.070365579620188162 0.033529966604168258 0.0063474387849881062 0.0032694906610688493 0.10691841910501122 0.055548168718022158 -0.027086862936481621 -0.025898759821384561 -0.024828846434843045 0.038181609936307093 0.045839154597710825 -0.025229578022326758 0.02113235135246239 0.020050649483452081 -0.024726990729829319 -0.093975975483340191 0.0049899052358957563 0.0011320682219199019 0.057865697135067631 -0.046700461516479726 0.0068526342514392399 -0.018576062513921597 -0.061728234203817449 0.027504813333912876 0.049013281018319955 0.075298491783903534 -0.035721684839281495 -0.046016401014964826 0.017428821827001069 -0.06563298705984133 -0.075159942738628235 0.12766852935006845 0.028231399454313258 0.013215068974479514 -0.025756498424778271 0.11201247968131209 -0.011440278986665935 -0.029453911621756597 -0.071068702015194649 0.091656564288079515 0.05333452713180855 0.029319722032756509 -0.063542344010654062 -0.047761268776103406 -0.14541790057923987 0.065371124306731324 -0.077299151970040503 -0.021233483037292018 -0.011110495257452186 -0.0082248671707095544 -0.024682693920841506 0.098908406782496849 -0.022391825622865315
 0.081935306174791403 -0.067629294307632315 0.036995596045493316 -0.056064719839580092 -0.059730388951802181 0.0090135569171474385 -0.043121873611892125 -0.075535130434928946 0.056175639827646166 -0.011879003434234136 -0.038266947446742881 0.011280122511953171 -0.026717121762041749 0.039750167328875638 0.10441236082699246 -0.042394013644755889 0.022968808176238954 -0.07474663471294006 -0.026973423960253654 0.0013869084120588192 0.026420176320180157 -0.044896633988019886 0.064169435683230427 -0.084613858301209613 -0.070795226087949914 0.05035881388636726 -0.0098865047062992421 0.018380851662644151 -0.020754934912458611 0.058535657282194183 0.0081093027817029893 -0.0036720822823498823 0.0031248332664702105 0.041329256820221601 -0.0073613594226187781 0.049132010260614582 0.015345497164742223 -0.049069792242631173 -0.017570966484275835 -0.031113672376428723 -0.080475607923965534 0.048096221892126624 0.010479018718635514 0.051686434933791575 0.12525502116010478 0.032558795116920398 0.044001939280713026 -0.0060181512127828072 0.065029777702704017 -0.094962156766916689 0.021318695331075544 -0.021140334767731101 -0.012987327168976633 -0.054915006803543956 -0.023246528824009714 0.074374681476801346
 -0.0057221207540306537 -0.048106095438816464 0.03741964212727876 -0.056880396470344138 0.043423968766553599 0.0074792865141989438 -0.024071033992244289 -0.066198213385423421 0.034949202702156547 -0.052814654526973849 -0.022918978939454566 0.069240301674422133 -0.0047786860948290212 -0.0021349267124419749 0.10701563928069224 -0.022824551878741089 0.047312620075261637 -0.020057081271613753 -0.14073722699475208 -0.049934856061498355 0.067819490378030145 0.021237625559172777 0.076618603905688268 0.018180073081588661 -0.013539094123285985 -0.035662548571462366 -0.037121922935045806 -0.027902904512403036 0.05813567793101556 -0.016922432660448242 -0.029665620491587219 0.027101843168269631 0.00024052071811598018 0.010211779276318524 0.096946807195151072 0.043524116056543223 0.034475498320093799 -0.0049329111327837015 -0.07904707786502839 -0.060725072680653712 -0.067175198611091488 0.051410337244337245 0.00054051946215487269 0.023990889671029667 -0.03380836761033313 0.0015216187455863994 0.0047742023006109007 -0.066206990683974135 0.056806791316692078 -0.08356265620462465 -0.037996545095575283 0.033943695845734395 0.065564211597038055 -0.086932649593065861 0.065859029164314548 0.042360860060852823
 0.092659765083376033 0.006185492735101778 -0.00038628321811073316 -0.073617878394554068 -0.036960393624228517 -0.055720488346758204 -0.046980360221943719 -0.052150934619828476 -0.13730745316667495 0.012425762029781516 -0.028326828892105131 -0.040307095360145831 0.027338672256937101 -0.010379230619305652 -0.096100991003794087 0.027970738966558117 0.016247681542521146 -0.011380685303175524 0.11728218338645417 0.038776192368382791 0.045415027805660514 0.003853866226666404 0.018915393218505532 0.0011952321089992769 0.035551140247516225 -0.015120320681688058 -0.020323567412912857 -0.078513713588186623 0.058625494707124311 0.027254533628410987 0.013682533724833884 0.026957247503390069 -0.11460485115689099 0.082517271499071773 0.012692619987838397 -0.0081154357507575315 -0.040368710925957181 -0.0039013641015456712 0.09587412521381726 0.084516549793811971 0.13608151694579954 -0.032736152257444993 -0.037122916466272762 0.0030778614484174099 -0.089719302810767565 0.055980350425233763 -0.086999389630764354 0.0099076671261097843 0.070048006788998834 -0.031785927887673357 0.0080152507697060053 -0.095270304823203103 -0.0038030781212882057 0.045341750269810195 -0.080240788975924085 -0.052837437382402264
 -0.078908108854856523 -0.077017094076030995 0.029046778014450388 -0.04348225849426355 0.01494783350310694 -0.0021203149084052597 -0.0061461707149708883 0.071787585043484037 -0.001278336563816879 0.015945634037885827 0.0026620434352468869 0.0044255646723787533 0.010920093094977689 0.0045790327947344547 0.018157179579247562 -0.018057847549311213 0.072056223741779543 0.0012359530127410033 -0.10135196589957536 -0.067828597575998836 -0.029428534783028731 0.034814205912115315 0.067782232156436584 0.014507079126572835 -0.075268172146033707 0.030664290793166994 -0.049451043072150126 0.062976258485771042 0.051178665880613011 0.051755120876802799 0.031612968031966025 0.0060828519639584376 -0.048333317274813742 0.044136399930979738 0.101840685698123 0.033813579586373495 -0.10630530292985237 0.049187846186464698 -0.11098359339412792 -0.052568835241745875 -0.091030200920874521 -0.0017950044123856063 0.042362765773671075 0.014522405530136605 0.046654175397543997 0.039701562221662323 -0.076617350777607451 -0.030124702670419546 0.036336071974798101 -0.036108336120756042 -0.052304669068752349 -0.0080896790666619475 -0.032447180242367306 -0.011934778015294415 0.061145907768577958 0.017389458227143485
 -0.087727703656211298 0.060067957921846861 -0.023320122225045366 -0.044727878328505596 -0.059572009082518827 -0.021785665060181841 -0.03772284626272232 0.089174547258577042 0.03370467858899092 -0.04560077861735929 0.01106121550389806 -0.057358241708751388 0.0086915395636140164 -0.059670376858877924 -0.10166904389711291 0.077140934743215275 0.022959741590263927 -0.043515148211765095 0.13907765576478959 -0.071131153937402741 -0.023064966552359196 -0.079564333930623038 0.0041708813475262738 -0.030944258496110891 -0.0248490940637499 -0.03609615595907216 -0.11580459636664672 0.068364944661855803 0.1123052561628755 0.059633402242071261 -0.045383244574440762 -0.079371689546392482 -0.0074123690884860104 0.05451419150750228 0.072092168691532413 0.023902518129496585 -0.00054226926466224715 0.047911020437423762 0.0079239916437336567 0.017383314319510363 0.0032776336355709594 0.009856075165943513 -0.022024345265825074 0.025179309139421822 0.057018247524868504 -0.051810700587902214 -0.018001101976161341 -0.056732517613517948 0.043962065149334505 0.01482876103209683 0.011775707013367076 0.047652065382459044 -0.11533730096691579 -0.06113048543484103 -0.061956862856208363 0.084995516822854236
