# Created by Octave 6.2.0, Sat Sep 10 16:02:01 2022 GMT <unknown@LAPTOP-P0PV0581>
# name: Theta2
# type: matrix
# rows: 10
# columns: 16
 -0.060139516311017188 0.13772993062270641 -0.053908633645722376 0.12266468739581174 0.0094050431941425077 -0.070466119322826412 0.1039398007217588 0.0068047778066642898 0.0092089578469543003 0.01100308978259271 0.042127751164801566 0.07444079867946049 -0.14097011427097339 -0.10407179037170615 0.091376387246858093 0.0071975273239675971
 0.092150026166716206 -0.14516930370832737 -0.0018685451845480009 -0.011434060281401268 -0.14418029468474353 0.035988393142785124 0.075137922542606941 -0.022186485566224889 0.0066267224449898963 -0.081919619470348523 0.13022481897029231 0.13672374850868846 -0.019785903968814616 0.0029876854611083381 0.090565112441647749 0.014166382982533211
 0.046681277198046232 0.024700515205208631 0.0026402679176407901 -0.034524307020127924 -0.048479910203144336 0.089201877143762015 0.21628346564767625 -0.022068705110102387 -0.0053477451571492798 0.013856446862581069 0.046963051323618138 -0.063803107035828754 -0.12838343329447699 -0.075738065594767492 0.075576703306386328 0.015790486389548518
 -0.051631009366507802 0.085897805800890834 0.010400854324266441 -0.064312792863388951 0.18949013652225236 -0.0084832164706328383 -0.032827773677523639 -0.016557499704748461 -0.15216017329798751 0.021010818171284064 -0.22429631131603994 0.10180323495558616 0.10614718404546275 -0.0073309766365711312 -0.028632505386139189 -0.024365765573489219
 0.011878990993974471 0.19706010972926741 0.010737375560035874 -0.1460780611028345 -0.10485406972834879 -0.016214052846102472 -0.053739918150597178 0.0034217167902471381 0.015778940409607548 0.036148284482260547 0.087710861363962694 -0.05230932937217174 0.04605396588101314 -0.066739354857435998 0.10704838265782331 -0.0061045385088668554
 0.058797645237703228 -0.0035476367296284573 -0.010837371138919475 0.039128174595909608 -0.14916077149646439 -0.11922813904668397 -0.041054666621739476 -0.0093910711462901145 -0.0053453190307593858 -0.002161828413161719 -0.12118248661367254 0.14304299001180953 0.050983430094596056 0.21042998163232632 0.015816058845788388 -0.019717388730421614
 -0.038040559412317362 -0.19470733811004726 -0.004723379702815729 0.011259517638253265 0.20279444648876524 -0.035348417537142261 0.026016842747441649 -0.012072208526602181 0.066438290234432873 0.056943928903838897 0.11907676946360178 -0.093040629817991993 0.059975046706747533 -0.065713954386831017 -0.049417560783320422 0.014735596636509331
 -0.095142046757491688 0.054308916988910473 0.00021528144685139568 0.10993115231232331 -0.065342233126886862 -0.0037684811226689104 -0.063392081748582241 -0.02414627033815113 -0.10158083457304255 -0.066497966583836721 0.068746457616356671 0.0078406620535667968 0.062294009166550091 -0.12222731778781989 -0.0010615802560958051 -0.0013358712234415393
 -0.0012896087386031023 0.065320669178694751 0.008536836947339848 0.12856511874116411 0.19651896702040805 0.00078204633493526886 -0.062389042897861527 -0.011339546321436727 -0.019511685048912458 0.018934703410218582 -0.020233077780569472 -0.12517231717457708 -0.084529607672112858 0.020750137998824143 -0.061037632215007506 -0.00095383107647268543
 0.0016370187038571523 -0.059513488896418672 -0.012445355384888066 -0.048716633355920448 -0.18532907450910172 0.17914272107776838 -0.11725071940051536 -0.058454821027083541 -0.07038122986716952 0.03241206768546831 0.12250870363695829 -0.029843430081579525 0.059254406664997226 0.16848268527981378 -0.0074035644281745302 -0.0023289317830119689


