# Created by Octave 6.2.0, Sat Sep 10 15:52:34 2022 GMT <unknown@LAPTOP-P0PV0581>
# name: Theta2
# type: matrix
# rows: 10
# columns: 36
 0.11253138025083381 0.019072250200375569 0.028725199526928914 0.010065951300413921 -0.027112367899418184 0.059096887425418805 0.052641650309093881 -0.033544436676028806 -0.089750654599133825 -0.041921295392509876 -0.061041920046989773 0.039333103544841444 0.049274798168782399 0.016289577335368923 -0.060089192239615119 0.029710429828860935 -0.023471460230294842 -0.044198155647048598 0.11652433224015449 0.065738057687024315 0.020156099222732187 0.023135975755135624 -0.099437763088622802 0.019380997762792833 -0.013185946681159995 -0.015045633415215604 0.073122485150234062 -0.075980614179112199 -0.039326910853391295 -0.077680143757068457 0.020583515419828082 0.071572864804737263 -0.0035398243735371908 0.00067047559987087663 -0.033379487159940831 -0.015167152912692522
 -0.049590495354244382 0.061739978111468016 0.010524742451690173 -0.073495594186517882 -0.020796410815889892 -0.0037223423850956915 0.091011033621732781 -0.032615676925801487 0.022873556238032215 -0.052810408451376953 -0.042243362203747463 0.03572714203194783 -0.063055711181979487 0.037107541984687541 -0.051054420332267508 0.0012016509939294245 0.039051007177313454 0.02087157542509804 -0.012357068916174366 -0.037376149077120779 0.013134643313863851 0.032226238743044214 0.052210863094239765 0.035386175724382442 0.046160365120426282 -0.022449300780012078 -0.010827580370375444 0.024371706938816406 0.07246100083493949 -0.020209032055314761 -0.14711284636311334 -0.085011716983474206 0.023621684227702243 0.003704798810024848 -0.001957422594352685 -0.042366865036026644
 0.054597589169063328 0.055015675171746138 0.0077645495730978408 0.037316740808814586 -0.023100906779765024 -0.043469194588233027 0.084360043328998227 -0.02906469793776275 0.0077248820993721023 -0.056204552472004836 -0.051602283752965536 0.025959226086659848 0.047326099989746295 0.032334220151756639 -0.037240802009213293 -0.050085682236028377 0.07502553266770999 -0.067616428609828735 0.04269799804242734 -0.11592447335019991 0.023007382180780765 0.029463502846708373 0.042618879984930323 0.039878575002805131 0.055178335001112057 -0.029994111218611209 -0.085433233065778769 -0.04507512070427163 0.063340705442695031 -0.016096085519891033 0.0028286245282826829 -0.038411406094849401 -0.0091413890108003448 -0.0010305968429307013 -0.010548869476388398 -0.024653752194734105
 0.023907041970868133 -0.057893901460563182 -0.024140834205272244 0.011375168686323385 -0.010697442449060549 0.12275153363086017 0.030531300229328061 -0.046014788779783232 0.030762552973187241 -0.029820537041719247 -0.047842347115333854 -0.053190346179784485 0.033538682964424762 0.027041661070092954 0.10945858716550687 -0.0027401786849337007 -0.020380109853181023 0.051462298348578489 -0.027647033879156051 0.0288587999619546 0.024449101526799247 0.022938585639083679 -0.075709377537989939 -0.10985395919250494 0.042078914913739718 -0.031574241805369392 -0.10159425189010136 0.03335129369256927 0.0135590156650008 -0.0095072160341997947 0.0036319406856407548 -0.055956997666002511 0.0048381446763939842 0.0021545433534738197 -0.0099697756341162094 -0.039605705348157959
 -0.024462572414430943 0.054628079414390657 0.00098912096864663362 0.027495237934672095 -0.020784267052743822 -0.042770174195605332 -0.11682936313691249 -0.033745536734404849 0.0011424738640157354 -0.05070537596308642 -0.040465873130497994 0.043825353994295338 0.070090071204459967 0.034409303245248768 0.039283292341237896 0.019895755174236692 0.070351716718737647 -0.028434619228685835 0.035358562386277992 -0.070232326969960554 0.012615077583466656 0.034220168491544294 -0.0092956460715167867 0.029413982207633551 0.063376095354049922 -0.030406727718823554 -0.073940754791786092 0.004965844113023009 0.045351985256007414 -0.013516199362090919 0.014804959725546643 0.0054080456008655771 0.069935201619565512 0.0092654480314821909 0.0069802892555951438 -0.016941602197578821
 0.029653613607137693 -0.041742976756539082 0.020858140499155582 -0.0041183679831507175 -0.019540015990176445 0.13369941367473365 0.05871119393462812 -0.040395602021053807 0.041511232877062779 -0.043895405084813856 -0.055691916895521179 -0.0070573391525027146 0.03085361403396716 0.037669108147738078 0.0061121317370746581 -0.010166793477480405 0.03777877161377808 0.024311193509841889 -0.049227179791192073 -0.016095827815922056 -0.0056753751850053434 0.023164690615395857 -0.083564801572824365 -0.070861865638064153 0.033728033707616463 -0.023952174318881261 -0.016085900433868688 0.023269639850570446 -0.083565207006493988 -0.011008983544816039 -0.033045429793293113 0.10423087325454013 0.011505320337928469 0.01735781213327868 -0.0027784757936205337 -0.034478380765143653
 0.018288962455357799 0.048566354244695083 0.0065331125076865393 0.034270515967444203 -0.013112252097225965 -0.060543469010282194 0.053619839607401069 -0.039027859216916524 0.033753332851436633 -0.044949715170549888 -0.068626628548593499 0.033058531144379198 0.010802719426015411 0.037554077381610075 -0.094669055135529631 -0.00064823793690823109 -0.088174142343217146 0.020856625673536786 -0.097895828594679726 0.034748566490002547 0.025079647691059449 0.041784400366691538 -0.041591749124239956 0.030057119575173329 0.033842704531447269 -0.029701250895631304 0.075997277507879907 0.024825153555774804 0.015356815438664908 -0.00069929697607291473 0.029097285961209342 0.032128980731295428 0.01169854374371169 -0.0059083620346173683 -0.004076003738829841 -0.032504879564571543
 0.06673677553765793 -0.031165964142314349 -0.033762937127958761 -0.03898676809781948 -0.021553207298109837 -0.035397195790363982 -0.098600770774615959 -0.032578630449476384 -0.039385816885490386 -0.043203509376708124 -0.051998245361175574 0.0059102088269107848 0.067432239325344603 0.025869808016035153 -0.023679376749173912 0.011600949942488885 0.015541933492694063 -0.0075718257014273493 0.0015041666976598693 -0.0050618766546219086 0.014573034459163232 0.023974290394740992 -0.029317407441727551 0.033372223625242108 0.039330396005606082 -0.029173422779764573 0.049231467859388603 0.032607795102785844 0.021380951180646861 -0.048372843640210397 -0.018064772072113759 -0.042561579527220138 0.052417401524930261 0.0048216069001577938 -0.005757048680677045 -0.029008806010150531
 0.031679906288767448 -0.0047952218172815451 -0.085225169821099192 0.00012347668873959004 -0.015149665949709417 0.033576856165828214 0.014626336612588595 -0.039177542748170396 0.02938575492300248 -0.035748647700056466 -0.0504540555885322 0.012781183454762169 -0.091774168276154477 0.036846859909076483 0.046402361669023777 -0.0058436697936064385 -0.00086638112108248318 -0.060477785346090565 0.023089405629100144 0.0087364998315725261 0.024996297565844192 0.035551841917191664 -0.030115802471305308 0.017195017615631809 0.052365584886591175 -0.040680917228735673 0.045279897123415062 0.039626882116522544 -0.044553567686843071 -0.016458123363812208 0.003831349489487899 -0.021861374981072299 0.010270856723744459 0.00058136519536525601 -0.0383782365262543 -0.044000509604253592
 -0.077887779976891225 0.048188556658607433 0.014274178664459377 0.030154545185592744 -0.019060143414887244 0.025236062564746264 -0.03665669188201158 -0.037612246870438716 0.029937977682447381 -0.061903873956719493 -0.063157094335428349 0.011958729839761586 0.0030458839037530829 0.042350598569523612 -0.050971130820458829 0.030778166809353191 0.034206724369906814 -0.0035873652225736946 -0.012672603841493631 -0.11439587169340969 -0.0018695264227000792 0.029070553818962064 0.05798845008162589 0.03148733211820786 0.039720742298384848 -0.034546653022860453 0.0068694901890921801 0.032520833409252506 0.05984344187485343 -0.022357809639265275 0.0084655552021138062 -0.096727565937925197 -0.079834207605494201 0.0057568783921786645 0.0048474502813807335 -0.034604961168906725


