# Created by Octave 6.2.0, Sat Sep 10 16:05:47 2022 GMT <unknown@LAPTOP-P0PV0581>
# name: Theta2
# type: matrix
# rows: 10
# columns: 26
 0.081683253376353446 0.043547813210839732 0.028899497105608535 -0.10325849721205002 0.032229577659423969 -0.025533377705332819 -0.019142672904477125 0.06097499269548147 0.044135872476838596 0.033207417648776008 0.0023595211433863933 0.011261284712793838 0.031787144871897377 -0.042286233604602694 -0.070293728661623006 0.01971548351427492 0.12789699552770686 0.13326691144229547 0.032670598015600655 -0.0052616242437549723 0.0010728597813993697 0.03642968825818324 -0.025671945642276588 -0.13948153684393155 -0.045787798308064821 0.034135457805431986
 -0.10787213732199909 0.04175655504062719 -0.063728926496268767 -0.040374368099135208 -0.0017293199013329059 -0.035036742436316007 -0.009293477461953149 -0.017879178825116134 0.027758818562795624 0.021542517024073317 -0.0074635600444874928 0.1021542877449995 -0.073379935154947437 0.019071204730140772 0.021102572704503265 0.019664297621163521 -0.088495840291194658 0.082334825499355724 0.033144739221715493 -0.021767727553374455 0.016519229885360739 0.04488819668613702 -0.04241844362912417 0.076788308702388633 -0.020256360440454618 -0.035270718780597406
 -0.034052868023998886 0.012510632652647352 -0.088634853125022062 -0.088138169884210221 0.020449217026176175 -0.031931565831323068 -0.071958399852795785 0.093864830211276631 0.021028598723120313 0.033600381968712588 -0.000843426934859295 0.047259664684537656 0.0044025446474600782 0.082351389904550251 -0.10208983624893006 0.012301119856719469 0.035182928781177736 0.008009941834854338 0.029401582129163561 0.0005944181405425162 0.0027513850296239989 0.054297271397360791 -0.084667770505707132 0.063435987155591123 0.0077106424411246335 0.0089724980362145268
 -0.024275294124708035 -0.14265836107310392 -0.032656208646327602 0.14526178055955782 -0.044845861091754098 -0.02428225047348392 0.053902722149699128 -0.096539418083744291 -0.14689778273303106 0.0014675261534708428 0.00082877935627131147 0.028960432730204235 0.056777558400782871 0.019556507356123284 -0.019383066607992053 -0.018279910323398884 -0.02661265236022221 0.060831967076742349 0.017774572118579739 -0.0022451595346204413 0.0024994433836650586 -0.095804559269165812 0.018447692911013364 -0.15117284838283276 0.10293962587232375 -0.016013944513931417
 0.13385156789168506 0.030359807150680113 0.00097856668447434195 -0.10717250217832221 0.028653861931379556 -0.016374919903811631 -0.10224888514830231 0.092426866573661545 -0.057333232213962325 0.043332639661351945 0.0089672553614334322 -0.017336932245817741 0.016582495408296292 0.0029747330592166396 0.051056390332655723 0.012887830577190519 0.054468890327257748 -0.050912909972453867 0.032208775014782344 -0.0042069855767902795 -0.0031973731307093694 -0.098799481067051442 0.097994958185439462 0.022147939605031315 -0.039244074536417761 0.012710727501211737
 0.088331872090501778 0.026250852306621643 -0.036988444082554341 0.10264425668031378 -0.075580330220449951 -0.021085873284847682 0.066490270714099423 0.0062698107114590286 -0.035514368738147006 0.029341720012573808 0.0012372590102323045 -0.052528520514764442 0.035585197251531114 0.046454337923943212 -0.019774600331787056 -0.0010858989577312858 0.10232473436513631 -0.025966557848678462 0.041426459946453748 -0.020355476879042451 -0.0055704027741865685 -0.11957424734275464 0.048892881411302561 -0.057106571525965509 -0.021752020914637838 -0.15220360309638495
 0.0088277141327219345 0.051787814299288686 0.11711157838447513 -0.093200440464639614 0.13638614134941876 -0.098369140919593381 0.043053907339115759 -0.071577891771362798 0.029814484529954527 0.012302764248306472 -0.011582369898531097 -0.0093710094158716648 0.024339083987287135 0.12292638221402631 -0.061222272032473185 -0.049794396897468556 -0.028536341121119229 -0.088834622718539924 0.02712096149122423 -0.0091574317218960852 -0.054510476010667344 0.059841189174819322 -0.0045758688732798793 -0.056988892514849489 -0.096499658516021394 0.22483262944595869
 -0.065011433492318735 0.012573757707743436 -0.042662183917035433 0.018867938008011495 -0.00040913760827060208 -0.056506275769343625 -0.052318297493975714 0.13384393279220375 -0.11057931514002516 0.016088251129901969 0.0021197838188339153 -0.046130277385457823 0.0024739192351719086 -0.072302364078584286 0.035045349479780753 -0.063245619441357231 0.019504144913217916 0.10928787352441831 0.023527398456124719 -0.0070680618744920444 -0.0203586012584492 0.014196716041746119 -0.015463361363886634 -0.026732985854947985 -0.049893695612085669 -0.12931245184016577
 0.079067421176116648 0.01178570570667533 0.048495488473450248 0.10212226145993437 0.094727654290278129 -0.051986553248189363 -0.0083246214644167836 -0.017984403381381197 0.016795076467219866 0.018953792773063673 -0.013980609601739174 -0.052914461481861644 0.047306544528479204 0.048332211120496925 -0.10487976561324899 -0.036049355650435377 -0.16363646055197642 0.074945865899489872 0.010509536318801279 0.0025077706565925827 -0.047580183499853032 0.010693792389826765 0.015570000779326314 -0.075980110915068858 -0.057205915461308342 -0.0126173163521664
 -0.088047039795562984 0.03473758334881763 -0.083028533185248832 -0.1068384106618597 -0.049535473094766996 -0.038572471640897846 0.067761080251398612 0.15723778642972661 -0.035610514536868934 0.026464341414597903 -0.026715782169029118 -0.061480392261563523 0.058432870552536473 0.091945142749036313 0.083336995303531475 -0.011784100220311186 -0.06693354396084536 -0.052655295299600863 0.027331337040233116 -0.023592343704954034 -0.0020181022921014883 -0.070010554752811802 0.062613428027900694 0.10751149577227535 -0.030856617725179145 -0.036363333148017693


