# Created by Octave 6.2.0, Sat Sep 10 16:11:22 2022 GMT <unknown@LAPTOP-P0PV0581>
# name: Theta2
# type: matrix
# rows: 10
# columns: 46
 0.10358039419724016 0.022109657921916145 0.045953019205802928 0.019055125867789603 0.012641983043095637 -0.04998312391656129 -0.028453698728320244 0.014222123183588566 -0.01253321351231608 -0.032413077685121597 -0.074944521452886215 -0.016862412952525347 0.061599520927123091 0.027594229925577703 -0.025561708339529768 -0.011237706693480407 0.055030184965843255 0.048222646076120437 0.047120201234207897 0.064650599467660344 0.043412401604375352 0.066993767540946547 0.033669522078208607 0.042974583163902194 0.051490151602219009 -0.0073753791568303504 0.039319940776179861 0.0074224244109590441 -0.073675778328166547 -0.0020125032542680325 -0.043145885300564214 -0.037683094913760588 0.0057235354484098727 0.046367167971622492 -0.031073794422849518 -0.023377120651776391 -0.0390570772721704 0.015343929735409096 -0.062777916774763395 -0.0068864902686060761 -0.020647584214254236 -0.066788712576687587 -0.0082066357968291776 0.0080665672814059144 -0.024647154279148938 -0.053873681316521385
 -0.058351802422243366 -0.0011812230671749146 -0.016656059396197277 0.02129358500664108 0.021681860284991361 -0.044970489047769728 0.018345709087780628 0.03645342885601395 -0.0029326500602702217 -0.039320619716011654 -0.033310953956195585 -0.014896187212490697 0.033460417368820793 -0.0079270121148898014 0.0029300137670934087 0.0061846370529665406 -0.045760465666396556 0.019188442659466894 0.020924147429793306 -0.070581482030453155 0.033027415110975275 -0.027526565174693218 0.0048752578498972628 0.053180200051687068 0.054028214284241372 0.0029866747215801129 0.032366597554851412 0.026829170379665517 0.0089771208879998159 -0.0082192458968945292 -0.045850189766675827 -0.022438933983020146 0.021208313543558083 0.022867610829122788 -0.0091609876480683947 -0.0017222733183817466 0.069491960350780646 0.021438174689217895 -0.010625739764683388 0.023204754130821903 -0.0089071245318149538 0.0016387803789546264 -0.011731628771700569 0.0098712069455746849 -0.00048385544745178162 0.017824965148896577
 0.073387706559636542 0.015719149909783556 -0.010338343567741918 0.016071117393698122 0.035910260147782307 0.0023223601571135898 0.029117429004684458 0.034039344366807153 -0.0082177359865984196 -0.032138130612845685 -0.034239767012612998 -0.013104930635886478 0.029554577352739468 0.029128335850824527 -0.022340836235427788 0.0039601790632564663 -0.094133089049026952 0.061645815961349451 0.021140298096616193 0.041147174183627393 -0.0037086353536289959 0.034599738955389661 -0.023350307972374862 0.024934948278130892 0.048949492310353587 -0.0011360227635488546 -0.011706235169859462 0.029127453817118738 -0.014140513464200625 0.00040924145553172987 -0.054077826320909642 -0.024217895916364765 0.02005140511586832 0.049041074027398289 -0.011836988966235707 0.0030208590563143437 -0.017470519322749577 0.01181295308966687 -0.023559508393382767 0.017808405711150464 0.00090779060403281086 -0.015922209752828188 -0.037867966903033595 0.0040189697351070567 -0.0044064147942859504 -0.017299791263956754
 0.024228276755391742 0.0056468735100888541 0.023500457830474237 0.019649462880712208 -0.12612924954424165 -0.014304856666625506 -0.045350516224539186 0.043599215587399126 -0.016251147663117523 -0.060470789105571958 0.056413320808103101 -0.010805190013342198 0.069714325473394012 0.041961256687861624 0.0064739562149415198 0.008658507712672318 0.019181296972591484 0.082858315904727239 -0.036059142643692858 -0.057106167232093115 -0.033911010786582256 -0.033880154297521108 0.03262946712763086 0.070772826888082063 0.031005863855707902 -0.0071602020712830455 0.023015725239077162 0.0098884974851220775 0.014314815333843019 0.0092347150858364292 -0.05319842480375301 0.04587707005781802 -0.030492272726360438 -0.008009712089026514 -0.0088810193560137606 -0.058041857053249768 0.066629839646788258 0.0032533398131581251 -0.046860684332866921 -0.034281173689333852 -0.0053242819323106186 -0.076111972460893892 -0.031233743300840455 0.017600189179960118 -0.027113342892762828 0.034364998943182033
 0.0092973037372150354 0.012830781979874258 0.084480173694619465 0.033074891067820335 0.030929563474567726 -0.0020148836065678774 0.02116160104656728 0.037238188332465942 -0.0091993354215350216 -0.038454411564679422 -0.048930620819737099 -0.0072757243275462643 -0.0020003711736568813 0.031505510259079536 0.00059055459635083045 0.0048559244992021971 -0.019688846639838602 0.049612526878519018 0.017520208497055142 0.04709655697839954 0.021432840062065989 0.038327000381090159 -0.025123522886921615 0.045207016179580936 0.043969353006946668 0.0088276095163642258 0.032150791527888564 0.021721247019778119 -0.020465894822052806 0.0054056994520410209 -0.044875727168008403 -0.070380562554949899 0.0066452302131985311 0.053428944123276818 0.027078734794011676 0.012847773663497616 -0.045508676398251104 0.010104528064192852 -0.0022740529946973747 0.0085599678564572557 0.0009527868322581803 0.00070485265396248752 -0.023043969615454737 -0.0017809649145909938 -0.0089342177116222467 -0.013299552417412734
 0.034915287475842514 -0.012194921611435771 0.084776463259213064 0.02608054822555458 -0.045793501129214965 -0.017846664741867035 -0.098874681892948665 0.034442472594363567 -0.016575823146546986 -0.043380584002692235 0.074666822835093336 -0.00064461760762777492 -0.0076762419771787991 -0.065125726157421876 0.011112745763053279 0.0005795525316422053 -0.026750151450313696 -0.044389850688198028 0.049336409067206405 0.043030388604993891 0.049839095215626794 -0.0153182159508224 -0.041198240273112821 -0.015790929667621304 0.045361987117950607 0.0081005740982567839 0.043812881247068697 0.0055778553352577639 0.041409115324078691 -0.0033004306363964321 -0.048399303850159177 0.02678336925205593 -0.042825669091402632 0.026066841025873984 -0.079422584863563975 0.0017219652316700564 0.032947141073519079 0.0089096747803308254 -0.082001386865569653 -0.013727425030877084 -0.029940984663311739 -0.052757143509336191 0.00056032222762509166 0.015006730954875024 -0.027892306691344133 0.018867013264945887
 -0.065756036190844191 0.006420079340133434 -0.082224525250875466 0.020035699740948355 -0.057193524062404813 0.021364211036529402 -0.007368836835973472 0.041736101099829157 -0.010617258392446077 -0.038358663482907854 0.059475500364793418 -0.020760147293222838 0.052538173017904553 0.023275671251928188 0.019581158834638256 0.001505406497573194 -0.11715694954339345 0.017034901815791825 0.0324725954941045 0.064177752164877686 -0.0081131159515010643 0.056452867655790516 -0.015199347888821116 0.081819101257737281 0.044575664218057288 -0.015167728303430737 -0.15616666252180672 0.0039893452206701948 0.013807807701878078 0.0029348267206372272 -0.040976694760514583 0.055838603803092829 0.025716084488095446 0.04558089711215537 0.01239497442636988 -0.00034937124270359682 0.0059529959182975586 -0.086723449222134097 -0.013159096116053504 0.02162950660002257 0.0077220956961473793 0.045280556543983906 -0.04159793688840089 0.010334048333253156 -0.026779402228114035 0.041527770201129216
