# Created by Octave 6.2.0, Sat Sep 10 20:52:17 2022 GMT <unknown@LAPTOP-P0PV0581>
# name: Theta2
# type: matrix
# rows: 10
# columns: 56
 -0.049452293142762213 0.06031259428793069 -0.0031122564719224034 0.017093582149468465 -0.040217048454642752 0.018632941569691325 -0.016170055616440502 0.015600314739747002 -0.059383651377356877 0.007214161530630054 0.0056610767108898324 -0.049762631558789142 0.0022522407809970699 0.017545481885548116 -0.022495545023872344 0.056779687788180058 0.034455747928636406 0.010121278175149309 -0.0085339647327543448 0.018144605318046333 0.062860238113356254 0.025157347223294903 0.048757990732260351 -0.0044710382844284288 0.012516817150580223 -0.084003446053924458 0.0076406279122867293 -0.053102465257257737 -0.0072889926813305209 -0.05500314531563702 0.029316167811289571 -0.041558338515103092 -0.058835697272336875 0.037095794944151141 -0.041682748329979077 -0.014937569528328577 -0.027002592811527018 -0.028908489407143616 0.022908665506030695 0.029425601426527965 -0.021433980094889331 0.0094150680395264485 0.077495986969427208 0.077362313774369182 0.010720435229712581 -0.030275274422526602 -0.051012267650120457 0.069390014893862068 0.0057771928910415925 0.047198865851561939 0.021263450879635437 0.0098664565471539203 0.018398248093869959 0.015929856764822874 0.030361249151968032 0.0049791178098054518
 0.063821132802287656 0.04911609715013858 0.096115642610434787 0.051412871484003843 -0.062625332834265135 0.059353745353326874 0.0019366760117186879 -0.0063591464494427178 -0.013482759216510674 -0.012199779400369693 0.019706673704283039 -0.0088826409251942517 0.035664836953406338 -0.00236961326952585 -0.017038317445497921 0.053014064308782159 0.041847660777949977 -0.013976510612827227 -0.057689782801039841 -0.040691868064909216 -0.056143391372340888 0.0073392146730210358 0.034651310907381702 0.023347221100899297 0.0012302865243829409 -0.069172337029733064 0.067996246582952793 0.012796868426693586 -0.064010232388131111 0.029065384307103072 -0.017315293637461631 -0.028560297101592969 -0.046338976047935826 0.021224544653142295 -0.026512780888445421 0.016812727627682687 -0.046161075142594779 0.02681280503742809 0.015014598222273712 0.023214344899524991 -0.11948087666800219 -0.013771983309484937 -0.0016556728711935921 0.051116039496601394 -0.011856803393184755 -0.030802955823331854 -0.03555136011929684 0.10310871478019393 0.0026601470590863984 0.034161505685272139 -0.0015179183713194379 -0.073246941592538348 0.013506476623415545 0.018105434341913546 0.0047272638908407473 -0.010189814423648372
 -0.09482698991646267 0.03537198077790818 -0.033507394010942076 0.0070095927338993096 0.069945639957731204 0.056006263602695942 -0.0067970350012570681 0.014696620937443595 -0.012961643964155044 -0.011045393973388759 0.014642894892394809 -0.044437720026244527 -0.0054187938653394371 0.016283546442694224 -0.081977512327948629 -0.010539910449501456 0.025982829949892938 -0.0067521853550441425 0.017290965473216537 0.022344769999437047 0.0045344742589550693 0.015525455422458253 -0.0046243932374582502 0.010055710871172454 -0.010030216367520328 0.020588210425376775 0.020146006353730577 0.017650827466661901 -0.092937964192994035 -0.086782184491961359 0.017435192371562474 -0.028521248129949432 -0.051846373985939512 0.092168857766259438 -0.041265937750613567 0.013126318468976163 0.032625971622916368 0.077100930951189015 0.015853194577797637 -0.016265194980742258 -0.12243179125736431 -0.018612138546429565 0.021453036443791866 0.00740255855499828 0.022956365043754038 -0.021556713821455079 -0.025684279661580788 0.097739513269217829 0.0069758222105693237 -0.079533615010706424 -0.012277439420340817 -0.015704021715983289 -0.039896027782551059 0.010406535229401595 0.024725104646087827 -0.0359723071183886
 -0.045505497970172774 -0.065704754576455179 0.086156645888595909 0.070200640633684905 0.097411071112462985 0.0082091558971079167 -0.056381093533716314 0.031280918518660251 -0.023739157677133905 -0.015305305428409851 -0.076161514144586523 -0.0042992165616717428 -0.017185604094942738 0.028658466770915374 -0.023544851890574571 -0.06727838081413734 0.033881165052612502 -0.094755948228240558 -0.065775379833245606 0.023350155865617582 -0.0031875515994868819 0.02406449593968955 -0.022052316878579354 -0.00070985860834108221 0.044210475167620403 -0.039997175291420911 0.05566755741219797 -0.041811860936171695 -0.028480051679306562 0.013974667678169888 0.058481743484773835 -0.13732585565025784 -0.056999626938860584 -0.029037140212306942 -0.046904872270837984 0.044208283562373843 -0.066306384216990699 -0.022834792151619324 -0.0084332480734619873 0.012788326436451752 0.13535665120316251 0.010221122482109758 0.042479639159870651 -0.056910623841062914 0.012582871891151684 -0.01048276258633318 -0.050483628704755895 -0.095570529611020166 0.0050476177241210061 0.11205628361063792 0.055000874722530693 0.0067993451314443945 0.014635666325941545 -0.026391186556830523 0.012342555720726487 -0.0012143288844813274
 -0.046825660895451864 0.031541419545765989 -0.052882994874589022 0.03485556720285124 -0.09365725914735136 0.048489292592998376 -0.017683389078521239 0.035952591050029452 0.0012646891437783035 -0.032084244006969707 -0.0044385627699613812 -0.060411766529108749 -0.052010961226776217 0.024496913548311846 0.01727562150165405 -0.0057376174067653753 0.039816932132128273 0.002751206742502323 0.038803175956359001 0.061411182021546454 -0.061956737627988444 -0.00010700327960539315 0.060552037292923473 0.011105948311439349 -0.07332608844704791 0.015942026019852708 -0.015100474081927233 0.027002191854867817 0.047425198274099571 0.024874260749040891 0.02421944707536907 -0.043270559300003571 -0.0597059564964251 -0.14459449293300145 -0.036694885427028479 0.026844814653530707 0.016970898301088742 0.024028293356205013 0.021617192723230157 -0.011054542505323622 0.044425909434892885 -0.013862858561603349 0.01525821774719199 0.040709450125891555 0.038065963153451302 -0.017079734080370224 -0.027779642008483579 0.051779432643788231 -0.0060264757269607736 0.05294223374700379 0.0069416960597299317 -0.024047767258324658 0.036564125967646077 0.033061676446452248 0.014835019191804045 0.0016038812961251573
 -0.042703883382413016 -0.023583994473603893 0.092600289413686865 0.070444213815712101 -0.071774511160925439 -0.013610607650950693 -0.017742203263060974 0.013443512953308938 -0.030769745112294557 -0.098808497956580754 -0.031248598375855082 0.061320422672501408 0.019726347667030093 -0.0093200704367496744 -0.03322316752835687 0.0423307630640503 0.045393124185661694 -0.049821300206574153 0.027596495096505982 0.048914637894804561 0.068602244642179747 0.00066414759071164466 0.064876470379585091 0.015091157300327031 -0.025399973801942675 -0.0016855120384535625 0.051001999024245133 -0.027912878052580366 -0.017170495105195228 0.0053107656925931897 0.10892569502872998 -0.062011038653966864 -0.061569547024321609 -0.10848958699935847 -0.027756201419448821 -0.028951205262428673 -0.10631815431903123 0.057784761125250356 0.016148267050895809 0.020369168643971571 0.052401469975401772 -0.0035328700300678458 -0.099223380775798259 0.052024263079313779 0.016168967206928779 -0.048255564279704011 -0.11850774472906886 -0.014428124413491705 -0.01806429493198701 0.094332423089012643 0.0070768594737065519 -0.092730873931047411 0.037474068941037345 -0.014645329365709657 0.017978705114183959 -0.042272189414175494
