# Created by Octave 6.2.0, Sat Sep 10 20:33:00 2022 GMT <unknown@LAPTOP-P0PV0581>
# name: Theta2
# type: matrix
# rows: 10
# columns: 56
 0.07936669997244615 0.045911592191292691 0.083190754986602222 0.044116012506673866 0.0082912583203822582 -0.074495474267537651 -0.040402490825039591 -0.035369652217918574 -0.012473002290172765 0.051471223627612167 -0.024660415622450478 -0.031063718433783784 -0.02463639817750227 0.1137196126810445 -0.053499658372938297 -0.043230425202921224 -0.0055477045887088851 -0.041616591960942168 0.039275014416438173 -0.0082337696730503517 -0.098343280834341157 -0.095850611355844925 -0.079295168347961076 -0.029166791167961104 0.026199279090430592 0.0022153340921009551 -0.013860106195087747 -0.022861631696430452 0.012048041526329777 0.027580273276364975 0.023351246763574258 0.023290150470010099 -0.1288593684783913 0.051349216416632426 -0.0078538283435568932 -0.019799722711631208 0.024053221661881716 -0.00062104546979829291 0.071174040675341374 0.030966082104024482 -0.012433830893719595 -0.059969244282403945 0.0681583815402384 0.046082830704879452 0.010257395635770302 0.06500225347906459 0.013628170263839903 -0.018811241326081904 -0.001525563183203999 0.038745096345733643 -0.05486458418886523 -0.04980530385868695 0.040732490362036168 -0.018953504089408716 -0.011654922441921544 0.0070008279926533582
 0.043061128388598199 0.064125361570226844 -0.015298482839298229 0.022525799402914028 0.023854791476712489 -0.045465541294318512 -0.036241455856754284 -0.07814546802488935 0.026667491363374183 0.031099533939928176 0.026754843277149852 -0.017745835560315899 -0.0070867171885225337 0.071905584952485058 0.0073204709732587565 0.013940684372711018 -0.0083333396396570447 -0.018828964299230918 0.041635024737783181 -0.011545846941764562 0.049335443954339406 -0.086843076242882067 0.02341127002227995 -0.033326681215923866 0.052245851388036932 -0.096947390337181805 -0.005620971811683413 -0.057976676555680881 0.016254690222560746 0.027292222028630287 0.038868954793970754 0.019225762103129432 -0.0051211883462931535 -0.014807827515082413 -0.0006964618575204082 -0.01885919884420233 -0.079732278834306489 0.012137624750587486 0.0515867891059964 0.022086363761871314 0.02368856345791779 -0.13280670131085628 0.032056009049138315 0.053767583560750218 -0.065357507025623679 0.049566393171220989 -0.0013138067970342691 -0.044873663909596531 0.04601078759881632 0.030442707512423329 -0.045267231667602506 -0.036163551590428895 0.040123377362596489 -0.011422495015291356 0.01957734233186309 -0.01878618254408787
 0.03075910822096414 -0.027036641333711094 0.065454414714235284 0.0064771572082164578 0.019125327689895413 -0.013265832041673793 -0.042102534918034368 -0.064926160675833219 0.019083418480267393 0.021911772718545369 0.05749239238668169 -0.029965666952156567 -0.061552205036376761 -0.06211009942820498 0.0077862290966308695 0.010060646712651396 -0.0096705382152846471 -0.020741572125559368 0.04023462555519592 0.0096302270051796778 0.053424503641653451 -0.031452358252685143 -0.050215627339962078 -0.033894002864573572 0.041268687801725538 0.0033359123630677247 0.040035201197625367 -0.076397877213446388 0.0032150177974367457 -0.00011242494105575041 0.041121789652682386 0.017487639857333866 -0.058802226300547995 -0.10487678119068915 -0.000452144416266669 -0.011921468479657336 0.015049587300813412 -0.0053388780640921413 0.054927323535323119 -0.0007968596533162066 0.020675700786302542 -0.069220679010942726 -0.025876748350873134 0.043861435349364743 0.075958293198031407 0.025378162223838492 0.013056169234607914 0.02183629698524845 -0.026547544210668576 0.0060766265750732294 -0.053000395412393965 -0.0384557957673127 0.036832393920663536 -0.0053914313295238374 -0.0082009646114585399 -0.016601811206399499
 -0.077533036330532837 0.053096798699974579 -0.047789053036852575 0.031807405525092335 0.027572452728871089 0.053619476124100188 -0.020445155907331137 -0.0099757528047885683 0.02952375183456318 0.043570454258954006 0.011315733144952373 -0.019787588282171323 -0.026284747761484914 0.0076877181351711473 0.021429284797004532 0.0018252845937101331 0.00036137164259588252 -0.014109622660759815 -0.0025264662267850172 -0.022506050381616904 -0.0013216194853706807 0.014946673191083296 0.013975451226308798 -0.029215431496088198 0.031061765008006795 0.0066271929907662135 0.0046625115175216265 -0.054722668566472503 0.021869746470423144 0.0095655570685084321 0.028772250052864826 0.010640992184513384 0.019618554875878373 0.017883468630478318 0.0038219088468313526 -0.0088724618023023512 0.014786776375981804 -0.012566268517200803 0.063751641395735401 0.040527076931661889 -0.04492257040612635 0.013480789210786577 -0.072459140402087077 -0.033325479750807525 0.071444052843487107 -0.0092201581167760845 0.017444499950327885 0.022405387224314923 0.021553061240842615 -0.0024519036866179757 -0.061413960601074957 -0.063612365083041994 -0.10053806300404319 -0.014367692503852105 -0.069290139976799489 -0.019831288429216415
 0.038392351033281889 0.0033526899855533198 -0.031406014681571469 -0.026321764235669433 0.039205172602775416 0.044049718877456387 -0.038277264626951885 0.029758801192022809 -0.094994835789358731 0.029135572167254396 0.05465443065538983 -0.025591892044132827 -0.022307534699408934 -0.070964488548125648 0.031991378928779311 -0.0047833018818511869 -0.0050962332323576422 -0.0074219244178054923 0.038229104744399015 -0.0091790190358576919 0.069321033964941867 -0.036626050630271093 -0.061759164143011434 -0.025212965491579978 0.032905386519520873 0.00082253192783347459 0.045610074144670269 -0.0099091162566364646 0.011735781861830906 0.0081635822400402645 0.06383285748868997 0.014563174958047417 -0.0081090411404479614 0.039217093878353135 0.0050281262091789753 -0.016174326670671486 -0.0087725707090036773 -0.020636508783434256 0.058837913714273174 -0.026430624779802552 0.00075686052388784038 -0.064741039830188932 -0.032948097377383509 0.048964680741055575 0.0031635627863602 -0.034258096713084302 0.017230120323561735 0.074647030174734119 -0.083082174967775979 0.021001528607487368 -0.054431498742014722 -0.044949301924753632 0.038195607878396959 0.002706864540238686 0.004449301108777037 -0.025298169623306551
 -0.067177551952104148 0.053665613600082165 -0.0030516999479844602 0.0097381595995889737 0.029936242677489119 0.072305016143484821 -0.029167740301493758 -0.048865957073214158 0.031716652800982438 -0.064849473343525504 0.037940268700326574 -0.011838259578764936 -0.028838220084857782 -0.0081957062376554861 0.040815692235145758 -0.006795118880767957 -0.0056730517254996319 -0.016463468380588389 0.014128624845220837 -0.026297269966559667 0.055940494251235574 -0.004734900522249166 0.018738560300780825 -0.018234874377889666 0.032389344547731673 -0.028147291100399537 0.038837470113824567 -0.078547606686781749 0.017373330365545642 0.010669031935951616 0.021669236165490591 0.012785237947671058 0.011910768955358433 0.034415003775655158 0.0080586051720816908 -0.029678898474043185 -0.079489234497172045 0.027882037578885251 0.071025256415682081 0.011915581762450805 -0.0053780092827422528 -0.066660942288394837 0.027428877646530771 0.0015991505236604081 -0.048129873743392865 0.010131448454624895 0.0028354429818369508 -0.06669749168550114 -0.0041500289986984027 -0.030617338466591443 -0.059483703568504534 -0.063286222181503246 0.028145234455158236 -0.021861406831409139 0.017429493457484416 -0.067019887205111789
