# Created by Octave 6.2.0, Sat Sep 10 15:54:38 2022 GMT <unknown@LAPTOP-P0PV0581>
# name: Theta2
# type: matrix
# rows: 10
# columns: 16
 -0.093824317869355925 0.049181652022251617 -0.13214483289095716 0.020115212325020948 -0.021621740053382688 0.15730338623195383 0.01851560958560761 0.080905197746490867 0.03006731968639113 -0.053278879534556248 -0.011064625738946237 -0.058169302853701498 -0.047285700369644135 -0.00075342866078926748 -0.0027698908353523421 0.010995787315346771
 0.11914420697857267 -0.12530876752605064 -0.062019852827198886 -0.12670005519752545 -0.019197089109319707 0.17344605299037877 -0.073456643606724562 -0.0058474348771177728 0.028285567488113571 -0.0011886111892878257 -0.10496041989478358 0.06682326694216055 0.040262264901386777 0.07735110071553003 -0.027987681734409645 -0.011713213312642291
 0.069663287574327631 -0.016778424785088761 -0.12880165538881827 0.075227772124187617 -0.094252976979334324 0.13493561729161133 -0.029763900084277255 0.14319371680797496 0.037891046649639687 -0.14948305255783531 0.018407571831996088 0.080831547039579232 0.010094571809754274 -0.032991022359173817 -0.10444268886556565 -0.022797125227593428
 -0.04499316665476967 -0.008010222427369925 0.1533003738803653 -0.0025956461791712426 0.1010579474075268 -0.16649909203152224 0.030504249117359918 -0.11056729169775849 -0.017661441752066936 0.0059883779815398646 -0.10700660796527994 0.13189238656388202 0.017953562384660834 -0.1312234947715169 0.0013691057077720088 0.0035161204768001599
 -0.042233225995932953 0.10115853640369071 -0.14321105565897382 0.072952471970483754 0.01242463103861326 -0.10940302174689337 -0.15006179600078803 0.091250833961565497 0.044604507435537052 0.061576355546876828 0.027322956192132548 -0.021217684072258571 0.014465207804087341 -0.074471436854876547 0.083875429612992436 -0.0071215231501755086
 0.084369000241122385 0.075013529742182894 0.066668551903280554 -0.09481558657247964 0.14296274645591139 0.010688553089649286 -0.023817985018163186 -0.18736341603098647 0.011536323673886177 0.0020113105241464542 -0.0098134350481775701 -0.12033844725744178 0.037988660163123827 0.10060127208777409 -0.086147379750993666 0.017324616834208779
 -0.014135423623053589 -0.10689396851295134 0.07176903894341008 0.08409965156581127 -0.13588113172737107 -0.14696237854273672 0.017243315006912199 0.20467660751944625 0.028699096401773316 -0.0070583375808378904 0.015456287585080986 0.0060603863923772289 -0.13118871741562241 0.17738386772033454 -0.098995614504878773 -0.074647241836012651
 -0.14565348736988731 0.056285319061579631 0.022187482882152953 -0.12267701478495922 -0.14334068806260339 0.015038977526106374 -0.019438912290414022 0.01270189664544261 0.018237913408339256 0.050861998174559268 -0.0024500560608589779 0.026704479722528453 0.017192478830638867 -0.1125302989724758 0.063070320029534041 -0.01978583078726124
 0.054336763536874513 -0.077025530483121191 0.14171636683991015 -0.035153952129468612 -0.14291716332832868 -0.18799823177193889 0.030081500968937431 0.060879486124959296 0.010476943245285199 -0.13943666990140569 -0.016755214049892723 0.071916505668728051 0.027239235263377567 0.0069574115236290847 0.1765174027600783 0.00032751067018887021
 -0.0066491417006435344 0.014640490066551992 0.033287570691595179 0.084615939795488454 -0.065605865901242941 -0.042949782227821469 -0.065226677647971798 -0.014800435837603683 0.011994495336926429 -0.0013686871017305471 -0.025844458380877889 -0.13771375870463784 0.050385434867151441 0.13700513555701674 0.030514718272144518 -0.1473952663737412


