# Created by Octave 6.2.0, Sat Sep 10 15:57:47 2022 GMT <unknown@LAPTOP-P0PV0581>
# name: Theta2
# type: matrix
# rows: 10
# columns: 26
 -0.054236851352304723 0.0041283593929522643 0.021787529468315286 -0.0192701850913988 -0.10479783439264724 0.028790108751158481 -0.013832651590522497 0.050306425512551919 0.069391703923459558 0.13276252972767261 0.074320148157034485 0.061986557008284149 0.14059378273770459 0.040932064197029577 -0.1726791187803659 0.038234327836208594 0.02914343539806287 -0.033986455551440448 -0.014021185072017059 -0.076645272449742285 -0.040652729606445198 0.011463068714505613 -0.11811683475991251 -0.0055365979677184738 0.08180199555193618 -0.067328602823165634
 0.12157041077443084 -0.029476063962704441 -0.0058130626558621726 0.069759735283273921 -0.03287908579868741 0.079091383177690044 0.11169946013358742 -0.010055410295515202 0.04996506705080634 0.045232875586580748 0.069946596707749553 0.12702313912287969 -0.080831193532627563 -0.061792123443063153 -0.086859313592097212 -0.054642587669061604 0.017660736829349117 -0.14235064309977233 0.0076440451735692704 -0.062700305646226057 -0.072702034607570645 -0.032806969075936956 0.093546536886657192 -0.002685101064779428 0.018484869507523663 -0.024743014480994023
 -0.13092824019175431 0.026383297708826855 0.020882513197972134 0.004739217509198289 0.09606180080721563 -0.038484402129706337 0.10290403722207077 0.078225913975600234 -0.11797702950280006 -0.031774775621891245 0.073195145903224818 -0.016083048466273172 -0.069059896102018722 -0.0045897795626343761 -0.15803316770312284 0.018080871405141242 0.024903985992028768 -0.089141690529257189 0.0011704473032273755 -0.056896462746923226 0.045660553698418004 -0.015068096461852512 0.072373759599768231 0.030530575792200958 0.029115813633072054 0.010742885616353221
 0.0052975735200178576 -0.0083808999694531781 0.095545736608013285 0.0037474155937123792 0.033939081396671421 -0.15794699997306785 -0.018793475862906719 0.043685249752129757 -0.063575211617888358 0.14012578999409642 -0.065596156784405113 -0.04159061802856788 0.036513894427771906 -0.24172923227781165 0.10447141757741482 0.013026558678857646 0.010200287025329765 0.11548215550683943 -0.020577743109241275 0.13400713915322748 -0.10766080463398975 0.028596885900878811 -0.028521436325869936 -0.071885568252996648 -0.047448296321637225 0.083344560907744877
 0.13075423326212438 0.048779125015646595 0.1608866715245699 0.036012570157619252 0.12080940179319205 -0.017031787016352756 -0.13237215781285575 -0.0054588477505600128 -0.10884044755210431 -0.028860545906924575 -0.13786937539196428 -0.023561111498786098 0.043331774105453295 0.0031938986048818067 0.014173495500715954 0.0066375321034161201 0.0048557614751435392 0.070615916164331036 -0.06853059924389443 -0.11398781358171758 0.14048367438128045 -0.029737007207926575 0.080450669081457912 0.036639292026999122 -0.068959263935400222 -0.011902612930410554
 -0.07721456701058392 -0.12603705409580271 0.10375539202816741 0.065023500123027045 -0.065784724594135355 -0.083732582903968664 -0.094911095044115462 0.030712977692141371 0.17362747977617596 0.10777319959498179 0.099582059287751726 -0.021214655470820638 -0.096949668986812607 0.08325050439119086 0.083287244132046773 -0.044738736793779758 -0.013041942955721435 0.0012497281232680898 -0.061984781254731232 0.032369656025917223 0.010194876035559788 -0.079328566513627047 -0.098452951017348869 -0.12427418517391073 0.021767524963208683 -0.006246210002045542
 0.058780957698508302 0.067097804183428242 -0.0048313227816968373 -0.048512898623140475 0.042867387899126017 -0.016670682348393709 0.11378909367607418 -0.01095411696549803 -0.15965370015787789 -0.10515635898671784 0.063840696050276383 0.028739766354692112 0.14050358538734614 -0.03725797429928928 -0.045156572927852329 0.039655916168880236 -0.098258039446365394 0.0072412978343297848 0.078497676822141385 0.11406694676341549 0.0078706039433464135 -0.0063185667999958173 -0.029270685926438327 -0.01006054918549336 -0.027975531122303585 -0.091784559722161971
 0.0055909772107277725 0.015420399045788966 0.098696524605758895 -0.11319637165495587 0.041640075289461821 0.024622141943382032 -0.086396103333833088 0.095786090601689883 -0.08018492809902919 0.039535312196349051 -0.099421827301883856 -0.00032142684437059139 0.03698732377721526 0.032053223776925384 0.044677219507990112 -0.047406137076391568 -0.010949798734852878 -0.11169500063046886 -0.079397489076633312 -0.027914162815271527 0.008532851035792214 -0.057069182178583304 0.00088952190339296861 0.0057563667886938678 0.018067449333424523 0.080080515763168533
 -0.088174413864373496 0.018539498914893159 -0.028174793813748295 -0.11738156891642439 0.096023159765616511 -0.061807937393474136 0.10964203903102937 -0.0044651037317114907 -0.12062596504358859 0.026667981830343242 -0.066089632909361928 -0.13101211186191206 0.15824683107810922 0.027064283817027423 0.11233900178396175 0.0063511996353929649 0.0080750245219284155 0.050439050102403335 -0.017531343086588519 0.070340844519345816 -0.11297467489418271 -0.091421452241937359 -0.097355669479710444 -0.028920683542113076 0.053739973493805562 0.022499609519058647
 -0.055192908228419178 0.036798881427904252 0.12491425693992608 0.059055600658686147 0.011355296328746798 0.11491909273170682 0.059866957857986292 0.087951457104114797 -0.029875770777869463 -0.0032631143297407444 -0.11058627140593788 -0.13368974467964792 -0.13455354901190683 0.027749743676282451 0.018681704091269551 -0.036863177654281168 -0.095360697914700018 0.13219163319681171 0.085493785900556618 -0.0902013273905692 0.0043498678490212217 -0.081535383902237676 0.089103859208545383 -0.10188108377832442 0.026242917999254205 -0.024720979275205737


