# Created by Octave 6.2.0, Sat Sep 10 15:48:57 2022 GMT <unknown@LAPTOP-P0PV0581>
# name: Theta2
# type: matrix
# rows: 10
# columns: 26
 -0.01708362419916705 0.097735513564690166 -0.047877210005972476 -0.04014337782266672 0.076564146901416719 0.028733306818025127 -0.15332500338302638 0.065223816902136564 -0.014688885445262173 0.099616328789631975 -0.09422407777456307 -0.074294815374698897 0.12331568905144712 0.05403295874137988 -0.0044471416009669714 -0.020242552456800234 0.051682831883011073 -0.12880150340720734 0.029831881870898566 0.062303505751898733 0.076246699751290559 0.025642037153740704 -0.04446770988042005 0.0037807488415282199 0.025595549380586412 0.00080701604037433997
 -0.02483909856641479 -0.081205544738289101 0.11230721358692747 0.081834897275473883 0.12257407426486355 -0.06786684586962774 -0.038353719044512458 -0.095565870513768816 -0.14429295869343603 0.011815347186094571 -0.027036311543984243 -0.033359115994900483 0.12189220074195339 0.022910218015018372 -0.011249042546580684 0.066581446761813282 -0.053664926666714671 -0.00071939214945728369 0.0056048984921024695 -0.0074013301394573218 0.0021999208264646022 -0.012043587075753709 0.047839626471451853 -0.041657851812579333 -0.011388022729507081 0.0177850583884487
 0.032445482661841114 -0.073544148561455719 -0.075690866140180502 -0.0097619720453434086 0.00031689178959331892 -0.0014499164503953422 -0.060302337204671708 -0.10027386383989673 -0.10342984434237761 0.08704664055026963 -0.053588919240313178 0.01421240300580217 0.1264173993253063 0.026731325568536499 0.14078895803734973 -0.063228828803737716 -0.047666882886011647 -0.04311157458052766 0.016519838709140082 0.12472961798044296 -0.081955011417403828 0.074511484217634302 0.044355269176109831 0.0037180756704343855 0.012354532828090304 0.0026415119355573521
 0.096693108521656759 0.13831339099053239 0.082926125600210385 0.067347807326278458 -0.15905861906560795 -0.16642621714344596 0.047469570551987153 -0.077514890221523469 0.044416197467435962 -0.069114734592053043 0.021341776661256178 0.039976316742981743 -0.17361833405860327 0.024045426480815989 0.081296308138092049 0.049594077021317358 0.075283923774562597 0.030955723783999425 -0.010085490655562581 0.063149680216588802 0.10348362289717244 -0.03557145774169946 -0.027352726738283581 0.015742190458064829 -0.022819393397074311 -0.064964631813468565
 0.077505493713612067 -0.17660934229838254 0.02104599317662045 -0.15438216817595662 0.074765647516674333 -0.015145776820995884 0.0076111145514763615 -0.04006671863810711 0.08956368882066483 0.092292457722711288 -0.10218014623913002 -0.0026403463162968837 0.025530427072912813 0.031502857892800031 0.040632352546396473 -0.019606227850840766 0.10119289182667271 0.041850840149701016 0.041917870501290935 0.13804009366502384 0.012581864307394991 -0.061361129441106679 -0.0039968364415399315 -0.038760715786802812 0.0092509493823752145 -0.0062206301687614861
 0.0037624008383931196 0.040097433641517431 0.10135871060553849 0.096093825726553242 0.10172773779249707 0.0076669271170638946 -0.039568072902749392 -0.0057746697970212733 -0.023210038772773521 -0.095705837721309861 -0.01021874595030358 -0.046042183557210577 -0.11935114171682948 -0.0040326808679213037 -0.19958517983468796 -0.01624067558432301 -0.024402668032184601 0.0073549766511250489 0.025164078016150331 0.0834708594367507 0.066939754524981895 0.04171323638642882 0.0088639039620249278 0.16762156774454426 -0.094033444437262428 -0.0085087651043130354
 -0.029560760735210856 -0.0058124391469514883 -0.03214397075191449 -0.01934161980007822 -0.28019741546546129 0.12282042321340798 0.057805283150854654 0.045869533400522383 0.028601286600053212 0.059504406925045154 -0.037121860501118951 0.0040303045194250309 -0.1225634471946478 0.058309443166304174 0.11154002633942568 0.045153321261421603 0.083310804757583776 0.054466658670461895 0.0065093716981765651 -0.032669677657888335 0.09016398109200302 0.24471543494343145 -0.15542665015274212 -0.14290122950434681 -0.027352278207587993 0.0092854176748176816
 -0.020103196544282661 0.011610490029825855 -0.076432642301635795 -0.048406663137261337 -0.026898942999943502 -0.051152170950445518 -0.038534236523205923 -0.050429024814169159 0.05185123644608592 -0.060790755121919969 -0.050919598017764252 0.028069759451624012 0.14115752886125349 -0.010679236850106058 -0.0099364974633232139 -0.022540281932467703 0.062192287166112137 0.11787731056335352 0.0025381733659205342 -0.016168655285976823 0.071198188566267223 -0.16933629798630759 0.01350787475913332 0.049710351914438601 -0.0076613086687847111 -0.013216621685698945
 -0.014200840639322339 0.092136441630518415 0.060240328016637659 -0.066276909000111878 -0.21713835872121179 0.082270489614818851 -0.022897150265692057 0.030969108027665691 0.05491726957798098 0.079374925748564834 0.0078912129338561347 0.084017018584376879 -0.0077083273229039267 -0.1410031522203479 0.088229948410600639 -0.0054107279327922078 0.079099747010406049 0.042524061000415996 -0.12790687031635697 -0.13658042099554629 0.021332175405520033 -0.007475271208393355 -0.034594938102348545 -0.018019581124294907 -0.017587731867376749 -0.036922488046090086
 0.063790283530045108 -0.0019943244598727063 -0.044693071561229224 -0.04523904756584976 0.10931437791501546 0.10190030396653357 0.041120428949848818 -0.060759953560346171 -0.047324752271256952 -0.059662033563047452 0.12399955733503019 0.17051479641008474 -0.054633406790790102 -0.014642003326977517 -0.066752205867436562 -0.022889820957931704 -0.037437596785291044 -0.01252491447636753 0.017851562651353344 0.0025986440984841486 0.051728125223131666 0.042864919315114748 0.037026893905201232 -0.12198624214565583 -0.076565990204274362 0.00050396314511026285


