# Created by Octave 6.2.0, Sat Sep 10 16:03:48 2022 GMT <unknown@LAPTOP-P0PV0581>
# name: Theta2
# type: matrix
# rows: 10
# columns: 46
 -0.11192474620254492 0.0018584392372044164 -0.03699037837999955 0.027269197859460893 -0.078567064023557592 -0.023144325553818505 -0.059164989790008699 0.11473954405070583 0.070706491977640104 -0.040958936080279403 -0.025570174702449388 0.031424659099667074 0.010326043660737848 -0.09794245922646834 0.055413444085565366 -0.027624811409099784 -0.050033674059898545 0.025877140237753966 0.058744630910152827 -0.021852282520448334 -0.058503264378222529 0.042415008763525032 0.00514691927935838 0.025848420028618712 0.024715942679578686 0.04728493823481001 -0.0022616601972330025 -0.04910769297853132 0.072679469214645659 0.005565635532714077 0.0055361074051851773 -0.0095139243667487286 -0.10101779447109524 0.016625532938787942 0.074692866372875519 -0.021781925848409163 -0.010909195461240377 0.021844682309570835 0.01892774287245276 -0.047767612438307766 0.026219829216104204 -0.014402382634245535 0.020698011506751508 0.047834770959477212 0.044539071762411821 0.032134133069415295
 0.12568791126568452 0.011317368182263225 -0.048728178760841255 -0.020524017142116494 0.049292325169246788 -0.0045166524660039979 -0.07522671643735189 0.00063818265454365056 -0.047098148086555859 -0.019961371387223613 -0.0086885431835613293 0.018219514659926099 0.02698622998181887 -0.1004417070930588 0.039602757625770126 -0.038607535609936669 -0.085176555196212908 0.036429061530419492 -0.044968300577159226 0.046535384957913775 0.038242744119080824 0.069605537083206992 -1.0530224293525046e-05 0.039935075233486945 0.012209775058016889 0.038760052321567658 -0.010892524520510533 0.021000791666191666 0.074199806416981998 -0.015125559779690604 0.046188210937091731 -0.043091942772921617 -0.040907641260394666 0.01722554096007568 0.010464862305562282 0.016430220387779481 0.010599271538042118 -0.074617107670209251 0.043990957334124309 -0.023612666905558816 -0.014670359868798897 0.055981647183184338 0.066796306989661297 0.066201304418047432 0.0023935278436669413 0.023151744624830127
 -0.060118451013319196 0.02841196788407982 -0.048292355270866213 -0.026304895949096348 -0.026553242640342336 0.010027868966338437 -0.10681997169313712 0.030128185457914104 0.04658301735219595 -0.0064176786931326012 -0.10617144637022052 0.019185665238275432 0.0020200942862576283 0.0090787807334347676 0.079193105985633727 -0.027559059522265311 0.048212099351813392 0.028792956483414702 -0.059609521589589966 -0.014149718298213576 -0.13250688023255794 0.075124869504300321 0.076154938560134527 0.027647019023837472 0.017772860472795242 0.050733069190002256 0.054524591195090989 -0.020190394814956839 -0.041419016164447924 -0.02866031312819366 -0.024131680221385107 0.026108019142056328 0.026026587890687913 0.010985373904407446 0.014955038493015991 0.013122595460338614 -0.0053676352681691674 -0.0055975141900565248 0.050449791575141893 -0.041357360376005563 0.073092967553860452 -0.0082578744787899869 0.033343614263335083 0.049528618035775455 -0.051699709557905843 0.037950735395484381
 0.080650206814521772 0.018111765448323863 -0.034355837551279321 0.013765591877231503 0.025700719288846374 0.059706214926080962 -0.056230778866477371 -0.094680921889100905 0.05903924859336291 -0.02144490433991152 0.020706824855485233 0.026103006551655435 0.025667670330107507 0.0071532404592554704 0.027571322235024155 -0.024220962715520596 0.029129057193250596 -0.04640874514158496 0.042718236943952909 0.057910551917246755 0.014315082677390886 -0.054177281489235146 -0.0038061972420512873 0.037310918870506193 0.030688700379653509 0.041646640513013894 0.030155441370310967 -0.0602981312055949 0.052785668926891252 -0.014640060815030853 -0.0044913866408861384 -0.024460078198723586 0.0082381022508486428 0.033966352196761397 0.045733845088164714 -0.01552238853756688 -0.01596520442688364 0.035299489676519892 -0.059742892961476515 -0.019904996196454274 0.0023288544494490825 0.040372337190766369 0.017071517089998926 0.050186253683181581 -0.047665140635500897 -0.0018592598061624496
 -0.099123144210995009 0.03642015813564789 -0.033754066158420318 -0.044252002952701035 0.054193589077144999 0.008520862499410654 0.020598351416138232 0.067019868643290945 0.017290310728206835 -0.0069948667573704456 -0.053644870855983073 -0.020175723595062464 0.062509094960354214 0.016597656447541222 0.073965028992462545 -0.020943160860115231 -0.062553095371178036 0.028497371429678509 -0.0064297813230576257 0.028850149503350117 0.029048100908674226 0.03690082579068351 0.023915733649512071 0.020368618294260184 -0.00024529889019565468 0.048049064090056784 0.066066000640787381 0.028283069009833246 -0.042299933743818546 -0.041528822413201841 -0.055639310852524708 -0.065892444509302289 0.042250094664010703 0.035284496478326426 -0.043643884504055763 0.010101652089785708 0.010328489198494124 -0.023438100920495936 0.05169688594613002 -0.029096621760740769 0.056303804302513395 -0.069514309605029134 0.037481392540245975 0.037993000925038579 0.043858972728738066 0.026903465091746671
 0.11422185924273336 0.023084379239254282 -0.037735593820283138 0.011008007833247971 0.048938676536828943 0.014323533573659565 -0.00097298224096676309 -0.066283552075065547 0.045495275743847534 -0.068623005355103711 -0.016699018299881817 -0.034485733520404953 0.057165368654799098 -0.15766930608025162 0.046796466258071219 -0.038077474276174299 0.040216366044213241 0.00097201209288933356 0.071404073754844699 0.0047425018141370422 0.05240902056042511 -0.014302049876433303 -0.08030443098197626 0.035333474243074481 -0.00046548798249879304 -0.074344155574382828 0.041358974890041797 -0.062596676167885279 -0.011104848755053548 -0.031640571842741924 0.043825425943318709 -0.082221944311813164 0.052081928411430577 0.022160848754402534 0.046841000901529421 0.017374164166011178 0.01498524458913396 0.039787324458444108 -0.027324269055283869 -0.021681358873301766 0.05676806401081555 0.036939882464378432 0.045887377320258979 -0.035680947366565664 0.050971883613369733 -0.01884234876714657
 -0.033518346011237113 0.027875523125100363 -0.039283590295339565 0.025893520197821346 -0.061567428599280542 0.074672833799745986 0.012985267588578661 0.055962707030929815 0.057241409997570138 -0.0075746829281685734 -0.0037947032972644101 0.032416298671037576 -0.024912899855180925 0.050290574402231357 -0.0053215454558693462 -0.047046941897753929 0.049355372447260286 0.025486870930885287 0.080462141125591802 -0.079769824832206501 -0.018332588585485803 -0.057100756183372507 -0.0025956200457953353 0.043005581745516004 0.03917502108416613 0.040605120628823668 0.063687216585844419 0.036147354280287411 -0.028724924324432549 -0.0021763501219623743 0.061978115797357847 -0.032766147895822481 -0.042727130805986696 0.027933142725394541 0.0038874886500707803 -0.085964268128969457 -0.00058092964062262168 0.029288787508098477 0.02895328234337612 -0.03779204629992812 0.033227805238843687 -0.0044585333216437973 0.014117082205565887 0.042151107368465057 -0.024491055428973087 -0.035072359253353884
