# Created by Octave 6.2.0, Sat Sep 10 16:13:01 2022 GMT <unknown@LAPTOP-P0PV0581>
# name: Theta2
# type: matrix
# rows: 10
# columns: 26
 -0.10102204559182901 0.19504992885444533 -0.002298178827679501 0.0048945069737083994 0.061136348779707306 -0.035878442560731388 -0.03196734074126055 0.086712136932010908 0.034542778603176796 0.028659036084594695 -0.012268221261969177 0.089566497126187167 0.0083277127196514384 -0.107213616144323 0.025074024561122826 0.034346218889729468 0.039878309790639804 -0.021082729995373778 -0.011144316889207785 -0.017504896672920905 -0.12936572799716822 -0.058484537024330957 -0.15517900607206575 -0.016566907241551503 -0.010946323969448186 0.01698812563686242
 -0.11250917829423288 0.083057172840659207 -0.10521209394715993 0.016853912004203105 0.034665971806717419 0.075280505054427835 -0.043408877455089825 -0.011819543498824527 0.013259780605445181 0.028034922261521694 0.0019507534320529123 -0.03851769596446758 -0.0942741320402532 -0.02038240376240676 -0.099822310897911493 -0.10965328359412695 0.075215844632631548 -0.058522578425027498 0.094826627429431223 -0.085529423668160631 0.049656330564726264 -0.014810185353526817 0.01173616736283666 0.086995723654198928 -0.061714599124140686 0.05848437683781376
 -0.047843821210273911 0.03450116909768159 -0.096313874097142219 -0.045699598415737536 0.039194996255225503 -0.039717070653529155 -0.080285023764410754 0.043578069845789387 0.01149807133085453 0.037507015989156012 0.063560862321952849 0.023144810731925054 0.052414042652719199 0.033118931532608933 -0.046140736960163638 -0.096419111824861334 0.078800461990479381 -0.013508228782665674 0.023215250154033983 -0.13465557732004496 -0.15507060979385184 0.020499919869649674 -0.080896259030978149 0.077917674015448579 0.083188883350712617 0.047910223067980172
 -0.043213292233365001 -0.10759085984986919 0.067557266700540117 -0.057244231693732155 0.066973881551211714 -0.038096340776804988 -0.01164788502843502 -0.035974028946722775 0.038361306023949104 -0.010361085724290019 0.035094224762619877 0.08888449618047313 0.13976636768905984 -0.0085297854350173553 -0.032584675044488275 0.103974724823662 -0.13102040631350723 -0.01605832433128896 0.012909648024989288 -0.057286297428389865 0.037719330647596819 -0.089677238425864281 0.0084039179265803423 0.044806873422511495 0.027564711781062307 -0.036003085822089831
 0.15072717890886844 -0.1213636720445259 0.029183484238161642 -0.028078981795291603 0.032118144955514863 -0.086594530587103646 0.016670145069150755 0.0080082711753979314 -0.011697571196705177 0.046441388070026776 0.031577381065684848 -0.0062338959420931957 0.030704736060605892 0.14448151816423624 0.017803895529424414 -0.014101083559866088 0.13292248420709188 0.0082690967583865915 0.072572477440548136 0.065810432092703361 0.0014338371738967391 -0.14538772026460484 -0.14515585312727294 0.006760726152435041 -0.082155184696195996 -0.042856596953856248
 -0.025308210380121342 0.014142184389121466 0.072437799996560526 0.0019119148027723573 0.03753502004213017 -0.04307611062287936 -0.11148948560832014 0.03278397605863536 0.0093345755371876359 0.015007247286305527 0.062317991917567241 0.060776392778955114 -0.19507508994406711 0.050373560253890205 0.091914640976674802 0.072032424101107606 -0.19424302029077326 -0.057963634979360218 0.06733214318041969 0.045274665256774982 0.027969972284984816 -0.077404253032807888 0.0046393396571026866 0.035161497856738763 -0.068766487297787199 0.031643543916699511
 -0.031833593067238257 0.19751070759660974 -0.084771838318967924 -0.080792658604697587 0.047038500020341142 0.14608476060736422 -0.046290899816160296 -0.041486602139058443 -0.061201829690380363 0.016669685525886505 0.09979683377939691 -0.077345790805178158 0.17959025769456899 -0.056878987309191158 -0.093398711037163004 0.1312187724119451 -0.034605668605385789 0.020277926962585253 0.048338148823265308 -0.10073230202344134 -0.15556470840502534 0.011400430480639689 -0.018545230066041828 0.029250914842847097 0.032568713672940224 -0.18281010497452777
 -0.091639774189246889 0.0041605809752689763 -0.029615455746817076 -0.0578401684538195 0.036337982174839994 -0.034172920985094703 0.031282840341015472 -0.041545958616235869 -0.1133648045247081 0.012557974083771734 -0.03263067698256767 0.036759305454678468 0.085310928240104472 0.01505476181852107 -0.012777679405287389 -0.045320868759653445 0.036882899001368596 -0.031635085986805526 -0.066120178575461874 0.086235966166965675 0.045741465702738369 -0.045636545641129865 -0.060906768352699828 -0.044973130182983732 0.0030202340251522133 0.029228746845895961
 -0.019310756581815601 -0.014670881382420297 -0.039651391686165778 -0.054705702941208266 0.052966492438160984 0.11631671266236603 0.029189332116471026 0.037226466139705823 -0.068979093835569744 0.018144757047464214 -0.014354684702775357 0.078552067954962182 0.14755098039994546 -0.00060474464816725635 -0.071833005255374477 0.086584853323124614 -0.14117969312043141 -0.00819078442341588 -0.030417634365629789 -0.063220364320593969 -0.042048036518239448 0.04717262698625499 -0.019331923321217501 -0.060437913675343811 0.11293473457731344 -0.11350711277052676
 -0.099797645321218278 -0.089126039065851204 -0.031374474231444099 -0.03428121480423358 -0.036903520764145992 0.14780267548297873 0.0063911347479886187 -0.038651734968351684 0.11058217529951926 0.021296399247405038 -0.019542585238766633 -0.092928832161916178 -0.0098052300094577053 0.13529438931689178 0.07062089557523793 -0.055360152606764239 -0.020803273632719287 -0.0064874729034104118 -0.080938793000101816 0.054473707131634526 0.029543028515407001 -0.033720794743169913 -0.096073637853843791 0.078605249830631829 -0.032276306318708793 -0.024404458733022605


