# Created by Octave 6.2.0, Sat Sep 10 15:43:27 2022 GMT <unknown@LAPTOP-P0PV0581>
# name: Theta2
# type: matrix
# rows: 10
# columns: 36
 0.033077832568920808 0.026079298536484628 -0.049252103212939782 0.043318914038116538 0.038854765237210584 -0.095557946529213789 0.029661045681423862 -0.054321405688976712 0.035656817656290737 0.044617797316397152 -0.057462833044260961 0.003324029228919782 0.070823635353512243 -0.04137714279385947 0.10378880024993327 -0.033580066342667803 -0.090876998150118932 -0.071192879466419473 0.070592547835282835 0.075133028853317185 -0.045046423159092762 0.074056217866581342 0.011280919202364334 -0.081954727694404456 -0.084075107857917414 0.0627414253470545 0.0051268490164973566 0.097966625794670789 -0.010430920868393695 -0.0175494487043572 0.064136911435797014 -0.010696946925961922 0.025425170748006258 0.029423668342532801 0.066171484453741741 -0.030580167535054912
 -0.12127164265187473 0.015172589417949528 -0.088556961125521624 -0.063042638412319607 0.11069584120495866 -0.12070310083237716 0.0030518501757642123 -0.0085853780916742908 -0.06104672759567762 -0.065308887899194409 0.04887796684484641 0.060460824820788281 0.046079135733313917 -0.024241749248702323 0.095143479444371334 0.0041191750383406268 0.009820217199681883 0.12101574551367192 0.095165836292370604 0.013846323660162922 0.046402293623596914 -0.018969748976595809 -0.015509955265554409 -0.029188160973325824 0.066743071001777482 0.011055953182006584 0.017852358492156602 -0.046899688148411035 -0.01321430894293461 -0.0095757602572467664 0.079371118216802067 0.016063022184748619 0.043437583359291987 -0.095472517745433777 0.0063061375645127584 -0.0077619914042784547
 0.032974610848529359 0.014866739194606658 0.11821494430904921 -0.007940091427706835 0.0047828317947052048 -0.093704382552127957 0.013362572652849663 0.033581221723207939 -0.0012879979114160773 0.05826345649484814 -0.10150008224153027 -0.012747113182578792 0.044823543033327015 -0.047664557247018395 0.078359349279431445 -0.016974107739840188 -0.018471689273365295 -0.040306202819837531 0.015429142222687786 0.034755513764051719 0.023639528655021759 -0.030915479081440069 -0.043939277726153421 -0.040688206305553892 0.095381641651246685 0.01783489631762248 0.023737510788246003 -0.13691501360379288 -0.0062743767957199213 0.0081876436606745668 0.062025793313988296 -0.034352760967748766 0.0322062594205728 0.0030893672769492998 0.046183022040753481 -0.019009391387151953
 -0.078721587238542653 0.0067690678746197882 0.03311401527226774 -0.055505834977135231 0.044314377997262309 0.080702166314975551 0.0068206975448411606 -0.10462044121762315 0.059681919166259895 -0.038223977770411241 0.033985799156325824 0.018593974004761021 0.042600596189581112 0.12334215284439691 -0.13645026326160725 0.020364625588174885 0.054562437304603681 -0.077036791488632669 -0.045779510359813702 0.018379693153727936 -0.15391832397332086 -0.079229068030553254 -0.033204881742186956 -0.0025816890360817373 0.055592806033193498 -0.090143736967387547 -0.029049557583865706 0.11695187915084994 0.024926791357101716 -0.01166256893676443 0.057227362604988882 0.010035205452002701 -0.043750236916048874 0.12471288018843565 -0.017195850133551505 -0.030156242699148589
 0.10911283757804428 -0.023504040085068626 0.1561060378535665 0.15161704222940309 0.030555276386034575 -0.013555998054687542 0.089911521786031484 0.0013903906808648225 -0.12585201630655782 -0.037451330624820332 -0.22923738862895598 0.061428551666690735 -0.12851764576892316 -0.047600017311704067 -0.081898225067413455 0.0028152952343991539 0.019577865013771616 0.05236185936493689 0.077717521610148679 -0.017773901349871418 0.037558233348137716 0.028049592574249993 -0.071588464623960554 -0.073768084875338494 0.10453940751768123 -0.025846967084390181 0.042120414376907681 0.12113090679273149 -0.020415122106533675 0.0099968984356671228 -0.077838763960270493 -0.068614275703059224 0.028868096861645952 0.055056565857558054 -0.015571241150113829 -0.0091502120459352847
 0.090826671445482884 -0.015306702379873385 -0.14900680553615731 0.15058428213419564 0.030016868203000587 0.063076637769578087 0.0025271255399566131 -0.068886172790596903 -0.017729648539238561 -0.0015467332294157624 0.054548575218807453 0.08376660160334698 -0.14064838077886985 0.037689759047310298 -0.08067448118708466 0.03163209057282506 0.031241351914664039 0.088301108575610771 0.016452250892922009 -0.054296494071745693 -0.086888077094373975 0.013285301431031861 0.01832903500917412 -0.026637724593064446 -0.086499080795867531 -0.057079065857318707 0.022854316761018498 0.077605785329637827 0.019780065820167846 -0.027721575166007831 0.04284367346532035 0.068473978297389604 0.02095464319142985 -0.063009023497233779 0.048801344237786391 -0.020605513245792288
 0.065021027808650156 0.021109615546466756 0.14093762782495664 -0.066595259100124302 0.068973814685339446 0.015137791354960194 0.03278071702339961 -0.080458792886868469 -0.036221908975485398 0.12695395724069378 0.028664497405724635 -0.095513541352291453 0.061575950285759559 0.025132165386278008 0.08289129266151353 0.031556993275431017 0.042439888602769961 -0.19469724398485891 0.081193251703554306 -0.02315323442997563 0.0013534359280100476 -0.038901129043963451 -0.016773653874002932 -0.010306806434042777 0.093009581569294161 0.059946410542406736 -0.12293147764879822 0.0033206936529002165 -0.026386272426991916 -0.067069171990312523 -0.095776029352983585 0.033179446478971475 0.04143330841076636 0.012603782070304196 0.043216634840201947 -0.01765919852735141
 -0.13184856995790403 -0.0011553442137060142 -0.031427615517614152 -0.0079830285147304385 0.0024239886872403512 -0.0099709273051382403 0.03712493722526447 -0.019551489518695956 0.044353267512260361 -0.12908087430656634 -0.0052069091043197941 -0.038639918411255463 0.0085372202151929658 -0.037607660227567688 -0.045702283600990816 0.053978195832093435 0.0086705536743102943 0.046416343156363282 -0.1316320380896156 0.0076639508494546586 0.059486823692876181 0.023197470006360996 -0.073897297597434242 -0.054545840312598549 0.079585719601778529 -0.0065217868376261307 0.010795737186452466 0.060356043623012445 -0.020906668087544215 -0.0067563049428685821 -0.01330105578341151 -0.025034986275805519 0.026655330800380919 0.098720772731111697 -0.020238564790802414 -0.038789571168277096
 -0.012187068062555081 0.0084650667705309067 0.094315618011128033 -0.068644078976216841 0.066519177377314248 0.089346274614874197 -0.10844848946517605 0.022973197573907232 0.13059639365084291 -0.024849948124155016 0.054297101906489779 -0.076914298740244066 0.027321716248231497 0.034472526159782031 0.023837268458838237 -0.10473863147864104 0.035615716327819714 -0.048440219582112164 0.0056303534966326346 -0.063936993924620419 -0.020225216834185902 -0.0084017724759077005 -0.031586302690710798 -0.0047744543533236308 0.021884679350344351 0.075757149818802869 0.011553643706133869 0.055496533949100244 -0.090330064306341412 -0.0042792493351440789 -0.11789610595535656 -0.04177191839610063 -0.00045804046052331631 0.13758659758185698 -0.11389521237589079 -0.026225492057508789
 -0.023679196694596179 -0.0081326259368966671 0.024938203673598482 -0.040753887315603289 0.10573465913690591 0.035586315991831756 0.032781653153790211 -0.11517041338664903 0.0124795564623012 0.017569937394683446 0.0021835347545618466 -0.012136165523174931 0.011082541095008657 0.0017458680121477175 -0.02639718260942462 0.045787164426548767 0.017375545137066052 0.10945106811012437 0.12493629108612679 -0.10289259579230095 0.10362730652751651 0.067465218398562496 -0.044456018261279394 -0.011055487053189763 0.067187626384786009 -0.024398766651408388 0.017147660824020538 -0.051586382585651631 -0.075020404028361243 -0.027447289153218053 -0.0042105564292204281 -0.014439917373548019 0.030899595667618806 -0.12450325592187669 -0.04868439233370609 -0.021769700015369937


