# Created by Octave 6.2.0, Sat Sep 10 16:09:06 2022 GMT <unknown@LAPTOP-P0PV0581>
# name: Theta2
# type: matrix
# rows: 10
# columns: 36
 -0.11092432267845574 -0.064177391482587248 0.0047862650498189212 -0.033293709930585204 -0.0086554395988059727 0.15910248558508572 -0.097071480149704681 7.6640509017543418e-05 -0.029898506708263588 -0.044756713919683999 0.10921770832021152 -0.054962385693621753 -0.015928864088335361 0.024110908045986493 -0.11592455897034848 -0.076987650808454239 0.036423439611811874 0.001725210723547637 -0.023203159326937953 0.050501531454787744 0.075532691764092511 -0.054500183909356993 -0.033421434588319941 0.05428296938903801 0.070541615424798684 0.0089314308148024293 0.00032485522102236418 -0.079249192854225631 0.097549560282700037 0.031731224027487154 -0.057191066543644725 0.074263022797637232 0.026245498030057966 -0.0048475978767714874 0.011068997585730796 0.041518239080572984
 0.012654168972177936 -0.031961814806527149 -0.029496822926563571 -0.025752480961673027 0.018476115253739728 -0.015155912408169969 0.035578018618187816 0.011659945288135352 -0.01297339551222728 0.043239918100170416 -0.03377966087933798 0.002980152516240417 0.039885273183340703 -0.087172277407917484 -0.11108553933708029 -0.14483584566815694 0.0020296541130750984 -0.0091936154789635238 -0.026534655027147792 0.032743992286565098 0.016177543792560384 0.046634046089174291 -0.092264265660142342 0.023965079101191455 0.095185823252537285 0.045655018877412433 0.041938667365810457 -0.061873471154785809 -0.053708735203101841 0.11360298295499319 -0.017603733311552319 0.091428859297855491 -0.018100621443538092 0.079313399771102827 0.070398883520091812 0.058197605665601573
 -0.11364201117281579 -0.0093401281471098552 -0.032423941880549742 -0.0060756271357411658 -0.040380787436315263 0.091620481989261426 0.021130635766757163 0.03492650190911635 -0.038195079399282988 0.064969533845669489 0.017369860267545514 0.00757506089711385 -0.06041383342748078 0.020806461984041187 -0.016687885141722134 -0.10826580901395562 0.05969288135394149 0.0016947506230877295 -0.01978809507268162 -0.037165585323446153 0.084579312906250551 0.038831407897818207 -0.078481934509386189 -0.016845623699322528 -0.032878763527514572 0.021316055378899974 -0.01169282800172277 -0.07194577208730947 0.0066891971802032777 0.027785354882650756 -0.0050636807512056368 0.076760021626261846 0.10692316903998397 0.06734959793113475 -0.17168862441137578 0.066444683066768526
 0.00684100862646932 0.079678884430300453 0.009311596658606109 -0.02234334576494322 0.099594782469500404 0.033892238397388634 0.033918239518905241 0.022369485179287999 -0.072417889897073665 -0.043135576302237515 0.068301801990314645 -0.074947911698636724 0.0040689838212534428 -0.028074393171162053 0.024937326510751565 -0.037927222620392428 -0.14182086156706633 -0.043455983604532615 0.0010353050294885831 0.11375853092796702 -0.023655274787424303 0.057964729575570466 0.024440636731037763 -0.026046367346982974 0.092814063863761842 -0.04334360971797882 -0.05662666419667052 0.12368501868892733 -0.021563131945873223 -0.044037284279489171 -0.0065691873032535089 0.032620019947414564 0.0052007094067188474 -0.020989018156173583 -0.010449474694474796 0.0021594346125611633
 0.086131939535239094 0.038805379156032341 -0.019102789196112066 0.04726867840091141 0.024878111780897116 -0.033323144543710811 -0.008649838831841599 0.024330144215501198 0.033469819904665341 -0.02516272239848303 -0.014692211043412418 -0.089614480655068163 -0.044916434717098323 0.019631586964501985 0.045007075540318617 0.11533853692017743 0.12752964920415871 0.0097768531621682652 -0.011639617083344746 0.027204601497898023 -0.10819201641505789 0.064076896088583565 0.072336709526594961 -0.12347541253133953 0.040053719590065581 -0.11366086738758367 -0.046303376841543294 -0.18312181042983228 0.055081378410997174 0.10480252080941506 0.0066968077781538442 0.060788524891353203 0.047752094355186722 -0.060730345835294464 -0.057524488923974347 0.063226260320775093
 0.015942561474130913 0.057068502229342871 -0.0030115658430524563 -0.04455292656669204 0.15698675571049725 0.091672739226040037 0.017757479023500573 -0.077676994527557636 -0.017235297122227461 -0.091823268508644168 -0.045054199010340024 -0.16715987870162627 0.030619879153131819 0.050794892348645988 0.036229116358462043 -0.11673477022457808 0.041408277390586085 -0.014170122878862232 -0.031319949156283902 0.092568900235407092 -0.1105792360889383 -0.0022857976606668801 -0.057323305609096036 0.062642539781970805 0.11067769278536894 -0.035387998226193325 -0.097090028827071198 0.10198016778304374 -0.013432367809363148 0.042185674849213463 -0.055031451534296859 0.074885928675014909 -0.12639557545315161 0.095136185928454658 0.017528223059015219 0.03197932274339213
 0.079807896085357086 -0.012808741327141028 0.0057855270269707047 0.10764265582792544 -0.044850071847750118 -0.059761855783673462 0.03466062965128805 0.024917036437835344 0.016852719515434607 -0.07134121994960102 -0.0062803277841933063 -0.0015812601870709353 -0.089607554957745139 -0.013919005570777215 0.073411748096768842 -0.013448700437379691 0.028683304424357858 -0.01728352362508468 -0.0085141559757427043 -0.014794150499190499 0.24352125352617601 -0.0048123592757297433 -0.0051554282613056638 0.014370461245288724 0.028606738411983076 0.022048530524490233 0.023627072328066202 0.060690371967966478 -0.08523824063783067 0.061897576374808499 -0.0080929817286902201 -0.042259046276005852 0.11753123779963409 0.049015687074426106 -0.08941277757150709 -0.16853743831739368
 -0.051353945213088892 0.074839682156323625 -0.013701897543833347 -0.11224244035872585 -0.024059341994954218 -0.011903798568795698 0.025709643570734644 0.021697226454449933 -0.058836119540060509 0.028599182336707558 0.016797149225844871 -0.10958764610641973 -0.08469752096400443 -0.0082420789710469494 -0.0039329776299375585 0.090378349563352792 0.0016940370840487892 -0.022932518807703278 -0.021330704958213733 -0.001856946931143478 -0.038126638953679792 0.04611287234702794 0.047927531662553348 0.030466754224562274 -0.054780550657675828 0.015429808137777943 -0.057355094165270327 -0.080634610394397413 -0.035928618527211416 -0.0055047296620664233 -0.021662066819330233 -0.004575212368591132 0.013735138641586521 0.028112406141452412 0.13420208085998189 0.034648812057406497
 -0.05980295468683583 -0.0038513171401014408 -0.0074340665113070145 0.035703021205058055 0.023119836284878289 0.05013607087247194 0.033812154327534989 0.034597926428037357 -0.025190818260440142 -0.0023480488090870601 0.041505874485545213 -0.061624879029514648 0.015822082725173735 0.012187429256780978 0.014113348592484594 0.034929002566303921 -0.054209287684500639 -0.014841067395116527 -0.0026026642083915334 -0.09768698633952673 0.059206519683552714 0.046698323364688807 -0.0010270339375568198 0.032449028734011572 -0.092296219885749917 -0.036912127890660104 0.001977396045529945 0.11009768982507302 -0.10116339797035601 -0.069344420007898561 0.0038237762070950591 -0.072824393316993252 0.089897868657197552 0.028096494290418838 0.042057905136318907 -0.094459661864264854
 -0.022683564673812714 0.046811423066295245 -0.079122455028183492 0.06175482904713224 0.18676172622623166 0.0126067308536473 0.03215742614109799 -0.0096520284013351821 0.02123033858421736 -0.11228031889469378 -0.090157608992725666 -0.034340298316078828 -0.013817166216253918 -0.01513947161534682 -0.0416497611159935 -0.010664636036006767 0.034592414260641573 -0.0063327333867986557 -0.062528419478697417 -0.0241325040970847 0.043847511153133102 0.050357100227570416 -0.0078307055849878102 -0.084384777173367551 -0.056118860272753396 -0.12521598137612822 -0.02729620606276531 -0.0032817495234200521 0.012115267631122773 0.10044855864971203 -0.025702587492667295 -0.089714600002236203 0.09505055742065216 0.0555964462699641 0.049385801874981122 0.071876086272096462


