# Created by Octave 6.2.0, Sat Sep 10 16:17:00 2022 GMT <unknown@LAPTOP-P0PV0581>
# name: Theta2
# type: matrix
# rows: 10
# columns: 46
 0.055464412460622031 -0.052642210210674618 -0.044048017346495896 0.1053240194575495 -0.018888301804225991 0.010196553972778166 -0.0018414435378139595 0.036702300270736461 -0.0024703625153579987 -0.040607584656954188 0.044429468849374432 0.054241029212880001 0.012416991131317201 0.00089525562699968304 0.01444653208229419 0.01633411658722771 0.051577317468185065 -0.009298787600522199 -0.080283949782369288 -0.032147835345480054 -0.017151802611977317 -0.081152017249427014 0.056045208748748736 -0.0047420891917138164 -0.031115984810099702 -0.020514191038275342 -0.011929844242510665 -0.04043689472121214 -0.01567298354025801 -0.0007515791352338166 0.082401052319628285 0.022460700851705779 -0.0057019187353331115 -0.015359291510790003 -0.070084873549272134 -0.00092378335176541222 -0.0069261305507846548 0.02495892415193058 -0.060590411390716421 -0.052905891813702421 -0.053126286927814806 0.052223207280442122 -0.017322103830139195 -0.024137928821709315 -0.0073728586400391158 0.012394320599462969
 0.078285755672956925 0.024281579217480875 -0.02242494704950709 0.01734863892851022 -0.037081802808580346 0.012421472968485467 -0.017956843692672621 0.017721999808700435 0.0062792890608955191 -0.081418065372375018 0.055988654708827003 0.031786596058307671 -0.085494529010937403 0.013556753708167973 0.03418237257782071 -0.021637129553802481 -0.063227265270000291 -0.010852383868717614 -0.0055418375568297949 -0.039320421405671248 0.020966130628666462 -0.091744350857698581 0.032697546078481236 0.0015077061251070958 -0.014037826609823121 0.021968981186605917 -0.059728507709681807 0.0044775845364905011 -0.023700262282242715 0.028505993479317756 0.045879071551488633 0.048284674603943367 -0.0070060428056309193 0.0088477197988136771 -0.0071695273889951375 0.029918156649518027 0.0024113459878351848 0.034648999662074097 0.027537813307731092 0.08974958338307068 -0.012808493634827046 0.032330197978639751 -0.0010732064400698084 -0.0075639670364056576 0.0079458294092862349 -0.030776052583673739
 -0.061477262516619113 0.00048300504413355131 -0.035835332244141281 0.0020767493784680574 -0.05767507851824958 0.0082636594460692263 -0.0097348155189124295 -0.083371819363013494 0.013070730560814078 0.028104888852815164 0.040979474861777151 0.011538346465396903 -0.059837702614061371 0.012926427836674265 0.026088624599420192 0.0094032518839675984 -0.091082743199300473 -0.022504147645005503 0.0011251001116356879 -0.05725299429019106 -0.014155724115527086 -0.12380216755603751 0.11104393073861123 -0.0036169347313597141 -0.026307319856844712 0.013035155759631295 0.019467809524025523 0.0020330825646449765 -0.023476612514868468 -0.037814274633523347 0.025331356030642328 -0.002639824367910778 -0.0038905039176922716 -0.032578548559317397 -0.053860069907925037 0.052885430362875401 -0.0011313477187878469 0.035366590194657661 -0.017510808690804344 0.064599656751479967 0.025674952709368867 0.0061411961459227268 -0.0068617094704086752 0.019930503610154374 0.016303198404053858 -0.029226614304479773
 0.1160471746308559 -0.10236427287664909 -0.016953464490095667 -0.096420187486660675 0.009474674753767915 0.0023020985027001686 -0.023736730270206997 -0.013151734793758522 0.029580452438281717 0.042157102522715227 -0.087745324869293748 0.049319368535816858 0.071578952101691518 0.0053007162907091586 0.015399454353853613 0.036145393900502129 -0.093829073183951006 -0.0056290340333586108 -0.041831559985315243 -0.04637595856602985 0.058369242736902541 0.052856088483657804 0.039025737133755345 0.050966149886309139 -0.016867900856630844 0.036123866675375718 -0.012368860707997991 -0.040608790126023281 -0.033797710266623565 -0.050595647447876431 0.020236344716259146 0.020640407439887574 -0.01868140394211585 0.032434861323588492 0.0041875960159606217 0.038913635335357737 -0.0028295184751035885 0.03334141326573907 0.0069534336344379728 0.020297346099382125 0.035095353624224536 0.021436130071041382 -0.03652015068793231 -0.00043525689372454269 -0.062673224445419728 -0.013693692037570373
 0.056873760992147394 -0.0017621697584437159 -0.028903608319217594 -0.13723868690623345 0.0057282741555115093 -0.0015604422001199271 -0.014735202059283992 -0.0417684179849502 0.037238596685665079 -0.055177159519078409 0.044302671440624247 0.0077614348636850777 -0.035544337055064247 0.010669147907936972 0.033025993902332275 0.020569640889529499 0.01061029677000864 -0.023424619313188937 -0.021739691433632843 -0.077067220967796501 0.029905538069385621 0.062397856305077326 0.010578536148557003 0.058654676618108387 -0.018398323999483154 0.0629517189771608 0.014144968856249565 0.0038613204446430213 -0.01421273596804837 -0.065914670065225181 0.018798153932315716 -0.0040849195241897725 0.0054776363148792131 -0.050248370575848973 0.023310892273818187 0.055473381543700219 -0.0089850803420218287 0.033185444164769755 0.025564602862314781 0.059475030735524202 -0.017030579143405753 -0.09076371785495646 0.014926518521962896 -0.013024419881827702 0.021574264739286295 -0.027445415373953126
 -0.071643099919072861 -0.075521724430856751 -0.017741516463451214 -0.09488436197958286 -0.022894945387724054 -0.0032608017329333089 -0.012473042821232629 0.02631301361771916 0.040400421527433353 0.0083320899582076426 0.035235507234171869 0.033643772288730701 -0.089425654944075422 -0.0015083677009289486 0.04281301056161918 -0.014131223051384059 -0.012247397395393685 -0.010170964971134563 -0.027963353595368015 -0.048338073430462737 -0.013873870312161609 0.076922053975791896 -0.029754738563111793 0.055519549810274758 -0.02063680767502343 -0.022415419437179264 -0.11418028876177251 -0.0294805225613331 -0.027359486894366486 0.064504635409640701 0.043847330503280275 0.051742921806566408 0.0042527733907584322 -0.0046965161420123198 -0.037861398760836419 -0.043909250826653229 -0.0057508933616239773 -0.030248916867614342 -0.04588953741300536 0.029035792513797558 -0.011580812353972819 0.065400860738363639 -0.0083033864477255401 -0.0058089129272687612 0.0062234131525634997 -0.0056733697179268232
 0.1023055138765412 0.044716203939571472 -0.030202006080163921 0.055188584348554323 -0.065579811139888172 0.012030318847230069 -0.028061188405506206 0.0082422594505491414 0.020065667382447798 0.090950291565828373 0.038700708856370683 0.036280374221601068 0.064533366544786808 0.012307632020471384 -0.10149344513725778 0.01877201026101543 0.039419926609948711 -0.0043416230392216279 -0.023544061811319981 -0.037771195639413453 -0.15189702817679476 -0.012746969920762132 -0.076491249293834204 0.061524046431531365 -0.025487279657711151 0.024049432661022458 0.013322845793241325 0.0034699564670656238 -0.028251590575395325 -0.0032465643038230726 -0.041284837900239686 0.013015729475545971 -0.066716266175806588 0.027089381985540801 0.023608866516455242 0.03416148240756775 -0.0019451260346104726 0.039776763917472133 0.039497965361285893 -0.078035777524572122 0.039856323086935277 0.072225594243372049 -0.0076352053707159371 0.028531215923404588 -0.017381256324567898 -0.033268256387716841
