# Created by Octave 6.2.0, Sat Sep 10 15:40:31 2022 GMT <unknown@LAPTOP-P0PV0581>
# name: Theta2
# type: matrix
# rows: 10
# columns: 16
 -0.098584182056697112 -0.0079830416282249666 -0.14865298623776693 -0.0056093514547322434 0.0070607345266517707 0.060397014988513471 0.044757794078318591 -0.089330660006187682 0.010515896179009315 0.020163483132162603 -0.025020975914800916 -0.050276478135366023 -0.068859915863595716 0.052440938895746865 0.065183429804923587 0.21714374761998304
 -0.021225787444836892 0.13057576112985453 -0.003606458402915898 0.077868826725186788 0.019599017454878621 -0.010740349174649774 -0.0052166321022337724 -0.11291893197963064 -0.05452675370313835 0.061173557153036184 -0.09365736584765573 0.13110567222892383 -0.15907612204155605 0.040421310074413311 0.071910281852706162 -0.10894385587727851
 -0.053726139511007832 -0.074780430710660373 0.00092624131069655503 0.15943878255923205 0.024386558627329434 -0.0044399928218380258 0.075078247476423013 -0.12827482436057958 0.0012419924395313409 0.051225302424537628 -0.1080474191018656 -0.012206160763762108 0.0082837505659103094 -0.13948652817756557 0.072474507265703064 0.017663659129747756
 0.026185019817337521 0.065981041549365599 -0.10939091149126813 -0.045609789682373399 0.0048763596074163857 -0.0015319786667962534 -0.027830385452993111 0.15821987247935773 0.10782806185659313 -0.13021240681767296 -0.043844548365490024 0.043582852072597968 0.11540039996599043 -0.024643337844540206 -0.089318441785880387 -0.080788626752731657
 0.033813794950692359 -0.058873542015130398 0.094585721822857183 0.081908501316239279 0.037068915553540922 -0.2422607484645013 0.054798278168150159 -0.032041946588055578 0.095589301939290758 -0.073693492789383835 -0.095028352238083855 -0.05385093072484784 -0.03839929854971575 0.069475403220533111 0.064282805512323418 0.098765396328671637
 -0.061698706197958794 0.10554713057915861 -0.023509100586518838 -0.10053723915640297 0.018115604302699023 -0.10510600157651898 -0.062938123616598951 0.061603458981784411 0.0316872426673767 -0.035276668064606144 0.14359414679825513 0.13875019474963871 -0.22368590697291932 -0.081499355909575855 -0.03459526533381603 0.098581949683478193
 0.12981064894636754 -0.12325641779210415 -0.092349868871395402 -0.20972067891888124 0.0058293946287486407 0.023070107204239593 0.072614305365154549 -0.031541763062007906 0.075131397730258634 0.074643372757807219 -0.030321637128912601 0.094172582093457496 0.18621661189617802 -0.045517404705309586 0.074497723369158511 0.023951024752710239
 -0.13521678704203394 0.062084296180025526 0.003489838295970534 -0.062461712108594317 0.0037274217661908251 -0.0091214523177097426 0.064628368570115322 0.062160706133057853 -0.064711232072342556 -0.07084472615883014 -0.16105790377011964 -0.10954845158345865 -0.010199845843856531 0.050945772028780402 0.053487274885883472 0.041604157524733544
 -0.056946520254121606 0.060333684521623583 -0.095515212661345411 -0.087522938716601148 -0.25379808553606864 0.037920588629964884 0.067533577413679241 -0.039046145856835614 0.073215454344233891 -0.016217147132818421 -0.034088878114612316 -0.070958383355313348 0.13904477509425317 0.0114826706426277 0.045822123675044207 0.030338052483790567
 -0.10071337624387712 -0.039742421721907145 0.20164740954888774 -0.056329359370988069 0.019367516263066872 -0.077926878443886169 -0.070938527211022978 -0.053202837688462304 -0.11624322330807432 0.055613572074046588 0.095932479790902012 0.01115100770273581 0.042278686885747555 0.015332566686684711 0.043969954369019959 -0.080813776382438016


