# Created by Octave 6.2.0, Sat Sep 10 15:47:35 2022 GMT <unknown@LAPTOP-P0PV0581>
# name: Theta2
# type: matrix
# rows: 10
# columns: 16
 0.053524586029871132 0.090999258198512012 0.18973846317808288 -0.025782307733666052 -0.12014537216556331 0.058051782891987876 -0.023811894033679372 0.21924444742663796 -0.18345524290060078 -0.049618054862641973 -0.12160918067287636 0.15830261752209526 0.1035258734876759 0.043652132859698038 0.014953963995888785 0.022849452141560197
 0.095053947371351519 0.094291884649740712 0.0046073137724123268 -0.17286970655459283 -0.099840985192266432 0.059137510877118792 0.038722959125874853 0.056943483729654999 -0.0067463501585548272 0.13503084474874297 0.13253576618285318 -0.061356070184007114 -0.11656078014539001 -0.07279979039689928 -0.032293310349291365 0.078465293523638735
 0.0029576211778370464 0.063517773889746096 -0.11446079146882022 -0.027739447208721273 -0.048184091715200168 0.044381698901982673 0.014613581455717294 -0.0017710292710587201 0.10173443316078025 0.12352763843693715 -0.098646446812562641 0.085860151339195515 -0.090208018801026663 0.065644473927198799 -0.061573344655854054 0.029782019978394001
 0.11030527273467759 -0.20253162734145619 0.08844484009596941 0.015804091181210816 0.015814808590025743 0.023182736066676899 0.1448998855026517 0.087012573334339996 -0.23544035213992828 0.074418187886980097 0.0593825290804679 0.031064116633715576 0.013465533403107563 0.04001894877437303 -0.0020903575289788318 0.044359888424303884
 0.082940997965524677 0.069438550175324548 -0.071433351401393563 0.027764364906657332 0.18634330517784686 0.040503310223679222 -0.14356827689249113 -0.032473689301564905 -0.015390309708514993 -0.070054634706607305 0.072076322738458126 -0.018510530990780392 -0.10017181793275723 0.072793924789230163 0.048364642958506808 0.054004026594373547
 -0.069755202339251296 0.066975023935937197 -0.062984538686624375 -0.066448133638062734 -0.009546459783925966 0.0220384656800597 -0.029900342675676365 0.18288571584950467 -0.29510132404008826 0.12178666220408604 0.11957619793691381 -0.067988962883111403 0.17799947473306327 -0.073366370116525609 0.033134227950270732 0.086148394862433739
 0.10994451409867401 -0.12184224897771476 0.01309657875766931 0.04343298825798661 -0.17602868070156291 0.049074986609111929 0.11240547570363416 0.11991384613142018 0.20094055172533581 -0.071832543693559847 0.035796135414595219 0.012335074473605054 -0.0016684746724788197 -0.074068175090168928 0.032030321602509369 -0.10713609747474788
 -0.063056993067869202 0.041946209734656639 0.042929825536789111 -0.091190611307082226 0.14885349194706524 0.020169255381333129 0.048401713771934134 -0.061282588340813085 0.005502544797813206 -0.050574128170621194 -0.057238055506286828 -0.121070836438071 0.023238874059416176 0.02014841264775806 -0.008917818038121807 0.054579077471361981
 0.085002030077121135 -0.07744524060447637 0.18209613759923154 0.013916792374761754 -0.11567628792910742 -0.13418076059212061 0.11713533670250297 -0.092127390004706808 0.1118980165487794 0.033792783887584422 0.017552131743451271 -0.1112089489289062 0.063572383975822128 0.050111828469966237 -0.014362518147132925 -0.062448846772614523
 -0.11010327399515211 -0.12650804182562345 -0.073671641645365937 0.0105901402758205 -0.011277403613715976 0.049012393407559383 -0.067268727019317631 -0.11844053431148319 0.055351960811446096 0.0033615897322177481 0.10403203068963232 0.080401311756976082 0.14141281518424617 -0.056825829411803523 0.003273999294404039 0.090583391559256141


