# Created by Octave 6.2.0, Sat Sep 10 15:45:48 2022 GMT <unknown@LAPTOP-P0PV0581>
# name: Theta2
# type: matrix
# rows: 10
# columns: 46
 0.010063633051382038 -0.0077857733460215137 0.095826206488906801 0.040003758983211853 -0.046687020932240454 0.082249814004928118 0.017108745085589048 0.018108811396716849 0.082704371401859392 -0.063303018095244745 -0.042224359003144467 -0.10319380301202749 0.01730957319247942 0.092408931175964534 0.078432566802307674 0.031861747367538031 -0.041774935429659724 0.029783220098786509 -0.032927741324369056 -0.032056725535341994 0.016957061749429986 -0.069956522042552732 -0.022050577986828475 0.021990085985976255 0.0057208239748684012 -0.015261377519391474 -0.0905940808080829 0.0055724248854928573 -0.055569118376455742 -0.085316393189829656 3.065603688492247e-05 0.009360431548845435 0.025097863749241025 0.017410182747355674 -0.049372564707782056 -0.012298515107480255 0.10223072871005791 0.059009463984307314 0.078548713534974182 -0.083820169101239031 -0.049642948075732357 0.02070706040253642 0.049526734740514201 -0.089468979409096955 0.0039542406751825439 0.017618200545665132
 0.11517167631838854 0.11547699994111431 0.013656446240917266 -0.015446153176328362 0.0066994495910758494 0.029484029993097176 0.026916650107793733 -0.063747348398595569 -0.068459886323123331 0.032345563983958263 0.13040356097998926 0.019159246289460842 -0.085556373711201728 0.0088591598588776393 -0.0067080018354985279 0.11547468641437177 0.031176815833379553 0.04924139329910824 0.020725125002944 -0.008197128835912627 -0.089146130043053468 -0.038960929915237683 0.027057455585346106 -0.086682738263715114 -0.16017733781936933 0.014656117424992511 0.025214694380615341 0.045300828023774838 0.015155191495128542 -0.049223244239072296 -0.020596907711993132 0.027827586859624633 -0.042800177826169537 0.067973438958615268 -0.024821222505081498 -0.018667978436769012 0.086614091090054676 -0.014595261983168266 0.0700973914888737 -0.042967693238242947 -0.057379132479247481 0.022019427141408053 -0.0076363386018883806 -0.10667202921744941 0.020328959408746645 0.025823058513756672
 -0.004335109145195447 0.080683548117200035 0.0030932488159923274 -0.047082709595182418 -0.0092521150815737269 -0.0015150141738724942 0.099840198816480666 -0.021436719565061772 -0.048762896801659718 0.037279212586826614 -0.083341107294575334 0.030985813311757267 0.019445475253406765 0.0073430809426206587 0.041357788720579457 -0.056529055946077718 0.028262256517520377 0.055780361508158967 -0.076731483428313665 0.0016387750524315516 -0.045810367042766025 -0.031982342559250559 -0.00090670107191936629 -0.025958391229062249 -0.018410229997937781 -0.020675767015163514 0.0073215311945345621 -0.050581852184150462 0.023089415828113205 0.039718764564182767 -0.066957644240962663 0.0092204784337969765 -0.059761450629755138 0.080164900168366887 0.035195201514778077 -0.015740116341416654 0.069645105108933958 -0.076298030680368056 0.053859735599046582 0.040876679353487815 -0.044364405482233277 0.041018233259861439 0.058343331737581078 -0.06520610233400144 0.010993946345639966 -0.0048890810873184658
 0.058780071356107931 0.077636200861249643 -0.19619203983835787 0.0092903393363089459 0.0022491280591628139 -0.02066151235714021 -0.020315880616872135 0.018234959440585695 0.12379995875570897 -0.14242967420468466 0.077618836508663872 0.02351123909125773 0.013268891671748814 0.059059297060274032 -0.051439989040205136 -0.049995080044059372 0.15230774720524012 0.020949785486626335 0.0055814280638738891 0.028353407024113167 0.024867938713889724 -0.0083078445888723033 -0.043647113232772775 0.092438914318853996 -0.044812822928209317 0.01000610141567071 0.011862651744536783 0.040376741771429005 0.043336223330720194 -0.1218677568522173 -0.050579734598822326 -0.027680417426341586 0.028557842502018642 -0.064254239001236418 -0.0022315691565863694 -0.022742960193362478 -0.042498036274193213 0.043252528059465264 -0.14171832872214576 0.033140571980763249 0.032608247311419092 0.029806529798988603 0.02113505968061043 0.09249959915313774 0.0057838189632460233 0.016736609434625783
 0.0005544065462173807 0.11505942398983249 0.074294648714107514 0.030276170699136681 -0.0018207999020891171 -0.00059335114341546385 0.050584888719019075 0.021878832508995666 -7.5598456570687863e-05 0.018780582975411408 -0.08255246858299696 0.037653711406334285 -0.12306961951617168 0.003435710115433855 0.02464670187414357 -0.032214962613367981 -0.12829999093305064 0.060905677495328096 -0.00015952962704901874 0.022219483561728988 -0.027242100918828744 0.032034243810262271 0.028643868835747616 -0.12110148101475407 -0.03833172719516513 -0.036028086260932471 -0.00720612067965694 0.025901693154163852 0.038867771854729435 -0.1013126517778155 -0.054670492349545775 -0.0037109876853235425 0.030385504339217904 0.070881505421453828 0.22634419955614599 -0.050480678022300877 -0.11928941998529868 0.058712459568280737 -0.12797271214142394 -0.010046862862744102 0.060780251100309553 0.055003853562417347 0.032425141318805244 -0.024944178692888636 0.026126737950952363 0.030830402593880851
 0.037474141487005827 0.10715930975686785 0.030452383123044904 0.10440635175742137 0.011632563412461338 -0.0028653974485773242 0.037642120762323462 0.0039926953041229717 -0.04895318228211331 0.024694231491768085 -0.0016072041042453026 0.0099552684671679725 -0.094658819437796679 0.024106902020816893 -0.063455730316687844 -0.042882194143201269 -0.11873830989659225 -0.03425853584686496 0.037268890959580393 0.030887005170681485 -0.018088770863125332 -0.073965634799006114 0.0073171024631528284 0.062288378285861611 -0.024416681141380445 0.026529237734459154 -0.029545446925785077 0.05332955987755944 0.054347354426385858 -0.22395181358121841 0.084042782526845494 -0.0031941105731421371 0.036301067887169428 -0.11788433279717335 -0.046836786186958038 -0.043610497748942434 0.070344877797125199 0.047425372683447778 -0.062772732885056221 0.035757798239593713 -0.0065531788843756775 0.040604472899526678 -0.0037960294418295584 0.095725281627675171 0.010479547886086942 0.02521831141824191
 0.071250981396640725 -0.07819864492922203 -0.0096036389841632711 0.056066902373853568 -0.04553031295268363 0.021379687014515418 0.15395946729421769 0.01665777658256401 0.037131068305439385 -0.037380818316123235 0.11951526144080703 0.0087209241526997536 0.087136962626753425 -0.018625712447394027 -0.053700675808535929 -0.066587977466345732 0.098284959091325008 0.049559252967804071 -0.024350244824226056 0.018585258090372252 -0.0089921103833388687 0.014845209587699615 0.06835055987718068 -0.076378106665375298 0.026574182864077412 0.0069454685746723113 -0.076481557058121485 0.019311236089736734 -0.0011513896009941605 0.055984163169962839 -0.10293245337253547 0.021258807316426796 -0.048615400139538176 -0.070083254536241479 0.011987822663033028 -0.02002436154360485 -0.10193584354256582 0.035445078122161779 0.078783880512344473 0.078661536062386309 -0.002117021275766282 0.02249075587011903 -0.15717423671196865 0.00038527672540600712 0.0057821714310572038 0.024274668549044847
