# Created by Octave 6.2.0, Sun Sep 11 15:07:58 2022 GMT <unknown@LAPTOP-P0PV0581>
# name: Theta3
# type: matrix
# rows: 45
# columns: 46
 0.090483323348686792 0.14451614268811014 0.042784983039870453 -0.077595308257301612 0.065632619559831462 -0.11867489356798941 -0.10366904133416051 0.099782207961068375 -0.057474683364270328 -0.15418000394311976 -0.055798431589586965 -0.048960233138200408 -0.064121035772708029 0.0079553936373238775 -0.12144594781513086 -0.16002948500488715 0.028929725991231656 -0.0020592837336028203 -0.048643424963065666 -0.016510558823334402 -0.047430744565143547 -0.027094837650007534 0.15047171307938015 0.080825591224471346 0.0013416936704168094 -0.18246674435173163 -0.047515512410640649 -0.017693467938030876 -0.013202206980422657 0.10997187367576032 0.081073223850230872 0.03377109312539385 0.17410294661898504 0.11234913360390267 -0.06681298572604448 0.066526327315429956 -0.059523019832957345 -0.027675707465897408 -0.051925940267750249 0.040800096265320981 0.059302490637058225 -0.044607450819388043 -0.1035788763869374 -0.045000903369066661 0.022595023050697629 -0.050665457179112867
 0.047365307395023162 -0.13131005456652745 0.04578470620094334 -0.1154596099077331 0.076782833970369099 0.13048869605009794 0.039090194978103843 -0.063378095524512484 -0.063401568217477874 -0.086218519680189995 0.022533196686350138 -0.036253791408690707 -0.094469186208796518 -0.11100112789927347 -0.049515984948056285 0.0080423500040012249 -0.094714082934438351 -0.043749211405081735 0.077017137724353368 0.10720267698778636 -0.082658391161502962 0.08450256128310904 -0.0067170229743962135 -0.019494992605786562 0.051148709403086023 -0.091596294994518906 -0.10649809340705342 -0.045463453463541754 -0.042790987017320578 -0.0012204059358971152 0.0065416952758844925 -0.061445524969042077 0.069493618127738452 0.10817116796181829 -0.090977181602216434 0.034781059136529777 -0.0099184723862746401 -0.032917571325481988 -0.044808650717272469 -0.011672728126397058 -0.011242851602929638 -0.10637273109372794 0.11478488219161166 -0.028562859205842419 -0.11076977557064394 0.023092347259168877
 -0.02201473744557942 0.13930617056407232 0.082695670217074996 -0.041706973944492715 -0.12388405243542804 -0.030271696497745106 0.051018008055414246 -0.012683356234138257 -0.0056451195469981149 -0.037716337627518103 0.055315641588559991 -0.10636005095622782 -0.009541307464751873 -0.092805233796000156 -0.11926686594284013 -0.083600299339966572 0.11112229295979119 -0.070235045796754117 0.064564083178348483 0.11611026031846007 0.089426277352770547 0.10046001621483384 -0.011572691858933511 -0.14873433170542757 0.015813413576332969 -0.076249116805804859 -0.031463850217503829 0.040297653573428661 0.024583945069088266 -0.075858580530981268 -0.13683037697630621 -0.061150657008324831 -0.086838894069660402 -0.085553479408811556 0.034568223866581836 -0.013947696866742109 -0.10341544321966926 -0.051349340879840194 -0.018516796776078072 -0.10796928032655231 -0.13628901894820847 -0.12606730403401314 -0.023777711121530629 -0.10086816051676278 -0.11078102819940405 -0.080095077208802129
 0.027208664208692571 -0.11040072422154201 -0.036621319917885704 0.083380938240119218 -0.054762169520561566 -0.015339288640455986 0.09433145950346844 0.044479270517792775 0.016343833972348586 0.050084157274903181 0.14691754518737193 -0.08468131303075907 0.10177088441925579 0.092247179676768223 -0.09847287498221019 -0.028462289555905452 -0.12713903960439243 0.14189229275821322 0.046404741516092786 -0.069163339399744159 0.061349130113974193 -0.02296208210379589 0.045201358838497102 -0.19958882055266761 -0.065106981638921216 0.12171723862241213 -0.067141302595339653 -0.13794283146037881 0.071153233885354744 0.079384250942654028 -0.085194038014974174 -0.084001023852402448 0.022929638603878946 -0.064867725836267348 0.043946585624453492 -0.036258259077834483 -0.070972668574476191 -0.24019134448085508 0.0020212664521001181 0.044337223405265219 -0.19864629953345489 0.087148931281792269 -0.03972560487359858 0.051661274134210039 0.091934701177246489 -0.089161504497245206
 -0.04885613547883684 -0.1037675087654555 -0.13884722937124286 0.054098145669490443 -0.023132082829381555 0.090914894133436494 0.057350069762622913 -0.086198015561045963 -0.039888612903587854 0.061395526780161275 0.065598584189844017 -0.018937990102500857 0.046466931123356973 0.0026777668451176337 -0.1454185385079261 -0.080761266116976108 -0.01657136026579463 0.11324733362954435 0.060834694405347965 0.093045264638467587 -0.041977439455540028 0.071006211891854742 0.097601371437937096 -0.0048957426144679277 -0.10959873040422749 -0.047051239251108747 -0.096421603927026575 -0.030656162572473576 -0.084418685460821846 -0.003436691002985826 0.13423450634815301 -0.07637903495826516 0.033495301789467052 0.067288125404510526 -0.11302698556009595 0.066361433414570056 -0.12057390527429286 -0.1568845864006283 0.099692812427894975 0.089722289023634993 -0.039323789120956763 -0.059845872787625869 -0.083709360766870161 0.0096047381877356012 -0.0059854016161488763 0.05875099046479422
 0.027660222927179765 0.037906888717808479 -0.10807213184200459 -0.026964177862781838 -0.059389157565110928 -0.019478660718108567 0.09233530337658713 0.081349820973166218 -0.077946765916818067 -0.19796007381168648 0.11809086801803574 -0.014300448834978855 0.098230484950825508 -0.16621243311929659 -0.15386742463899133 0.001035888433328373 -0.055010562336481827 -0.012442502930867136 -0.033379597305810346 -0.1240919522218925 0.071193487700117131 0.078617021722805769 -0.050672712124266606 -0.056321138033837571 -0.1587405235615488 -0.093336682034752344 -0.14031770281948452 0.0045914743950428126 0.037626615558309713 0.026982216007577418 -0.084470554699279499 -0.020369789080363215 0.020491812106549614 -0.11389489742401356 0.064994308948368246 -0.10181502417197362 -0.22885881004641004 0.012233170803981746 0.085420737662733823 -0.064455606150066028 -0.041813507577193314 0.053348932520807857 -0.079497196174996329 -0.035269057515680796 -0.094951476461415871 -0.1174211583644711
 0.043981577263430861 -0.05171907099920562 -0.036137014631216005 0.067252415673671309 -0.038733526163405016 0.059094422357356707 0.053929488141946862 0.10768926698502584 0.11056252207034965 -0.056201653803111026 0.056672867219488859 0.016144670363473033 -0.026807116735442792 -0.022308730994148877 0.045741229104820418 -0.080347938969158705 0.071095086538834715 0.013773148060280111 0.065216825781647655 0.013787703688803285 0.069152697583021186 -0.072521162457233446 -0.12951179616225675 0.045254549103452925 -0.054415431270476322 -0.018269754962578724 -0.21485509687531049 -0.047569898550377084 -0.092683883463921271 0.043911414193279971 -0.053780110549101083 -0.039116307572747998 -0.050918166156717869 0.020684537613689404 -0.03216809303833195 0.019596378051540533 -0.14357242440430507 -0.091638088569082135 -0.078219545516801672 0.003784802599988622 -0.097500864715031318 0.0080159634100837734 0.032735118215281141 -0.01309964961580134 -0.093014948852459201 -0.045833448855550227
