# Created by Octave 6.2.0, Sun Sep 11 14:56:45 2022 GMT <unknown@LAPTOP-P0PV0581>
# name: Theta4
# type: matrix
# rows: 10
# columns: 56
 0.090699314584072321 -0.11891419974709683 0.14206840262650988 -0.041439620260874166 0.084324952761764951 0.10070329795402545 0.049855334698093827 -0.12519986806943384 0.015064730941651854 0.006166709372804966 -0.1188520478483043 0.17831804981517779 0.10194841189275138 -0.00083192341388183184 -0.00498381168240536 0.066592958428405125 0.052693872591059863 0.047267855615200569 0.11003637064047085 0.050134027630377727 0.1026522444197062 0.14792149508733668 -0.12062526615094753 -0.10823039899145846 -0.11458125108076518 0.12180142929233617 0.013288573747669025 -0.16949252632899742 0.02672426751017461 0.011351456011042524 -0.045850413238113681 0.030899875484796949 -0.14816608721850441 -0.049228159441981313 0.021637250753243353 -0.023390507088982656 -0.1237535146258798 -0.047838156118653136 0.062742682965340968 -0.12849189785329876 0.047399921123611646 0.01136738068130516 0.0020043970476673872 -0.055387956961618169 -0.039357701994544254 -0.10429822675293479 0.12181367988647218 0.169537679092403 0.10358682018020418 -0.074642314312466498 -0.012786937083859414 -0.057125645321244083 0.086107277607677682 -0.14054623578173214 0.15710027883701647 0.04237326041499892
 -0.11038798573788605 0.0044928582598923756 0.0030118307406585051 -0.041999189736523168 -0.13828991450743733 0.19507097937727896 -0.023757661895453291 -0.036764937751808821 -0.0010301269593127704 -0.0034509215423920042 -0.086879085778416174 0.016442583428809859 0.03505439087292668 -0.10956426215854671 -0.20526139596887696 -0.10065983432659036 -0.069943949459167196 0.022575047968827894 0.056335483898029247 0.18736688483939004 0.0029580539243356054 -0.088871383743447843 -0.10741490437741864 0.016796336019536732 -0.015172105895687087 -0.026620669922281574 -0.1077340685513514 -0.073976098162499102 -0.025416454674859191 0.058695980943215161 -0.016599680464798115 -0.11890406131285945 0.019808606153816126 -0.089081440931829181 0.044323770882676777 0.22013998740148724 -0.090836297757088 0.11620760090869019 -0.0044709158880184181 0.027786717383946041 0.19524726861269207 0.12838098648778348 -0.0015862197478971186 -0.022489055060995546 0.028353167178681131 -0.028277294573347277 -0.036870939195588072 0.025410739322283299 0.092904538254288682 -0.050729345285349094 0.070672719571367434 -0.031170358132401071 0.027624472155265766 -0.14262634208416902 -0.01830378488001224 0.10578202735590798
 -0.091627346508836735 -0.14639247216735982 -0.10952760722865286 -0.044113118177078629 -0.11449873389864877 -0.037329671753752784 0.057101714314131281 0.026696431953788576 -0.062890432625943099 0.070840603140838385 -0.085643660353798723 -0.16186009644558069 -0.099975033652121598 -0.1077819304260782 -0.019041513553903475 -0.042544830532044144 0.1456817857634943 -0.079547774433029822 0.12527940678934851 0.032000097284726657 -0.12930376252990797 0.0012238430996627156 -0.070514359265890045 -0.012500793197824876 -0.066127791255072274 0.025843830596021067 -0.081630122952282461 -0.025951710582068521 -0.037766882615510963 -0.077154227093950992 -0.13832194836745007 0.1502574104777642 0.12067949518734701 0.14138294141248403 -0.10578953150274001 0.034833402972252847 -0.089455364306710361 -0.10044057956704033 0.082214448493871065 -0.13066950298886942 0.067644797320359912 0.10800333096252498 -0.10112468519481256 -0.10496700074458812 -0.078612006110126378 0.027033617348742604 0.020777134981762511 0.057087764398711563 0.16271478468306438 -0.082000528500227363 0.052729942861343491 0.036389382897649411 0.12217745703113769 0.032636032607472873 -0.066144047624625946 0.084332099416404502
 -0.081924191923902018 0.089955869341259043 0.28315367605471509 0.099277492016735761 -0.0089958434069758505 -0.0274101504606678 0.10930893764706028 -0.068557178405799057 0.034947458893489047 0.080493170279428747 -0.068890492126695263 0.058424702358885243 0.058510611746766111 -0.021755169724324609 0.001877912549839656 -0.046832070090565774 -0.026035784609426769 0.0073134328714381342 -0.017901044082769275 -0.043915779116199025 -0.14130156826987983 0.11879673695942301 0.079909373376051474 -0.080370604107683485 0.071952074415099682 -0.069098040453184711 0.029242123190842143 -0.1598829329797109 -0.063789767649838999 -0.06142814416041021 -0.0293712228627615 -0.026009982503673239 -0.14459324334641444 0.06095817928277926 0.19681595860825846 0.12093099299017881 0.0489848764518621 0.031824062176060937 0.079728074571410262 -0.052627413166420868 0.081250337163751962 -0.11382001262066402 -0.06401706053611031 -0.18004718637810196 -0.062824873343752238 0.0015928378569324355 -0.017061538213784571 0.047063226959325459 -0.11696764280705062 -0.11291379220501375 0.072267992115385232 -0.0025772503407113703 -0.033303162820294357 0.074822440921160221 -0.12166841617217401 0.01586996872685827
 0.070567742942301365 -0.00048711474513001072 -0.13719197196793162 -0.13167937985195532 0.091121980173043945 0.073650649159991796 -0.018266134274377396 0.086739917811688119 0.00055860861982769908 -0.074462222829855873 0.013825270891516007 0.044309851314099633 0.022791959920100479 -0.05937137687064719 0.16355341946520796 0.0041410024840679641 -0.019444473706314802 0.069449328981707067 -0.10640942092913593 -0.020868510779390774 -0.033935602489715042 -0.18281593851727032 -0.034405186989083868 -0.06818309215144823 -0.24347414426436556 0.037250498618130033 -0.0071853057394618792 0.18867422928503791 -0.084666531489464722 -0.0416788052699823 -0.040281950000686455 -0.1548852174389323 -0.077384459387818294 0.16277937723567357 -0.059890862965228643 0.012313275958233425 -0.034220657040999497 0.012196421450400771 0.059322014877261353 0.041109530831317964 0.082010396331247806 0.20799994084739157 0.095261003030502917 0.08468389741698705 -0.074658305660811622 -0.10725382136490616 -0.020505285548791358 0.19473952757056384 0.010167925793456453 0.074642732736201103 -0.18000966331773052 -0.061977083919337678 0.091548675442240671 0.087433847494486433 0.026776695919200993 -0.033399753680270761
 -0.098958188194272184 -0.020517906560784525 -0.082021283966781822 0.17143776009598607 -0.074084082651745764 -0.023339390326318422 0.088709807585975492 0.13178534236484607 0.044425004017071987 0.12981884344121122 -0.11045004620238075 0.047714403877457998 -0.0296178740834191 -0.065677614095318679 0.10485070864062357 -0.11177783522161339 -0.020573857896755015 -0.13851190128146984 -0.088639897891699862 -0.1586073000006516 0.037940481739628593 -0.018190519506134057 0.021797205141489421 0.14180053966108114 0.13870478324180033 -0.12586873915215133 0.057510204878096584 0.050134240275951147 0.044376260187777815 -0.085718985537285589 0.10045692775595241 0.061983752999251247 -0.060037503361426749 0.024089868220493717 -0.14123496726646134 0.098576085362964014 0.051516433851034389 0.0021334373570020089 -0.049584377642785331 0.019422413939719576 -0.16657352820845828 0.056047713682080287 -0.092159755874569163 0.081763096494947105 -0.058808056324850977 0.038326136704162073 -0.087775794917504771 -0.090210620834403704 -0.015545966722881666 -0.057698388087241641 -0.059314887443156349 -0.089253806597814025 -0.055730960378675254 0.091014156797237455 0.10714459273830776 -0.015105823927983278
