# Created by Octave 6.2.0, Sun Sep 11 00:46:46 2022 GMT <unknown@LAPTOP-P0PV0581>
# name: Theta2
# type: matrix
# rows: 25
# columns: 26
 -0.027523449765011095 -0.049347623540977374 -0.089755177043636336 -0.085966333602070386 -0.070784676423129939 0.029183122558537385 -0.028994292317739111 -0.1193328495575926 -0.062178539777019155 -0.13210311212962428 0.043499816217419163 0.019381662642662431 0.097297783839313617 0.020056285545974134 -0.090387330934998428 -0.046928415115266908 -0.070634666874472965 -0.07317360692618767 -0.021924122865010179 -0.080100011264928189 0.078515596938789109 -0.019970407330778213 -0.010175277866324715 0.18345901236950327 0.027771089100922925 0.13290380405454141
 -0.010113859963969858 0.13895915702220074 0.04612464902227912 0.11336245915304202 -0.13457540585147587 0.020121483975421909 -0.075423908097655562 -0.076918898971065325 -0.00051945003063774285 -0.018508969956349573 -0.10766040924937517 -0.051513182869065435 -0.0084239606030033689 0.0051140245342241398 -0.012804509501130048 0.048907143655599457 0.098812882580986333 0.1147682550716955 -0.02584916666863097 -0.0013681129307079765 0.048885904757495671 -0.12992356888582793 0.035437056259008878 -0.063529035354788127 0.037985362213835638 0.11627618215559261
 -0.0063776295286796514 0.064352116426872052 0.028137018639451065 -0.0029668033932497939 -0.11357271701340529 -0.11562520461039576 0.04758304163971222 0.095303274005602748 -0.067024318399499377 -0.00044224397496480733 0.010296833428986605 0.033373438250342509 -0.070598031107435746 -0.02731400147389873 -0.037517756012201205 -0.0049054051438973496 0.046760207906935018 0.13858083581766534 -0.069455697192752699 0.11479490450408142 -0.013197011971370772 0.045115968855910064 -0.096407949542663435 0.11810198478155955 -0.06594082572716263 0.11724301801141317
 -0.071645698461066346 -0.091925572076659634 -0.11304393909544595 0.016630175328064788 0.050158203066615441 0.011575337614570472 0.040275375006939361 0.12966365328951332 0.098056428511227825 0.14072597190530911 0.0006985938166397908 0.0055637720362655347 -0.09789551919842239 0.16940014217512273 -0.085551783527479788 -0.047184862297643383 0.0062584847106501662 0.012105408943234558 -0.060342853901291495 0.017381341549227367 0.061232903690955978 0.058082946264488379 -0.15417932528092121 -0.0092994304393751552 -0.044100092242596096 0.039679369520563175
 -0.085392588654565366 -0.046948479795748475 0.11559506385879724 -0.061200329253154356 0.055918847700613818 -0.067122952209038592 -0.027546081165458498 -0.10216782091585998 0.036136486342864982 -0.036625388049885077 -0.077641125064229863 -0.10614532650021744 0.0048946390731067733 0.018512127003886821 0.048280704627618826 0.13470633265011145 0.11344574333548879 -0.096369634772489221 0.11201081652998746 0.030758254594684242 -0.14153331690026838 0.019353506810424952 0.0056414246842745475 0.10175516410088255 0.072607001387729173 0.0072430607611949516
 0.11183903819720493 -0.021136371126072355 0.029033851410529096 0.01714237479855946 0.1145017317193561 0.14134069968457802 0.15478393720161543 0.058246828324834264 0.14777518960739991 -0.091394763577257079 -0.14014715085604598 0.11072542366285414 0.0068498821751431307 -0.025976523821928971 -0.075797016473694412 -0.069392182450256218 0.073532203520025957 0.098018377840188173 0.19644894766922077 -0.021437805821771544 0.083375609268993331 -0.10294449001970622 0.015071136190080561 -0.012247307400800808 0.02574072236616242 -0.062648325283505862
 0.063287522676098662 0.039207071900065921 -0.033008901759374855 -0.13703811384948922 -0.081203770902267033 0.040529719461217015 0.082214104938948596 0.020559953506516643 0.019069510763124495 0.064959952806118784 0.055751175021464927 0.22348519757464383 0.21560515932481614 -0.053263876975025992 -0.049766931945484913 -0.06994645824385308 0.0090911270177525122 0.10995623682397847 0.0066493061298880437 0.14764820421618982 -0.012645556184945263 0.086067606335987923 -0.07820935480712729 0.058390298803129556 0.020619342581088912 0.029858980438170268
 -0.087031662091005324 0.035302228560898395 -0.067039682008376594 -0.06160938030892877 0.0070513444831275685 0.050834833376348552 -0.0075307076779564594 0.0085690957019426573 0.13152129239078572 -0.1228877229729366 -0.016877877424713347 0.057490140243062877 0.035032589904880763 0.18786940894859552 -0.12021859268271261 0.039508100650539078 -0.070365963366706807 0.16206423895666197 -0.12824280653832307 -0.012356375762946672 -0.048098417865485875 0.057442106971096203 -0.089884551495550108 0.010920508262089408 0.096146281971677613 0.020033950380230425
 0.10549821833788084 0.038100878368410661 -0.041388967614145733 -0.017783253687389051 -0.10737664828502219 -0.050196880410917619 0.0085503251432122677 0.059816467242514715 -0.11574295256008788 0.036335520192110386 -0.087852036004790121 -0.10653366031288149 -0.0045745202645403995 -0.0088133708956637438 -0.084661171218335107 0.076240960043627445 -0.11469115070398445 -0.0079515098839068755 -0.060177738792150409 0.043238604607291654 -0.10946122029286798 0.104804201380174 0.0369149531243659 -0.10550312072831664 -0.0042184685488398125 -0.017331943199795231
 -0.1156250465456945 0.086761523301486274 -0.015545525720454699 0.012574816862590746 -0.10335383161198752 -0.073551382272050922 -0.019865841754730645 -0.08446052056646848 -0.09108013289403584 -0.020053709027445476 -0.018364646837690179 -0.083702848519263226 0.093113340016991064 -0.068406202789978984 -0.091453525415854262 0.11636835392360942 -0.089624937692690726 -0.040696951037186985 -0.094873713703922113 0.063596952894815831 -0.12372995887210615 0.088651055069500703 0.041226697981577916 -0.048966151824551184 -0.12013320747365304 0.070320679054826779
 -0.020725782449726737 0.11814407684600237 -0.10802016946335768 -0.061710096254922957 0.074875137278732171 -0.10146201546366397 0.066758869728776704 -0.080668864927686462 -0.0085565750489808509 0.02390138368668282 0.10290229812940699 -0.097555727099816317 0.0607110195256685 -0.063258930467601754 -0.0013564350354837325 -0.024544405452660251 -0.050518270481279853 -0.13491083340870455 0.11385694859422785 -0.058231504027857414 -0.078616246644676868 -0.041795779424661644 -0.083953209954990185 0.079145620549392379 0.013197360797059536 0.057272680962608735
 -0.010201512137387476 -0.044900439104635578 -0.044925666450827351 0.023795618675959081 -0.033183345908293686 -0.049923080665457989 0.0080799125940147886 -0.077170935384674511 -0.064536635438601622 0.014201812312563048 -0.1424465181867475 0.035283386211410063 -0.052090120448591758 0.096605531229748298 0.021051738736763588 0.12174494299356617 -0.027360967100842883 0.17991152936797719 -0.055039339682611654 -0.039308410497983205 0.16467990062713533 -0.013410799646505723 0.0016179711898307841 0.12561277436974944 -0.07812500279459246 0.015946954955442627
 -0.064350180574016216 0.045959649166789247 0.021055184728165702 0.086861880398329053 0.086709874806310219 0.067956375695908899 0.079284222688339318 0.062878308224539922 -0.044215847138055139 0.091077745714033181 0.03198997041670542 -0.10296983323938569 -0.07269093436836134 0.00959290162936168 0.016741801725840715 -0.13605651188905865 -0.10088502096920422 0.023260958516067083 -0.042560017030092691 -0.14718537217458477 0.1771812421607406 0.082794139367028716 -0.018813314769569142 0.0569405695793768 -0.090246995296099392 -0.088681505271605454
 0.11072952864051601 0.020578511442674884 -0.051076996768030181 0.066632213707193508 -0.017469314629281203 0.033193111221201443 -0.061024113197109868 0.11420551320195239 0.030983960297059309 -0.010855964524632632 0.18063783439246642 -0.048247866626975382 0.025556573071427811 -0.011517069629873851 -0.089997043055773523 0.044063827768079607 -0.12496128848016615 0.060089664373135246 -0.053914429624760812 0.1267126268971214 -0.077284541378291507 0.066208183395694717 -0.031994021424103479 -0.071302248770828178 -0.10880108516776653 -0.018639391713158024
