# Created by Octave 6.2.0, Sun Sep 11 14:56:45 2022 GMT <unknown@LAPTOP-P0PV0581>
# name: Theta3
# type: matrix
# rows: 55
# columns: 56
 -0.0046286080968964702 -0.081294062470857215 0.047249769781161133 0.0030254641159710004 -0.10326255733797642 0.020076965181732673 -0.072838328169093663 0.090039345889474459 -0.027613383089324338 0.028879620604598272 -0.063461637216664729 -0.059975575575432954 0.06344430100121437 -0.060517695417874905 0.055941729584532793 0.042978943296032912 0.17232450952992429 0.05966860339297559 -0.072626090257832218 -0.0075706084891763231 -0.0018826892461116119 -0.078050432085062238 0.01208723589354606 0.0027755866528838338 -0.1212171275194307 -0.069785406712553663 0.038402023786832662 0.075735197957888495 -0.091819886305630261 -0.066941900551467426 -0.064135450554955661 0.00074289340236092139 0.071955770645963826 0.081944842207697946 -0.1186374702877673 -0.068656225431616646 -0.091667869501562999 0.11836971790943879 -0.045193606049287571 -0.018049193691070678 -0.061815634415885806 -0.015341266705833126 -0.15242589799993261 0.09575690869022245 0.0054288841261263742 -0.086615845615531414 0.01175208369278145 0.083247162627847718 0.069179623889506117 -0.023900366242439793 0.047296867952738894 0.126237738179416 0.083316518067216794 0.14495376470793553 -0.05529642383912399 0.096441670515947028
 0.048490536708376754 0.038265726030130065 0.072493675202264518 0.070731382005244814 -0.012612134607429975 -0.17051993946945501 0.059469363158324511 0.14633740313388965 0.092408034263778485 0.075424276665370271 -0.04294986518711752 -0.057958757961994768 -0.056737369195613972 -0.05660417102521284 -0.10625929891637352 -0.16194183671709597 0.05383865238289625 -0.029397313886389796 0.01131185291466193 0.0072042929523870739 -0.050871525497496753 0.1058030434101086 -0.084959727336268775 0.10431369027330373 0.066152166062062243 -0.076053869551067563 0.074177328510982674 -0.13367479276581803 0.028030053618166895 -0.16769403386453896 -0.061118548793286466 0.066790146289773408 0.038948680755634901 -0.11787139099141387 -0.083659766860063267 -0.0036240821735136187 0.11312374981269324 0.052454376849196599 0.041993895088012725 -0.0066925332078474663 0.061239233755288398 -0.055695705805669786 0.076085253559794522 -0.020257104378826676 0.12982517332398383 -0.11553824363789329 -0.024509463030521941 -0.040442697304853704 -0.014706172456472459 -0.13224973704170945 0.089490167255095912 -0.051695994280426767 0.092501919049017264 -0.039925213605073478 -0.100265522843653 0.14511926904571343
 -0.059106503440876777 -0.038528066965200405 0.043454062260596615 -0.014780285258996884 -0.058638886557344436 -0.04808492170992773 -0.018508810895645263 0.018720698132860016 -0.058775721241427825 0.02383894710422883 -0.12715926878320388 0.086458920840022838 -0.10573198499736637 -0.056004766974358071 -0.10962336884128429 0.045279834684074732 0.14432417018708327 -0.12633509026056958 -0.049589555569796551 -0.11102253581273358 0.13174559514965581 -0.067216188233886878 0.081475882890528664 -0.096550957120055542 0.023590038422706017 -0.052522416496519973 0.007252884795095187 -0.028420679636362505 0.021386385582455893 -0.024169468098721912 -0.10513510659327321 0.06775631070776629 -0.036201899427457801 -0.016036301397231997 -0.12975321901317741 0.014437410327474269 0.056280586530016892 -0.04171844216554968 -0.01144032458460275 0.0037625809604153178 -0.15874477283340169 0.092854349560443 -0.02263974872197214 -0.11139265669092001 -0.032369537086792861 0.064165365567580623 -0.01745706661961564 0.059281971873712487 0.057648878572276893 -0.086934980394833508 0.035246428925746989 -0.1088154606185073 0.11451794960140596 0.030195616308257636 -0.02705303307559892 0.043061294599001036
 0.076746999742294486 -0.083201924800752045 0.082395103629411853 -0.1413762533159558 -0.024898207555758025 -0.071088598081750887 0.12928681768214714 -0.071004232666971839 -0.046547252105151593 -0.065745214722250811 -0.082850082950992401 0.078972987995172703 0.056715177040735587 -0.021946710099576106 -0.082547019254139611 0.11562108556052324 0.093258928299693358 0.029499072724759753 -0.11180233437916985 0.11176036223600962 -0.012412360279682337 0.020027511635488021 0.042309790991979374 0.10123059273218335 -0.069255526699092143 0.11064515628813409 0.080954339208881149 0.11286894646530669 -0.049463525943196175 0.022859528570370258 0.081718940837845672 -0.091572858875669502 0.13003926317841186 -0.050248783176863078 0.018205664761787307 -0.00081809464289477431 -0.0013113763616425854 0.01013965685098378 -0.06579065686114309 -0.063875165363692532 0.095482029032907159 -0.084259439774712355 -0.082631459805362004 0.023869445240106354 -0.077765454993812252 -0.0010712904686930834 0.062880144245092418 -0.02707423996140506 -0.10951097398255229 -0.022538603550348847 -0.051141090763416171 -0.039015305131308881 -0.05497036436503281 -0.091413340041740856 0.050846772750397798 -0.061053327363349209
 0.071383461439892396 -0.10592701077970472 0.092934977778793532 0.032681299245341459 0.092266628419106864 -0.07919119319341153 -0.055200520118828339 -0.029651091971691444 0.087018804701773173 0.011884357811634572 -0.13237923218932057 0.028903713564383537 0.07935500459369417 -0.078278138342947431 -0.040356851918167992 0.051854032336157999 0.11809751289372868 -0.053581920322310413 0.030958673059622875 0.024875192973089013 0.027906417850145585 -0.0042304857855397131 0.001178742108892669 -0.10451691537091105 -0.030158181259470326 0.092448610427786779 0.0029798978624003361 -0.017707049899118199 0.11603528452289591 -0.11005473997752883 0.10902532737698013 0.022650260516884221 -0.083638770119764894 0.054858599841092801 -0.024361429009022332 0.0045017129169860354 0.076154139610671481 0.08272086639968268 0.1393805874859825 0.064747749503921953 0.078623893437535119 -0.030985393797913822 0.085685823100076025 0.055733444039963477 -0.024272896742364838 -0.13076193788722407 0.027388403501715664 0.056014674664137787 -0.025078147689100948 0.060012101996601723 0.12764417745840431 -0.12691919382027314 0.022537900428375533 -0.039441502041662711 0.16290351755897664 -0.066942380154837583
 -0.075432338324738904 0.060785629938940336 0.023103007694682029 0.063516601101885672 0.072717117842284948 -0.023871077938784374 0.054355789263373942 -0.079596442829054037 -0.053600914845131922 0.074463635671332074 -0.033709349744606015 -0.011325034795434497 0.045517167779657808 0.027269794058028721 0.0076983898984620156 -0.12262138691690307 -0.015581317887920802 -0.10442965503143117 0.047122473907737092 -0.042935993730793112 0.020044951788255824 -0.06611333148743441 -0.0083763695055397592 0.03076825304148607 -0.027197956504376612 -0.060045265636307382 -0.075318648111487765 -0.045555567114531639 -0.058573144977837333 0.021395703794430006 -0.06648673596613186 0.028383309213836361 0.10292856839820824 -0.10656388516223356 -0.0044188468419068955 -0.0047283332470213126 -0.083486646873433171 -0.034214247101269253 0.11499383716662752 -0.0039147812552915153 0.053494873847744456 -0.072724608524765477 -0.11591921097485812 -0.1101220309833487 0.025046599363629841 -0.062213002590099091 -0.046663640037317759 -0.11320544265401153 0.017517784771435011 0.091185349447727312 0.039599961283561309 0.060608835617589792 0.0020884667216395456 -0.02372506356214921 -0.099621477222346641 -0.10346344650219183
