# Created by Octave 6.2.0, Sun Sep 11 01:05:19 2022 GMT <unknown@LAPTOP-P0PV0581>
# name: Theta4
# type: matrix
# rows: 10
# columns: 16
 -0.039762315800633857 0.091207551545844867 0.17703398517978369 0.06223067679124375 -0.12460281618872938 -0.080537718657364296 -0.15469722631406688 0.081573151079584752 0.0090197460827925111 -0.015900401454743827 0.019469443274234405 0.0067348960575381086 0.11824294707597287 0.023184914991420658 -0.040748331312611928 -0.15866534948914476
 -0.10602678442210063 0.045646500825250312 -0.19783667154217521 -0.087570957789692344 -0.042799712450410296 -0.080514105295412933 0.0011415244742775882 7.2814889267512368e-05 -0.060223394477079521 -0.14254086145054778 0.079488707211678389 0.25871932654231827 0.038144176557974835 0.10024379418612121 0.094223483111552223 0.053744595670858097
 0.052335310435935131 0.06778239006149353 -0.075373070643366763 0.10179285659945389 0.14324409410316463 0.089731116832857102 0.12512543098053369 -0.032823514668209111 0.11584755267578496 -0.0058682584066916026 0.024025080004502174 -0.0071101295757371929 -0.062443929670664387 -0.00037021408331472708 0.013559788253338336 -0.036778801662129157
 0.057500003914471701 0.062395483730619025 0.1269536009554276 -0.027686792562372643 -0.018401566794278654 0.085832699099522153 0.054548188845323635 -0.15825047030716816 -0.088739457669029756 0.085554925941762769 -0.16009254910205264 -0.032541628490335414 -0.16053398792594697 0.019372287645178291 0.051994397767799273 0.16426445684686772
 0.21622314497216344 -0.15691138552255096 0.054572145877371185 0.020840417974811312 0.12164582940924801 0.13958258333425783 -0.067087275584951603 -0.02822371256471818 -0.015180287691426333 -0.11821168264674251 0.13746436637357232 -0.0058099613033134974 0.10215043820213249 -0.085971366134759378 0.073699411943004819 0.078359988625332971
 0.0079123100904812931 -0.15965649803385351 -0.078452469542976744 -0.16734449956215969 0.091278085785559931 -0.23986848803720512 -0.066819801441165033 -0.16822766963259567 -0.038248890616382779 0.1259831406099545 0.0007699237126602425 -0.01124566422188023 0.14246620666957491 -0.046989281213066426 0.11410344189304929 0.17923332415198751
 -0.015715607140028738 0.12721890541293704 -0.098504247600603528 -0.044230357007198524 0.033280868245782178 -0.044701660245939107 0.083525847601357395 0.27531617871455322 -0.09419019894877384 0.018934702037166313 -0.026682750162656782 0.073810632273326238 -0.22812631896898247 0.067782365894416455 -0.13622692559854915 0.064300906531948532
 -0.034587899246047646 -0.10328378023432697 0.099112677972699806 -0.021199759822420054 -0.073899429455574983 -0.00066967005200225345 0.10847031694376331 -0.0092839083140576449 -0.042106596424818621 0.16410749594416033 0.12473313929623812 -0.059101519979937359 -0.044476158883993928 -0.17983673772714445 -0.044675047495720009 0.061169022334818662
 0.075243237262046903 -0.16042808728114921 0.074298019153379635 0.090435205349285119 0.0095461030794133685 0.11885275403890956 0.18087107502226937 -0.030486986743176028 0.1234449233447691 0.058679735280426297 -0.1078389694913225 0.071126202601832195 -0.089268556947358385 0.17579383065205664 0.045680633344098664 -0.11243822341658034
 0.083920163111802115 0.011955656030349539 -0.046360437126284147 -0.17225714999400057 0.041729953342181055 -0.12666845851251285 0.083680726943381523 0.032514523264473828 -0.062087894170234588 0.11866674244359751 -0.18985517812830063 0.0055233756889785093 -0.085747172749770811 0.023344391965829291 0.20765498325971191 0.021937296533899239


