# Created by Octave 6.2.0, Sun Sep 11 14:56:07 2022 GMT <unknown@LAPTOP-P0PV0581>
# name: Theta2
# type: matrix
# rows: 45
# columns: 46
 -0.069003723794591257 -0.092902903814160762 0.11667188929265479 0.081280556995880091 0.085757149470642849 0.048490370723633637 -0.10215368859101533 -0.057454865767254872 -0.068747428945036354 0.018727957516349907 -0.10494806539131893 -0.041192597225742221 0.080102061719361101 -0.0021861241045908909 -0.10405404331900431 -0.018962776156558003 -0.02690961039342487 -0.017382097185132301 0.083051044464206997 -0.037905256287907599 -0.085416860802228337 -0.073149589095346329 -0.019897813574981174 0.0039534827829677942 0.046579890930295249 -0.090216270526324041 -0.1047342508100944 -0.10558231231055679 -0.11412995704091894 -0.082799245688957038 0.030057092670054093 -0.10840067736341712 -0.14124414435921018 -0.10796786880868249 -0.051865010638219453 0.046095239569911219 -0.0088288325752511679 0.040637065067849441 -0.011183852148370596 -0.046945366050454296 -0.095757027533952654 -0.02754992538332424 -0.013592354367453766 -0.095475590335891369 0.038463752761173892 -0.084671802001251115
 0.11620778402484368 -0.020447246201675422 -0.070304294491501801 -0.054836998837629429 -0.057222921348586919 -0.056360945608023794 -0.082510363950696178 0.064738556074902559 0.039852776768644432 0.15345062460441439 -0.019318624186876871 -0.10406437487763188 -0.022158565365761333 -0.11202666827278751 -0.059552122007752936 0.11470996549114608 -0.10452584126104682 0.12852985256685401 -0.034507910676035279 -0.059891188118785223 0.017214426458777049 -0.047832907348067333 -0.058171133168403395 -0.19880315830084355 0.013350975112878898 0.088112284131373342 -0.12890315836148006 0.042720694398988047 -0.11396746078196604 0.021538373865156786 -0.096341059300280876 0.13794303907239872 0.10342918282945693 -0.10615001518572997 -0.029538758721635524 0.014593686732810873 -0.031551185730554841 0.0011370904002015311 -0.12082627249071197 -0.11586173608405972 -0.054618031390062764 -0.075683436355479319 -0.033749269701460513 -0.099220353786454552 -0.10523631753168348 0.065795303251125578
 -0.087599368128035759 0.063628408994753832 -0.23794838807783011 -0.17099265093746777 -0.10758226390975759 -0.045350069590007563 -0.063615626544949747 0.0087379426743156192 0.08792129651675798 -0.032442465240290812 -0.088119682973878941 -0.041231665520633079 -0.00051672961583649059 -0.036921946155651933 -0.026522210006673798 -0.0045340553422427076 -0.0024151570465914059 0.02250334067673249 -0.12353006997169068 -0.10678790183311763 -0.13858218176113557 -0.022912236680292509 -0.024049867101879764 -0.084930855867351926 -0.22737255260262909 0.094091869482138754 -0.033396007868824816 -0.024723996034739723 0.0015797974827078496 -0.10252863785408993 -0.0017814340227510694 -0.051042583271709636 -0.22176502237611823 -0.062444232803672929 -0.39884183630150599 -0.12643407808759322 0.048753692753418787 -0.0038574476220255174 -0.012808266377461663 0.085233702141906093 -0.39430161655103957 -0.096437979982582259 0.011978469253611649 0.11027379586639763 -0.015881389533764303 -0.092134783528388858
 0.0063990705090683766 -0.045071510812957141 -0.038591997307590872 -0.08803642530230528 -0.008489673079383607 -0.032420652168033623 0.0020199307367746908 -0.0097595305930088024 -0.050441020733341106 -0.066758423209752324 -0.018017967590355191 -0.0689639472173183 -0.098619026792377579 -0.082298910120238614 -0.027149243583130377 0.087262846511562894 -0.062623072677631314 -0.04115375186386825 -0.068989336996749362 -0.056094560117880547 -0.016646875993393401 0.032850185621877984 -0.074025850300748097 0.040615327139194031 -0.10304514311995032 0.016874729462403468 -0.0059173814822128037 -0.069604184011640327 -0.079030980252993849 0.069188700989142871 0.085279277441219117 -0.13423492179521382 -0.049216848306186917 0.10932007723852671 -0.12499355896146996 -0.096057815619759207 0.076598702942444447 0.032017707286130112 -0.022915994257656856 -0.079785474863361197 -0.23780316596142329 -0.016034207914971101 0.0049420022875464849 0.0033623787445908205 0.010500657330869105 -0.070970855609268135
 -0.0062019738465268854 -0.12010983019921515 -0.083222242155819373 -0.06188020369039314 0.058670287715968335 0.01026479529408896 -0.092595542904759229 -0.10399069422458386 0.10071895559367369 -0.057743027589746261 0.13510084068674846 0.151117494574457 0.084530653190200755 -0.027287611886107069 -0.054252793280128712 -0.15327832469611796 0.084983007701513319 -0.11098122626213214 -0.0083362186496425631 -0.021149876821113935 0.059487809759697342 0.11642921765787531 0.040882531990824436 0.095900077386415733 -0.079020937424883031 -0.1079418508617925 -0.0084221836124762604 -0.19227434465840521 0.075488135841615317 -0.0376140571736963 0.00012463814674306098 -0.023162939260392628 0.028530050389408149 0.046793736276143187 -0.16599287337207169 0.18040028915165035 -0.02701799575540333 -0.096008367202651823 -0.064416816116379116 0.0096466630661857771 0.14644192732655781 -0.0042390372114010652 -0.15611035490134567 -0.086318713293684457 0.082662985115708867 -0.13622164536632686
 0.031113548733307943 -0.12250109666981394 -0.03209870918634003 -0.012409968716508242 0.012298793477323109 0.089577962097435251 0.14081461684132096 -0.15918309748129247 -0.12515519369421862 -0.095245926686825855 0.055967111817626099 -0.10488951295667838 0.034066345031114588 0.050698570662085059 -0.074903559983803034 -0.022055252855885468 0.0030652057422359655 -0.11045030798573491 -0.12676144635958625 0.05685063186809651 0.0079399476215407678 -0.10796807479274756 0.070254140607254462 -0.054611349243173804 -0.058089357835173973 0.093675545980571123 -0.13026076960151681 -0.063046313754300143 0.028126648253720438 -0.04661264255931153 0.067821649547217075 -0.013715825408042392 -0.14294792027779188 -0.016184937618261234 -0.040418314909792995 0.0099884608212614211 0.070292898028173192 -0.0017687350653634185 -0.049536223318055982 0.05613001798978106 -0.021528274272286537 -0.040005065604825286 -0.12800908828990812 -0.072683118982363792 -0.10324861487811865 -0.10806792883629188
 0.051960188151702655 -0.070248862789391561 -0.094228718460890079 -0.0078528921655812902 -0.046746389685361503 -0.13639209958687049 0.034125848142657712 0.00149956043609586 0.096658235660712466 -0.042285580854766573 0.067126779865335315 -0.14856033816931746 0.038248928072249125 -0.067353778746339951 -0.010306655852251293 -0.059483923713201527 -0.013314327836743243 -0.11955904306125169 -0.005082880653397558 -0.095308261106744827 0.0044154630920667922 -0.031816406706747735 0.061277711099047984 0.062961303145105493 0.022454883836599313 -0.06431034537488213 -0.0074057756008424295 -0.019313370679709466 -0.066444144935355567 -0.015771772538257595 -0.084474357271264566 0.036038269503289221 -0.015207863724210739 -0.022586862679736454 0.004503803115398902 -0.029864919526168765 0.02037374187772785 -0.019484314227160463 0.076944080659500272 0.077583694463974201 -0.16783461534180227 0.071960508575574136 -0.073741776997356859 -0.014720316198219736 -0.085326153870584912 -0.046070967487157402
