# Created by Octave 6.2.0, Sun Sep 11 02:05:06 2022 GMT <unknown@LAPTOP-P0PV0581>
# name: Theta3
# type: matrix
# rows: 25
# columns: 26
 0.11154433958545165 0.088499499661938125 -0.021669845998792923 0.073466940359910221 -0.10333699787882793 -0.04927589798481613 -0.066871147924785143 -0.10551716236079296 0.038937152511324638 -0.025273846777234526 0.027247022922177719 0.030280537906664247 0.12667562169648722 -0.089700999271400267 0.029574583381578732 0.055243126971158976 0.036402211750756495 0.064837909968873231 -0.078645345131551747 0.049874114585593619 -0.090458982058497034 -0.069139325571493965 0.0011381578865277777 -0.022753663213246855 -0.011420062625795938 -0.058391723806977679
 -0.020979588447650754 0.062744628410266609 -0.0041248606534754423 0.11079635466276781 -0.13371300320823187 0.062744852343095084 0.021000293159547653 0.063303845602622449 0.15682558198512897 -0.048835793804786927 -0.045652853386532528 0.029750084671242048 0.16425309100103525 -0.0053621854211076854 0.006267084963011719 -0.083996811363744636 0.12125692873041123 -0.044812041941111144 -0.049984029697549934 0.094181291989855656 0.17957715428573415 -0.091391916435317189 0.079160991330496061 0.084140410160978937 0.0011456601263985038 -0.08516020451652638
 -0.062177685495696126 0.069275821050881564 0.033590844446026127 0.05914833481173605 0.1193995761960584 -0.084866326749219276 -0.054590426327551608 -0.064050005006636518 -0.069364644820183077 0.027832057358605566 0.058167887392114336 0.14402271062378721 0.062956455304053721 0.045546238554321154 -0.14472745983631186 0.16317559437885659 -0.1026155538768717 0.19030764521010526 0.13102418334215474 -0.061254374128150886 0.10233686228941839 0.095441958823335074 -0.0082486756271219572 -0.0683275780663824 -0.096820871992801885 0.044748204078032615
 0.0295945201912379 0.027429084405796795 -0.024416319771859214 -0.079913074343633234 -0.010253579921487387 -0.12801646759213794 -0.11609144864112493 0.18512606304178955 -0.12287341444503293 0.11351537060019487 0.034594718004475132 -0.073816533990052155 -0.010672676506570639 -0.13549170024718626 -0.035582648342694027 -0.081337788463274413 0.027145002370958855 0.04410636749834522 -0.11859864175965772 -0.078122739980669959 -0.15600152286110136 0.096277107774681209 0.028198145240358692 0.17839172126077715 -0.14273886531097707 -0.081486468357953951
 0.030129417598679511 -0.007549021386580243 -0.30913444960665093 -0.27518943265313034 -0.20393042814607973 -0.25055692110777827 -0.1204506191040233 -0.081572126784869803 -0.17419653579893835 -0.12555088860915575 0.0046890362887124304 -0.057823498750584255 -0.12943640057912476 0.01419809745839285 0.027247487142885874 -0.1010030372263326 -0.16690813076944083 0.053554198253005919 -0.041917337716756035 -0.044256541357422144 -0.058084586733910509 -0.0090640974018764576 0.026246599573612833 0.1333660456692399 0.073571049097300917 -0.25656474505748461
 -0.010280961524721549 -0.19381510611913363 -0.039825531698404533 -0.044895759826736596 -0.015154732290966505 0.024569996800940477 0.09249468936184807 0.083813078245796882 0.13574557075295138 0.050641239729164261 -0.12779684113107678 -0.051296302059285009 -0.071054486666451144 0.054613175438166295 0.0084629391452625269 0.051601605395191756 -0.063738548219875013 -0.068690107555268914 -0.051005411830349977 -0.10880529248861406 0.051884921553806654 0.075678849382070923 0.13538026230397693 3.5413467628379793e-06 0.12830540392423048 -0.089193214980717514
 -0.012848906334426235 0.019371207034086579 -0.0027263671282232553 0.00082400213547132502 0.17177731394044954 -0.15198222310451651 0.073210690657879232 0.16026960642030771 -0.063994778247449563 -0.0045025372756425704 0.1347169089913432 -0.082105066005378813 0.11457829739193838 -0.017356162285903545 -0.046942576790277482 0.02526398781299511 -0.03055105058910244 -0.040779149814980827 0.037586632126446286 -0.10056435151767258 -0.056111210350078725 0.049477597444398579 0.0047711425910400224 -0.13825772397172861 -0.026104565118696292 -0.18795047590751923
 0.11411922024109274 0.044725927148064309 -0.12065431187367509 0.059161634107103525 -0.090470662804878602 -0.021293421254316464 -0.065943879922827839 -0.025666484445848594 0.078321546454558855 0.036690302521116588 -0.021685742820600068 0.0077947175332843555 0.046655672468173238 -0.042242092731834609 0.22613028732978577 -0.022740736988058789 0.22901576673699789 -0.091834996758751522 -0.043907448165674962 -0.10576924864383827 0.020347282284974198 -0.0022951472894441726 0.15350756285191078 0.099101746069463759 0.10267607118367617 -0.0083728932835802974
 -0.017931860455515317 0.093060337048134475 -0.20922357363044999 0.13651710429351918 -0.217063190879001 0.029871465122529549 -0.19018715167446282 -0.14711032146875791 -0.026118578917635395 -0.095411901468609853 0.098361842158087312 0.0059682778446634643 -0.010858604000888278 0.049793611251932345 -0.025372874738755522 -0.16573518282963839 -0.019505416332344629 -0.022971664313394365 -0.065930853269887429 -0.15864561954067224 0.017307387301768153 0.18788204652761648 -0.038059518065545514 0.13121755486460118 0.03213696730929741 0.082257199204264095
 -0.027756332671545564 0.0047594102411592431 0.14566617105837151 0.0052094972699232613 -0.0046478052523868394 -0.22234762986431456 -0.11388140500526794 -0.075859364515988764 -0.11870701030648952 -0.11699753003124076 -0.15571705726288557 0.083209167056573052 -0.070160436923685524 0.038565927331683521 0.075164487112860751 0.083384574100074091 0.03748381987794424 0.043598992724366639 -0.090754376552486582 -0.07353308706164198 -0.030103077211783527 0.052179058261830454 -0.12293966890232452 0.056233652536579762 -0.05065784312863459 -0.013770967623735366
 -0.040384097156097649 0.082358456215370732 -0.07986510644826357 -0.09703310233722881 -0.0063763418089856742 -0.034684142951771399 -0.15541867928921646 -0.024193006434017016 -0.10016858064070898 0.10949511218605956 0.00070894917711407748 -0.14565096470941508 0.095460519576152703 0.047263425636755799 0.077371546197295457 0.163876442205943 -0.10190694178683143 0.038181785176306826 -0.014164657660810535 0.18816819016842243 0.038762853656168571 -0.074653012864097923 0.052776176402350147 0.0036600487084370481 -0.017416073733920501 -0.046044406421514965
 0.078765209413073564 0.020973863081649537 0.11181291798396538 0.054432678026094597 0.047379748306840955 0.050179224438760203 -0.065405470424896237 -0.032409758595729976 -0.012129304435942375 0.0047868199434441512 -0.10160281918571165 -0.087762016807424334 0.10511835824693119 0.15068424307915729 -0.18360068790340101 0.012833048270256685 0.063713287794464724 0.036970864821502997 -0.1251297591274354 -0.1113697612368254 -0.015563125727165041 0.066521747284053856 0.10692163183616246 -0.028360620066862616 0.015115576287287803 -0.13961532411072847
 -0.050755411224155063 0.021322901201602219 -0.10734747430908374 0.11528845593808665 -0.057024154131501574 -0.14194511107089636 -0.15827583594464911 -0.085885535353736428 -0.0425015548790659 -0.047740563898547424 -0.049134317537581226 -0.0674214493600548 -0.05678886868730202 -0.11115757815427793 0.023311182143068498 -0.02815695086772162 -0.027647135970016824 -0.064912923934663608 -0.019352564275122202 0.016761167485899734 -0.024158785268053071 -0.074319321356300969 0.037434247443029672 0.13410818096061919 -0.046619742272944749 -0.093608168630501268
 0.075781839913382776 -0.1003472856882877 0.016464407897457112 0.0022334102945252158 -0.086863067628914159 0.012729057721608929 0.13711422151622268 0.019830241213255505 0.027546857292448171 0.035970540405620512 0.04779969553039369 0.051995115221271586 -0.11443585536354686 -0.12749251366440917 -0.13299064754355666 -0.061554576220540308 -0.036087439463508744 -0.13625672974901476 -0.02705391598268048 0.046303147716068707 0.019085175619659712 -0.0098011995709092158 -0.17691307037529122 0.14827020388612092 -0.04660434896026263 -0.11724102877245174
