# Created by Octave 6.2.0, Sun Sep 11 01:59:55 2022 GMT <unknown@LAPTOP-P0PV0581>
# name: Theta3
# type: matrix
# rows: 35
# columns: 36
 -0.081714855500780031 -0.082499055241417624 0.01254904517241609 0.009349824516607444 -0.062057377325999169 -0.00065658768234886158 0.05558445911421081 0.074539482656208841 -0.051593603951263924 0.041187127391567852 -0.096166784137955111 0.053252722383546246 0.092146781631050043 0.039626845931149859 -0.091702306577529702 -0.0067293971294251614 0.075880337335509307 -0.095187103408901241 -0.029128203915278969 0.17274812536553624 -0.098733197888896188 0.015204335953349348 -0.015019669424209183 -0.063878461251308305 -0.038464601398260891 -0.048475654892619006 0.1196864550440008 0.0042265930883235454 -0.10612801936298698 -0.12425214100025575 -0.014797495991204992 0.073999629756133403 -0.065258314751976756 0.024480625808801192 0.069669968498725823 0.12666290303030456
 -0.016210650496105532 -0.038616315915633789 0.063043754373957275 0.033791162166176093 0.10906458924718289 -0.11495256547217224 -0.074953286109597422 0.041401278253811069 0.099887688544560649 -0.11030114922587238 -0.0043542261208515945 0.070336097318830504 0.053439139002949776 -0.094585468504276987 -0.058008362357254414 0.074908033534355364 0.030522141603673808 -0.11672416827542648 -0.077043478894480238 -0.098169965002694495 -0.015575737335618029 -0.023282536849806114 -0.048122023068619291 0.056160241790947744 -0.090783221238382367 -0.10353792320993226 -0.034200437848372983 0.08432671528910185 -0.1002542366334645 0.032406601128010887 0.069702526897052558 -0.011273707168900067 -0.00051130791622899373 -0.052815937360467559 0.11419949929334873 0.08085595522245792
 0.060892768958948656 -0.1035145020933243 0.067663552381748635 -0.085599522607379838 -0.075212262685949424 0.086629851706985964 0.0078417662400528439 0.018257405828116358 -0.079531612157943563 0.10762084704111359 0.039983711196330693 -0.0165467859650534 0.068189590856806315 -0.13857863248626359 0.036646869052780438 -0.11058378285793778 0.05541589599381825 -0.12615908544273607 0.019008076847312264 -0.036718934442957339 0.012822030460657004 0.055525643620080153 0.13414802824604852 0.031297686060748182 -0.01955590545467167 -0.089490519116320458 -0.0074188592106920028 0.025184516577771834 0.10273883215791507 -0.039183459844414639 0.019357797332101495 -0.061056060376866061 -0.041545770512761031 -0.11801643386784171 0.0430321400322086 0.059546814344981859
 -0.0709561947279998 0.049107732526936738 -0.023096969811144761 -0.042500202761791929 0.063185193819940935 -0.057827718250645532 -0.056757182359688185 0.02035725780191882 -0.015696424263480304 0.033485428231983118 0.10905361990996194 -0.068227422542488508 0.067706704728399472 -0.1179917346115531 0.050614368453768696 -0.10290454432819492 -0.012084256423311035 -0.051696769272163767 -0.12083587540334592 -0.083178221965883592 0.020890437925511249 -0.038115392145044509 -0.10934502510936936 0.020706796503283467 -0.081058466996843576 -0.12721452179659026 0.013178310732352963 0.074013280010492302 0.023536039571680462 0.052343910947928986 -0.10741674462382782 0.060108926773737241 -0.099569603359528663 -0.053579519587255577 0.082334657475427842 -0.087163164000051405
 0.090927968363045952 0.034221919941905432 0.035214663632868945 0.10300614543070589 0.11580721546175184 0.11227472263484506 0.084604724176846016 -0.020940918675665009 -0.0098103969300522842 -0.011439691990640682 0.026122111188664855 -0.10251700819442057 -0.014587764752996293 -0.057339813727096269 0.11068028124394855 -0.069912382122929537 -0.012891672237295411 0.011121206851523117 0.044545818272451652 0.18950628700429806 -0.08028314234521175 -0.058045480560128801 0.068023822440212517 0.081040727546070487 -0.17110203932979326 -0.025386183386564825 -0.022637998828299945 0.047770659264223067 -0.035036698779156134 -0.032938929990627586 -0.021696090084220049 0.017156763773226041 -0.019849976289965078 -0.047439908018088922 -0.079062709097749997 0.054947417448803645
 -0.060882346153157768 -0.092405396879612731 0.10737068487636343 -0.038529665434318926 0.12094750196185777 -0.11079168125785371 -0.039405687594567647 -0.13693454472799671 -0.086072909165249636 0.046517592017002632 0.084082102245357324 0.06794284848982006 0.068842031180972804 -0.040251341249159321 -0.0041080458550476181 -0.037934505024616247 0.033560378092519411 0.064563838412173682 -0.11582094884484072 -0.10557544212443874 0.062577739949610148 0.032935803679026814 0.058661906989935904 -0.063052765544705625 0.053014925223401538 -0.10477374244376578 -0.092982704615909045 0.031618582593026009 0.078333095880852466 -0.13134465663262657 0.056889783411614721 -0.033372502592531238 -0.00014729785992082434 0.07158871174483239 -0.0073557193955384511 -0.099626176053017712
 -0.062337128723001893 0.029503091830460959 -0.084799103960621472 -0.00067118481971892188 -0.0031837147370342386 0.039604959301884575 -0.039165744275646806 -0.020713448652981237 0.047375244764567642 0.016698670788930052 0.017385644798630286 0.047612854823199102 0.076197096959564461 0.020469745255212529 0.040434434535745183 0.037820095846052768 -0.13852300136905638 -0.091089518068782224 -0.014055616407178491 -0.099754605118332132 -0.04789066976383792 -0.02483969750924914 0.038077622317890532 -0.035716892625485455 0.014525359171042182 0.12658887924935602 0.010766478986991283 0.038419563316803927 0.056880256323764637 0.081223520173252961 -0.034729749700735037 -0.028326119115656617 -0.094285531265923483 -0.1112610250341296 -0.047838614312918443 0.0090413694313309992
 0.024682674734407616 -0.050990712509170609 0.091243579128040722 -0.026710898217864071 -0.044266339677849702 -0.069533562425162537 0.070577002696732685 -0.011135498796905483 -0.033858315743111288 0.083416109126865659 -0.027177508500521891 -0.02247090883312132 0.0099494819091142817 0.012046328679746936 0.019116041957195112 -0.1102634502666595 -0.042956767068861257 0.19743113697476758 0.01058111407357387 -0.068664651905712859 -0.1119268699189931 0.046407896794477821 0.031077732869883527 -0.053632336506997759 0.10236718074816045 -0.046028811351506341 0.012004897586935737 -0.10010735342242658 0.032882224271849808 0.11945600813287659 -0.10029575497707385 -0.028326719618702562 -0.047068112995498582 -0.086751149871902272 0.039564405576306513 0.014608708211662533
 -0.081705329598549994 -0.0072140971429993737 0.10569133970524397 0.057236809778883763 -0.011519688623079529 0.059257986119726859 -0.11364937475074065 0.032005540145538955 -0.0024631288950615611 0.0752812984478263 -0.085301423310336841 -0.078976525222200694 0.088707437438972081 0.066045246591241905 -0.085767716664944593 0.090926045467033867 -0.071949688588445457 0.0082407135088986179 -0.043941365520060165 0.044328889917863171 -0.098377365356736329 -0.070858666596628234 0.016179815190791463 -0.13773161247913404 0.026235225366114775 0.013540371701272761 -0.0095075302956617522 -0.093582322942260487 0.018288814691128374 -0.036939027316073313 0.075883506978670842 0.048442766206961793 0.05176400751518178 -0.11101686068314197 0.014668386698847093 -0.125043498024004
 0.079226472049126348 0.048025903169066485 -0.059909437461108994 0.0051945246308307425 -0.11776855634247207 0.03378640423392839 0.064850959204153985 -0.0047298776872164829 -0.03006414935128501 0.076693436760514905 -0.00915681562054824 -0.0736068300810203 -0.089012441345435636 -0.041775499105736615 -0.11393778614331257 -0.11089460476001664 -0.11912049055642152 0.095219471146327478 -0.037986407924468141 -0.057890657903609644 0.021667200854262714 -0.007668729696186676 0.0070501779005544014 0.062513917631434421 -0.11958699146996096 -0.031489518872767144 0.079665375222759474 -0.039650763809934132 0.0018980180534943247 -0.060105042902044215 -0.073461881767448667 0.0081625066208620319 0.032601903659884857 0.11287530199569383 0.060356718821739937 -0.10513315334440564
