# Created by Octave 6.2.0, Sun Sep 11 15:19:08 2022 GMT <unknown@LAPTOP-P0PV0581>
# name: Theta2
# type: matrix
# rows: 45
# columns: 46
 -0.076093085891406051 0.14623551792127784 -0.10711173911989828 0.027757089878624571 0.050007999138972525 0.13792585742038305 0.044507771645430586 -0.025335757043894361 0.0091687465000531466 -0.029540915028524482 0.017925943432299963 0.09702791467758852 -0.021156401106080445 -0.0641955278295539 -0.020448982206270037 -0.028931384055008429 0.15128472338761467 0.086641930705938661 -0.13390826125361746 0.0072541104832305756 0.10877002808536237 0.094338823156382701 -0.12624703835673048 -0.0093837702995447966 -0.0094457333921024143 -0.099818055342646386 0.072242899072742783 0.068837965576847751 0.032254640882267628 0.073763184182216238 0.033392007423400337 0.020105527886088336 -0.076537952944327886 0.063770158301056146 0.063424768215809807 0.10580645741829625 0.072522935687948306 0.03317523877101701 -0.14622147901622506 -0.091988145796694842 0.0013672101509375472 -0.0012034027777815064 0.051787780111617804 -0.1324982131768063 0.026564672487153725 0.012654057648835896
 0.063142169451571556 -0.0034435291359901309 0.065712037524740988 0.10904097619115413 0.07647722253907506 -0.08464288744665957 -0.043293951293830311 0.044655151187928011 0.017094839550538747 0.014535518763258882 -0.07004936432402141 -0.013397876842855658 -0.11101060177305112 0.069433240250479075 -0.022651190951286933 -0.042735307430980876 0.14693660371125486 0.064170677439500751 -0.080931310350182611 0.057699689221243702 0.11248335472369758 -0.11066595984330052 0.023745711208944885 0.091657006735964622 0.020492360450113139 -0.08921159218003491 -0.050503656738164288 -0.10885613812326436 -0.060798472667101637 -0.028571655195073143 -0.10753442025852739 -0.070437207077401018 -0.00030311369662535363 0.023645120244512579 -0.13131521427789503 -0.030495980548300904 -0.060163911070128619 0.075627762745896679 0.0072796854920793947 0.11067685437335874 -0.11772001015758689 -0.010285702352101495 -0.023348809235235624 -0.1298387472286123 -0.098263460403802003 0.13615811860292293
 -0.01719966024700751 0.12411598111898685 -0.056206515141934775 0.094721134131395157 -0.078972481563395647 -0.13087047155573747 -0.11563081393173574 0.077777552683829299 -0.053413818718687188 -0.16379919420981098 0.11216400392397291 0.015895231146514487 0.070955985729413376 0.0020446173268532848 -0.010602489766114024 0.071476396683819304 0.12022738090644582 -0.092686178074983791 0.10665874080116165 0.14357213031178018 -0.029190399916103719 -0.11506695579706464 -0.08943759912625622 0.082830679046307532 -0.086861624696415715 -0.002877124164673043 -0.047455307422162807 -0.057705378159752255 0.11443973414482528 -0.014726312131599983 0.01419043232019258 -0.10281706861692813 0.023563320683267865 -0.049576009334105907 -0.055380588026146649 0.11852711947486351 -0.0043925377312232158 -0.073196921901600764 -0.018706299981466886 0.054086888168989634 -0.029902390620696974 0.0010264664158003455 -0.012100619733812485 -0.028948854493382185 0.072075159052103627 -0.017977832962793094
 -0.028187485714322186 -0.11905769992766689 0.11887195317419624 -0.057686131891553513 0.06618122020327899 0.06604230967521138 -0.13655557171297714 -0.098511780359405499 0.1522379321530262 -0.021204612024656455 -0.0026960955810925117 0.029339167475757655 -0.054120207714772411 0.042257167576943179 0.044074571529645834 0.012423770127474868 0.079269855516181861 -0.10445670232558771 -0.027733007319063321 -0.0018190326724887127 0.047272375014846942 -0.042177028203524841 -0.065275490321395013 0.086210833312234877 0.039237927200764196 0.0599553054174468 0.03187606451578278 0.16114665859545227 -0.065321410114166978 0.047143928440722599 0.04199312972788638 0.10504591998682687 0.065427615144528717 -0.092159266272920787 -0.059185592318451219 0.085754098432898676 0.0022893067757200347 -0.046519903244557868 0.045691471722814417 -0.079426037867792759 -0.014640473247577326 -0.020303040133204438 -0.059410762070624415 -0.19412928382394143 -0.040950394225479698 -0.20462282750234806
 -0.037045856931363148 0.096464856961979525 0.15097705886057686 0.10840835728209113 0.043911228528172072 0.11206486672816661 0.0075278816697031117 -0.077610319734130309 -0.12249441590110353 -0.060026051836756536 0.082051799272445741 -0.013533443778861596 -0.024198285229306012 -0.048241659925869401 -0.039090750351662415 0.088846399057785574 0.024196435607341596 0.0048737960049380323 0.10560221542431024 0.08275969030066109 0.049488841836369667 0.031203927493875551 -0.076705031341990693 0.11240518932556014 0.064642805789395671 0.12165080553675267 0.056027219728656513 -0.082076828158913775 -0.059825718995044269 0.10237121799328502 0.037344768247811674 -0.063975128537087145 0.011515917396820638 -0.11027521497284856 0.077484053572206155 -0.075004691727467154 -0.14470162870586029 0.092085486458322693 -0.035564735227815801 0.054555336656029185 0.084825926360757115 -0.15597512088998977 -0.041941337262466002 -0.074178041880829604 0.029099664337473952 -0.072331701497188844
 -0.0076205180764061234 0.060638660450162515 -0.052670042967093891 0.041525144722760622 -0.01159449935990319 -0.083577638754215977 0.034560786632377848 -0.0096481198813452192 0.055434461834583108 0.0041261886069022206 0.085061048676900786 -0.050526619066905226 -0.11338546450542951 -0.0053002460127541551 -0.083418740883282022 0.087695887874552778 -0.064836177019201621 0.11185626458736213 -0.0054815315066402337 -0.10227348017679969 -0.024837196910905312 -0.078945422501128001 -0.05040961330900659 0.072724847365958981 0.10827942884363571 0.0046079325245263567 -0.085212991933555152 0.054172782489838138 0.0097545946980605626 0.0101062422026745 -0.03929210709851013 -0.023198789484981042 0.058643387679901578 -0.052238680037440657 -0.063606133917943147 -0.038776931032364653 -0.028866978709808581 0.029351361632658817 0.052955964669287835 -0.040251400910335897 0.062224298484657818 -0.10398566949652378 -0.011176848978558281 -0.091840065115755903 -0.060868109691372095 0.068312892017916627
 0.090601762208616474 0.07557655790741459 -0.11153379757716086 0.058724035231502943 -0.02612120643836232 0.031650727885349589 0.092984887282371462 -0.045088851788574691 -0.077351637480972499 -0.090875545039044048 0.09402760023806106 -0.00092922541591527758 -0.091805577837967639 0.066841911227145265 0.013795601635560369 0.0074918157058523234 -0.070506082040334511 0.050716519572516806 -0.021044687217537324 -0.072027155077630883 -0.050713900959684872 -0.041295102261570037 0.075115801972102686 -0.0075718311681252457 0.034956124414418199 0.0013237590128403112 -0.10194153103402874 -0.13747439604938136 0.017231081131386296 0.086820362599122888 -0.055534135434295438 -0.082797408116418544 -0.12447768236383795 -0.081750081289977711 -0.043150610196896866 0.076205466106389064 -0.094979387857472175 0.11048391355305137 -0.030545109635643355 -0.1200021125619236 0.096520524602149244 0.076844248151921521 -0.11664347965258789 0.072527433834187693 0.0036541583672424229 -0.11662893275019132
 -0.079164792459359132 0.083176621252961505 -0.10872442454776846 0.052134809743656883 0.025213437916530201 0.040551787659416839 0.015640527573701317 -0.12866229701135548 -0.090619991070797684 0.010301409092312286 0.037874635386097061 -0.033769451973899071 0.018065918589814906 -0.028021909085663595 -0.018560197526414836 0.10008523619354999 0.068746796006239702 0.07246989580409291 -0.077248359821351309 -0.043508116121469896 -0.12235674839389378 0.073788610112443184 -0.10267737195656035 0.066526244968404896 0.074373080725037871 0.070535569363036815 -0.065963865988435497 -0.080519209495608354 -0.10536603786776279 0.015100071374051635 -0.036678694862076623 -0.088496437084316426 0.050642802124763429 -0.074261782741829555 0.11380312871875525 0.034095980910052566 -0.056646946126940295 0.0093892733651304138 0.047378236607902198 0.022508789438673477 -0.11532035960060402 -0.12876099249078676 0.067683214716227943 -0.0025463682767431738 -0.035124106311158684 -0.12105354072545194
