# Created by Octave 6.2.0, Sun Sep 11 01:59:12 2022 GMT <unknown@LAPTOP-P0PV0581>
# name: Theta4
# type: matrix
# rows: 10
# columns: 26
 0.02144311459022771 -0.073834870979680556 -0.020673238313102051 0.036014248062650286 -0.0082585098644170716 0.044465334603033757 0.019436847081733644 0.062988460864029247 0.016847906891688358 0.077130913344945914 -0.092753063712480002 -0.22536563595396461 0.045457254168159059 -0.028520448832378215 -0.10139649910050176 -0.12230893343884686 -0.064416002942357289 -0.030335291531742057 0.1579795208540716 -0.067063141894871003 -0.05341785278520287 -0.11937780675252582 -0.010125845529799383 0.11320814327769049 -0.061803146437055728 -0.15242132817988926
 -0.029230753581232817 0.011603904444788211 -0.12114709954004851 -0.10533632758224074 0.10388595123479821 0.040171665872197372 -0.040161846212974431 -0.0092012986041424653 -0.083972182702143239 -0.027597184873336407 -0.12987484249425371 -0.082848914975931484 0.17296271551922821 0.062083703306136523 -0.033368166000842893 -0.0003229926583095755 -0.19006039048801548 0.014688750685675099 0.09187574780220277 0.094667153504738977 0.054525689211857992 -0.02192552146126911 -0.018669319337508181 -0.092904852329468796 0.097132526517950235 0.038338083644832696
 -0.083874798584253105 -0.089990853308425281 0.16807498694623751 0.037407501967402244 0.094106421614515448 -0.22703177111757641 0.01798390467161735 -0.051878359521111049 -0.04686272180033714 0.12791163775349723 -0.080557262888020148 0.032032867419287882 0.070224777914186062 -0.072290915782583218 -0.0085229604736088548 0.0092831525681419669 0.12727482349941174 -0.041830719367970809 -0.030317321202386956 -0.11094517979271677 -0.047823936981244562 -0.027315336322905007 -0.03319502083722195 -0.038506057345536686 -0.060316901282739928 0.082685600431511672
 0.058873428713512026 0.11121255644118244 0.020660586402760465 0.11673482745912517 0.14624952491232143 0.045752085924059119 0.056697908877707058 0.030223710657657232 -0.073771921461759496 -0.013209847167340321 -0.11302048923614086 -0.052205884879488657 -0.033525107467237934 -0.15537475944097232 0.11691533370580981 0.073050729947937695 -0.017600474317959164 0.028435573177690136 -0.088972527080851641 0.0024868928469799949 0.082100227149451699 -0.015793524721961816 -0.061729903036680793 0.09135526438914407 0.093390030469799309 -0.17043507707487429
 -0.0011315103325431877 -0.019790868153718801 -0.021067182511725045 0.13054405045235021 -0.098464444619112718 -0.1738572661477262 -0.1160777364854005 0.0287444926229188 0.026611494972013167 0.15636330871284748 -0.083065713786036582 -0.0043118392132142167 0.042271066411819248 0.030756769033159395 0.12116117069997002 -0.020070771603760914 0.19800440631587893 0.1169258151402167 0.010397636806677867 0.089373415099757533 0.09042223046714154 -0.15750802549571527 -0.10635976686398022 0.027455269388367044 -0.088598935871925244 0.099321035859546714
 0.04395573618627592 0.028926794575183365 0.089758661531439993 0.15845406898239311 -0.073506199004333653 -0.051392087090992057 -0.07383514012052364 0.13132387905772583 0.14440938369228887 -0.0048585953446843161 -0.013918884370479416 0.049234851121409906 -0.058651536036239252 0.026645945565442482 -0.0092541606626274225 -0.1513305674455005 -0.065265142758633488 0.013725986962023222 -0.11653993603923528 0.15976794711182671 -0.03988930788160628 -0.051721265478570679 0.090185941477490456 -0.07575950538245764 -0.15564517315254642 0.063318700531352107
 0.004894529258490308 0.0088307308685082637 -0.033648431772162014 0.0023279088878123575 -0.040473802878733832 0.0053213965312721816 -0.039309555423065932 -0.01686507543718167 -0.029743568812511299 -0.025625742304615104 -0.076322418948752913 0.036344804157151522 -0.065662218481635934 -0.077159759680277384 0.072346895420005608 0.10107393951178148 -0.054883227269060864 -0.085413958158197648 0.20066188027058007 0.028081596256291103 -0.075983439659047469 -0.054037524036818295 0.10650232094029617 0.048973511312535627 -0.091387967919978746 0.08636554618889046
 -0.020944723773393032 -0.096117893738753929 -0.1142575962449483 0.056343000320801653 0.0039953819714897507 -0.048998222284544035 -0.076337076506832233 -0.019268743580181807 -0.0035883154452129476 0.11000092117611289 -0.03531935554146455 -0.050843747391571166 0.012509617179327233 0.092842975787123652 -0.12277050633448797 0.11772229592966489 0.024357692410134087 -0.060992946122806861 -0.12075227108445616 -0.105931660530989 0.021361674335248829 0.14166463882571351 0.0020101261290348654 -0.041585461802826927 -0.046227818600819467 0.10042907602800467
 -0.04260784061768421 0.058248664227852888 -0.062832084874344038 0.0062820169516524952 -0.095443335016674069 0.049134809741722886 0.064091419560930576 -0.11121438559942994 0.077414171559840469 -0.15765318759514357 0.10210667280611196 0.072337055244491771 -0.0039910953688254555 0.029974705363919451 -0.08167262747185472 0.16296851334764464 0.15002871430297721 0.019471643419354149 0.048976974091894804 -0.2013852325884565 0.058741506145695059 0.073810723059888228 -0.12412849334830506 0.080287904935324519 0.10328151727714717 -0.084099238090208278
 -0.030655065576462168 0.085900799285489063 0.021698088508473524 -0.060023394686490233 0.047473882731236032 -0.023164293050648092 0.028486975085484447 0.15184403374464733 -0.09035757083551571 -0.02856729425328082 0.11018433671941741 0.055709717984869518 -0.09140412763706518 0.088072805046753216 -0.079360048480958845 -0.083306891040468511 -0.030941009866262161 -0.14428189657051055 -0.11792799805882953 0.090819714648844793 -0.11285737282917092 -0.095869476273188675 0.024055361757286991 -0.083363425797070928 0.0072008149084152231 0.0074040825964773278


