# Created by Octave 6.2.0, Sun Sep 11 01:17:47 2022 GMT <unknown@LAPTOP-P0PV0581>
# name: Theta2
# type: matrix
# rows: 35
# columns: 36
 -0.075081790321641195 0.015908399351016438 0.085698735331422859 0.066386924553466703 0.099431842984274099 0.059241509841420396 -0.0056694344569097315 0.083930109527397087 0.04362802607921016 0.022540336987881101 -0.014608530979349834 -0.14483240458110183 -0.049220418561485658 -0.0047590616012413113 -0.030806196529593634 0.032821158126797298 0.11040612679708413 -0.055231457495585813 -0.12559917440257015 0.14186542159510937 0.18543516818577677 0.088790555725662704 -0.013872610488681117 -0.012767752633517274 -0.023452537956060969 0.036998617517082152 -0.071445555945634717 -0.15859338124741354 -0.014777238511596397 -0.069550388219605838 -0.039855999667970342 -0.1039175528022995 0.012873771609884453 -0.12100883636657159 -0.068820060022770704 0.05002856028914205
 0.031223612277643836 -0.12741485611000034 -0.096532771404357162 0.039335899428489071 0.12380118531211756 0.049763310713737477 -0.006925932868610033 0.17517203640394544 -0.16783368996622594 -0.12771649214526612 0.0078726613895100765 0.064505751493969532 -0.013680162823443533 0.051045685186482205 -0.049838198763632956 0.025077433780459759 0.058557191960507751 0.13406207274122928 0.17751200477409887 0.21178014293485475 -0.09839402561141386 -0.094741340263236287 0.24023418932416093 -0.10180414581007641 0.054613026544725336 -0.12734204093950147 -0.094179435392203803 -0.010004803301724919 -0.0012569300323617965 0.081962432064197219 -0.095107842172250712 0.024672098364407868 -0.050232791938177666 0.015149121731600289 0.032338487772416255 -0.040417582659157569
 -0.028355295449802028 0.15588427082339229 0.19190815010793599 0.034095710377555842 0.068186946573610643 0.10382290818020717 0.01715874283725324 -0.033904825995032563 0.031918318695071696 0.10599114209445619 -0.070046229128753107 0.068919247557895483 0.021193776626882609 -0.065705141814508372 -0.14525329698337494 0.16778110817504935 0.11079138612188945 -0.1654401358018156 0.026976213528784956 -0.061683868528188919 0.078486224453536674 -0.1211114539199778 0.040337813510276127 0.11249764797497366 -0.076929626696273914 -0.020153958266552273 0.044467677481268404 -0.020563736224270737 0.12330196140451653 -0.029361395533010707 0.047638326556062011 -0.050477313246678285 -0.12944151894134123 0.079441885422958741 -0.12190729022970627 -0.013260393110572161
 0.10147277037005323 -0.082014589733020976 -0.097104997148901931 -0.08641149249263809 -0.039253706971659648 -0.0066568497014019836 -0.14934452040592544 -0.019022162125984034 0.030347713799199875 -0.064485843631213124 -0.022961958416604651 0.068376724929698832 0.02506861680160858 0.036302432316186364 -0.055207396840772742 -0.01895350029994115 -0.10621642780858719 0.01784797720625932 -0.1491669677837778 -0.17558178849202652 -0.16614879887577427 0.052521234867063345 -0.091579514080016286 0.063747483342056377 -0.025251018765097832 -0.11008834471503764 -0.046719626908283268 0.021151764408982279 -0.014723557863773946 -0.10380093119450484 -0.13354240899731271 0.0063451384528272984 -0.017344190504780158 0.018743948567057737 0.083299102782112111 0.010263683224713344
 -0.078026546944394218 -0.048041522303485948 -0.12148574438107576 -0.24613520227870961 0.015726377449238309 -0.11429871618302688 0.075373473888052281 -0.16660075464298607 0.052739636275374625 -0.10049412046694106 -0.10244087094958636 0.025253391100668033 -0.085446931803937268 -0.038463958266986328 -0.021603259708759412 -0.043093425093037506 0.021731048398047927 -0.040815198368493892 -0.050177906167235144 0.095347344580978238 0.072543893967850409 0.0057485330979386027 -0.11645263296407185 0.099951289629469614 -0.014634688766637143 0.089326243937675881 -0.032224159020727269 0.17742734193200568 0.084154776560031494 0.15652942115644847 -0.032718508906580651 -0.0038441173319698112 -0.028973870057439038 -0.10082855249909241 0.064583370428695316 0.028635388159751838
 -0.015414367528780745 -0.1419685474382171 -0.045618674045261265 -0.12631216065172599 -0.034701496308337174 -0.070802190845702648 -0.094709121884251304 -0.045908601438930587 -0.086629596830149827 0.060298072901124933 0.14878911653218779 0.12439082689422584 0.16518084862930885 0.051356063380791198 -0.017652875742245059 -0.066453461201017042 0.14523987206600159 0.14366050501864305 -0.093843853906346628 -0.021007688302449215 -0.1680907383545712 0.02009239094962743 -0.0036121334548899794 0.0705297898051893 0.10626278691739659 0.15457580320948516 -0.0012737753518216955 -0.042868623489794686 0.010063444517381774 0.11528733922971952 -0.11111448275959668 0.095741421269008087 0.04455413656730621 0.034360978938547351 0.10278145061256098 -0.072676169489668832
 0.034761540051547475 0.086355163998753759 0.11323076186687211 0.06899741622217051 0.06621157274018033 0.039237050260997788 0.16399036607837914 -0.12927140722343167 0.0464580479472144 -0.045422140363509465 0.05437907309250313 -0.070142643429819934 0.059232653333759162 0.068342453899001704 -0.020640030919600025 -0.071947246355334574 0.024858760547055977 0.11584824832345368 0.082766707635804029 -0.12386492289414247 -0.11630798120023612 -0.034757267172268264 0.070880997608225096 0.16140014737248912 -0.047254291057152779 -0.027046460826630765 0.013862889866443916 -0.038530874325726508 0.026207736593944434 0.0072127421777236529 -0.086068170682953651 -0.011406501803559588 -0.016204779877457793 -0.090614307650047896 0.072136568754625957 -0.15493684383479606
 -0.076928478737506051 0.042472533087923051 -0.046139445372631004 0.077449670218663891 -0.02445083377745965 0.11233338758093127 -0.028125274181423403 -0.08472433452040419 0.073743125007823193 -0.12233653769237307 0.12568016412266006 0.17473107087308384 -0.10234534926409096 -0.054285426800885314 -0.090569745910290697 -0.1741493002929754 0.083956284876082365 -0.019412322105436686 0.015679252912825185 -0.10737254752937117 -0.10031267122048956 -0.069074933452519555 0.022988249965645115 -0.089877383299965002 0.080885843039667241 0.13345048772387247 -0.15657427865541307 -0.015394683595843792 -0.1303006420938416 0.010490677477365628 0.03493088263280366 0.0047458560588011364 0.080847490416514178 0.036099850339081932 0.065011087452563343 0.033663686300134214
 0.0064528520481032439 0.12721335986640081 0.11136317560438221 0.065088773440114031 -0.0094103059342347251 0.018108249300898386 0.04372479462391294 -0.14178247413778425 -0.12840518278503324 -0.065049485405806254 -0.081878411000483556 0.022586264587028206 -0.025422507892403627 0.042915306791436895 -0.02483415440311941 -0.14381273834226876 0.015739730646985396 -0.03942553064438685 -0.05098728564940265 -0.028588386895257875 -0.047457357324397174 0.041724220668119878 -0.014477523274935778 -0.11858740669371381 -0.041046980940031168 -0.081933644626748917 -0.0044500366070251872 -0.08377689066354245 -0.10663261391167184 -0.12791593737569515 0.076450486136231552 -0.044921544014781066 0.077257083540409513 0.018151722408168137 -0.058315057461739483 0.005529938050982018
 -0.025593857702504299 0.036445746722938793 -0.068290524830469629 0.12168855462103535 -0.088758466644614953 -0.025999345999943337 -0.047987291208735142 -0.13446966064995236 0.090019805691527843 -0.0095198937823994193 -0.17330107344569509 -0.058997173347561958 0.085723387942327395 0.066722145038828951 0.019554205441109467 -0.11205931869266211 -0.07539592554933007 0.13687059506637497 -0.12861205780486529 -0.066330863805499282 -0.016852881996956569 0.10223671911548336 0.03463066305916037 -0.027712807258980829 -0.092715548779549656 -0.11785706891163632 -0.033260620782558974 0.055291275581795071 -0.025548945330191634 0.052116004223013893 -0.026136677396421084 -0.12056604078539497 -0.16576317327532536 -0.12223193229613209 0.022419821970204642 0.19791479649693983
