# Created by Octave 6.2.0, Sun Sep 11 14:31:18 2022 GMT <unknown@LAPTOP-P0PV0581>
# name: Theta4
# type: matrix
# rows: 10
# columns: 56
 0.099360279766723722 -0.072164144616423967 -0.025386233247996045 0.014136283917510407 0.08128968801900098 -0.064881239122522999 -0.052301591887254271 0.088662302403484453 0.21742633490718727 -0.025851002642965602 0.080789529905414201 -0.17022813470523143 0.077742592019645201 0.082747913325550551 0.080135671556199717 0.041580213808192573 -0.016726100479719747 0.012455629258545762 -0.1540084006375079 0.10919009162003852 0.074229454637578601 -0.038759795685993581 -0.0095661696391074573 0.12672247360366942 -0.049618823629314968 -0.015359946424623534 -0.062327729753257351 -0.13200144896538973 0.037387352560442323 -0.12008877581923819 0.082585527596478359 -0.090093064243884149 0.16105411152171725 -0.10298709122306467 -0.035129864349565464 -0.068287722599203085 -0.029177452313225063 0.041533023883798696 -0.083876446270963328 0.0017209761149191288 -0.055362398490292196 -0.037989196444850548 -0.21383678141606235 -0.16153568129109075 -0.025724381976967258 0.11504008054137219 0.016200054685330676 0.089780952508133199 0.12813025359294389 -0.010640170264279278 0.18346793538937034 -0.13634082962081809 0.033937346612605446 0.16095555574451309 -0.022335864807852955 0.073373107694345865
 0.052560082983158576 -0.026999954878612401 0.045806989826819494 -0.003471385584581114 -0.080594574190822305 0.12154966986954938 -0.060279472187446108 -0.012424250143491534 -0.13504656929492001 0.024871469404811442 -0.071106275626151669 -0.087079208534173544 -0.16420232324373463 -0.052944904593991482 0.068156787860904011 0.072222323447233616 0.19887546040402829 0.031811399078073496 0.01957715774887487 -0.12067262085212078 0.1829285286734815 -0.00298048681125119 0.11428064915864003 0.018170753194625085 0.015148467956422799 0.10127237965397617 -0.029591130319103313 0.097601876079546554 -0.13997047705492011 -0.12547632539216885 -0.045001980537377292 -0.067078337262803545 -0.0063942653166493661 -0.012561213361524151 0.032719561749766125 -0.127940504119056 0.11779224623697068 -0.099456442556095676 0.16302893312664102 -0.088955466312864218 -0.065204463856881251 0.15818516323973342 0.0019082680879354218 0.11178450123452985 -0.064006382981022208 -0.17114590628879425 0.013919817066981938 -0.15256685475141019 0.29512057822560411 -0.027163671668515684 -0.10505842010841306 0.16153863061885096 -0.035166201713594754 0.23781968103727916 0.068819330930127556 0.1117226367114382
 -0.026152714679138191 -0.13330196136182643 -0.042374742027271296 -0.0056779674269071701 -0.081931709369889666 -0.15107753504125385 -0.045422279205272066 -0.086482672262050087 -0.17724798544288067 -0.047748137316194074 -0.097173205126875023 -0.034374405838620829 -0.03505875717221342 0.038587581862838997 -0.038142803533841772 0.049719083598976206 0.02999005948204193 -0.02244525728015901 0.0065348804284913742 -0.046083003804899395 0.039876548597196429 0.10209811246960238 0.038087680334161989 -0.10995430573096128 0.11754735931253141 -0.10858640936678196 0.048043716787441133 -0.073611461985022192 -0.0390345206460887 0.20180284721992175 0.018399359601460833 0.26189989023199167 -0.08408784010756222 -0.027158976506896807 -0.023727897501393907 -0.11091591964454645 -0.039984096093113576 0.050765806870160288 0.12883474666411443 0.0014275334876291362 0.12800240619398492 0.22634353433830767 0.081944305110184051 0.065444314557864272 -0.0065633711524474376 -0.21609456932979801 0.083947494405000461 -0.046134545952823083 0.10666559273702869 -0.15203559575641115 0.22001935662502228 -0.04168721535262207 0.12139363611131598 0.01687129059352295 -0.040934901388421846 0.15723186619348109
 -0.10166213723722613 0.010917904040365724 0.19343726919138585 0.082454459715673417 0.038498412650269959 0.015235556547904131 -0.12738619660191453 0.21450561746449232 0.12191204273283485 -0.07837146700861064 -0.13978609653362276 0.15478978676719723 0.010502239489396161 -0.064962059240439754 0.15208850282822592 0.015043156898996522 -0.064728000522289802 0.053333951109353656 -0.043165125773881811 0.079282101103594474 -0.067926521181826335 0.076714153208801206 -0.053309999358472866 0.060704118911530512 -0.0080421835055114188 -0.15756251936427978 0.097050744476518722 -0.089882068103137966 -0.10520319808085923 -0.029296919310126124 0.027703478054911957 -0.20921672264579907 0.0097999267425449375 0.010362951149149563 0.039974740076093106 0.032759838083388414 -0.09209636537541821 -0.033219869086716529 -0.01121213330156887 0.16299814205862392 -0.15346464477003957 -0.14984924641267486 -0.18167082130832768 -0.020330626486841585 -0.24964084687788352 -0.019358913625107374 -0.0070287056293967844 0.080479460318718346 0.076892553577401865 -0.013815525982418602 -0.05855983377527469 0.067011680013041558 -0.11820921726934754 -0.05296440797606012 -0.02444625766938216 -0.012128147007289102
 0.044549640801886996 0.10917874528735069 -0.11951052529341322 0.16359134417566565 -0.091966860608877155 0.077887456563009466 0.14969278484268922 -0.057125310080477811 0.16070050801916749 0.033366500830774033 0.19938918251146656 -0.15175062514062373 0.18170569252848928 0.06198428958244212 -0.12093245502303117 -0.02705643954825012 0.12905611551402515 0.068013983639647585 -0.24306573092997849 -0.25717331608259136 0.021921105186997643 -0.011474232790708231 0.016175178689439591 -0.026340766951272125 0.15948653522759321 -0.030765566435101255 -0.048712737534184272 -0.08195519467934903 0.019965339466016647 -0.067169068248341957 0.016353623722563361 0.10692521586291612 -0.012211021548693059 0.20064947150859472 -0.011388134529023906 0.0018972664219531453 -0.1867816367249443 -0.14512755936611332 -0.0085377244244779632 0.02536391130434049 0.25637373841471173 -0.087840555918740765 0.099799557507177283 -0.086501305047765639 0.0262826913864177 -0.052454181597384505 -0.047669796976429743 0.11206253846392533 -0.12167018571227092 -0.051757420461550158 -0.049353013935832413 0.041977499763851449 0.029025589451519552 -0.014320663855948983 -0.0019972889439304527 0.017381116428263663
 -0.027008135484026544 0.025407540480218233 0.060056424737441952 -0.032139242309634442 0.064425203019840518 -0.11085336824706701 -0.071775776649107656 0.073017548144475933 0.027905146880114237 0.097911375747783219 0.06012265091894077 0.065185044067131728 -0.15608013302418958 -0.078271490162757515 -0.22005530521724193 -0.073452532276122737 -0.1191274173333659 -0.19522000446308468 -0.045692481310719506 0.13082301511776562 -0.10149287420085536 0.020200566575205949 0.21571734976243567 0.066753349513104146 -0.065821182693920247 -0.10868442824679606 0.049000409281636341 0.045863773576956278 0.18417649652671286 -0.045683471804949451 0.032443184411030813 0.056411389107777155 -0.061607754431345668 0.26915158662567618 0.07341934695458821 0.23052945546093248 -0.02551065485580966 -0.12228164777750868 -0.020336413046167262 0.10603106875910036 0.078263233103730553 -0.0025105612679752459 0.001301987851304344 0.017598271085561213 0.13473033462920339 0.1616130788716689 -0.030185781631953016 0.10497599285045224 -0.045916972733314854 0.064781535267844859 -0.059768775677657586 -0.056545057933990124 0.011220891381144972 -0.11637405180829989 0.035533992428101596 -0.1590977318016239
