# Created by Octave 6.2.0, Sun Sep 11 14:42:47 2022 GMT <unknown@LAPTOP-P0PV0581>
# name: Theta4
# type: matrix
# rows: 10
# columns: 46
 0.031618818632278944 0.23590925677892344 -0.097821971464749427 0.0020867609712649261 0.21628401166377886 -0.012402833399928804 -0.0062205871024130013 0.096597090610820238 -0.016140809296858401 0.096040479737965909 0.049222529376886828 0.072234767148150747 -0.025228626775309303 -0.069911982642581555 0.044686780373946626 0.0045998360411936201 -0.00501215845201489 -0.20718676469383374 -0.0099970626222515655 -0.048193150272304766 0.053395493041067651 -0.20041406985323154 0.02910686426504374 0.10749990425702029 -0.061926699356817029 -0.099993513893844282 0.025601720004738024 0.0058964690300397672 -0.05311396777077055 -0.021779963034948821 -0.017082766090927549 -0.013884824629500758 -0.075554921075840595 0.12090571652379865 0.024176682410560004 0.11318642484430996 -0.15109077839498322 -0.041081967424461477 0.14679382944034403 -0.022502008170678028 -0.064885649273530202 0.032342356995419624 0.11321841467699278 -0.016110309389259201 -0.0030455619705692201 -0.15047560247598268
 0.062086622167156109 -0.069042449657262278 0.056939799102232534 -0.030968080055793528 -0.1554130192996078 0.0072700563280415379 0.17662068956819241 0.17393781329264793 -0.1275078894221548 0.10708087551930638 -0.039539924023233447 0.04753878858692924 0.13335572768862747 0.031941591874030874 0.034520658115176239 0.23817191514184338 0.058230228854992155 0.022197868529021784 -0.17945864013011317 0.022073628501874009 -0.038346908046513216 0.029908513778247527 0.017260695103234459 -0.0088637300320465236 0.030030871102053207 0.04782836426650322 0.00022746387817603858 -0.045659112917775878 0.1040641874532974 -0.1082051102189594 -0.062351878161310215 -0.041244054997255801 0.068179575323411346 -0.072101540921639132 -0.043167003098111265 0.16018360769749673 -0.11730934213642621 -0.063443779319273044 -0.1255174624702794 -0.069456786921163138 -0.19409869003089664 0.0088600007112890535 0.15642782888416026 0.11032409809534659 0.005291549623961965 0.014217638546735276
 -0.081859361427472882 0.068365796843931195 0.0094817602729159213 -0.10392377375512137 -0.11883426344051108 0.0034507736339534035 0.21712599454579862 -0.13043806925936458 -0.14701172076325522 -0.086966562996975763 -0.044640795138074583 -0.013944878295870137 -0.0059868249730573395 0.037435148297334339 -0.092492256003425005 -0.036147922965592466 -0.12297948794558948 -0.092049512116097548 -0.074121567140635031 -0.019580963709972376 0.052544734809816737 0.11200466076525463 -0.08746906548215555 -0.037357116758656564 0.013941303732075635 0.12993041586609669 -0.02583953800820649 -0.089198692073282862 -0.08263884742882556 0.015892976052542057 -0.049602219788502933 0.017011878593045825 0.031777661954033115 0.091323046713906342 -0.043531783669907273 0.006866163134152916 0.083217947426960731 -0.0093249473286596656 0.19529629396067591 -0.021644381039532621 -0.11809124880875435 0.044709479271755427 0.0092649114700156243 0.011542651641455999 -0.054867983434083299 0.22367988900538255
 0.14301969090790556 0.010187068870929478 0.088475030145896652 0.047027809186731516 -0.067339996945152275 -0.087758616678547896 -0.10263438832541844 0.0083505870089540316 -0.0023047924779030279 -0.052457566488787841 0.036368906702174457 -0.091763398170767327 -0.043294492033608425 0.11814632851234678 -0.041610135877539284 -0.10090949639645147 -0.018980424087589664 0.21295354768844649 0.014135432537974569 -0.091210077623421745 -0.022604036011370766 -0.11271076561803113 -0.12688772227876527 -0.072941637470830323 0.060581909800347937 -0.027897124514035223 -0.10835018754792868 0.082733474361054327 0.02040168660377914 -0.048733997678428571 0.0036191972621269757 0.012823917185230569 0.014559317064517548 0.026873393174363502 -0.067266603411854739 0.036533833444906523 0.031331761022260894 -0.039560334697606211 -0.053795226372693516 -0.080777742651018961 0.17572195813309407 0.078043414504263234 -0.0045274212109796125 -0.04335609192365969 -0.076295187261695152 -0.093327926811762094
 0.0049193511669177884 -0.16439427492584574 0.16632721778131634 0.030023837979669565 -0.021049096018299924 0.10152457929644398 0.011958510147801816 -0.099939264939808065 0.27005126376839389 0.032472958735687937 0.11340965119958557 -0.012483364211713366 -0.13464451800411176 -0.043697429832026367 -0.11044965866796323 -0.08506627162818893 0.079682076260895615 0.069345425122042129 -0.092671224772349042 0.097768694949929263 -0.032122370480973321 -0.038754678344217246 0.017724777514617766 0.19669110569090006 -0.086559672883403826 -0.012168394584585563 0.017050944630554923 0.030923845987964972 0.015999334238353775 -0.0050118601890925688 0.045455831603099003 0.037114988774910797 0.019679652530819953 -0.030650538697986739 0.11210398041697786 -0.055658408680440336 0.041737150944013292 -0.0052186033652463128 -0.028894158979417807 0.21909892275648463 -0.13295188897362206 -0.074766378088506211 -0.03507621882348895 0.12498347735295771 0.037577988389054774 0.13198142845929053
 -0.018067123312297078 0.063225779805541019 0.075397956113886389 -0.10197379469349754 -0.076542782808159848 0.052180413067840624 -0.047993890370121708 -0.062637615862721832 0.05240465404771262 0.13441843285180102 0.038281555792803505 -0.055044229076133468 -0.053799993713987686 -0.050814226629747605 -0.11198210110684925 0.1027031902375436 -0.030433966323421179 0.031935305754569113 0.074551459508635176 0.091545247943392874 -0.071217707331340696 0.24853632046955815 -0.046405673631344471 0.12088268993660206 -0.011172907211917596 -0.015153082943151607 -0.085561729382228571 -0.046581598599677143 0.062528103354019482 0.14030754172887799 0.21282733391942787 -0.11155206297563776 0.17997623897481624 0.052604736512482375 -0.0058405840974935837 -0.0045186111468617143 -0.052815140964327337 0.093174171734706893 0.035465701051991316 0.075775549273108367 -0.035800758530843316 -0.050080619734712666 0.065233281311311883 -0.060949210623991674 -0.17627241698443269 -0.19658578367946433
 -0.046656629585117591 0.040994476506164855 0.046655760388574122 0.10711128288892194 -0.18206530531008433 -0.012750004614032752 0.20283817955968772 -0.10959724755229305 0.010356100960842553 0.025717080826069577 -0.093164293668367426 0.027162955155646238 0.1343754397551406 -0.046934935411032337 -0.13596887510670683 -0.1650232570394993 -0.079474011940013925 -0.027004424675986939 0.049219278735668233 -0.12267805470068589 0.058436439138754973 0.014845315869704964 0.12224567076653943 0.087213861051855468 0.006067351233632003 -0.0096277861231109634 0.1319466942152662 0.10754566149205261 0.177730294060441 -0.027297959470419294 0.055918335884162604 -0.11891145546736409 -0.14076228596513221 0.040649302950603781 0.058613669509642252 0.018007404563830633 -0.053341256110536604 0.0076773652277945421 -0.067785767437274158 -0.024615453829299045 -0.027298422642835083 -0.073711336585601209 -0.080054120038866791 -0.01077632056486285 0.2351131902536886 -0.13274505061088357
 -0.038818910061288875 -0.03868156960217093 0.0013476633427511406 -4.2153050213341759e-05 -0.1277153705144547 -0.054531954759999224 0.098892325690633262 -0.12690642246847958 0.040382380540329624 0.023874710574324345 0.08640479078726139 0.090599256655965493 0.051365976378713221 -0.057135431041365911 0.1270281999407018 0.083305383911797232 0.038498266813986042 -0.15441669764612992 0.069392040858994392 -0.081634861275659068 0.049928887195957825 0.037684734394437952 -0.078729041956400014 -0.17419903828054326 0.0010226422200570599 -0.058504027154232516 -0.049889685140365458 -0.024217751486224917 0.098293189369018652 -0.093982677837699757 0.07924920650097643 -0.23551742494041272 0.070560760459299474 -0.1304988741325345 0.038438432352668167 0.074266500153141665 0.17654845687265489 -0.050655508140811469 -0.042461197306592029 -0.034645859574024329 -0.065373783628621215 -0.054965717563004335 0.00058569470677435008 0.020747580224277758 -0.10982067815730358 0.058650262123592242
