# Created by Octave 6.2.0, Sun Sep 11 01:45:52 2022 GMT <unknown@LAPTOP-P0PV0581>
# name: Theta2
# type: matrix
# rows: 35
# columns: 36
 0.10112918059699609 0.019982198289106155 -0.057244423318565177 -0.011836668353593706 0.11164497726003476 -0.098173550070203494 0.00083699780407723104 0.069389772190577348 -6.4394629800516094e-05 0.041103633238871229 -0.064713525175094197 -0.15012493491687712 0.042570667084191494 -0.16242727892584774 0.025119023380811307 -0.0050609462685143099 0.036678922620141066 -0.16779115003862377 -0.10844824067170794 -0.020064219802322748 -0.021090346728613905 0.10203247790578256 0.024391870622985878 -0.0023104780890401064 0.049157397709521405 0.043064743950372505 -0.059922108355551888 0.094834739298901613 -0.043312719273822999 -0.0068252534158083312 0.091986877824247096 -0.065888941746868004 -0.036791322922462795 -0.10512457833692483 0.059719209602708843 -0.082249070282656447
 -0.085004545786689631 0.047050494768350826 -0.044340110605594694 0.064327093926177623 0.014041154585131612 -0.096845132924770247 -0.045486259100114695 -0.13233281140866318 -0.034372773872810618 -0.11021189613824388 0.047343992529447758 0.026153644182869269 -0.061964632133632555 -0.073534715930562017 -0.011007427352755348 0.019024660854705947 -0.040120080389921021 -0.011270969051662375 0.0043757128705733768 -0.12753768073811289 0.019742208939477278 -0.053862593298580411 0.041232448345320499 -0.041925617307717121 0.03184431597939745 0.024862469834468014 0.048651590318693184 0.08470071682444634 -0.043644294286680936 -0.14230395097490214 0.13699026682775292 0.075374789384651655 0.064383637318155079 0.0036471655211502887 -0.0089044322317858322 -0.04411247082909376
 0.010035348270823773 -0.069589420053103188 0.066706119495118579 -0.10029010200567851 -0.13851665182826048 0.0038464350253461675 0.031836993107818255 -0.0029653587545968364 0.080741540582244031 -0.083434300905048275 -0.04925788115917553 -0.063137553869558147 0.024872259674708689 -0.039860922572051989 -0.080415359054532107 0.038587397637769416 0.051761948951574981 -0.0016468694254308538 0.029123179255641032 -0.026694843588134873 0.035689245313345816 -0.10184510449520794 -0.10279353647952673 0.035848540600324448 -0.039435512961415356 -0.018969347089690964 0.068586328219971293 -0.11813006480312836 0.1075238849387606 -0.14185955423942292 -0.0093364804746215811 0.088705086504907937 -0.030613195495926247 -0.0083129196471033121 -0.092855233594218309 -0.089250834403892823
 0.059792579640446021 -0.017877826530660806 0.051343415902424382 -0.050010020926075954 -0.018809332936369286 0.037740735574874312 -0.069927684249486241 -0.034471981081058756 -0.0035939271957135819 -0.099444143786213135 -0.066499651536074594 -0.09235837874224212 -0.080798623350858328 -0.02582194325507936 -0.1053831046897326 0.0048236711201807229 0.068740179007799634 0.016234378641842594 0.013484002351895332 0.079232161980824195 0.057924670440992802 -0.07541672083345087 0.043952123161469507 -0.00320823721191874 -0.056361550064190198 0.055738138427276956 0.045425747830836895 -0.089091060468184047 -0.089405879600564883 -0.027700013840211906 -0.032261179806958279 0.10694228200720102 0.11687243541303891 0.02482534373207446 0.048231839414024126 0.083268893520006201
 -0.10787619777667289 -0.021176155582784396 -0.0021660641433489209 -0.023730975169793011 0.06770652102032422 0.081841298004227875 -0.096057103144302672 -0.047746248799614713 0.041666868572199228 0.055809119057281503 0.070257973987252698 0.01110769447567825 -0.13097361199376065 0.046077451850572215 -0.12456092655062162 -0.017739971049380427 -0.10921277840988193 -0.060053444739820154 -0.070222284456927284 0.050837237144833722 0.047351499571974084 0.012967212893587616 0.098431716366555247 0.059635077176475614 -0.09067295372752579 0.014991917248724389 0.046282148729162649 -0.032921347159710214 -0.092411453172270341 -0.098983023354104901 -0.0074828110057124364 0.1044141210041626 -0.068367558715336965 -0.12288560717228521 0.013523628382688257 0.022694596494309025
 -0.072369851729123122 0.067939123498719167 -0.006179890703832177 -0.017750920708259642 0.051643196796549586 0.078943608953550071 0.066564549553417715 -0.058708464587793066 -0.10480580885427575 -0.10014824347247153 -0.016561857634524293 0.091530734548267392 0.09460449092830378 0.045128697787760325 -0.015839347431826908 -0.0079081665407691407 0.070408324617938362 -0.20037937643334927 0.07050820243342254 -0.054742117302818069 -0.085698604976727877 0.01087819757507337 0.11763749197500102 -0.010819644009649661 -0.069247971756833684 0.036809466454187291 -0.15085134447823498 -0.06427569161419186 0.045249764538668115 0.051040726555698579 0.020743851712011672 -0.030450100445829176 -0.091453883183085644 -0.0043083841774577787 0.014048708940777083 -0.0051427421841195378
 0.10028231761916905 -0.11682158191179043 -0.0045911853712549671 0.018964734559022093 0.045719438667967599 -0.0083144221920805478 0.041045280469267857 -0.026044969547965029 -0.061363153255183503 -0.061609102789603284 -0.048216744675153189 0.044866784824340027 0.0083578290790864117 0.034798525663969765 0.0068955942877230048 -0.040322476250109388 -0.037356579556868143 -0.020804798826741109 0.10392020642301851 -0.035229194534374134 0.047333290468703521 0.16017534125172789 0.046575311193974664 -0.01172574917961307 -0.10406149277134952 -0.0086896825561023714 -0.13856427767827525 0.072788477392620496 0.15694240527811551 -0.1138241578240403 -0.0085507062947703782 -0.034634605754953307 0.089943160564610269 0.12134252240333787 0.066893153225643681 0.0057049030206756711
 -0.057742903274820963 0.046261087445374521 -0.098640215578172333 0.097027599849596177 0.072502964012702745 -0.091299020409689957 0.13262899998182109 -0.035942928903304631 0.05440737541700754 0.016001472981499718 -0.029077505925153759 0.097083782204760563 -0.17616552929565732 -0.020251716976732809 -0.064835270392352512 -0.013845265486070606 0.033577733328433813 0.12761251128407514 0.041765013774735182 0.008423568340013848 0.061476240191909087 0.069634550565930778 -0.078126759230003312 0.0022374858358313195 0.0085265909328579373 -0.045272185261987771 -0.051377183939299992 0.055601140924940673 -0.064491632496262025 0.05605201251693108 -0.093122831121393232 -0.043192812712333668 0.068380353860561113 0.0069196414788810241 -0.0032785936019030684 -0.13212175137389645
 0.087375685230261679 0.067889730807574919 0.047747393543567211 0.061081578294111129 0.065620095103125359 0.075944554333243333 -0.069376857896776806 -0.12550119893579059 0.10747266239694078 -0.071041072700413016 -0.065894055824232939 -0.020108150026482703 -0.017419265459123864 0.079330403383589279 0.10008678124066307 0.024155063813141354 -0.0071349532196315632 -0.13782320344013194 -0.12530518047971695 -0.049878082478568113 0.073894805395226915 0.074112842807268306 -0.012431559607607718 0.037956439457090214 0.12753001529135283 0.048474419960644735 0.012867425402881823 -0.038979697550205979 0.031467900397501462 0.073861477941646769 -0.04135229450229274 0.074477835001266479 0.12563689316402471 -0.027686556415001781 -0.14067626021249649 -0.0053467298646082129
 -0.085622095400400791 -0.0093614768948984857 -0.047717621360286094 0.08249476827816539 -0.062738071751873237 0.012069866187014024 0.026643169315083419 -0.0045998893520202769 -0.024232154111822758 -0.11169271506642632 -0.062892212478142792 0.0013711198253613974 -0.047180109715512585 -0.034239235208525967 -0.032194500176995003 0.10502484979076765 0.07052644084524258 0.041173751922708585 -0.096172595618820106 -0.10743562223921616 0.064020286961113754 -0.11892033237298184 0.094015775910934199 -0.018165923667915009 0.022163063894803669 0.056125881851489715 0.0042000570768784681 -0.11648022490803019 -9.3340887185405907e-05 0.062478984156488927 -0.060787666257259149 0.063221308336701643 0.011001843850197035 -0.047256384902364112 -0.0094445203424933684 -0.040638350258641327
