# Created by Octave 6.2.0, Sun Sep 11 01:45:52 2022 GMT <unknown@LAPTOP-P0PV0581>
# name: Theta3
# type: matrix
# rows: 35
# columns: 36
 -0.048647581229294308 0.046619954659921484 0.018488873310037759 -0.063006581122059757 -0.014286639478597637 -0.12207776760335566 0.10255617765190657 0.098406358706983638 -0.036250204465270136 0.043958869638307717 -0.011918113107016227 0.069372043917994231 -0.022547102437159162 -0.070315063316553003 -0.01605534347368372 -0.048461073561513412 0.0036872218419638685 -0.098713694837351193 0.10216113642738066 0.06367642995006359 -0.1073216844538326 0.040062440132940691 0.002090279243866081 -0.081463770624541895 -0.0068530670494948848 0.033502738594922275 0.10016667593329553 0.065344127299600346 0.0462797707206523 -0.17479212439462999 0.051078035621038839 -0.07115866201105607 0.14827744574716567 0.11304384203272062 -0.17007280007370104 0.016546567872438574
 0.006671942621133747 -0.09327247549304192 0.09767274158628457 0.026357881087975911 0.10401887826728756 -0.0070944276011008335 0.027069619970920743 0.008966118423074574 -0.017791185445513023 -0.0096441875375661151 0.10624518082012442 -0.14038870072398429 -0.094814890163107499 -0.02261732061395751 -0.032591092251709274 0.090049221355506415 -0.031099585830284264 0.057599850016743649 -0.090240679386934877 0.08952511073266603 0.001083834945783971 -0.083825928409753073 0.029848868255933157 -0.1350289840057616 -0.08920734816489663 -0.074288911601724433 0.058101423928513203 -0.080025543069969687 0.041445723601034261 0.14452298376585992 -0.017303823592170756 -0.089546102444089393 0.13823959224617741 -0.0039013313441256833 -0.053499815988621031 -0.15473504084698264
 0.090431066275819691 -0.038043033777361603 0.048719870075968764 0.030348174345111278 0.00012911499926518232 -0.049252745728492364 -0.047171358827549255 -0.0026270875840572095 0.053989139019353274 0.023542443417179284 -0.089232760830600555 0.01429910708664802 -0.10779504061513215 -0.057435135701575289 0.054648735624629755 0.03792336939107855 -0.031253469706420435 0.10393302681444823 -0.059775205900009343 0.0024396729418591219 0.1551647610421808 0.034955494811741795 0.087660718064606527 -0.0082763907409993884 -0.007124919703798159 0.061663256288041264 0.056548935835215142 -0.017785065019003649 0.08554912743990116 -0.047294722032953519 0.0044326658861825376 0.13728463055922874 0.055342736802908174 -0.12629852899317848 -0.21922107660750889 0.0066407258950626118
 -0.015361491289073182 -0.031148526555816389 0.042633747626924193 -0.1029777706101709 0.068921161426132097 0.035240448499010535 0.12857620430638933 0.06983326584199466 0.0029550107512036792 0.036271593921249935 -0.078320671657933966 -0.078367682680704945 -0.0048358279798018829 0.022658463692626429 -0.0047725512418925137 0.043402629763729529 0.039989703095225884 -0.021212058072580416 -0.0035259665709040204 -0.078687411947459041 0.016940610389365559 -0.043971022264945626 0.031766174347828295 -0.047880540178800592 -0.078547646488422357 0.021647064391877746 -0.18167397332729018 0.082683991351908931 -0.065816773212712384 -0.10855172300476459 -0.088266232918864165 0.12140368002324305 -0.07371684454995879 0.042049723881461831 0.15202751437136677 -0.039829598996936326
 -0.019903775154895432 0.0058545169534094561 0.098424409153113346 -0.12564469121498925 -0.055264906593016992 -0.0053298845136827378 0.053058659903624274 -0.0029513938494090757 -0.10302830236656735 0.013748957993525586 -0.057591844791543001 -0.11420622560897244 0.007244934421355151 -0.033642457924700657 -0.088376721082926463 0.13970588775630757 -0.11253205624866824 -0.095546853147318214 -0.066668074990208645 -0.077107927439396359 0.077716117197260279 0.022912501303908414 -0.054887350645838558 -0.07287381293277792 -0.1199122751617254 -0.018501559032782364 0.062954436918934903 -0.095417978171467327 0.010914886832104669 -0.10028432144129379 0.042528454356775193 -0.077021097469124902 0.070303799392823357 -0.18733352086520633 -0.078542284879970767 -0.092242718517424827
 -0.013265520417764843 0.030824066342624652 -0.09183043290017967 0.025136883984911946 0.029781933187727188 0.075429252620372492 0.05943713972938771 -0.11382325815113795 0.021817666675056947 -0.0040982078466860914 0.074881025323057404 -0.094388146852475485 -0.165835641068629 0.1329027643293782 0.022923858359998946 -0.015683200092958614 0.030595814490749974 0.019297230249550924 -0.096078027814739189 0.014345024772775222 0.053218246046634742 -0.11115694659571018 -0.15814077838871801 0.035400728591970305 -0.059863349406396336 0.11518026770925761 -0.11663004503183969 -0.089481510917046814 0.014684688929671116 0.040535561073507441 0.072218605192954158 0.019708095662148581 -0.081686962886983988 -0.14439242334545377 0.045834908836106303 0.014375320084069085
 -0.028760254813570786 -0.080336887765263085 0.035458691207020762 0.018512658620923543 0.10039256748352815 0.11088923141599624 0.067220936855332522 0.023791808909080701 0.10815702931618063 -0.055918732194301414 0.008128315203832906 -0.074010769959663075 -0.048986861094147544 -0.02855618392510877 -0.11152067342832403 -0.0019647078417687034 -0.13789852342305975 0.049322401523970695 0.028104025431665024 -0.070623265265664051 -0.13296161594621653 0.026824793419203935 -0.011366763593451835 0.028579400307485441 0.10000824230330692 0.094693560584122899 -0.06039217073070028 0.070579943463895775 -0.098128206079214297 -0.14977304632524729 0.01829836660047568 -0.083052620469178356 -0.036311030199945915 -0.11726854991126032 0.021769444043107697 -0.12556888868113014
 -0.0044028744706137782 0.028196568179476297 0.14059211667138569 0.00047404745031443554 -0.080625507420098122 -0.031748006176557472 0.014454581938139385 -0.061285795860833624 0.035816061277636958 0.055518886555063658 -0.085684848497505323 -0.11436628058667155 0.052299011349612144 -0.020407706504872974 -0.026640114826574256 0.070558558631431165 -0.014521257238319778 -0.078201494831653451 -0.063834690035865879 -0.084753674947026097 -0.13948591390363177 -0.10050452548357108 0.0045145207375603055 -0.21797437934893782 0.10129087601038632 -0.099671865087577166 0.10040488687748551 -0.11573484630048433 0.068444454487981518 -0.077414849669220284 0.10745054420235067 -0.032374183160231149 0.18402809621989613 -0.010959437159004855 0.031756729321810152 -0.075834979203079383
 0.063201142759714293 -0.027069731375026922 -0.058703214537246154 -0.11179173630257851 0.092417538006356728 0.039429307104932199 -0.023062765876676019 0.057184540471390051 0.14038650292106195 -0.041333194288828756 0.050036043910738029 -0.0010704534798310909 0.14710178982669606 -0.050615676256450963 -0.11054988507422693 -0.10908358365374167 0.10450365642875252 0.12973951272804005 0.074853520616958602 -0.031912927155333996 -0.069688652217691063 0.019700755103579524 0.07980642193267061 -0.12743258552937023 -0.014132645768246415 -0.09346760384833519 -0.11211198934739147 -0.038454117289703375 -0.016981206726078068 -0.08685507255514284 0.10644946151981448 0.038931651797633519 -0.0071935515059153785 -0.026764226358930287 -0.03519315877898143 0.10031984096228416
 0.017166828164800075 -0.053164810085543655 0.12433425012507358 -0.01885802544835545 0.049861467581340815 -0.10956725148432632 -0.10253073773548355 0.19476722301546256 0.010140334796992187 0.11927826549803543 0.034798871550000082 -0.092357616749939836 -0.028121309817371199 -0.059364258084384822 -0.081531082135142374 0.056059409982015973 0.070894589084690027 0.010147924111495604 0.046752753772535904 -0.043095169251944981 -0.14026832375260354 -0.043059852149248568 0.055131963578819131 -0.1129565650804959 -0.076671843000007484 -0.13826831731771913 -0.089115267649029314 -0.10151719456856369 0.073400167065477487 -0.073905843423706097 -0.022467380237537825 -0.094821415977878784 0.024284728834371275 -0.084847339398390231 -0.074908837637106429 0.16376157645107434
