# Created by Octave 6.2.0, Sun Sep 11 02:05:06 2022 GMT <unknown@LAPTOP-P0PV0581>
# name: Theta4
# type: matrix
# rows: 10
# columns: 26
 -0.10862144430769344 -0.11701314897449845 -0.12069963852721018 -0.033656632796167631 -0.0023888462249058804 0.021789955770225182 -0.019656598775741517 0.0050824832404726683 -0.018393226001081234 -0.0083537910784606505 -0.0091370725491256837 -0.085438434919940229 -0.028713684958841398 0.067020526949308809 0.19212070188409638 0.10503106622363667 -0.16041542944577916 0.23917949988541495 -0.10029691329526928 -0.12146323801929315 0.12417660768762753 0.17826253867299571 -0.11753061410630122 0.12172026214922901 -0.067638453511818922 0.034446064074028317
 0.025560537047267951 0.016382383649918446 -0.019417971565851719 0.074743595425702539 -0.030782432331630812 -0.063450713235194536 0.09162955052721336 0.13638217667222155 0.061834713891715465 -0.029470671392451412 -0.074804194932512572 0.092219914139949358 -0.064032622051500773 -0.088120582783894633 0.050684391387953248 0.15985347317808002 -0.047398680248019374 -0.13659500519219672 0.10971380191275446 0.025666336311463343 0.016520629297903641 -0.14850099127254421 0.0039136237274047195 -0.0070964486173676075 -0.197535587817182 0.092125424273610146
 -0.087896672814033114 0.046525362844189129 -0.093165013267041366 0.11934394250759049 -0.15096206762462766 0.064965214149113784 0.17189377548458185 -0.12012942950866667 -0.0059101665690833886 -0.10360210760291991 0.064481786255714796 0.067961098766605596 0.0027570533095622614 -0.037392044528321955 -0.14477370248544391 -0.10948149075035547 0.047049241667142597 0.077325287293200345 0.11583882527412619 -0.19153419731864607 0.023443280577258089 0.029044519385365109 0.13152055569791571 0.037684770671609656 -0.0099633534118621237 -0.089170444875611307
 0.089052015135350437 0.047680728834996855 -0.080966669746355163 -0.04772687350029356 0.27113141843633298 -0.14734780225867944 -0.13226667764655547 0.13256117538626902 -0.13199379205338072 0.090493463814957709 -0.030205339601887676 -0.074288431258124621 0.067000027553840533 -0.037021390782711994 0.14058984785340792 0.075961240463483543 0.17602343075510013 0.084185642097338989 0.071885950101954907 0.084119803391067047 0.066412127248647548 0.0079712650581718995 -0.17424503376497705 -0.036145734726840892 -0.08055203996098835 -0.011000262836996995
 0.10386450283340176 0.039632534243910292 0.080068716313086222 0.217733102721196 -0.10605124840673638 0.035701100248642828 -0.081811973140190869 0.03174248725454288 -0.19626544906193322 -0.17862312174358236 -0.042529038036794316 0.097697605632073234 -0.079947513544530932 -0.0012622535538625208 -0.12303764494488852 -0.021051942145741666 0.10045918520092822 0.12430597574938304 -0.12694370659229609 0.18384257573035015 0.070642868293842087 0.036112805605085473 0.10449218750244831 0.024197049643483383 -0.11272776122784037 -0.13394803064842065
 0.066100204948982097 -0.013302763012378187 -0.12701895310337324 0.19620768569909725 -0.12534737236736387 0.06419280121345039 -0.14898626416832056 0.018902399697359733 -0.089277378731731999 0.070573670652639517 0.30802722373251334 -0.096123683597825735 -0.22005993787360781 -0.01692779951034401 0.030992311945965103 0.021614698410374097 -0.041343634881790256 -0.05250259120918109 -0.099160256279379938 -0.00064193044503937328 -0.034540258591608641 -0.034065418415181105 0.0044687987012514861 -0.10851188586691358 0.096429518247421658 0.019274602796098265
 0.051307748246760501 -0.011356806956015035 0.12807468402292807 -0.037642659802741396 -0.13823862902216624 0.053546431710151755 0.053146812814052223 0.029436896033717786 0.055229342922449916 -0.15946492238278415 -0.097626462796772492 -0.16646437118409158 -0.0088491922474447302 -0.079978316622063436 -0.093892805072318231 -0.076160748922938323 0.1224795555688666 -0.044931331763323819 0.19036721916396573 0.0091649645638560741 0.038894833079939559 0.015710549861883305 -0.13622862266274682 0.02486724195051665 0.10492529612435984 -0.0043792895978731787
 0.007512326084271422 0.0054799478956073251 0.097670357141826689 0.033372138571356527 -0.12728086705913691 0.049325327712921037 -0.11909217183273971 -0.16447876082328441 0.18845027646157791 0.12420553422301379 -0.0057748751129633197 0.12173035891065151 -0.20199503989132686 0.0061103548094189877 0.013044661261830254 0.060691298592529926 -0.080515909995806059 0.010228195557186031 0.0029440244750486319 0.064852251614992876 0.13539202316168342 -0.16033278447937035 0.10268506861588225 -0.023260557387353747 0.15666887557977982 0.084390685251535993
 0.11007277738665479 -0.092215273499269335 -0.067459432982962891 -0.14122688788902762 0.10637169433220084 0.053253585813921103 0.099655855000352025 -0.18090082413291983 -0.026877289542955936 -0.02281136674043871 0.09959081202033114 0.082332501312736381 0.041874430952552402 -0.08212196648595034 0.012226697102350451 -0.099260551976632652 0.31254534028653674 -0.007888690871436916 -0.13770511450611828 -0.025318198797271117 0.087777784452337346 0.09174541255661689 0.1054737196142479 -0.035538816930823947 0.051759416246434098 -0.083923522908783785
 -0.068602186189565456 0.043051148744162715 0.069188695223377783 -0.043550952795035749 0.01508342783919878 0.11468905970886645 0.0045551993405965061 -0.12002364619571836 -0.078149502563573364 0.24599143096046128 0.14329019390898967 -0.23470122706626387 0.018586877580233165 0.00073010880270951619 0.048588455475156674 0.0098466516580335076 -0.018703032072489762 -0.013036129146374973 -0.008796466991685202 0.057538314555460345 -0.025427558242511764 -0.13640229207679172 -0.028079227678696063 -0.068391501085310891 -0.0770030527255402 0.023914384938500816


