# Created by Octave 6.2.0, Sun Sep 11 14:42:47 2022 GMT <unknown@LAPTOP-P0PV0581>
# name: Theta3
# type: matrix
# rows: 45
# columns: 46
 -0.042987359375915961 -0.0029563659154585031 0.023566866823926894 -0.091421423780928004 0.025190120630266214 -0.038660070776541551 0.072632796595050897 -0.12948487351470828 -0.048865637057185378 0.051813964139290493 0.1002492472539642 0.0060670437914878009 -0.016568745851231814 -0.04923266613259282 -0.057622288968646504 0.034317099966657397 0.089314201746664892 0.0068095156387703868 0.062239191005591658 -0.078559440775097564 -0.0018813190511481979 0.017555689639516935 -0.13721818496220681 -0.065372940462555915 -0.13916172278200825 -0.0065908476953115873 0.026814960402515547 0.015032380069383929 0.012893061349198407 -0.093702791436124602 -0.15260744551171518 -0.039394754333601616 0.007293461859093694 0.010401892676438497 0.17559592662359777 0.01131569522677987 0.064594455811123788 -0.18137951576982059 -0.072698170069451271 0.074175725079204127 -0.12689752024938281 -0.029276997703388385 0.18422659265777494 -0.046276195014050323 -0.040386729892119347 -0.0014112227329899556
 0.020467221957639753 -0.072148693847621001 0.10021653017969699 0.070401364931324137 0.039621977355840381 -0.11478525777461772 -0.024957283843147837 0.06193232687821433 0.058091866896255291 -0.065009632124573377 0.018504231243104161 -0.055555572324537075 -0.10668817019486189 -0.11384823810590375 -0.12404501382077927 0.047406593857945691 -0.12693205187415341 0.085458056165945082 -0.0090597671087704595 -0.071707412959279127 0.058395166853555371 -0.13755337055911343 -0.14852817182193692 0.054220504454110745 -0.037025812230247382 0.099265783245037556 0.046298187726888221 -0.00044730561935243181 0.09721031939569974 -0.06341438732469315 0.073843328977417896 0.087730571917585931 -0.12436942068091739 -0.038432220578147033 -0.062043984308986409 0.059437914360515792 -0.1191055132963766 -0.081502560891271378 -0.021048512078012491 -0.0067313228511000052 0.057764955986211751 -0.0031255353131124141 0.11774665583940258 0.014413898725496824 -0.055613238406343427 -0.15142712617318604
 0.070623491830784299 0.034489116158929342 0.028491682718801144 -0.044538781004753919 0.044847583203144269 0.03058989196826558 -0.0030274276546927675 0.039778479965043211 0.045265289449611792 0.060163890335561035 0.049880670360192253 0.078840958670183675 -0.037497877691770314 -0.19017441315249836 -0.050404830545615932 0.059438257993944782 -0.00073081728984861357 0.064387806287215327 -0.078155742897557168 -0.091214321905489795 0.012900071992977932 -0.11070563848153241 -0.14942121652756887 -0.056749442350792816 -0.024956547742738217 -0.062556630177752537 -0.091629221802789318 -0.06245191252369945 0.099416043823960451 -0.076949567289134282 0.0099244956538144594 0.022287777241146674 -0.0015854802061597202 0.032366106775450147 0.053738969778097015 -0.0039346666791048148 0.10626997716669434 -0.042633786770315138 -0.029374387714468618 0.081148461940666744 -0.1117527298869533 -0.045141904781917694 -0.0048715337612552506 0.088788332955283197 0.009887655876581811 -0.11867887446028832
 -0.047217813436103935 0.015197807299568029 -0.12263062550906023 0.010613515282034042 -0.14605242275710426 -0.092851572058947618 0.14820984018369468 -0.19111230204942847 0.080018620712442326 -0.08808177844135362 0.074075640538822804 -0.010138353646427532 0.065551805871582353 0.052063022164551422 0.11762815910371666 -0.10241092242098045 0.079819734061139527 0.07140106996370213 0.063625030883457737 -0.038660653023524796 -0.13816116373646928 -0.11886057172664723 -0.087355180858847942 -0.059857922457070667 -0.088826351759203795 -0.15495724149068638 0.018376301702798165 -0.11373776703853962 0.073017832257216295 0.05298077693372831 0.020829425277097951 0.036486444966783826 -0.15378342182757535 0.0041857273603755213 0.15589096458410451 0.0072114506633050466 -0.054977496821125106 -0.087630742611114656 -0.016942903237807578 0.033675994972531501 -0.045101357312769666 0.014295282650732207 -0.066255005720210286 0.031984540165919131 -0.082513505992513655 -0.031466323844516801
 0.087972068277810775 0.15673038502109685 -0.020396580996910045 0.10440649631686005 -0.076635092119465537 0.012231573186723299 0.038319248254956195 -0.088803851932560809 0.0049955423553319977 0.092422128408395934 0.15208700235210806 -0.041461135328796167 -0.031444666515178958 -0.051444606059129802 0.13184783031309022 -0.13297831377827071 -0.082029679412138873 -0.021610069390653439 -0.054539114990020503 -0.043156242976707011 0.0094260711461253508 -0.092708827364613985 -0.038113920472775509 -0.015519365795759858 -0.070028030872118702 0.06851980982360717 0.07624754281558592 0.054113399525471513 0.031819059050422496 0.068647046172227208 0.11259043104629714 -0.034264051016975161 0.0050560884375629844 -0.12371419605990745 -0.10692158864396882 0.058003693112192986 0.079388723486916501 0.041254506036552875 0.097962784520794724 -0.1282659369684257 0.076891465820504643 -0.066337570983605973 0.054460567705326861 0.014567579679115572 0.0032404193833351119 -0.060919924263951694
 -0.03126505243615723 0.054577578364852594 0.12090789388493244 0.0051160098081391428 0.041367802534266113 -0.039973723957144748 -0.10873329778069489 0.032752320433040029 0.1866095632103966 -0.044320249988648613 -0.17135477901561982 -0.044506449339044893 -0.10094725967933939 0.02768150814162107 -0.0019457417723172062 -0.08415231280907913 0.023682989029983288 -0.011927644942151844 0.03336442545846996 0.036225162084804939 -0.024835859111306622 0.014344369530600651 -0.12717851170577543 -0.020176422080083647 0.14378576887761108 -0.03115759855732721 0.06252334200448971 0.11755207726416446 0.031359691305962376 0.14072490920726716 0.1047349923231622 0.03032236227242744 0.085381259033807694 0.1731786425613078 -0.07604588311878073 -0.025963837453730401 0.0023297137477845406 -0.064819125833303334 0.048983107655448201 -0.14021291777525224 0.052331860978847622 0.019665086983494118 -0.075524555963034007 -0.024141650871462531 -0.20464339066249379 0.090992153230757128
 -0.025608939958027991 -0.098318987844253802 -0.092701677517807682 -0.12312533096364707 -0.088999297111740289 -0.0078703849876832956 -0.049387737476785418 -0.026066778054647601 0.01668815289150841 -0.056607813273228259 -0.054036981475624572 -0.13058855174886952 -0.048788483320832465 0.045588070339388262 0.055675207406019146 -0.053586232144104191 -0.062158286048958254 -0.051157199050701312 0.05192516404601296 -0.05896269572058617 -0.085515404124595532 -0.037137836914719932 -0.016612258295598849 -0.059052462814755166 0.08968088049541352 -0.063185518034711785 -0.090442743302758741 0.090568611643717364 -0.10053466342331792 -0.12254181628511777 0.062966800469046666 -0.030237988820794863 -0.080030810898842869 0.032138205565948291 -0.073506716590808568 -0.1072382687703604 0.093356824983519798 -0.03045142366926264 -0.038864015807414054 -0.076714556771326894 0.1288029948285826 0.097127533511483718 -0.14897051722416366 -0.062163413124939108 -0.003125580887355824 -0.028432385006453655
 0.018569934790771084 0.059326413082961493 -0.0092542665434783185 0.08345049478906956 -0.12102043671647543 0.0027239719112021913 0.085689477664209451 -0.057589561531175136 -0.089101676553814055 -0.18515254235893872 0.0095345823191911733 -0.080039527430844845 0.12672596011123749 -0.055281682370638338 -0.14497283346459158 -0.1447095944871116 0.0073585075046343805 -0.023508475861547393 0.12140013395060285 0.085416827093434733 -0.036561915311590948 -0.042221703392545239 0.026096580573080643 0.095600121210774533 0.036653570384884981 0.0092090074166813283 -0.033187525542223227 0.0067290095504243764 -0.089527241367214724 -0.11611584098509381 -0.042696564484437531 0.17937025350995286 0.14087063207479575 0.0023009474029172514 0.028145999779280131 -0.16428295609201804 -0.10966061164468972 -0.015012720069618766 0.12374028619199472 0.007872932804356015 -0.03408368848154758 0.091805946726539606 -0.020435254621718076 -0.067763460975364412 0.090901256252887697 0.02711359933673118
