# Created by Octave 6.2.0, Sun Sep 11 14:29:34 2022 GMT <unknown@LAPTOP-P0PV0581>
# name: Theta3
# type: matrix
# rows: 45
# columns: 46
 -0.080160030958585107 0.0058215151659574875 -0.054144007871580933 0.056092295785576222 0.11711838003268911 -0.079798532044597956 -0.049371732998665797 -0.12471793532246539 -0.048027875408422654 0.066152566619718245 0.086549671082252477 0.087493722882585917 0.084126926624372003 0.11560235148035274 -0.099465080267450198 0.0018625968081205306 0.056199901079757184 -0.058152418275479997 -0.012737519986667781 -0.12890723175926616 0.0074678015849781315 -0.03649568218173365 0.021489034434648419 -0.011291736261769261 0.047730535684959038 -0.032086956586668131 0.071774734388474079 -0.071899094767469057 -0.061266628677470812 -0.13729414772621265 -0.046620696463054785 -0.033267832009902937 -0.1287030842676333 -0.091007752148377474 0.097378109747158395 -0.047065500983047681 -0.14276331987607715 0.0078112978328316474 0.11294325078678837 -0.060793453360100252 -0.051614737404687257 0.075538174792167845 0.017945503235186334 -0.061244157383232113 -0.037882679321020719 -0.078030212971655744
 -0.027933765926810107 0.076701916686410965 0.16068796665521864 0.071537623224039892 -0.12361088595963583 0.057737864572275206 -0.02193608955787547 0.050525185012793614 -0.069450584594716633 -0.024626812655041738 0.085555880127206579 0.033596084509479367 0.062368015412718462 0.039463393154596779 0.09096096854152208 -0.10134548743155454 -0.12336445776541588 -0.0074613994778513762 -0.019622427108800321 -0.038104174941457174 -0.062314776230571071 0.032937104453331194 -0.12363833571302078 -0.12943921112299758 -0.052786985309241835 0.012662391282643747 0.090956398097526675 -0.049650968499263488 -0.061210235634784754 0.012586044555544114 -0.077431342697389605 -0.077215172947414895 -0.067654021830219707 0.084247368037507958 -0.100699678013591 0.084466014668530098 -0.061431489357705628 -0.044132716793443855 -0.12607008244917223 0.099399183251474788 -0.06504909588658403 -0.0090097640877417392 -0.059544333850355631 -0.020096867492809489 0.079486202876197287 -0.10035880083205224
 -0.092523607587392559 0.056959059916069123 -0.13411960016007071 0.0048290228643435244 -0.018094330766094808 0.11178643087744562 -0.045244329201757333 -0.020102081926667865 -0.078856377596240201 -0.067115273980300955 0.023267500323233201 -0.0042293379868942474 0.024383572762422961 -0.0062800897059310246 0.043105544113821927 0.091751056189699323 0.094536874215566502 0.067207795953011878 -0.032941596441881112 -0.017522545414578979 -0.056202335152222678 0.1342518415523084 0.028664521903888296 -0.064277813867254688 0.070030220854399125 -0.14435468372437493 0.018873164805466872 0.077310880965186041 -0.0010998936363838393 -0.017928932205693974 -0.07819179063207457 -0.14249676775955242 -0.049460579994368273 -0.073990354108653567 0.00018234048947363482 -0.10431932677086259 0.012958976148204794 -0.15449800339052597 0.12545604789814341 0.18128687771271706 -0.04947391191359455 0.045156582776164654 0.052443772238958804 0.0018800059332574417 -0.0046801720181140092 -0.082623633737024887
 -0.096466968525741811 0.10502371247003747 -0.015066064644030137 -0.075167943944391885 -0.058022975888370229 0.030951170267620769 -0.010556287948601063 -0.098006472853849794 0.12963049632983348 -0.12278248340945314 -0.0026545225085693432 -0.0089508115311146465 0.079857804008703057 -0.064188660861476912 0.059957789923084662 0.10447142244502705 -0.053140102023386961 -0.045525969931187488 -0.078066024643427087 0.14494034500353448 -0.030293098965580204 -0.083308252121391396 -0.0081024902156771848 0.037135711132343825 0.12359996703739279 -0.062502688902630679 0.04465329019964074 0.12163609370157002 0.015135356406996777 0.12331016094021847 0.081737030153936546 -0.066674985882258175 -0.10080447615097626 0.087572427168786993 0.053005623288563716 0.013260869901228801 -0.020371388311302217 -0.074074782376349749 -0.0075354969957834098 -0.11892597066880466 0.10397891125703798 -0.1175669764171839 -0.10329203274821822 0.014909862196218107 0.02292294360031797 0.078620124298811461
 -0.067223925546851651 0.077376127793517976 0.063393504642141593 -0.15394340438126061 -0.02584004238818538 0.10225014851235376 0.07595812329481505 -0.18729394618323961 0.10927537337354899 -0.0042857987013203694 -0.0084229265458695933 0.081038957619777696 -0.051121486823292567 -0.079132582426743286 -0.002598462290347063 -0.030062863143601924 -0.14732905247055214 0.0061291416446299608 0.071627489649838311 -0.051491722900796302 -0.082105609065863075 -0.094294870141332462 0.02256464798503572 -0.0069451547502252763 0.062906236338288374 -0.10650873479570599 0.080710741912548942 0.14502429339888526 0.094645893798182931 0.12384571388165438 0.061894404091745216 -0.048536320494525102 0.0088603512169385199 -0.022887498687656563 -0.078645944266829748 0.094308942799997839 -0.094189238157446509 -0.097223433505843157 0.052648788898074561 -0.10543844062003808 0.085258088178624569 0.12481922701149402 -0.037341855130841324 -0.1462243391478549 -0.029460000060630424 -0.011402609229096958
 0.079509136493107188 -0.022172347265728282 0.14450590793552748 0.032874318959910255 0.12838848462048025 -0.10196908715727743 0.067070841776300627 -0.081970315875178432 -0.062134645695860642 0.054137423520950662 0.082865104743156198 -0.050217689129519162 0.10724967848133141 0.024012921536885529 -0.057107662459560143 -0.10447512378253798 -0.026584789175670413 0.0012636873827698775 0.10565630210428793 -0.087892594954526185 -0.10267405080925443 -0.16143513160173736 0.010087784606227966 0.082701036094389599 -0.096025341292828928 0.029273428741983725 -0.14024253393100847 0.0090209359017841481 0.10009498943789064 0.012964726824650566 -0.13581171010989154 -0.095683545413866214 0.043717761108300696 -0.04202976734141689 0.06305255754584238 -0.051944172725295279 -0.049632079060493176 -0.016570476845749454 -0.050690639954855246 0.0051252738734887636 0.21036681776603092 -0.012336426562458267 -0.098983890055918122 -0.14639037324546991 -0.00043998445037360184 0.021116474997000544
 -0.10168445056829188 0.10726788156904549 -0.056212095369247678 0.17065778550174518 -0.030329525942936114 -0.14109456694011943 -0.010317681348669566 0.030385746755682015 -0.073356777015306837 -0.13374355000929655 0.10664978221537075 -0.054457199275623529 -0.10357449325767391 -0.021800169184876889 0.036053943362287129 -0.019487612172370706 -0.014073539147648318 0.030621940327043854 0.0007385940981505868 0.024296726192015828 -0.034938380351208637 -0.022715253394214627 -0.11174937650404272 0.061790327239100024 0.039400992357578497 0.08376510621432412 -0.058006365991138412 -0.027079002171923147 -0.093944085593411164 0.020670925274865682 0.066428265217566548 -0.036113879723571045 0.10781060171747832 0.063532341493327316 -0.065156888633453522 -0.047913758466510303 -0.046804998446444111 0.11075195548745431 0.038192086557109046 0.078303505527193187 -0.11736504023311217 0.0062416242364752026 -0.096817818416258236 -0.013742448562085995 0.15083574342401024 -0.087314891228962022
 -0.012184996322026801 -0.060649859381733041 0.042691558175490571 0.038507468670267365 -0.052899677573628963 -0.055499753763784208 0.1479041047662939 0.060747806493902448 -0.050274190753313082 -0.17468729830803637 -0.018511298336095657 0.10239474946978719 -0.038263997913945781 0.1427977784217713 -0.0084307892660461427 -0.064084529654973646 0.027972205906966332 0.015064318820527606 0.0023094891740529861 0.073198951900653925 0.066078415792841655 -0.12711454976247241 -0.014018882480949598 0.057881129179652692 0.02756018826845941 -0.019593175243554035 0.10453837588216486 0.12362742328644925 0.062553624376614603 0.084709068799171366 -0.077727149958442224 0.13238754265922187 -0.04012870179790462 0.066534874702187122 -0.045145699102536539 -0.070134531048520951 -0.144158095347003 -0.035297508372410594 0.081901845590676925 0.033637324213598455 0.067485328164455238 -0.012011686636381762 0.077620587529044313 0.0062915388322631501 0.01261977366994003 -0.00084802993368564793
