# Created by Octave 6.2.0, Sun Sep 11 01:28:16 2022 GMT <unknown@LAPTOP-P0PV0581>
# name: Theta4
# type: matrix
# rows: 10
# columns: 16
 0.07971382169628384 -0.087444921330001979 0.027581308574266883 0.015468571869775705 -0.065066940466505088 -0.037198676362204801 0.0096629718609638482 0.0094488721003134907 0.19731981104641796 -0.16428928356465305 -0.12710248945554017 0.19581659134769422 0.1143787248125322 0.052580659354694984 0.1329030601696897 -0.19554380337765861
 -0.22165847603566563 0.14519484616807105 -0.17641182782707973 0.034002746704645176 -0.13110808510565489 -0.00075343746149727489 -0.073647053390498263 0.078073259408578774 0.040336260660721768 -0.092011832465151627 -0.092468078447008425 -0.11455878680603954 -0.16171922134070307 -0.071918771276556173 0.055082268433511439 0.10522122233761569
 -0.13237193975596145 0.086702096379309507 0.19687030408226666 -0.033634362147411515 0.21718676784751609 0.044320932390430744 0.073932899519128514 -0.030642181947195691 0.015490002240992855 0.14545369711144082 0.088590670696200649 -0.15977568805811329 -0.2051627467577728 -0.11353935525423389 0.042009095027782925 -0.16493408629350054
 -0.11269671283987129 0.063874601643727116 0.080200250211109575 -0.040633235569262703 -0.12416472165428001 -0.078668499210667014 -0.23725598600060238 -0.10515786999452159 -0.075464893943618952 -0.047539199281626025 0.12504094595714366 -0.064464922888032988 0.17616049260713246 -0.070077610655586015 0.046594039143417955 0.026605239635773863
 0.12773272126399199 0.082585988073058725 0.20222584781739142 -0.0714174364528226 0.037534888240056637 0.023772509125493654 -0.015830754371916989 0.15730983582117586 -0.010948902065241061 0.15022165758412739 0.019853396374961578 0.049624234102924068 0.018839627456721828 -0.0077451515222166332 -0.21417723932755153 -0.096409773537797283
 0.057491880166218451 0.014027114310864772 -0.0046478936089980102 -0.013591113364657851 -0.031455531094285311 -0.0029034308040854612 0.18730433113534126 -0.0057565738302716571 -0.1018336938597624 -0.2253437674297096 -0.00022440195182274919 0.11231346823363049 -0.026874963132543297 0.017935143553178268 -0.080988210837158639 0.23116511879463297
 0.01577617268262985 -0.085407378616369489 -0.10189161173155376 0.29915801931116193 -0.093500970821058946 -0.016197825547507979 -0.12384550308267959 0.22513040735526593 0.1672291492925444 -0.00037049553471607652 -0.0086232091083344228 -0.092563494466334981 -0.046059065722958994 0.018025943616063536 -0.070833363423724954 -0.14699570130824358
 -0.087335917675586724 0.083660741880961703 -0.088471227347311665 -0.13616196207250397 -0.11432284893416907 0.068103935400203736 0.13585404615620969 -0.03083260557914394 0.068512236198198601 0.14812086932803167 -0.092683835290285593 0.10046219411778683 0.0079600482530113766 0.05445722307741984 -0.062609985231600218 -0.14829181973998737
 -0.086644174638966412 -0.071290128139413586 0.0079122445695583039 0.014507224671426507 -0.085473862657836672 -0.044235537105975824 -0.011721618918278455 -0.12861854457330238 -0.17340524877836469 0.22336421034950782 -0.19785608231295446 -0.058057563965382655 0.15592771636255548 -0.0014182704244191211 -0.021011329178225777 -0.093481730332358112
 0.0055461085788655684 -0.13030460790602011 -0.12124463286299005 -0.07957365676813212 0.11684415280378595 -0.031204956467833309 0.11256657904650012 0.10100773686992998 -0.03680952230678558 -0.11192659784090844 0.00092174559634766913 -0.037096957859275886 0.042106984862524947 -0.041383196931483672 0.19014795917951285 0.041001154541954139


