# Created by Octave 6.2.0, Sun Sep 11 01:59:34 2022 GMT <unknown@LAPTOP-P0PV0581>
# name: Theta4
# type: matrix
# rows: 10
# columns: 16
 -0.052841824557180957 -0.11652868587090952 0.080760554429258058 -0.0064700741800657845 -0.036404917327908286 0.093533940949774921 0.16438044860705858 0.1061575754005762 -0.094826614736775644 -0.029143930317388107 -0.11160484417321907 -0.014096300826776969 0.074707156382519277 0.031695743378601447 0.046484346197918837 0.045721722995113921
 -0.0010256025705601365 0.079112975340211222 -0.034666473137088691 -0.0205245669546055 0.064969718310331687 -0.011913185039454145 0.050884404220452359 -0.044651177574972251 -0.070396268535783263 0.054908217975373444 0.0038764320879539392 0.035791246593942554 0.11004098328533052 -0.17534484027666297 0.10708740903234863 0.1448711526383932
 0.066208960301148104 -0.1665508353096514 -0.024672006868534432 0.044298604442255356 0.082220864763161289 -0.093074780231982651 -0.10945452496371304 -0.0080247082486569685 0.081722603713652281 -0.1060589480481685 0.0368339146402617 0.18627380608759819 0.091838122069073228 0.056181429196464551 0.031888563097302709 0.050232566096410435
 -0.0034096216657116367 0.11245665672680968 -0.058017538835409811 0.16392832443892014 0.07593114025196615 0.035428532740547636 -0.15977270677327554 0.19937673194144298 0.013616715655095745 -0.029429011343965333 0.049563650083226482 -0.14423088588029917 -0.055817539631547522 -0.096091565426796283 0.020536082353355582 -0.072789419130613792
 0.064214971810005073 -0.085060339038588201 0.030751176945545914 -0.072506025534856078 0.028639805093306325 -0.033855512231512279 0.10270643384167945 -0.071864352473447524 -0.065504600049667322 -0.11196483062248481 -0.034267506527683803 -0.08876757610726238 0.0067762667049402845 0.31960917189451277 -0.032769174088981085 0.053431870217540374
 -0.068997628388951779 0.06796257841948114 0.036986512132027777 0.24327180929668629 -0.030171398982208095 0.0038190824626286161 0.04839750527563004 0.02680964152351803 -0.019314508354037214 -0.05428886757511045 0.096810501271893529 -0.24146191642119108 -0.062745154014929416 0.015766492617945316 -0.1553203242122925 -0.096870387498855265
 0.016944703691107059 0.072718342821526727 -0.072781033443355597 -0.05911056229680417 -0.021738158265836423 0.041625897325312154 -0.05197513713439126 0.11241970864144607 -0.13287330816893886 -0.06400341026561561 0.085496351243256621 0.06874756498357093 0.040516126976968166 -0.20155661137132647 0.21310616078402117 0.14942207885249911
 -0.040179542486269405 -0.038669041707249212 0.03545016488011888 0.057301348777812025 -0.032270082913645678 -0.059653329850795252 -0.048336200350293818 -0.076942471003814628 -0.039979994487744752 0.025170688523151755 -0.082347392600138125 -0.089042692464612549 -0.11973627176625137 -0.014739750541213147 0.08806739542662291 0.052579325065897277
 -0.083958410900306091 0.069762953074058817 -0.025411895170411824 0.12782281465882908 -0.22111714457272089 -0.0891899284690095 -0.15151492590356222 0.12194783103498837 -0.052674283529394413 -0.00015652170307337796 -0.026895837737483438 -0.08413500975855695 0.019194491463154183 -0.065350819224412798 0.11085935010668788 -0.16127983765418083
 -0.0267080975949372 0.092323602346239944 -0.0056316873329202988 -0.014257284017953464 0.074636865260371971 -0.0038047042006756513 -0.050364582696185177 -0.019606589705527071 -0.086632536813415595 0.088549131395870909 0.034592398402472198 -0.059831924811858894 -0.080458481068692661 0.075782132195164414 -0.053246987178911409 -0.067783406843370794


