# Created by Octave 6.2.0, Sun Sep 11 02:05:06 2022 GMT <unknown@LAPTOP-P0PV0581>
# name: Theta2
# type: matrix
# rows: 25
# columns: 26
 0.025362394466589552 -0.038004261037773553 0.054068093684619033 -0.079052567920415512 0.0065161481231342687 -0.0044177766733826482 -0.16122467426553833 0.08788593384455648 -0.10094896873067048 0.087197878322749875 0.015090887916036711 -0.075729166631460162 0.15132753577065211 0.027657840879682403 -0.071722496371915578 0.055872924359050925 -0.052809075681462918 0.071143957010919578 0.067915424416049683 0.10075034545882249 -0.0047819116661894749 -0.047718579842771426 -0.093709188645623581 -0.13358098529501827 0.12127631708616167 -0.057514719886798384
 0.017245640544658471 0.0072287213015712424 -0.027699074281239754 -0.05125412735510175 -0.1253473689267178 0.23728290497476126 0.010433473622018862 -0.065217803579510278 -0.0052412401915940821 -0.0096109186358634795 -0.12256787782342533 0.12511782604000013 0.11893369772657839 -0.027037486949502726 0.017980691091845084 -0.069931824585369382 -0.012254899335418654 0.024062126579899021 -0.091126340644022183 0.13432756296404094 -0.072616556680307531 -0.066035901485882731 0.11249102997966758 -0.18018819811099382 -0.022552155460633092 0.026485721634239633
 -0.047133925849011209 -0.11178524104543801 -0.035519565962650095 -0.17344941026041283 0.10585433470036289 -0.072467143191121491 0.02385504341251319 0.074487083838991733 0.028829245938843069 0.047237986395813732 -0.11151282503693488 -0.010247387293765932 -0.042658367172667078 -0.18243424879677156 0.12062591463296887 -0.011639268602504783 0.020095252718074951 -0.035125387305783441 0.048802690692898547 -0.043682600848316586 -0.010408009651482903 0.024945261257114069 -0.13491894394682305 0.015888595170991889 -0.045866506371507777 -0.067047989370120312
 0.1099310453478048 -0.056882309509409062 0.0045032361361878803 0.0011951701319093768 0.06266261962931248 0.14767980419999016 -0.041795854261663649 -0.10501771658833825 0.016339343007922832 -0.023594120523869357 0.088228245800832245 -0.011256650851950345 -0.045152279536299737 0.10728853777138074 0.027078239648021203 -0.038908045486560856 0.094933178451452771 0.050604065815219854 0.043439263496388679 0.21403599909004808 0.047457063266678888 0.0033003609306932655 0.18699273393389437 -0.0039958876716315707 -0.01138545609541847 -0.13520166222033761
 -0.11050742943410743 0.15454001512994317 0.078505315250519139 -0.081250008925489323 -0.068586389822404406 -0.044351676757380699 -0.030173666730610903 -0.0027844062699071007 0.056297398298999976 0.11417124154114401 0.053631956932131991 -0.081843614328678371 -0.1523820411879061 -0.16077807353362125 0.13350992799065814 -0.0862608274681817 0.016367400789798887 -0.10986813623585048 0.10637482351273558 -0.063626811909048397 -0.13246772243833169 0.00055646070660587586 -0.071147839634041185 0.076049328346654857 0.0690832789927011 -0.063927045815101932
 -0.058161633068054511 0.090805655066525409 0.13596523894688708 0.11447848770706126 0.015245488763054614 0.013412477717446246 0.15493880437694851 -0.034423153972963229 -0.010340489548148446 0.024413510160607395 0.066121405725542551 0.11536511068889951 -0.055162150013933722 -0.053499703467253981 -0.044976431599129084 0.12214017435657376 -0.12486544282456893 0.0032132831963078709 0.24823107106994965 0.030511162080066347 0.014907293045545252 -0.018228361824190673 0.21154275663000036 -0.12995976834312273 -0.053291339843288807 0.072195830327381125
 -0.069528902013689789 0.10355761848790127 -0.15081578688566508 0.058068883673464453 0.0092541525396515768 0.078312531149314787 -0.012569097461729623 0.081239586439960113 -0.069632541556573002 0.090032603168933314 -0.012706213560115137 -0.12996160654530159 0.022646051128257651 0.14620833096963159 -0.13743116910709541 0.12823485632213164 0.098564455059777775 -0.07195520905411272 0.047678459250351503 0.01686277481355012 0.011188111305724164 -0.01394045068448886 0.058349886412880664 0.0006864283545035797 -0.074638974855969931 0.11197097215466636
 -0.10836360829708072 0.045266776451682707 -0.056242146229418484 -0.12957634330522455 -0.11132261804202694 0.060853625887387158 0.0053555067845602539 0.16277635272128055 0.058942401266992982 0.054237534092529648 -0.064949234459823452 -0.14234021554553283 0.086324457896289605 0.0522065733226263 -0.15899463029946892 0.06647363071495363 0.068009330427633102 -0.10233367025233731 0.035162542221495389 -0.012734160282848715 -0.091104671557200492 0.10489554844697727 0.084506478548742991 0.08590140063226101 -0.04610828668284106 0.1340745846058245
 -0.104016615580334 0.0098029473688522901 -0.028284793761603363 -0.03656560199334568 -0.15096720092561039 -0.073079467416258453 0.048673258579179313 -0.089981095684053658 0.037241997135579553 0.0082147077328163596 -0.16681661033328485 0.085788970517055071 -0.10203405048470456 0.075375064503701378 0.047080677400379523 -0.030946641029529581 0.086213720611142297 -0.050882233367030266 -0.064191861149634141 0.011198320670068223 -0.079313586093040941 -0.011743033728891749 -0.082595920572279713 -0.055155579016390635 0.029271816127941681 -0.08720993470117383
 0.037217057801463997 -0.065461672671004056 -0.0082906791100492757 0.074125347978667322 0.017506326462125486 -0.075548730676202019 0.021260219782027367 -0.11360548022619685 0.05501728413132987 -0.063563210227273986 -0.16250896416794411 0.030475582680632333 -0.02521528450382398 -0.092067142457781276 -0.0070722831854675636 0.093401467076747555 -0.14038497410866363 -0.048812361758827374 0.043516572975983929 0.016956631502758834 0.068831760017280294 0.0092961600454915579 -0.079344180168974585 0.063294494893772674 -0.016141021541702473 0.038272959820164563
 0.040376920633691964 0.11366951154334891 0.075544093088518158 0.028399125722217596 -0.1430405770745769 0.09080744259023911 0.090050269770042338 -0.049141815121391992 0.20224085494624838 0.094953793517247143 -0.0061074730400044871 -0.067350260607392451 0.089420539803758525 -0.0090560118173235657 -0.079909867480171703 -0.069567307803674983 -0.0019230719188717987 0.0030118975450224702 0.073398682230962159 0.020176593772414316 -0.0063670650014653451 0.033723082202147717 -0.085683923164183412 0.032337050273500922 -0.097081098140811201 -0.027226702869893451
 0.10571625422895767 -0.053218256686400997 -0.045075057999328191 0.12336151915667186 0.014011355514937918 -0.053612590254117923 0.043908695439112924 -0.049907053503303801 -0.060266288335123451 -0.060017878585488245 -0.042988305840133793 -0.11851617331229521 -0.073827117187940161 0.019398255842678291 0.0056414059291234279 0.0097048693640321877 0.022933503650698704 0.017436504529559263 -0.0024293019735254274 -0.13280908194971963 -0.031158642463496079 -0.074774364236124033 -0.061592524303970705 0.11764850846354358 0.0063891623901600877 0.091774694302464016
 -0.11256820886950426 -0.015349276454048768 0.037111708348356282 0.010652340824093144 0.22334144415708695 -0.082056108404842579 -0.03762924250152614 0.054610333039914846 -0.056212846036445198 -0.043886510836225245 -0.11807948636204847 -0.061469668515252679 -0.011602594748629397 -0.066802754877014189 0.022541140789732201 -0.19390402490941569 0.15231135009375774 -0.090342113893560644 0.030587136383214787 0.045676693730543186 -0.03959623971499307 -0.044982532582465949 -0.025009900916018995 0.11556687151995465 0.070349981131411971 0.2121606633874466
 0.06131156094536002 0.18974973197440434 -0.062270173884483367 0.081685398719893623 0.091525909996386837 -0.14991893753207577 0.048080231907393634 -0.11465004893845994 -0.084684924311762333 -0.14517563244637333 -0.01316848795207722 0.061978285427433222 0.040826779840941282 -0.040143192913325368 -0.048452696410802278 -0.11503074507857439 -0.12504033072282536 0.0085293057971951147 0.0025590626715501536 -0.1692979282870419 0.014783792701990187 -0.1350472090632738 -0.21983097777107763 -0.13682467162738418 -0.059643475329072382 -0.036434916898730088
