# Created by Octave 6.2.0, Sun Sep 11 01:59:12 2022 GMT <unknown@LAPTOP-P0PV0581>
# name: Theta2
# type: matrix
# rows: 25
# columns: 26
 -0.0034922027011570645 0.022730538629288838 0.040465367593193302 -0.0092097842285467166 0.097962405539118058 -0.017983040276799287 0.1502239559893615 -0.062457296666093093 0.020383398565466167 -0.084474168744477773 -0.072919050715943415 0.066042907567625569 -0.10234793973135878 0.09407922347826439 0.047404144202211368 -0.093433409515461779 0.16023883660003238 -0.077656154224559834 0.045412242002748696 -0.082784882052861677 -0.0068706299423485669 0.037677463700381067 0.15226443829628561 -0.12987002357438282 -0.026886770267416035 -0.046586564248069631
 -0.10306422361888827 0.09022765531082691 -0.12569676382415737 -0.044942078341912529 -0.073897451235438463 -0.00077998061361174453 0.073089627679072844 -0.12848202983328483 -0.029517079265228445 -0.012801257888697548 -0.18893223233117881 -0.071442003353436576 -0.025942673133276316 0.1883780650725092 -0.079252900948681426 0.066978400544008804 0.012771633366508363 -0.02632413367921008 0.061079081394012524 -0.037780044872698655 0.069317294995760892 -0.010467422237751104 0.01288029763145666 -0.071788595373806247 0.0087801489885415279 -0.0024996421048630864
 0.085221782766595075 0.098225168161679685 -0.01763857384450895 0.006434647690767909 -0.0046874569082537487 0.0051669372536282511 0.0052504661711500677 0.10744497857885681 0.013959961201463389 0.018200216663028925 0.084267856641313532 -0.13898040014335772 0.10889390367507307 0.10272765133304312 0.049908776783341532 0.024127789106305132 -0.057329131567535441 -0.068233759906982314 -0.00011480855613796756 0.093908918118646462 0.0046974179918468206 0.018538882503081999 -0.017127790439036179 0.13268562556509891 -0.023509807855399838 -0.10144352552609527
 0.0068308853466271116 -0.032358234842705468 -0.14558139787627108 0.072960538324598118 0.088683054307979806 0.052590734889375067 -0.12911261540430027 -0.01990545941824047 0.02932881126637131 -0.027272267602555453 -0.067465001007145781 0.019301362045583057 -0.061309146512949851 -0.046560213687220617 0.12627343940406488 -0.050230148004341287 0.037833608244002094 0.12337287074100309 0.074356748764772607 0.052911277121452806 0.035094069283031507 -0.041920810362125381 0.032722286036335521 0.0050776514217088856 -0.030145523220554315 -0.084596232039656619
 0.065594969975776116 0.082477567485831987 -0.13825385573867385 -0.05029768641254663 -0.073999080567990524 -0.038484562446909551 0.075885613761914952 0.021836614323970445 0.1204525731719325 0.021721855696704862 -0.11372655244979321 -0.016427518512613631 0.073960515094230544 -0.12316921192988575 0.10330713545947215 0.015907338618372711 0.084621391635159221 -0.051179193749653712 -0.028236906863492325 0.062389849947073001 -0.084020179695631109 -0.014185929850874067 0.10207530156236388 0.009988103189769235 0.145151166647111 0.10116365700469546
 0.026414993112904565 -0.017318828930597732 0.046198683427729301 0.084961472894557341 0.10262341177303537 -0.06652221292405433 0.020813353892450259 0.03901389132825564 0.013590780805166217 0.051731700752710552 0.19100438129809683 0.057646933401248712 0.066757461412720306 0.0063824741752779328 -0.072818705148404439 0.034550738842163822 0.065036873766951997 0.043521194377304964 0.075928938113340894 -0.030384545131765951 -0.021804799427704157 -0.18857082898888641 0.087915370630240838 0.032605406769639966 0.11388426417868945 0.066896251519921124
 0.017520214018331204 0.025061634743283205 0.051490720333409692 -0.03654963403721604 -0.065367068878694715 -0.05597949540190239 -0.022712521937427097 -0.095688356415598932 0.094956011829225903 -0.089027403786957948 -0.01617139415559293 -0.02635569346092391 -0.10471642882863288 0.065317431536811993 -0.034423190810358245 -0.077008281181108626 -0.056329862326413412 0.062630015615056461 0.057286175775394396 -0.10563076464492233 0.032763708859582498 -0.026145740324299248 -0.096683102434434037 -0.034538858501268865 0.016961014387150728 0.040151053399803911
 -0.074475515828119995 0.00068750503978520165 0.05600055163437611 0.050727744555413172 0.081396895583774206 -0.051150100852883122 0.0090231459368964543 0.08683051523030437 0.11712379131543603 0.10775028782010584 -0.094910127030090746 -0.0019620894951610231 0.080078984387879859 -0.07364170102639267 0.022574214889134872 0.02086685994930592 -0.068956208846138525 0.018085512791764676 0.095135239902446392 0.1148979446094554 0.0029168693878603678 0.13510632827544586 -0.047260589480763997 -0.05252623492085632 0.044787426588226563 0.026327319521549347
 -0.0058504626595109093 0.11430317296095245 0.069500644009150875 -0.074896327145878475 -0.054121351331993112 0.034031710733330493 -0.085835502199159142 0.024289311021952597 -0.015241224298756215 -0.11442655695861813 0.10317703786712713 -0.0059349367344191601 -0.0095871365892436188 -0.10320336534881457 0.053286728224256827 0.11755627250860068 0.16036978378013708 0.036492092037772726 0.079987232692083604 0.010308314701239612 0.032947694441187704 -0.066413655968999272 0.050764955623876326 0.079742733654635953 -0.040501550787699542 0.080160051264833165
 0.050299928269439721 0.059135200394473772 -0.022823064713689424 -0.018608726034176553 -0.032800421665427501 -0.073103788942838574 0.048059861016030769 0.02570623780931976 0.10229609479268409 -0.10954476014015441 -0.056037664706807676 -0.069775218119587298 0.082361046945995678 0.026028639234418807 0.0030627218472598153 -0.0092322855806279518 -0.11679994023752038 -0.042382492479650632 -0.061288416715547307 -0.092080448643672014 -0.10958094177740239 -0.017352914527280439 -0.050359578102385463 -0.042107469439263571 0.060248435539894021 0.00044172795055906087
 -0.028622080653569019 -0.10207403435842692 0.050022900272334817 0.10277218301031651 0.050858434457873046 0.041066791480710241 -0.00089485625784650551 -0.093042657701977297 -0.038755051782106843 0.17495582783356775 -0.063934492224038145 0.057925978380483176 0.053546833518990464 -0.13330065570356725 0.016578351556172148 -0.019139539932251429 0.1241131195162138 0.021839390367792498 0.055280728617561378 0.0051133177828998249 -0.059768128191152341 0.0353316938970707 -0.050613491557140539 -0.10404498229844035 0.059764076841095227 0.042629328296475366
 0.070028503622397764 -0.03715583996823596 0.082316988191667481 -0.0050893788396644043 -0.021807065609801356 0.067368490084749863 -0.068387902141025109 0.025932030243901921 -0.060763781462047153 0.032555217125542435 -0.057973185295634583 -0.078614740682674197 -0.059110124172261545 0.034724815053606604 -0.054368175135763981 0.15098241905207824 0.084822799430685519 -0.048277401635694474 -0.14320142883421286 -0.074397535724973027 -0.016176967786635337 -0.11303053601205801 0.022008369361757561 0.0091005057351525795 -0.00015749684315468395 -0.012249474176019692
 -0.070230754130115078 0.11247388765707876 -0.0047216489518993885 0.001852141493252524 -0.027658520772736353 -0.078525335145486749 0.20844987015356192 0.14187982496056814 -0.058761956550781119 -0.12022223387121646 0.050307751813732669 0.14890425821511541 -0.021502850993452442 -0.12332126989165924 -0.062773723720075503 0.14061795988553183 -0.016066992188709033 0.047846274612936016 -0.064191693976291278 0.05141300267716762 0.039394374761136573 0.05686538742934074 0.065116997158388618 0.069171184187962573 0.044603513516380269 0.058582370235151997
 -0.088756311044328462 -0.037228715531097752 0.064311639259649084 0.061518179796259585 0.0083592338947897186 0.039389452033560618 0.16450912866239834 -0.095573154151233672 -0.12999915682359089 -0.13590863601785136 -0.06954764110515084 -0.065771091058328346 -0.031402665966048043 -0.08363880731967438 0.051233218280349706 -0.012216551431942507 -0.12285130989767107 0.045771483130395113 0.051379558623852219 -0.165883075478367 0.012870277044487583 0.048731818136669838 -0.066848077982381696 0.024681281033530175 0.021596228827586404 -0.053333415981190728
