# Created by Octave 6.2.0, Sun Sep 11 00:50:17 2022 GMT <unknown@LAPTOP-P0PV0581>
# name: Theta3
# type: matrix
# rows: 35
# columns: 36
 0.12046619450016312 0.019790888812098152 0.097531632470461843 0.019933639153393915 -0.14904056901449067 0.11788370388551539 -0.094364566418909418 -0.10928134858248653 -0.058277002660289214 0.069233253103581235 0.04354344852629928 -0.073816216373993174 0.0012811682128600816 -0.01590990029256872 0.018441526776395694 -0.057714821041409563 0.063758479283863981 0.064626459039454312 0.10319287267167569 -0.027180576341247393 0.10365028287499665 -0.067492818204958061 -0.048236835437022368 0.083689178748153834 0.021939973227198924 -0.079097095754191118 -0.053223598732293216 0.053137141033498349 0.06760227583880099 0.073491894584025691 0.089946488613981149 0.049594954436389067 0.012608431602965453 -0.077011486448461591 -0.027291106589668577 0.14915467810236976
 -0.006482505534731964 -0.048184451171291186 0.05097188606618195 0.018119500041803585 0.091620931298342728 -0.070905437153241088 -0.02005202150481112 -0.013023630871703776 -0.11253790960218361 -0.094977475813655843 0.083635720970062666 -0.0010944389685097879 -0.091471899772036624 -0.052624499738760447 -0.0033559702298792183 0.019977285560808383 0.025015507607831014 0.14260341729673304 -0.059963348013299035 -0.049591371523523477 -0.0098989296319307012 -0.052872384659909386 -0.054334377462981746 -0.022473996466312932 0.05394987834387345 0.027583805659721815 -0.10318773319756705 -0.0035205124811865324 0.047464127037663159 -0.013328880224056322 -0.054796522339038242 -0.06160804276866081 0.039886056972681307 -0.10190955153168083 -0.012295024321677204 -0.10551884891537852
 0.056337287438549676 -0.010912401717573418 -0.095607140823481068 -0.030052765559586761 0.11190768471479673 -0.09160269173090009 0.12659160867984898 -0.060840522068645694 -0.10629024897225535 0.061110464877797803 0.069694119320498488 0.011206704563074136 -0.1296072451257993 0.10069620565384473 0.037278845355875619 0.10000511319696971 -0.15142015583608986 -0.065558765626470492 -0.0060099043978784229 -0.10236681363923714 0.14313667672572769 -0.046594486806234452 0.16898698427643105 0.033082802735885646 -0.0017451490353022864 -0.075351214081372117 -0.092531472749439528 -0.059268142615865965 -0.017502657259642757 -0.026032743586514813 0.029453439674267456 -0.083370100866459865 0.14929037593611796 0.050205363422544384 0.12859348531067669 0.042739670708575123
 0.057247654242520499 0.087020109349954203 0.0010402158001245037 0.073482559455766483 -0.035466694835743405 -0.0061178461391071057 -0.033486240072375509 0.021979151038165914 -0.0039827350204156755 -0.071632472017301413 0.11249275104024727 -0.08015638340144178 -0.12716823589449089 -0.060426558083811976 0.13823479026856944 0.14089444874663112 -0.0073065148826744128 0.013821072201804105 -0.017121283247315537 -0.065598830522370991 -0.0073035867232127813 -0.038070360872431604 -0.012892698465745787 0.034603706742926364 -0.010911225233397468 0.04968312108066332 -0.10667021767389145 0.010480149084244104 -0.009413083890979744 -0.13339810378958014 -0.10235772529734811 0.020125662811566063 -0.067034400419761705 0.034693902652642342 -0.032830999570275812 -0.071911567208785818
 0.055813124453664514 -0.11575409815223457 0.073527945789721674 -0.059034906631057954 0.016137585798433912 0.042183769261151527 0.017292938030134986 -0.066180696791366539 -0.065704238837774029 -0.067374328936766245 0.10781793038292976 -0.068965999364267228 -0.01711914138576788 0.0043953144744824715 -0.022535436445683781 -0.044951245696400265 0.1396833383448462 -0.013555433342248782 -0.029324956762649936 0.036923068466780506 -0.11936799756227065 -0.058258623986338701 0.1034224926374009 0.011031336837197545 -0.066391548697843708 -0.00086605125469185642 0.099825316995678204 0.11705530332244404 0.035644582519599836 0.056374141944272503 0.018443412235741873 0.065677997360445606 -0.081343234441366791 -0.12002096674723832 0.0083271016044884419 0.054103961917991071
 -0.055862907691975272 -0.072431836221161103 -0.040252346146551495 0.069925148540835286 -0.084184152834452367 0.032334080392627258 -0.054071251518554291 0.068749655540536928 -0.024762627161788221 -0.0095721582772238262 0.099378953607025852 0.03929893782185577 0.0091495932691831282 0.052558911629184843 -0.09799097200831712 -0.016264921316383331 -0.066186566900295354 0.067714225572000658 -0.096112959581621055 0.065635469888062306 -0.004432702864107619 0.1145218708418165 0.12154663553125333 0.058905887220284364 0.0043849798963071455 -0.11148030485650115 0.034059982758551613 0.016787698366276617 -0.0084829922983345914 0.059181275527744263 0.0014477293131002441 -0.071866694639637005 0.0052617686059836383 0.00036528229505151916 0.020433440808779169 0.018593465797410523
 -0.011471872188158273 -0.031080882838018437 -0.011199796779489698 0.079745721162790273 0.028612654791264285 0.11511106198441126 -0.09869860539383947 0.019272267830158778 -0.10908947265940466 0.072135762563043826 -0.029247763208498704 0.049938941821871828 -0.11476831887830119 0.049046772121788734 -0.044097379249664219 0.095674016023895941 -0.075063014531664071 -0.072950100249411384 -0.045255581495658656 0.094630309196277212 -0.01634155071844149 -0.00050740655039741521 0.028949808187810896 -0.086160675892382826 0.0043580326832457937 0.0057390199789225859 0.10846707179050114 -0.055487306207309163 -0.067338702650421564 -0.032322667035390912 -0.10120699624201934 0.025052618138645115 0.12624194629257779 -0.055861618267486625 0.029584997467002681 0.052366900945943942
 0.10351404840523444 -0.15258642754602741 0.016450129083694972 0.10720231999142461 -0.013608207097127133 -0.055380180111791091 0.015991337137615746 0.02207197267465616 -0.12956645222768881 -0.073555446140401326 -0.14548097523887413 0.098004438494907337 0.085546477337737459 0.092959843292430372 0.021284588302537662 -0.074517422090010055 0.012305426694077054 -0.01847016483927031 -0.029857817275588443 -0.0071272142129462169 0.0073368545658004285 -0.096818706968003529 0.081940589935859426 0.084826955734551013 -0.0011408679556220525 0.0013343841890445494 -0.12248346532973091 0.14745878404026033 -0.026463377468802771 0.041467383614561204 -0.036773831565021044 -0.067264785637522348 -0.060298078126491669 -0.11147952571650679 0.020513493536186991 0.073516333698484204
 0.091762182708550133 -0.014478106541216576 -0.080284176068999985 0.00092383428352051707 0.037973952028209169 0.048055195540951584 0.055999511382271272 -0.16075171920416673 0.055057988215611836 -0.079476533244275546 -0.057126144717513518 -0.004848273946111533 0.099369036478587788 -0.11149984427681298 0.052025807935664442 -0.027887039494080092 -0.072223223845321247 -0.039511386839823998 0.049871148038350466 -0.051991798600388613 -0.11735596735384518 -0.14605810764766497 -0.019083407551631161 -0.1318780096548984 0.10818910893318004 -0.10532458106426044 -0.11964180735001122 0.094963298025163859 -0.091464557644713548 -0.030415522612264441 -0.061739877789336872 -0.0065771628889722978 -0.11789799030207077 0.039287150798787224 0.0204371101843531 -0.024133787752047161
 -0.020251255924445863 -0.028878693788294919 0.15310971991946362 -0.0084239559123086352 -0.080077037229763989 -0.098382221319091065 -0.015368756294897907 0.075144253343459394 -0.074959847947790398 0.051371710457101323 0.10546656606530193 0.14016866032484163 -0.089218928720847746 -0.054386972349447053 -0.043429040854910672 -0.086110796764771028 0.099823938828371733 0.032211178045837494 0.013236506051067538 -0.0011360064469736046 0.13020149508502721 -0.013733806451942939 0.024245344065242747 0.073271171611651087 0.095451128309407024 0.09427110048930297 0.040984984681860161 -0.095983275547697672 -0.10769792486368771 0.095741294139037036 0.086606773552853303 0.07188213558622078 0.048133108158180518 -0.13043948249124682 -0.061774364321615524 0.090143514298364716
