# Created by Octave 6.2.0, Sun Sep 11 14:31:18 2022 GMT <unknown@LAPTOP-P0PV0581>
# name: Theta3
# type: matrix
# rows: 55
# columns: 56
 0.095961769015915493 -0.057237623271522507 0.068526807913384488 -0.0067991400625921567 -0.069685888203686513 -0.031085957712706187 0.11717203106860494 0.01769523961923624 0.091171690493195054 -0.024480772055670393 0.088666111235780082 -0.024981550696795099 -0.036772952435322456 -0.0083925437209395933 0.066267061059713556 0.040869534994004621 0.059763765991938639 -0.11465766570046496 0.063926003215095242 -0.018443699904935922 -0.06044696012744441 -0.023172037792927244 -0.049764598933792197 -0.049368805146870053 -0.059057768065146843 -0.029951164791265365 -0.10720983422285403 0.021014917302000894 0.086821087321097848 -0.080693765869575662 -0.11103593336574193 0.060756927025828029 0.025357045160685741 -0.089734920402113907 0.079377930405836267 -0.062616684769604997 0.045356224720354714 0.10543963297682338 -0.054802700914385154 -0.0094053300827318404 -0.089374044290037952 -0.089014133462899755 -0.060811359848951377 0.10363717767332592 -0.092502552009007866 -0.07930943978396271 -0.093141409943026568 9.7921891455471873e-05 -0.081016392916602828 0.083181718191427917 -0.015767374351137158 0.037923268300516254 -0.057117997600268235 0.078377953686671595 0.098266286440072945 0.015599013875549662
 -0.017527310257168381 0.054886135220347694 0.11318105427821777 0.081856875607849391 0.058627081294070744 0.03640200388911416 -0.10441616596755963 -0.11017365890188663 0.13750333258907074 -0.00773211373688284 0.07121400945236793 0.016238143609272237 -0.073032489465440262 0.20514094665706578 -0.055750969190615347 0.16683837841636603 -0.11708283407706599 0.0016415500305023557 0.1451593118821693 -0.10833851388063714 -0.030901120537147182 -0.019319624173983734 -0.043516153582366532 0.035112798272226485 -0.027577663569632812 -0.00088028511191083712 -0.085697511630068932 0.00396566942232905 0.071439024000015561 0.093735990005658867 -0.0090959360160257803 0.051827194685818916 0.12460567359868539 -0.047393323409647546 0.1961966225864803 -0.049649397612162791 -0.10305774348010603 -0.0094631601471178509 -0.062689938151674535 0.03022197209640742 0.19102821807424883 -0.050482561852117976 -0.12559040989857098 0.016956317701014842 0.082814785473962135 0.053459570031409893 -0.014780039374034805 0.033934236849938869 -0.0016841722895277493 0.015268400754544015 -0.058024495756381779 0.09274470120453282 -0.046780652383597333 -0.026867029453735501 0.10695531799603607 0.050263329052754151
 0.0035087922630824327 0.056063612945075003 0.070658408852802945 0.058057071910275058 0.1280186761526739 0.10772603626683545 0.034036606736820497 -0.060517274548803776 -0.064011700765780583 -0.10671375124584434 -0.082591240856899797 -0.045860606361467902 0.088017189447852612 0.026333122372122531 0.022774790141135943 0.038260246639506897 -0.053289207349066087 0.15206153859897958 0.031766028826346604 0.088878389348475029 0.0015380315536156302 0.084360908282393163 0.053386886593063135 -0.077336169393816906 0.024998771550743988 0.021873511205336954 -0.019558087039081101 0.021453665177033135 -0.073074337036617851 0.017023557100340665 -0.076444047569818652 -0.0039917640587734471 0.075787163696688906 0.14697257077377227 0.10514000095173914 -0.038408182195504202 0.14812226700365072 -0.12165466927778881 -0.083558805794692992 0.11690582750005706 -0.10415164454796054 -0.085425652330456764 -0.021023918363363672 0.080127119956740392 -0.010585349256430029 0.033399398898079344 -0.013531513997247023 -0.075307510147058374 0.027908116564696255 0.11924065781971244 -0.046529241177170812 0.091493977897880385 -0.093673122368017211 0.010586829197886088 0.12526202132552558 -0.060723549432527925
 0.11658954309160192 0.019189133676154956 0.12547513602261817 -0.0086409575810567716 -0.092265647988859473 -0.013068406650193445 0.029658892546454305 -0.11437253923707406 0.084022862599161141 0.045301166997673344 0.095783855043679589 -0.10865471530932776 -0.069820658684457124 0.091379337791252332 -0.055681626068453616 0.030703336571420117 -0.067235582793846546 0.00078827997785012533 0.044945090556805518 0.071319730076774765 0.054782404578349937 0.055699981463149334 0.046147769620633862 0.05382409213362787 -0.06579446911837851 -0.051520498570291069 -0.049716095835228173 -0.13129294233011723 -0.042419865350325409 -0.10613256040460543 -0.027930341732355909 0.047966817664575036 -0.11173468453465447 -0.068257161365107941 0.10935475182248708 0.033196350201696569 -0.088383373733505799 -0.044760960079912905 0.02269762255266013 0.051983301230197246 -0.11111011537918197 0.033450569690885404 0.0056215852229832015 -0.026605750503678822 -0.036187125642931105 0.0099062047542789779 -0.11622037375305232 -0.0095077180515805212 -0.074643947689728596 -0.14083414032391972 -0.11243299598533776 -0.044903581312103785 -0.10249868334415911 0.034041387678183523 0.0051408019696050338 -0.12751442522639828
 -0.056527346198592211 0.0077973081543031902 -0.10350072649448687 0.10071449527409174 0.038528402460866147 -0.030540484761911353 -0.00072971127164448107 0.0072271485607348432 0.12783491250037396 -0.065580849823114823 -0.095563271591011356 -0.075956137761475334 -0.012354859497799433 -0.086269736827916582 -0.021461084489285492 -0.11638792828868151 -0.016455307244515233 0.062798354528720304 0.14638276926715604 -0.12955567033812612 0.053887013251820028 0.028391057279445985 -0.031977041547880558 0.052581990387077421 -0.076014797019535479 0.16473393319955232 0.01893813541640018 0.094372335447109962 0.094830300930348235 -0.11803823865172282 -0.10762058729250425 0.11057013597013254 -0.050170918262064997 -0.083953338457586166 -0.068064883110768568 0.05789956040384403 -0.10392878994945721 0.087454381876699072 -0.018802752498266632 -0.10499393385097752 -0.023679964964955173 -0.15239060809436455 -0.0021753456033062162 -0.10295108714743424 -0.064033235936012886 -0.090559248279106053 0.039516201817769395 -0.11797036937405668 0.053239432263163577 -0.058954413420109 0.024693199062191109 -0.070291240332144331 -0.20241389724329503 0.018266751277560937 0.066056626760686007 0.093678059888443604
 0.064012383805284831 0.13455676751869677 0.045261072519568922 -0.0021177413752056298 0.034667358031380158 -0.090615895883190134 -0.07725662141217346 0.017087350978977876 -0.08709236090890575 -0.080365218431464991 0.059252562692226771 -0.069074434657230621 0.11471508305297763 0.05990491388787552 -0.063988171591072104 -0.072121412224430775 0.099559938784135438 -0.12037784617594534 0.00032637472677511561 -0.13530665182284859 -0.068300857171723559 0.13001992729764572 -0.031824190353298497 0.041905958488567131 0.1351819703116241 -0.094283253715167964 0.077590171060420737 -0.16252686157653734 -0.12143431195430784 0.043089532330514969 0.070801154721098922 0.0013298322454395719 -0.0023896095946549932 0.033559628442013205 0.013297004620312101 0.10117217895073567 0.18038400289885975 0.029776041863565968 -0.11678336965690776 0.12521542123287963 -0.16987131999702218 -0.099500182163060696 0.0059451886503510999 -0.10266968153522794 -0.057449747488477858 0.032585439931589154 0.0072364671420095047 0.058899737060516238 -0.0029362191991608912 -0.0064874306907276285 -0.081287793067714581 -0.10712601704259041 -0.11156149394142914 -0.09063815626147595 0.088109391032898776 0.054829522686191977
