# Created by Octave 6.2.0, Sun Sep 11 01:59:55 2022 GMT <unknown@LAPTOP-P0PV0581>
# name: Theta2
# type: matrix
# rows: 35
# columns: 36
 -0.045946787025132385 0.16057139007345908 0.02052181365804779 -0.072003898349514858 0.013139352917507053 -0.03630622897225582 0.039691491096971204 -0.094934437545223752 0.0032720658872156536 -0.043694640289091008 0.018475068806852058 -0.012485519327353947 -0.088486688694907487 -0.029621612523643478 0.055539660220833065 -0.13378585801456672 -0.018262995723010253 0.01878543296578573 -0.0015650031834139055 -0.08594641928339096 -0.016604676243438598 0.022126521667165843 -0.092782726010824199 -0.16897069336856008 -0.035148533859961861 0.11122345325331842 -0.061477022063582146 0.0043508380904683291 -0.090906402948738627 0.12550102530095536 0.049072434702760799 -0.031142582288422684 0.086803080210775693 0.092203129776141923 -0.08173049658169855 0.10227170009763027
 0.045041347446878877 -0.02968148421790788 0.048676607045270104 -0.07899594771570724 0.057535409617293046 0.02664212820093816 -0.095710281406454448 0.028999680663753202 -0.043063240891946603 0.070736424071325243 -0.047312716450735301 0.15322270792638504 -0.041234603147332058 -0.069925626503876584 -0.062258526752720943 0.079504283972589046 0.11857351303178895 -0.17664755370371618 0.13748255991148167 -0.1065287165302813 -0.056812570644873543 -0.055162353510709958 0.042176396626792033 -0.0038635040658320944 0.0054037325322888845 -0.021301797810854738 -0.028632710207577496 -0.16243973340916207 -0.050891266825930391 0.067087503630070225 -0.062650391103156219 0.086521886221949187 -0.050802390780350114 -0.079587534534836232 -0.079649420224704059 -0.040004891421125469
 -0.036693667353866005 -0.05295640958557498 0.011665366719563109 -0.040604125056631593 -0.1195665754115183 0.00069778720870997081 0.097294837826948324 0.10816972858720664 -0.036559055918800369 0.01268667725009294 -0.11541511016710111 -0.13315737427322805 -0.049163382386057192 0.046386410866469101 0.060394997901617363 0.030226750134547467 0.086254286219933612 -0.089843303833139862 -0.013333051174037781 -0.12998367474781142 -0.078353218586998438 0.073142399981925024 -0.00071896955759449311 -0.016226712224736425 0.00028638580562526577 -0.11881704997697053 -0.0065214880166736154 -0.083650236107362941 0.092379530550293784 -0.052401062398827476 -0.041359607461887493 -0.091686591915700263 -0.040331325613687859 0.039174246524869442 0.090300133883739225 0.012005116911765614
 -0.052962692703127388 -0.06560085080424978 0.019972362329635049 0.074664669801574074 -0.041259883943650551 0.035871950257124523 -0.094592907514715927 -0.028434291309997136 -0.088736987562334557 0.13212771858799419 0.089104043309531977 0.021197889600203048 0.10961005391410641 -0.11451638280299857 -0.027626511344160869 0.06982554205315776 0.025469158010955985 -0.040267033619877948 0.0042339603286161006 -0.038203265168417683 -0.04884592863377956 0.017103077263151096 0.011988550998498122 -0.10228313264087815 -0.00090509196327865629 -0.089555059085333899 -0.030928787161842872 -0.027933664913203638 0.029982084919924171 0.10258619103289471 0.10056389250361053 -0.058748434817562284 -0.078886354762419814 0.062871351065446154 0.066130921234061973 -0.11251755887411716
 0.077265179458444064 -0.092682196446871423 0.04047888718910074 -0.022156841492771039 -0.012275155889018561 -0.036681759305896205 -0.04634868212852828 0.024975972675760513 -0.052357482157344724 -0.055262924225562067 -0.13245952315609852 -0.022118130733009864 -0.091039633287597468 -0.058197675439149728 -0.034967864214505186 0.0011176607347487743 0.075246591455200171 0.069185995596632521 -0.059999379050054959 0.0031653709726379648 0.15096390469412541 -0.06855642910841446 0.048113190904794906 -0.065596692434521459 0.15815551739719746 -0.15341130611406115 0.054759356214242855 -0.079535446327874806 -0.04077866365808977 -0.14068100697443919 0.026885114188715149 -0.04841009482445565 0.11547825774718908 0.025859009275506453 0.16072227169965281 -0.023725065663416752
 0.0035229123476737127 -0.048403859548455726 -0.068124137730660214 -0.02276847914077746 0.096682446568427699 0.078793203957000235 -0.0027117042553067581 0.1478411747876994 -0.082473309409713383 -0.05199123101442741 -0.084064283774778106 0.0018720837916572238 0.073373838424527896 0.029713294627953354 0.087388780517921136 -0.15802760406031857 0.032722175134873473 0.079705871967194308 -0.094153343745450216 -0.014969684703092049 0.013246685418491725 -0.0048127931826023153 -0.027847547411248719 -0.040863864160945937 -0.049668731130618302 0.075958279098519321 0.030073330971735469 -0.11276398790652495 -0.11773852526087628 0.10750842488829154 0.0041136135028293505 -0.0075948190594897682 0.0077106356923388065 -0.031714109159061428 -0.14540741967061729 -0.082662101299523769
 0.05587194221162408 -0.049260720510036625 0.092316305076683564 0.1019011390046385 0.081866927756094346 0.078605764076584664 0.053918297357868156 -0.085287464395356019 0.032909792003033747 -0.088988141449718727 -0.073601951005625124 -0.038227804235888826 -0.0057656367699950003 -0.028349725477249708 -0.022796068494861942 -0.075651803391587488 0.0098999369135362933 -0.022509272411163309 -0.017658555367212558 0.082922603286810198 0.05029029130742485 -0.075542816464104573 0.095920749210250025 0.067815451334715934 0.088081871494185268 -0.059093706041901374 -0.028060074005371315 -0.096555408832381479 -0.03309837943813787 -0.010097071380153566 -0.013399685713618074 0.01724559369363152 0.15948009778098818 -0.089139582572624124 0.068706330786588207 -0.056070918256791127
 0.064265594351946051 0.062537310138149213 0.0055345450806770719 -0.028146009677972962 0.012013944149388844 0.018969655667053921 -0.091333237049353075 0.010279950989785038 -0.13142564179868399 -0.078811485569018097 -0.03162423978800389 -0.018068451759502772 0.077227723983148935 -0.058140002570960983 0.037879577347921391 -0.095535450411550163 0.12482489963603823 -0.013680027238313901 -0.0065357754032768414 0.1669842549665258 -0.11709248357855007 -0.084785311399391217 -0.0035071605209968564 -0.0014269509921681382 0.081681335899676799 0.072523858948260148 -0.10296152515897765 -0.10584561798781106 -0.036609394475194554 -0.071237331832441284 0.050000780780120595 0.020029727108746946 -0.069827094115118934 0.057120116843690213 -0.10806106501422973 0.096971114968048722
 0.09152199241391594 0.026666261623082492 0.070891838881324207 -0.070985160619391682 -0.082817526536870051 -0.089564264947174246 -0.12844091463225099 0.05427265078070654 -0.073243589584692056 0.019959151333559765 -0.12231010420400926 0.086243034682931416 0.0091388491343626487 -0.072747630920338202 -0.093046812083422553 0.0065651095240623659 0.079664382288214056 -0.020468578036275706 -0.0029942431390130122 -0.104581916700421 0.13620066064591896 0.12977989986191932 0.030176625216125127 -0.1174047773917735 0.055333934933379778 0.062742294787971775 -0.064627935093768685 -0.083585275289777758 0.017467250129334033 0.045507213364316922 0.067567634417518493 0.098705747490405921 -0.050780272283606875 0.023184995642559016 -0.025751320717070748 0.064601147760581082
 -0.11356386335746609 0.023242091734896216 0.060075534807377776 0.11658216928139582 -0.048765569811772991 0.075116002082394245 0.008010210217550183 -0.012808750447023459 -0.092147952042409664 -0.055424218652875376 0.032385201169365885 0.043360512605995376 -0.03232381173242161 -0.12070419572406749 -0.035730340399575601 -0.091515311926670548 -0.085936820163876132 0.0086672913851014236 -0.046460085225703142 -0.026889667519989367 -0.080283529424667391 0.053501942717976932 -0.06432522630710695 -0.067768804403739488 -0.037391779049954818 -0.090400472977557073 0.086429309513033986 -0.11743616878614122 0.094547786517573895 0.13137434693840658 -0.086404634972182578 0.058641318256578569 -0.095500938984174236 -0.077361772475292634 -0.0025206363284973918 0.076012635035672002
