# Created by Octave 6.2.0, Sun Sep 11 01:49:47 2022 GMT <unknown@LAPTOP-P0PV0581>
# name: Theta4
# type: matrix
# rows: 10
# columns: 16
 0.033581450160808927 -0.096227305395840596 0.043300834737393289 0.16707319046804217 -0.010545455148826707 -0.045476688884919486 0.073279929180582737 -0.043966881439580392 -0.028707724307509924 0.031886858297676034 -0.012963839716437376 -0.011487152706538347 -0.012686294490175878 -0.02503261924185787 0.012083061856780078 0.13861998435044906
 0.044401376122316698 -0.040068881870444627 -0.088714627545207592 0.069400925419722037 0.0029806949363815056 0.077678600476834989 0.076890352025593967 0.086300216772430577 0.11118561125844845 -0.0088329593045847685 0.06531651515263541 0.043802799887940176 -0.22999068608733253 -0.069483764227010594 -0.11978529039810296 0.06107457627842635
 -0.028573488556413368 0.0056443586466032696 0.057090942466108949 0.023130873289774961 0.015132346124201569 0.01445910841846198 0.061652078550887619 0.024804780596851247 -0.012673990632991967 -0.032533552001713574 -0.10742360828601649 0.15160172802500949 0.085980541197451063 -0.070477919573899969 -0.089509900243653073 -0.026182343413328202
 0.035746223568995129 0.13089181094100716 0.0047106754981596811 0.0027724228923797271 -0.082097539513165035 -0.038886229109408046 0.0025204250278205872 -0.084239419640943378 0.24565965289446326 0.082506160006231621 -0.068110126751824415 -0.026993706124513701 0.10604289305146564 -0.027685508795024148 -0.076526267811290488 -0.04336232188851484
 0.12513986286040937 0.13934977846885999 -0.039255348909359909 -0.17960278365747365 -0.021524652365850751 -0.049982361528164536 0.14139376118594857 -0.02421925186319944 -0.10117118991364728 0.10893296338233872 0.063625154568200948 0.12850397179379427 -0.020731192676821174 0.011115473555291782 0.17376357877997856 0.15418628579580923
 0.083906042171105658 -0.14304134821201595 0.034266926711822868 -0.14955955252111619 0.025677166395110342 0.044753018978530346 -0.10723134439595224 0.010540043704517176 0.1073412965833541 0.032946097748836299 -0.025891492344568383 -0.10272184328382936 -0.11003000556090553 0.15072639633002768 0.099464863047927218 0.091798918272609886
 0.091687644601422355 0.056042471605275201 -0.1701091603212519 0.14542863450211393 -0.077450434336599733 0.17993017324871582 -0.095104819441389987 0.17079576178177688 0.029941343985482018 0.056451909502683049 -0.0056832979894111098 -0.15888626335383968 -0.035969852914724265 -0.1519827457528363 0.041208762067693527 -0.14390303422445735
 0.0041097444674979555 0.028195454980707364 -0.14445291079033079 0.042683741348162343 0.088404183625639704 -0.082406583921191406 0.002014917755100602 -0.15464080998425908 -0.045421902325181077 0.012835167108570753 0.068507701490266221 0.17597196843170312 -0.13910333946983711 0.031946539808701456 0.11347909768286342 0.012768554573573832
 -0.12381056541001105 0.045565193679055545 -0.099294210301446362 0.13100111703649772 0.056623388465003983 -0.15351741473701727 0.023340722722259954 -0.023679882246288714 0.025515860971072831 0.08918628082503896 -0.094614383346178763 -0.061768164247225879 0.1888398831917073 0.20930419539486542 -0.10137399566832167 -0.037306978487511064
 0.064758675620459352 -0.092836537884290846 -0.16232651553679592 -0.022443441906237722 -0.052734107056825782 0.021577930869214709 -0.027559636879228605 0.12842396232221248 -0.066063845036272648 0.0041051985103292233 -0.063582226794887134 -0.082246060234964738 -0.10499081181233651 0.22256019366437241 -0.050699156003997173 0.0085002316904033166


