# Created by Octave 6.2.0, Sun Sep 11 15:07:58 2022 GMT <unknown@LAPTOP-P0PV0581>
# name: Theta4
# type: matrix
# rows: 10
# columns: 46
 -0.0077564047425864296 0.021945053820324942 -0.014973153890098633 -0.11590064509961159 -0.094805205043724181 0.13110777045471131 -0.054284352633656469 -0.10969763234960174 0.020231532445224371 -0.17570093917640944 0.04296047759894267 -0.17145153409837022 0.14741314780845613 0.2338757263746282 0.23807960640539252 -0.084585777361926795 0.11092935852985879 -0.036167583950099245 0.026966399132867375 0.029419977604483397 0.0019862950208883981 -0.093648875772017651 -0.1684006831335656 -0.29272294692194367 0.3178335633100014 -0.010314353133178498 0.051997824386646692 -0.014456252702546666 0.076714280168827809 -0.088377276617465542 -0.093962319032085059 -0.070687152085975577 0.016411230199356981 0.16422404597210238 -0.0057028564825944358 -0.071598341880658278 -0.12644271057804837 -0.05734693315104384 -0.1350147227791855 -0.062968339935773693 -0.20768820942106811 -0.16012717259234849 -0.21260115398404977 0.15641872307037616 -0.045164479879922621 0.049932400334288522
 0.082536910923860229 -0.058728149497543972 -0.11312128929563701 0.11696256826126672 0.22451210420627496 0.15215672809024119 -0.031626951463064393 -0.069584730267775688 -0.034093013735680119 -0.018229159061628971 -0.13487724833961101 -0.088025156292972029 -0.063986271993638946 -0.089897236242256442 0.12473741102506082 0.12113324793743736 0.17044743790924433 0.044114012980170557 -0.053728315029711926 0.012922179850600585 0.30085147095721632 0.081066996822455592 -0.11601597665337893 0.0097034603837059773 -0.07056888366985764 -0.18861981615058598 -0.072003905990342496 -0.018831851061322392 -0.20062101361458354 -0.025299735107048301 0.012342947058189984 -0.14293611627694044 -0.18650389476224929 -0.19186716967805853 0.29503128597308476 -0.11053736485177762 -0.10062515958910892 0.11588249364050793 -0.078056339516831566 0.011676062986256121 0.060384429427311634 -0.016894091421117561 0.10534997564692779 -0.03054323184818461 0.040909976837315752 0.07150820318689019
 0.036398922799609761 0.21717376910966324 -0.067986963875355994 -0.072389944817009208 0.0014029677713373622 -0.0077813994486488243 0.12649107466136178 -0.0047319989509530943 0.04971718966795767 0.22994548317440727 -0.12552992843245508 -0.095404232987546397 -0.014393526762542882 -0.14806123216627465 0.070980301287675185 -0.0057428388123049959 0.047241848620064995 -0.21721159763241699 -0.1210928663888725 0.018803565149545436 0.12191927135861232 -0.17419701287731973 -0.0023067809277989393 0.060266106764709206 -0.036107972240698644 -0.098368576478528327 -0.091200252830224329 0.076630193087779158 -0.121480917317771 -0.06789743849208045 -0.16748686685287578 0.0089351161637214339 -0.054825099078646994 -0.15436324000918047 -0.05251871727246752 0.13805002552149404 -0.12621246967595853 -0.18409418113866305 -0.16546139621014891 -0.2148433837686361 0.31935973128225298 -0.083348306899847624 -0.021601688482139437 0.0033569634310642322 -0.024219770257673197 -0.13969235872264274
 -0.054832920054170786 -0.023618355188264571 0.049520097841118133 -0.052582065476530514 -0.040783756688146725 -0.015475022020615221 0.21242780628866459 -0.053694152223448685 0.19695328333774764 -0.16627552004316321 0.085526649872863264 -0.062546970526560178 -0.068436029011431768 0.038824067219554059 -0.22280255154511538 -0.032212700004439626 -0.056194957465691246 -0.023908302724485762 0.025557244595950712 0.050360142712604042 -0.11008577348325255 -0.074582832554335052 0.028258009082486411 -0.0023881124928278939 0.24126700569087484 -0.089416745856178897 -0.026990163198263008 -0.0046971296763850387 0.12266979134139401 -0.11590710155937521 -0.022847407930896502 -0.10776655746377062 -0.078843935961091419 0.19665187348643559 -0.038910429376186322 0.26536983600506409 -0.013419109006333446 0.015943992791696178 0.046812135482825826 0.11730277942265811 -0.052828584141470923 0.010537146098941177 0.15935828344197531 -0.048246727712798851 -0.086253016167980798 -0.090158477664097139
 -0.039866608940288407 -0.17898893843378011 0.076630566280935897 0.16278469589374581 -0.31017791818855445 -0.090963775932864491 -0.3104552799048903 -0.11906603662234395 0.1318684756444034 0.23046802712432354 -0.07470941632531955 0.0082668669826167721 -0.18008545900216902 0.045102645954662832 0.19386330859692816 0.028282202495536535 -0.38346428245478936 -0.16473794275543546 -0.086803965467196695 -0.074280220275534187 0.033386423725262987 -0.23468482618318839 0.06323521881077894 -0.090376394817052064 0.047919862050421869 -0.019966294320151269 -0.08841182572940065 -0.097311054353058507 -0.044893802790145161 0.27986494286520941 0.043828778243190258 -0.073238556306405064 0.13552026934084405 -0.012339937151870858 -0.038836677261343468 -0.1227618799950629 -0.071861659761689581 0.11052774316817575 0.031289821366772587 0.022426297333191361 -0.11082249637766226 -0.038252680855645531 0.12273653844734757 0.10268147731280233 -0.020021641531076755 0.063733385625029934
 -0.10790678376734573 -0.03274814975985222 -0.063243402498208548 0.017405077368705439 0.0076817969385201629 0.10599955293275773 0.13150763880837041 0.053153894944916416 -0.10159911054277468 -0.085970745648752553 0.077350302161397974 0.11075842611261763 0.078957825838823728 -0.054787974899551638 -0.012676558739958824 0.10815680009719215 -0.10685272207687209 0.089361730252616692 -0.078040013330073987 -0.15567034974249058 0.041798302127307521 0.10150737460678487 0.26558215545216468 -0.012482717821785392 0.032764075298851829 0.31099273701651731 0.10903369096841671 0.066726899014698818 0.14129494378182031 -0.07292514199597408 0.12945798458332253 0.010532658349026657 0.046741257958575783 -0.11611400844592039 -0.12053770163917178 0.04381926588626147 -0.16518024942211332 0.096584129944875169 -0.08812959453579057 0.1590824769284869 -0.16727909506402416 -0.096553529747081632 -0.0063015858831419148 -0.059491580583677699 0.014422497150862159 0.12075009154760941
 -0.0074321919082577896 0.098994209603529212 -0.10935039611976911 0.032676528032411181 -0.1663797827150395 -0.099163765988870223 0.046200059783748075 -0.042110160517969009 0.040312034433355258 0.088967883878073306 0.01818234448748975 -0.069028394575344335 -0.12760003987877713 0.050250093124874926 -0.086369397379068541 -0.026317080011215889 0.15970043581586296 0.13720981532232951 0.13968676013262626 0.22231925295651828 -0.019193145108160482 0.073048360632988987 0.06780386185975075 0.12049102296436749 -0.057503185831479689 -0.1076310251124097 0.017675523092850764 -0.15371468653480855 -0.00066926755213670699 0.057018490942090695 -0.075558576226718938 -0.28691820890632919 -0.2031264488322268 -0.060604586069514715 0.011687130456639301 -0.14678234682069702 -0.19404963425036484 -0.066172758285026972 -0.0015388777534019763 0.033749311227110383 0.0052267708154727704 -0.14650417243706471 -0.092328296255942188 -0.12874711173405756 -0.036733558956163433 -0.16237864416563813
 0.13463206913045012 -0.10829137394491345 0.0056267249406209297 -0.11506874785276802 0.080061149619254826 0.10929943797700992 -0.0038917330366410163 -0.01649590893542386 -0.085914180499197926 -0.031166888798139177 -0.033806046937124329 -0.041709416804500556 0.27703790234076087 -0.045229159232998563 -0.26117828288011913 0.072222558200609147 0.1162002716534106 -0.13857824072007774 -0.066999551017680944 -0.003178474870701717 -0.077939722890176033 -0.058104146626805547 0.0888323085728253 0.072697506865601322 -0.094553785523933884 0.015419150240218227 -0.0051856441231821673 -0.081225674280746299 -0.070012148895933185 0.011696747295674437 0.07644859258668818 0.27616076737623479 0.26835868418205255 -0.047225950426509324 -0.054385165194208052 -0.0017964358483790869 0.22307101111189742 0.035810816422679491 0.17992676271721461 -0.10305692845199466 0.097598854520917877 0.084828741471193903 -0.28627735768241558 -0.051062806931338009 0.05480508291667404 -0.0058995383710053343
