# Created by Octave 6.2.0, Sun Sep 11 01:05:19 2022 GMT <unknown@LAPTOP-P0PV0581>
# name: Theta2
# type: matrix
# rows: 15
# columns: 16
 -0.050561565213563864 0.074263627561320156 0.0032904109012829065 0.099783569391477381 0.02550647480218296 -0.097884651557409469 -0.047430567777091766 0.065941769816318607 0.11034749413477697 -0.040483414482858339 0.20189840950951285 -0.066345594315218734 0.011114313636023743 0.15527229980469395 0.084891809630260801 0.12021286045778565
 0.023966958052680905 -0.069644836753313483 0.11495781905485299 0.15900062862181713 0.032036860884121159 0.10985311757422564 0.10140771957725851 0.11121336729478258 -0.10051320365732659 -0.12012308723557813 -0.1465241577300474 0.017245298497008857 -0.030836660256982902 -0.020039111759118117 0.06097804005731141 0.17307496300949171
 -0.036845248881982776 0.11485612162691111 0.10400594028946707 -0.07264926888904974 0.13964782769761222 0.13110783178299049 -0.08909848846832491 -0.19039670565861486 -0.01296964603741441 -0.026840252933292057 0.050046935558194436 0.07367280752713759 -0.022396268222432382 -0.092786657909963446 0.052081994082295004 0.03520251554270043
 0.0044349724592245851 -0.079802083354127168 -0.11092306481111786 -0.096249566102724005 -0.026485993045422929 -0.12790505988759365 -0.05968439110878599 -0.031943147565142695 -0.11099997206957224 -0.10692429412917094 -0.079101540897653588 -0.019541704672018264 -0.0012220179712974723 0.052298273467775921 0.011827364617346374 -0.11233528284473981
 0.091668602132511753 0.14749675579599916 -0.089309770982507433 -0.0081940178386705319 0.0010994148206276008 -0.14098481769252541 0.11915773196422316 0.097096180684288019 -0.096497852446780441 -0.036525087697703955 0.031203776387377674 0.10943554044197322 -0.018385479743889922 -0.0061875403967249967 0.10497084279499486 -0.014843203612923558
 -0.035093177594672648 -0.082218459584751907 -0.018605937517756622 -0.05466447978554554 0.017304406252438603 -0.08154431658495323 -0.057670412111732218 0.055285344135982364 -0.11241106599125458 -0.03674998861382462 0.13781303280778076 -0.10196333711220854 -0.033877916834126491 0.19231124992303053 0.052295604074796165 -0.086653045812554189
 -0.086490391457567387 -0.018247661227900908 -0.17634384765504349 0.072454578599907365 0.058126615227551963 -0.010865409279637851 0.15994984550260918 -0.019681360558066539 -0.0060176727777127683 0.116963266607418 -0.10520268535633553 -0.0098656099130289415 0.12268691259793608 -0.20347716572993588 -0.078223711657684034 0.12825488229817733
 0.10418937293218052 0.11250147177362789 -0.01298146733190925 0.072577483073246477 0.1709878576300953 -0.057673501991146285 0.041844860852947016 0.07641853363763923 0.11382063301564245 -0.050588921863094251 -0.0014631250048435978 0.0093484926834687572 -0.14754941339888583 -0.04090097652310578 0.18748565343797874 0.090432938427282714
 -0.014855278765656278 0.068755273309441201 -0.10249512916559454 0.023666587566678832 0.061261280623328675 0.17266698035287681 -0.031432870477173101 -0.062026505098964478 -0.031685381133716835 -0.11798786310550939 -0.046163995415365068 -0.10339131554227497 -0.032314351596735846 0.0044978081595238705 0.016379336849056399 0.016730186883872414
 -0.068454561178586795 -0.01211106597873899 -0.099252280648551253 -0.086412123363068194 -0.18475130582528898 0.042330159714243344 -0.0092694700820032724 0.12437565606720653 -0.12485548042746636 -0.048839050323175412 0.1151155673209782 0.099778960075715739 0.043186662743947786 0.086266644395930944 0.00075217395466440273 0.13248429667650002
 -0.094683551034410784 -0.023626807113085707 0.071038171949225459 0.166154853968631 0.065594178583147436 0.055203161845039726 -0.12412513273502726 -0.12110089554751084 0.051898126333871759 0.0086832793738286958 0.013307609713677251 0.20780786993901129 0.067410265290986413 -0.036472897494996173 0.23875364866776275 -0.0499801267766211
 0.095367054700680839 -0.058938404316625961 0.13940229357492001 0.15899775249180648 -0.082080984150249406 0.11078377857698334 -0.16892879108687986 -0.14423625162169482 0.080412380334861006 -0.036588607712326235 0.099150988030104692 -0.074782857374176226 -0.094911596205018878 -0.05005257089378453 0.073632197379129086 0.071653640849002567
 0.02018128145282817 -0.062454197566053839 -0.10552987913408406 -0.048628552285193555 0.0062948964709062683 -0.05741500271955715 0.0044856361146909706 -0.065775911728032085 -0.022557462960286042 -0.079959019026670838 -0.045268533857458181 -0.072509760832073736 0.099312550182570472 -0.0031390455449702964 0.030838199228634813 -0.023344964323686025
 0.061196179936544852 -0.02253079261504419 -0.016021809060366949 0.075083350464306572 0.11791118269495382 0.021231758277013554 -0.036562000405561103 -0.10693539321931303 -0.0037976540522855189 0.16946881014244894 -0.0020500495129827218 -0.0075402766211652974 -0.17139889685626161 -0.023052246987667925 0.10621804003710664 0.089125826403876812
 -0.011579759200435032 -0.10725311165892434 0.090901209392550378 -0.02858138392441029 -0.035611597078524335 0.061694529987535489 0.051375914455274688 -0.19814629408655685 0.17242268973420072 0.025557209802592191 -0.095641407977633472 0.0099940930569773472 0.045136502192615925 0.062101195448948439 -0.0056755697214441597 0.0039398198981805748


