# Created by Octave 6.2.0, Sun Sep 11 15:07:58 2022 GMT <unknown@LAPTOP-P0PV0581>
# name: Theta2
# type: matrix
# rows: 45
# columns: 46
 0.059114173657028465 0.016557767115107608 0.034695883992566269 -0.02226960693014075 -0.083557462345172182 0.061039124465899708 0.12463944890154653 0.19201605564015928 -0.088257307572150612 -0.078170739568952555 0.071934700383669364 -0.061051636518491909 0.1529047828707891 -0.1360819066138132 0.052506691205744783 -0.061317654822523875 -0.072157512231153215 -0.07695060653976192 0.1092648846257266 -0.095242992305983237 -0.042921809889517493 0.11693926084628367 -0.062561126337572701 0.13361458995007347 -0.055735138009135536 -0.045950846349156409 0.090686492723609 0.074343909333808827 -0.12041577406495108 0.080813492852247565 -0.051373402801680318 0.11378859230666047 0.15618063102327989 0.18417088914856863 -0.025189173763919596 0.1071621493705063 -0.051754569513768882 -0.0022606793793297974 0.0029115640387363632 0.038150970827686259 -0.062144975741997378 0.05669352743466656 0.059718202626121542 -0.12027476235837541 -0.087978713143383055 0.013026302943954739
 -0.0024025762806199422 0.10766248623690661 0.1066888264652799 0.016110346135634779 -0.054419604178471373 0.058018491815818606 -0.099280207455155978 -0.0011816550046150492 0.047336130743070137 -0.022333186813685412 -0.036503309726464796 0.11048958067102785 0.037364855996249433 0.046302520423464541 0.0072853245744156298 -0.22937256495726022 -0.094601039466949047 0.0067386661225995624 -0.075950763959707485 -0.048560013564951252 0.13420492475609286 0.062515479980068081 -0.043503195100609411 -0.068903263362401379 0.080846924896407976 0.083605375656016792 0.016223060120266364 -0.05048640213598235 -0.050501802003437436 -0.031256750737837014 0.060540729275694226 0.19602716614256099 0.10383306846823519 0.049067741479659963 -0.073553552665283572 0.081597398895422002 -0.098401398032378212 0.10081497934409342 -0.060259884027220656 0.073935299971747859 0.018787948748907105 -0.10877849626767939 -0.11592598979442457 0.0035518889772789318 0.0052397802162393644 0.08063222547929931
 0.0079877976779475068 0.055213992319318526 -0.068227956567405268 -0.10893388039425034 -0.10704815333359977 0.031170286836836994 -0.01714512802869082 0.058063240443058751 -0.11778920202788955 -0.087633181025800228 -0.025340138553507807 -0.026135703275088743 -0.028977169764669429 -0.049544717526134659 0.039298843492977888 0.0027874934745652259 -0.13468366442339116 0.10161971859403607 0.0042621362447766006 -0.1406326610713019 0.10900897464007445 0.033210598867080068 0.04667833538321995 0.031844663894159748 0.14567652418103605 0.039940297180344433 -0.067356855634459881 0.040594613690220077 -0.009762930035311642 0.045342834415735174 0.029160467529049695 0.0096246566415086488 0.082882857578579716 0.1595054869343969 -0.092603830373987339 -0.10812733751696536 -0.049810943666154003 0.10297698476943808 -0.087710012005181151 -0.23943904200417546 0.0049059019964173825 -0.062483424289876306 -0.1002729721813599 -0.034135797054523291 0.064180898571732148 0.051532204841104587
 -0.0092006814902728766 0.023819519003239406 0.023099058822071836 0.053474198774991905 0.053088801892015092 0.0084709735646761875 -0.14499735349242934 0.084697212998802895 -0.045921728422115227 -0.0098862836298109994 -0.057042722533512093 -0.084446163838891572 -0.070505382213232201 -0.10891145695358269 -0.011648616208484569 -0.077199885626731468 -0.01586702067627033 0.075890572903310805 -0.18910249063866821 -0.17530557917502143 -0.053489916797196196 0.047209959195932148 -0.033404289184372438 -8.6723378242522782e-05 -0.032517891654242605 -0.010326479049296908 -0.049923032930666106 0.084707159327520529 0.13103229637178657 0.076180880482485933 -0.027911387722938569 0.11103476251608026 -0.00063806427287551671 -0.0036591390366475032 0.032816361768654934 0.08271119677328001 -0.10998532610799096 0.052324518161217533 0.11055440947500707 0.05330279745583219 -0.14018465258249652 -0.049555100447184808 -0.064674994489645615 0.0094528504492246909 -0.012345460778086162 -0.051491030368896226
 0.0070411398634549266 -7.0192295187510972e-05 -0.018599062909134066 0.074324576765210357 0.10604122626696165 0.065335221501138796 -0.18013714097979069 0.0037987389928550433 0.040906955537035085 0.018723898647626445 -0.0051824195254776178 0.10212018747973536 -0.1014275183104037 0.020109414857215891 0.003937204335714436 0.0024801913213009625 -0.0016404857609080481 -0.15457000638473281 0.13103098581016068 0.049026661237246291 -0.07114389143005527 -0.097322914335923383 0.0032452930615093408 0.16687785769162705 -0.018700829423049629 -0.049600283137096177 -0.15378276004611668 -0.058044691790942425 -0.01094552232638047 0.0033129169148182719 -0.022009699703057464 0.10099528968869305 -0.14400403488455754 -0.048522012788465782 0.11962132523784837 0.10529163444582552 -0.064008380663640188 0.074680523587417058 0.10525472005381648 -0.068137041874732365 0.19284158491560591 -0.031713581077385665 0.043265997702483863 0.054372485126441682 0.011925986060153815 -0.079221218679376412
 0.094312720940118527 0.054873525087570416 0.060429337233003352 0.09234983395077985 0.0076355000247082172 -0.10271375505832407 -0.036259782955797723 0.064817067478567761 -0.087367366779093431 -0.14301377806892479 -0.034200648354835127 0.030421138849065367 0.046703175872064184 -0.097743231772602926 -0.033546753933561789 -0.15914994890634721 -0.092564102413087213 -0.038051577106565072 0.088431007280235355 0.070630337422208311 0.031447563169941128 -0.1423893201751735 0.092255778288602042 0.022853264539360003 0.038592430308482369 0.16992538043112407 -0.03490204835148112 0.09372251339050415 0.033628648943353621 -0.061969964446525132 0.012906035966622256 0.10565703058704776 -0.081072692257126253 -0.079869429554811161 -0.046943474604270535 0.048850205980353563 0.02723876423445333 0.097906509758758906 0.06649200343799197 0.014839553437592842 -0.14876551047444297 -0.029352599436810213 0.027252384105534648 -0.12489609675957995 -0.047865127921432965 -0.014188597303393708
 0.10791335390598002 0.088829733567239222 -0.10811256302825692 -0.074191576026076997 -0.034183052544994444 0.0035904624501794202 -0.10871979105146914 -0.033268776246220308 0.024661755287127034 -0.012704763018800191 0.14895594505153137 0.095682323420691884 0.035040104398898743 0.039716749373833578 0.13054711762273086 -0.17722345418550067 -0.14750425117196073 0.011916480081131779 -0.027936474726141945 -0.11959802488780145 0.0095779429452777613 0.014030902093875546 0.015408831533266963 -0.041601055910813436 -0.0013360158660146977 -0.11069909868449596 0.070461015682746278 0.07871223256117392 0.0096048369071454476 0.026688213975935397 -0.10732164787939416 -0.036514840260547049 -0.046002973481337181 0.096826349702032813 -0.088770698134508927 0.021328950961015801 0.0053516376653288738 -0.040042218948827764 0.09472739718756655 -0.10061141027531099 -0.15948743430295523 -0.017249806751842626 -0.088691664889936503 -0.07565612026079549 -0.065075538021733173 0.027529578467739679
 0.079685747596994275 -0.062773242010247782 -0.11822995509265082 0.04954368017555965 0.088227372476731 -0.10619283181832839 -0.15115141135404253 0.15223376110804679 0.14681832285297028 0.074147314847085019 0.096228004063713096 -0.070614590512488917 -0.14158688369468164 -0.081079989043222056 -0.11853999064262891 -0.079446389763585201 0.055818751132350353 -0.076532398123245277 -0.01256338747884321 -0.11417657421159551 0.064428129944679738 0.070625279863662335 -0.036772861796827955 -0.0095698980102479365 -0.1133475361497497 -0.034409376364962982 -0.071443794072162184 0.082765738991477544 -0.11683743075798957 -0.041373677574560674 -0.098286411645915686 0.0033019548071530941 -0.18502540088221267 -0.063992640309890547 -0.01425293853453127 -0.077354043799032421 0.047027483922518348 -0.10703653730732619 -0.11414021974226467 0.12181918034821416 -0.067063613048288187 0.015510449491616929 0.038287736150446713 -0.18361542794828867 0.032055376095347872 0.095740562184382372
