# Created by Octave 6.2.0, Sun Sep 11 01:05:19 2022 GMT <unknown@LAPTOP-P0PV0581>
# name: Theta3
# type: matrix
# rows: 15
# columns: 16
 0.088099874610187187 0.1127443355676003 -0.14231494887463175 0.17310641631737625 -0.069578452461004692 -0.11150200329405599 -0.073853576680126806 0.090969891748156201 -0.066486081629870949 0.04678004663330592 -0.057113225172616182 0.064907566507105829 0.083656675354731758 0.0069257436368451277 0.071322762118951805 0.070608701195105747
 0.079205670696475841 -0.054404663847127693 0.28322364228013669 -0.025906474415320409 -0.097113063153995635 -0.048741759824880548 -0.069788243125375321 0.011478422701632567 -0.095797657804497435 -0.10634905868225858 -0.023913840628758225 -0.17145311203654229 0.062536937502631215 0.065231242765397504 0.074909304078637939 -0.001068077278677895
 -0.046903669840543442 -0.068433265709089419 -0.06791038011217769 -0.029399120281899973 -0.062821238362632786 -0.0019028552518908254 -0.060554065086565551 0.24121317272461548 -0.1014114759306799 -0.12689598150707002 0.0029622091957731949 -0.059351981763142173 -0.11975134781478387 0.041057304517038165 -0.018325046396967866 0.030974629969625876
 -0.071431942014830482 0.032738732973439356 0.12257774964530752 -0.045162991278318888 0.066025100344042215 0.0017672459516211623 -0.00444783028328291 0.10951917886130011 -0.080318295701131304 -0.086953628392613808 -0.049390012000731467 -0.11709118287923002 0.057665414188947148 0.020617676945397938 -0.053888592193614367 0.10707373753530064
 0.093286315173154402 0.14783453078534711 0.13391623015363205 0.051136882611696258 0.077810214807491881 -0.010110263660829611 -0.15943955285837497 -0.063828283677789255 -0.10712800784420683 -0.052479136241930409 -0.077231297527488682 0.16339659274056928 -0.050542024424501751 -0.080986706174980189 -0.16573414404076195 0.0019518988414340293
 0.012292648660235031 -0.10962572374488254 0.015163719059730288 -0.10969816737143155 0.072460993991927666 -0.12791005043311834 -0.043900469112197867 0.052609353933617174 -0.11972044572374692 0.098786204398259109 -0.031495046610227978 0.1150633761827872 -0.10504988892116147 -0.070688019127863863 0.13015242698862006 -0.10777417101619524
 -0.051145789767014109 -0.20399871593221774 0.047458307085361168 0.068069888595489139 -0.093397945381550551 0.20104877905792465 0.12432083903744422 -0.082392903642342072 -0.022112509479384528 -0.066358474445462182 0.14599953352696063 0.019876098750380503 0.062361551155362044 -0.027238194016757648 -0.050000857779660145 0.11857240260898283
 0.11512806140814594 -0.01809708642468166 -0.077383062143452683 0.060053941719824283 0.051621958070214642 0.093485314991629889 -0.030205406808515717 -0.10799531563478934 -0.038760157759958967 0.08545553775511032 -0.12711093775688628 0.041742661424319934 -0.13156551547334733 0.00025776293936563696 -5.3759963981876472e-07 -0.062325675121524635
 0.1027044551394459 -0.032124695807866463 0.035589200558475809 -0.052732037215519854 0.069998791856952319 -0.050572219186531035 0.068859525577129946 -0.13218482880164523 0.050351659497176474 -0.0089379456438122076 -0.0060407982907185213 0.090627676630586074 -0.19858206198054948 -0.031319737633751364 0.11916799011694727 0.061819071816712597
 -0.11066891387568133 0.0027183290309907488 0.03842852672828919 0.19432869230735356 -0.059276052521057825 -0.177323240432609 0.11892615191222833 0.17809446660090344 0.10267332256309034 -0.023882586375548034 -0.057702156383380637 0.0069096234547837187 -0.024896800707981032 -0.037850749179060603 -0.058710403051304795 -0.089433346237387218
 -0.063267964424167406 0.029070597011945289 -0.076204629477146166 0.02609676943552551 -0.090093953279747174 -0.043846980269972469 -0.12197142430035401 -0.069056890385043146 -0.036067718521472794 -0.02806632083596363 -0.057571353489966989 0.13654244137562527 -0.1183355637202345 -0.092827082453779144 0.094705598058913071 -0.12206509204468516
 0.10148139492808404 0.0298112878955306 -0.059415615169962341 0.072877569343716656 -0.10612906104185682 -0.11018048553676214 0.004464814116905782 -0.04833602127655403 0.08575730414844171 -0.15582606501350138 -0.10199129335331242 -0.1499164741384596 0.19023799557608426 0.091996898562124618 0.14356207487382713 0.098365611499206251
 -0.085682723593609164 0.064851438880651591 0.1463037789942209 0.064196508750980333 -0.10233213345594624 -0.10581024853852636 0.12341417546514083 -0.15632043525872244 -0.082207591553445994 0.1282028198315624 0.051772543744728124 0.029522282876738741 -0.038900191810142731 -0.01927443757086552 -0.07846654509228071 0.092659481168151273
 0.09788884403027881 0.022205027802743617 -0.066640622148099765 -0.019182552442975724 -0.075020319788034889 0.078789117432706765 0.046694079399823576 0.13125156207131894 0.1033518958602353 -0.12812467905307803 -0.10467448014193252 0.031709235628068877 0.10822596347240587 0.019600725944551707 -0.12266257047060186 0.1355884835611505
 0.06856449111158669 0.15607013880536988 -0.0010670260972078002 -0.04752619320324937 -0.058150231450952036 -0.0081209673335496425 -0.11598387200206475 -0.13179663290399113 0.038917247411548513 0.018086617597699941 0.2079986729899255 -0.1549639480394035 0.05593932576595937 0.019985761395861428 0.11729343767904667 0.060437190492914468


