# Created by Octave 6.2.0, Sun Sep 11 01:14:59 2022 GMT <unknown@LAPTOP-P0PV0581>
# name: Theta4
# type: matrix
# rows: 10
# columns: 26
 0.035244942345290318 0.02027185914668923 0.0066762715005850891 -0.053391175479887691 0.016117867673854279 -0.060999752853122813 -0.12078220103117841 0.061963890855261418 -0.066212390342273456 0.017116034821405963 -0.026707331233652702 -0.22667121451922137 0.025106864467404035 0.078778516367807777 0.096178625052063996 0.21087526395272976 -0.1204966470414193 0.17077149431674254 0.16978737496028687 -0.13253839957129224 0.11486232664255751 0.052296828187506375 -0.064585128444946641 -0.080842759166507974 0.14833834151994246 -0.16015412410670701
 -0.10122040339722645 -0.063093659864186705 0.065572447356479963 0.043877177611733056 0.11697307450162524 0.12242340928344823 -0.0064936251736663455 0.083682622528756079 0.073863680122313674 -0.11172151318180988 -0.13409091728268158 -0.077992353693994931 0.0036169443143726642 0.034920707064770032 0.10040079571949063 -0.12223050064525724 -0.048251520024814032 0.064525748263721594 -0.13937095921537368 -0.053192656969186305 -0.067921707259033473 -0.03327905685296785 -0.13547318078267437 -0.022515293072835559 0.14640576081045481 0.12546381326425518
 -0.09254954782024831 -0.034351756049963961 -0.05505499934637819 0.060231692602508421 0.04765681207100448 0.055511476029839468 0.033688509217432154 0.043831654678739361 -0.059202536126727372 -0.074119417435523707 0.27617844501313915 -0.081687302634965014 0.044180796311925424 -0.055187974786868682 -0.041951802690851546 0.022165115807098266 -0.08745580457584283 0.071246280153450608 -0.10571774315234965 0.10749089205056077 -0.018617343470511062 -0.058223806234159639 -0.047537776950271095 0.092253012139271867 -0.0047093564731385887 0.17382183921669264
 0.033688572108461622 -0.08815685692145335 -0.069204731603451711 -0.21188776033858234 -0.061000190481417027 0.18305878976918036 0.057752636859236803 0.081294415170399953 -0.06923796797067451 -0.051541414272068563 -0.033871066823260333 0.10561542403092532 0.061127958753502173 0.029370594783912466 -0.039465593229762584 -0.03397052487816285 -0.11908610634824207 -0.063345475111197147 0.1612816696239216 0.022728574481479472 0.14070760565648388 0.067741053113619887 0.051188331082895916 -0.033991786658427656 -0.067789754611002784 -0.066656503132384123
 0.089844532639111366 -0.015705383955655836 -0.20319573790523004 -0.02068999631505283 0.13480980736445977 -0.048506330710679099 -0.10781093646482441 0.040713959028399568 0.064280259328933956 -0.032493206271050054 0.11216323439274563 -0.020190081144107523 0.062926332419202549 0.22480986010748782 0.055289091968941488 0.067276513574764399 0.13801169690520954 0.13491383375389712 0.0028140529640009477 -0.061437633355819483 -0.068458706179919823 -0.039798888070459053 -0.095568020379632967 -0.058973337538632827 0.014546203648874538 -0.10007164836585092
 -0.14007740751343303 0.053090636922845193 -0.0524848135375513 0.1109009407082104 0.0030394989645001992 -0.1195756048204321 -0.032480304135487192 0.038914436362273638 0.021534567041471983 0.061320699251570604 -0.11143369138621791 0.079842461597389641 -0.076979552796049414 -0.19466907463216221 0.082044346473326896 0.0066822558608752511 0.14773026048478832 -0.045745948336590243 0.021496564656463647 0.079073944250033723 -0.025168911849205541 0.12312477494748185 0.049187656452493414 -0.11386010460525929 -0.092535619289004584 -0.082062971557288228
 0.11877772300638635 0.16576108090985073 0.090998727761519474 0.038498897993997069 -0.030095597938937881 0.06118731538822117 -0.19242619578643697 0.14090443314448223 -0.049137488788799366 0.023967472311444641 -0.014633331787979181 -0.10832532704869115 0.034273030851867205 0.17869775983387051 0.096031320720500205 -0.056530038063332615 -0.19355199176312485 0.12660780497012783 -0.12216328826458447 -0.13994853773415517 0.054595081951837904 -0.068190502783853954 0.020491611460467438 0.0026633423939886334 0.081222507048817616 0.093072877210819971
 0.054610612105891979 -0.10006870957645678 -0.093610692180571595 -0.0087595201902858216 0.12653962857629239 -0.16152154255036258 -0.07717154831906467 -0.085816726114300065 -0.040652558477404684 -0.09235490188577318 -0.070425649642194596 -0.019861649899781279 0.016961685226746813 0.0048686575877942249 0.024239663364429592 0.084576440674703324 0.071598661668784092 0.07267953565341756 0.052593474799107358 0.08226737660295784 0.030051099165322954 0.038783021753898493 -0.074240811473505725 0.27357114374817748 -0.042895030492292444 -0.16930904788787829
 0.069752394429824643 0.090278165206036765 -0.040757137633249937 -0.1772823510566359 -0.057990897870447054 0.17416625888649045 0.1012195991916114 -0.075088253221535547 0.069254338600175269 -0.083665955769773773 0.024623144939158754 -0.16871703573349173 -0.026162603053078819 0.059346155813467763 0.04559340997592809 -0.054300729973005842 -0.0086573150100266155 0.091658460549125909 0.024181037539367699 0.20681115802278896 -0.0025235865139238344 -0.2001946443017408 -0.036908005062217954 -0.02905149043979724 -0.1334785401896823 -0.054882323352938148
 -0.020486175065476245 -0.15370115981261431 0.21218002844579867 -0.0094673370888711892 0.016014039906351602 -0.031590709980025986 -0.029060304132059806 0.0027612909522709557 -0.070990620147926578 0.11903970997804796 0.0001884407278395297 -0.088709575666531329 0.074040137076512774 0.017442041028141151 -0.030271449395002752 -0.065933999437058369 0.018160831188939148 -0.08929533609932748 -0.046389381329750214 -0.036568427314986725 -0.090966927094228087 0.079872041814449415 -0.050448436280606232 -0.00025684751367830702 -0.20591146984759789 -0.015772116893487065


