# Created by Octave 6.2.0, Sun Sep 11 15:08:46 2022 GMT <unknown@LAPTOP-P0PV0581>
# name: Theta3
# type: matrix
# rows: 55
# columns: 56
 0.0051606328124755184 -0.080544633905827417 -0.086080730808422823 0.045817534884720283 0.10104772288823723 -0.088048636232625446 -0.0093008551211861881 -0.077068933644229703 0.065625817842400208 -0.09792631190391865 0.021202144925684615 0.025116012576050242 0.072167238923913926 0.088698787373295646 -0.029114421208161056 -0.0099317063240358244 -0.04379054346014849 -0.11308375220510153 0.070537463736416589 -0.073279584112832974 0.096049241687289677 -0.072467077894766821 0.093131130448287372 0.01532790785265997 0.037130762236479826 0.01961687535085611 -0.05606100068521714 -0.061428176208739187 0.023867958994701389 -0.020808276365528278 -0.059705889015898843 -0.03944675495132173 -0.1122222410421618 0.042821401364362778 -0.05755229537998157 0.0017894431650383599 -0.06724399337454251 0.034078593420203876 0.050161007346169288 -0.10815142209057028 0.10735116599756776 -0.067305449326820255 0.039325339365889785 -0.068570514022048432 0.078885895819853363 -0.056175709322652506 -0.115460085252856 0.0049348297809910686 -0.10403786928430463 -0.035316487286966847 -0.085102032483872589 0.065356233570282043 0.11878558265528956 -0.048403894216912741 -0.086272273535997659 -0.069361384235929427
 0.088518431523710972 -0.018864510345335504 0.0086128893173891552 0.041297658294461415 -0.048096573255510942 0.039267383297801307 -0.02512208697419252 -0.00075300706635868383 0.096667476916388759 0.062136881632654503 -0.045389398083877118 0.00077075186438434304 -0.065145254118119486 -0.12385995765998482 0.024980241596364864 -0.093174779014045125 -0.092904671684138504 0.01188525059039851 0.028800722518978389 0.082850904413716259 0.041048298481969114 -0.067515537152706556 0.063000905075880478 0.019553087590521701 -0.018126662648541157 0.045678448498610344 0.090166929466891199 -0.045587517693763228 -0.0091746162574356076 -0.076556592559893541 -0.055532742067167962 0.057935185941064303 0.015644368216650988 -0.081381038404497189 -0.070585831822103498 -0.017397790388543749 0.048875708619284086 -0.060273066150388833 0.097650913452953889 -0.025592156260385881 0.037471550327173052 -0.07001880728907299 0.027885829288233747 0.0080323047400051393 0.012619203195455878 0.010159720109451886 -0.0057317953298583911 -0.033815884677483261 -0.090786801432865438 -0.056509849825879352 -0.13441570968655303 0.077646123856397894 0.040190523064925036 -0.14832552612071415 0.11718236596347609 0.095140529274097468
 0.11360679271859153 -0.046364902113007186 0.057371586952258337 -0.045018262605507051 0.086468381555496868 -0.010969741774196752 -0.018827618778468405 -0.053138635541641152 -0.054726594542632602 -0.10933404135741101 -0.12174817832209753 0.10481609587915584 0.10201425629666568 -0.017871085016410725 -0.076086516525827486 -0.11278167647043691 0.061765325607083116 -0.069298559273665128 0.10617553387821663 -0.024361548043421003 0.1094379860263157 0.025150979322645886 -0.061978280312949462 -0.1031952305456523 -0.10452995003764096 0.00092292650061367618 -0.021497995644475808 -0.0016013532179811954 -0.09599031005459302 0.043599302086664633 0.013333892472330945 0.041132260650260551 -0.082382542321664615 0.08510571122518551 -0.021203799002104076 -0.082353768973810609 0.067327346985182612 0.095040659663921639 -0.033115428759691617 0.0059185817020392922 0.003505164586619381 0.1066905927755686 6.5650679884479428e-05 0.017696812931158223 -0.010859761897268607 -0.088134575898691281 0.00067364987838776336 -0.084886623939046585 -0.11286269785047405 0.02050374626158772 -0.076465069493677762 0.014637685960251383 -0.095813052138752963 0.097745409041691586 0.11140828084077389 -0.07668326424966164
 0.098343888753493147 -0.0484571424066347 -0.013656027370817628 -0.05349473609659014 -0.1115387460008752 0.074214249679095345 -0.05477977892144046 -0.050030575711526824 -0.081790474362554003 -0.12365691656089416 -0.048834975765415227 0.078131650809694392 0.060375664516632309 -0.065042651613204522 -0.021797150096565535 0.015653842003706814 0.05750664745670727 0.016657499099131879 0.066954099632626829 0.12843063385012968 -0.010372852343802046 0.025882866111314233 0.068498528713192633 -0.054938590495883108 0.075857627029239941 0.086494147794164533 0.066982149690196599 0.048050418599303424 0.069022069508490921 -0.10707609030480225 -0.082891933119165789 -0.025583867841279088 0.081427293893767419 -0.016068103516894191 0.1225523376883452 0.00066828040081686152 -0.026114388958874298 0.14267070487616326 -0.066747318230206909 -0.067608136635706514 -0.1274818220248877 -0.076812495653304474 -0.060071046837445061 0.063050708192254917 0.14283752534253796 -0.012046769854001087 0.10668781010278749 -0.0076736985834952873 -0.020264365563638344 0.04098887657027963 0.0054775948683442773 0.061141061466839869 0.007143398296824535 -0.14071345116218439 0.1308669735031984 0.085104091725658609
 -0.1144341895699356 -0.063222371436766414 -0.032279127568328098 0.0114690177915826 0.0022619391993611241 -0.080914564333968264 0.024689836557791892 -0.049932287252007566 0.069893054838971166 0.059430596369014654 0.013264340780092705 -0.031205484529867954 -0.046353048758411453 -0.023535229976007082 0.041384493452233086 0.082196341433355594 0.027071366700694238 0.092513196474691237 0.072104026018085979 0.042397165708264239 0.10418882736197965 -0.053069936538963892 0.038250353070331124 0.022522223830689157 -0.10830336048063295 -0.063685392492300319 -0.07137467702044932 0.096557083949933786 -0.11195102005265468 -0.022300501487267463 0.01601590595507139 0.087323581105379869 -0.076762851641519025 -0.060644799342431242 0.088585923457295504 -0.053288551217838362 -0.12015389790155398 0.02719076003521835 0.093407982192296887 0.05433868599618253 -0.08630189523280149 0.1040050194252025 0.024613842721478645 0.13660868633685774 -0.043662573782110789 -0.11598470756542423 -0.10839529327083824 0.071162037239203571 0.062215947280726047 0.077932130318320497 -0.1011656116408851 0.031162428668212505 -0.0075723897024869797 -0.127203208304803 0.063600957644701084 -0.11537884860442776
 0.046436290407817771 0.040754245887555773 -0.094313537493106614 -0.079030071265992263 0.012004347246017108 0.057976291149617151 -0.056402223255467628 0.15213535069827006 -0.062911396970767405 0.087839900859151596 0.010722269327897115 -0.062068353342467027 0.058839339463398199 -0.058940732933568024 0.15827618040107641 0.063479760263720167 -0.03897517993492905 -0.036553099731384348 0.035432143356696241 0.018382888062541049 -0.076096548490126009 -0.12376343301103757 -0.011318400738352387 0.060691130937497763 -0.061912171066992261 0.074946421319679976 -0.097834755707459406 -0.048185050085637525 0.033595119472956972 -0.11865977168271072 -0.088314976126641423 0.081262286330545636 -0.10802894242463834 0.02577669043118885 0.010395418153527868 0.042520087624762094 -0.095401706489806518 0.039246353127135085 0.066454829607630841 0.0483199169459076 -0.035374143170264806 0.10524501409068808 0.1159791497673629 0.073877833136850576 -0.092215785731555006 0.0070345203576509963 -0.048930702104230145 0.044035423327614905 0.089162507304132207 -0.038639070035584408 0.1235120844636253 -0.030656917500154448 -0.10780484969801939 -0.045622527912196967 -0.075060727715869552 0.025268869428346174
