# Created by Octave 6.2.0, Sun Sep 11 14:56:07 2022 GMT <unknown@LAPTOP-P0PV0581>
# name: Theta4
# type: matrix
# rows: 10
# columns: 46
 -0.062368432237342994 -0.069848071267528275 -0.0038607751394630235 0.0011510605278928171 -0.262707677120186 -0.054378804694691446 -0.11060067913423081 0.011214079163347192 -0.10147165332581008 -0.23042900997175481 -0.15544575077502609 -0.065136940632529103 0.067566128352835556 0.098499040472940599 -0.073649814753549744 -0.10524087787165684 -0.081158792935495577 0.085362481776007929 -0.053330941222300032 0.076643507586448348 -0.012183657999103507 -0.11062593410840031 -0.035173381835353443 -0.1533593819914906 -0.12275188663402134 -0.090434169104144563 0.030795739566883813 0.16181494842453514 0.1708045223862075 -0.055394031667727821 0.10293997465521829 0.084290098961519858 0.060938960042283455 0.019286402408213558 0.033293203854955863 0.12776742797805743 0.14779588420274228 -0.053692797003709242 0.0014948123495422984 0.12047624902928987 -0.046857640760302646 -0.079225130657516282 -0.10232102061406512 0.078372562578888735 -0.12463458292295895 0.085616967852883752
 -0.10751142372560894 -0.1143633552189481 -0.12840519328373656 -0.10701896422134864 -0.034333747024963779 -0.072426477678856543 0.11857530659730452 0.03237440651496612 0.094234361080700199 -0.081307396156034148 0.1621237887866035 0.17273847399736211 0.15806383976484367 0.11412821031669299 -0.077409235854483893 0.069544150302686472 0.21455049553760258 0.010696425595825324 0.029507893345819023 0.059813045687727891 -0.0019313657937524498 0.098819993833638889 0.11779633494543358 0.098330019653509695 -0.058003732016524 -0.028903347429940045 0.16616785684158553 -0.13390667592059347 0.26182433127443205 -0.17882875080264682 0.098926854262254019 -0.10775840561552746 0.037743624409526111 -0.038321313080904876 -0.055063459504088579 -0.083257627614213334 0.080157451197099841 0.18913829059477014 -0.098390963676859788 0.053518918748351657 0.11731074002927337 0.047585315529341643 -0.10351169852250669 -0.18853992941839895 -0.11597366405729412 -0.010528264752301588
 -0.011087506413087122 -0.19309635866334671 -0.12536037990850205 -0.11066621703893038 -0.064040284053821339 0.17756264202126157 -0.12608946299514281 0.024887093515458071 0.10620116283730908 0.079104863230685302 0.18128940135716559 0.060316429188028264 -0.063435071478861293 0.073291395931523035 0.010359280836223511 -0.037341475237080694 0.074238617774200794 0.10664249761287352 0.21103558399103897 -0.018530051658362554 -0.047827857732140121 -0.12998476027762729 -0.0509063690557622 -0.07429931408356083 0.16377903852937772 0.025036624869346363 -0.091518021455870638 -0.09962672593852695 -0.094846920651931663 -0.064337802937746588 -0.081295395735441575 -0.084637259009101934 -0.098696263383161648 -0.12997907771088968 0.24498441863491799 -0.052576092904822833 -0.091244889088272746 -0.027821727798581969 0.028688933843427016 0.027924223255234758 -0.099327781697411952 -0.16337227266007462 0.24562537552300703 0.071908936770231219 0.012836801900624929 0.067395320655527211
 0.0045483829120326206 0.07025434154480871 0.011550305129987939 -0.14510924485860663 -0.19541378062427681 0.10593180410559495 0.22625211511379881 0.14406990233531305 -0.19625240582014622 0.034276535142820308 -0.032993057146153464 0.00636058963819453 -0.0016608834872053624 0.027146404459117111 0.13023634089157263 0.082287976710394464 0.064227843414721278 -0.090773283010108605 0.11130584811548205 -0.060313137676221741 0.060277443222765272 0.093755509530390954 -0.078921997257917598 -0.1512501038319258 -0.065022155152361469 -0.041093275894523586 0.082223091183879618 0.10150837579225983 -0.029958559436736056 0.045610362984021977 -0.11022395978831606 -0.10668248546339817 0.026653487645791722 0.0036966236880035838 -0.094030040780429106 0.21622023299287976 -0.016031898018510505 0.10089572553569508 -0.0015155549497800516 -0.050607027016408096 -0.030232722256850992 0.084188369894960133 -0.073801003917385991 -0.099435509646452938 0.0078586895645914746 -0.0057380459909519678
 -0.067339074039346775 0.008767805092114285 -0.11217133296666783 0.18243671980466478 -0.066946506978924722 -0.067768262722094533 -0.021380648452005793 -0.093362851715310058 -0.0075315667013383563 -0.060265495585837485 -0.12280320858016978 0.039725132716594946 -0.05884287436869963 -0.0089857051500668011 0.066010919170508109 -0.064043135394209763 -0.001382133563443809 0.08403023767840169 -0.05689063039973262 0.0034870168386756488 -0.083609804512916927 0.013486796285612982 0.12976136464810586 -0.079744792889241994 -0.02014801411230626 0.027573074410871964 -0.034353101929151066 -0.13384398404970316 -0.14409195467351088 0.11993132105750136 0.041235561305101517 0.12080249579576573 0.061371774492160407 0.06639592608526855 -0.059813397570262473 -0.11454803544312495 -0.079549173864066181 0.069755794502426069 -0.014330495781684856 -0.22661991749863233 -0.017513421633887926 0.1351375589094799 0.25546079970700952 0.1095951307788208 0.041819372088970179 -0.10460480765011909
 0.073546036006867474 0.10661768158625559 -0.14092097447807472 0.2203842062530075 -0.021738226488860445 -0.014746445798461899 -0.16154311262179316 0.10054105832084535 -0.061593499537644113 -0.099262029134646101 -0.069485900083378085 0.050015583717853737 0.11465129987377627 0.0016211084087083443 0.022346789733481032 0.00082306314758811541 -0.10289289606722536 -0.26618533398700994 0.040385962997881344 -0.033300210897111361 -0.12633959872113837 0.039348425243104994 -0.11074037360946391 -0.068821555317686661 -0.079740647313078589 0.21861406727952676 0.029728069705928624 0.031974449451445008 -0.041142055053339802 0.21695156772740218 -0.061228512256911227 0.024925031586952653 -0.057910269445836063 0.22032691913874727 -0.051801079655910673 -0.06235902226165773 0.079343833054085197 0.081087628349882243 0.02586169194553101 0.08328777689297065 0.15816367858455047 0.11369070834462873 -0.058086479584599116 0.051774262880101063 0.10082672712086377 -0.050319040528422905
 -0.12780707693693807 -0.091294838242498302 0.095586367128902699 -0.12406283157945974 -0.17113031070352086 -0.077542244627526721 -0.021202007508479875 -0.030714630210412715 0.12259828024978288 0.065380416383124959 0.14952968756524163 -0.039003645675875019 -0.0031127540283403332 0.096867591878291512 0.06816242675671004 0.1014677778169453 -0.075991141199298284 0.068329902080970104 -0.041924002393146177 0.042163894354119956 0.043752670078370831 -0.061495009168430398 -0.11356171882534535 0.13075914535757391 -0.10647511750856853 0.016331814794966641 0.017856149540447751 0.096306056074943802 0.048080010305196867 0.12153103375895942 0.15343807086257383 0.14836260838734824 0.076517330411743759 -0.05045255040221823 0.025837431494132441 -0.0567087108713576 0.11971146002069735 -0.013242188060979066 0.00090484743060041933 -0.099962185983806545 -0.10852325820744765 -0.12744305457185259 -0.098360950755551305 -0.14902081559556865 0.062025722942592634 -0.12634339329928823
 0.11526315796479222 0.093156955001219233 0.0023203546668426112 -0.018434288104579553 0.026853102598897997 -0.055354991376822815 -0.07279367190650253 -0.028188587176160816 0.095732020741768009 0.046921627525261515 -0.04745754448911621 -0.03947413606694939 -0.10165962163098394 -0.22118063431380999 0.015668218330975141 0.08307314605725763 -0.26584627475579786 -0.054327952452500029 -0.21874391504024121 0.030442459302883435 -0.012117119923020359 0.015408759058071623 0.046512332548269864 -0.067348156112601934 0.083653311370734867 0.18796278449716153 -0.18493845033866901 0.10457080551813049 -0.0089237156727817301 -0.016547842423547066 0.06317281925624027 0.020828159066812593 -0.2938092755600748 -0.064302171871186822 0.036285530388429466 -0.096497177761469571 0.0076224421375203138 -0.20845888098340259 0.022097295098788987 0.18957616955225387 0.016683639879200306 -0.019440556952116786 0.035513981595603782 0.14761228992183018 -0.039665465992665995 0.030215893078288366
