# Created by Octave 6.2.0, Sun Sep 11 14:31:18 2022 GMT <unknown@LAPTOP-P0PV0581>
# name: Theta2
# type: matrix
# rows: 55
# columns: 56
 0.034315183313995641 -0.015553515077440513 0.025955706164564715 0.066339537222839029 -0.072831298120385551 -0.21112652570189547 0.00066609984071063183 -0.11257035533469481 0.12944757020504197 0.0044253610079542103 0.058531102977940799 -0.12064515031991924 -0.048534872256608547 -0.096352829516878097 0.093901181726270239 -0.05357268481112324 -0.06988401884394399 -0.10371331488692638 0.091350810487527495 -0.037956447499929387 -0.0098666575068508521 0.010526807431354339 0.01501145813098561 -0.054973309729202759 0.10523457192349088 0.092743830030517116 0.065471912377085981 -0.071251931657063491 0.11467912999795681 0.060668143357959371 0.121887989757198 0.077392526349023327 -0.083201972712255462 -0.053069649061307407 0.059834638430510144 -0.13453442293548643 0.10352630517686429 -0.037069137148236821 -0.073540770290885127 0.1012523112778467 -0.14700648784082168 -0.0097902380167781983 -0.10765208172461231 -0.084253085951061013 0.1083309651413147 0.025928605652513849 -0.048008539399313772 -0.0080470265221149889 -0.1244497873301984 -0.08170522565627053 0.028455782802630145 0.06416072143692822 0.034519156211220238 -0.039816118944942365 0.020478055814521053 -0.16084832082489095
 -0.095156869992756896 -0.10186006791559081 0.057486776142438592 -0.037936558582913602 0.090631782658833399 0.0038007447439349557 -0.038659041215128621 -0.016007049772665181 0.13399081166291171 0.13358592875432135 0.085230891402433048 -0.029170423309083551 0.02913622569147243 0.076770641972441184 -0.12100994780849152 0.016480308876796596 -0.011275565194801881 -0.1363600145579382 0.11575040852358584 0.086349059019344962 -0.01214998316146868 0.021341267424052422 0.076913526846029964 -0.15392253860766586 0.11326417113848011 0.025861938359681022 -0.042381737788877299 -0.10129570486054604 -0.125161046029589 -0.023812137052826511 0.022459765482253716 0.042230800937622201 -0.028608169747397549 0.13010956170406421 0.14315609711061852 -0.037000831251493678 0.015192456244331456 0.027373542190931213 -0.10279823130749051 0.046361588242918472 0.084461998647289913 -0.093616522968620969 0.00026896264595674928 -0.066575835484948276 -0.09994249374820563 -0.051211137022179533 -0.091562008919888388 0.091327018029279186 0.038975661818492442 0.0098712879702818907 0.095007872683993841 -0.011585227661480599 -0.12970334186061788 0.041008905899482459 -0.0077986586562757317 -0.010056547772962525
 -0.078908032754078372 -0.0057348729783189088 -0.084127679723315918 0.064350806821045645 -0.036145602445651515 -0.070752111273575877 0.0082497363239159432 0.0034239438832116896 0.12573461891110571 0.0086626100709637742 -0.14288434341548853 -0.03172631427250254 0.076242194003569227 0.085176917896854276 -0.060204753202976358 -0.068350178079428656 -0.047980025300957053 0.055008978835413044 -0.0058611525870128547 0.014149071002269939 -0.19821015897367794 0.052637782835571467 -0.088100809980516046 -0.086560582919311388 -0.10054423691239743 -0.073729114446711583 -0.10396544609688695 -0.015344637051549686 -0.096148308395632973 -0.098170478393546978 -0.030518940983882418 0.0083158871479249111 -0.014988080196507077 0.068359744190414753 0.086536646444082904 0.016716883750303346 -0.038943382448305579 -0.064777171354645544 -0.13693611737363781 -0.0045530998812853248 -0.028278165981665188 0.026636628754344083 0.065935381320017583 -0.064751877566601904 -0.11269845155948656 -0.032315766129588648 0.079300183909479044 0.009041742586834876 -0.096320992467333999 -0.083667751362776266 -0.062201524905536452 -0.010295518881477516 0.010133572609213643 0.1143061087029825 0.20384723360306251 0.079966790306527383
 0.0836026255737463 0.14319916624888904 -0.06636113421023293 0.064009399244929946 -0.070402747776906957 -0.22059694732747601 0.12021835521046206 -0.077623630749752787 0.024790565651477782 -0.17967626594841901 0.016126069949988261 -0.016267936791885585 0.064323049022096401 0.054903207336394554 0.012432323189132212 -0.10590382581771858 -0.055127387397905403 0.0085594776414208568 -0.11650602381242078 -0.024152648538652587 -0.07332301576395972 -0.074234267031489193 0.066360963755614816 0.041977392277157577 -0.010762221783486903 0.10580185815543257 -0.056157927444802934 0.082572228205480422 -0.017686212607858645 -0.12655641942484339 0.016145774669648387 0.11886771675397213 -0.074584404651105107 -0.002117167616413776 -0.058566106392470833 0.083369679648077205 0.053314158901836342 -0.038203969746978636 0.038833119669883079 0.057552971690170852 0.0054417051852271147 -0.021617385170420274 -0.072808664568160972 -0.10012699048178081 0.084144204240964512 0.015602201675451764 -0.013151415533053504 0.10436148035635306 0.10687432411298409 0.053272240524862242 -0.043438785922888294 -0.028714550424500215 0.043597090924841167 0.086443394455659656 -0.05673224025571838 -0.1985195788195265
 0.102909726651224 0.099744768318418914 0.03252082210686269 -0.062266665282520998 0.080265196567444089 -0.10710195602910372 -0.11072134846287481 0.011261165955554146 0.086217381476406854 -0.024752394537827741 -0.14099061323054257 0.095824803472535039 0.07318807199710993 0.024649098715268599 0.051878382049906829 0.0059486562146125041 -0.06290834890663248 -0.018566403441651225 -0.0054197211886772793 0.030245138549838724 0.15618665354119637 -0.031692369563065211 0.096754751327297633 0.020500082662857716 0.045796565905163678 -0.035696290299796672 0.060552344590671561 0.090670469076118906 -0.054693234955479994 0.096491676609621699 0.068918069463246259 0.11296916517861517 -0.092947906562577329 0.12762295316467434 -0.13902023523666179 0.021698456219930579 -0.11020730357531985 -0.0010555159898936219 -0.086707351930197588 -0.076537484063548392 0.026336878369484427 -0.088143788026767547 -0.032090197546087877 -0.043732081181218782 0.10465380445089038 0.042930626696105242 -0.10918916341968665 -0.022901613833894677 0.12877736688383043 -0.11480975171033567 -0.0063027178805094546 -0.07631625151054218 -0.028766432996816218 -0.18952756808994969 0.023903691006585855 -0.021929026993370578
 0.075566596984337958 -0.0071538266769817583 -0.0028226753925559081 -0.01056439981777723 0.064232334353645587 0.098797986022470072 0.063035790978920828 -0.10909470567122001 0.034512716826757925 -0.074732251956960039 -0.1301234877386577 -0.018031845262284275 -0.096465768573107541 0.036185501063811236 -0.12515636767827415 -0.1031692720547254 -0.072526550025531489 -0.1040871582721424 -0.064314357404639894 0.057498700104658865 -0.019451106802815948 -0.03446881580125899 -0.041671817410682717 -0.060709673973871045 0.040012264627216895 -0.078553733940725762 -0.109475224281937 -0.011943509124476311 -0.029443659359682309 -0.0070555838757529639 0.055221436976407565 0.0016778687644540121 -0.09509185382375282 -0.033399923453649928 0.080166784421622686 0.097453376573757952 -0.039621118444944585 0.11744448559246584 0.011187862321888394 -0.0593384038122469 0.040569728510824715 0.055093963633792903 0.012813793908241363 0.027679109940289343 0.049905217446756071 0.0031052018311180014 -0.052395306391832153 0.034248662449254563 -0.064969905007239356 0.098338572917516465 -0.027980843829933415 -0.088642785630371909 0.013836075574218154 -0.015298151631664175 0.091039584566578208 -0.10559614645392031
