# Created by Octave 6.2.0, Sun Sep 11 15:19:08 2022 GMT <unknown@LAPTOP-P0PV0581>
# name: Theta4
# type: matrix
# rows: 10
# columns: 46
 0.10136067524810879 -0.11429325492707447 -0.088308041676192439 0.057577815030836241 -0.043397049947027894 0.046000612998979451 0.022131421671630212 -0.010001107049223043 0.01269844702640956 0.07090777449057388 0.22570989710765679 -0.061175346896068059 -0.1220436707196048 0.053721007553761045 0.062502176292327696 0.15955821803560727 -0.079766210202304122 -0.11428328204984789 -0.060239443276460157 -0.11418649374998464 0.11177894811623351 0.028152574788847081 -0.046131537542900357 -0.10087918297616767 -0.0063490146466727675 -0.014754832953771941 0.052658554463201036 0.041610805566834184 -0.099911996281757676 -0.021060895376439241 -0.054862294356890579 0.069979333133051255 0.053161866040733995 -0.0069474849864747598 0.0056153450458818113 0.022690036182550569 0.03257343390209385 0.00034148963966237921 0.041807713362300894 0.011308016829705175 -0.034161307595481145 -0.080195075653577835 0.11984427274186696 -0.039846731551780173 0.033523064241382364 0.22402194697752439
 0.024291375680322323 -0.017038927872071501 -0.04827274733558877 0.1057599815514608 0.10116363431142986 0.026655103114069933 -0.064192282274039086 0.0042510225326580168 -0.077395540998169948 -0.033425196070502129 0.011686837626053855 -0.10316375122328823 -0.091065714816094628 0.086073884321079763 0.13628663638487284 -0.10185712184779611 0.021777793840651104 -0.094535658540533057 0.098269418766397582 -0.096709639105684114 -0.029824367475012804 0.033230004157977708 0.037843054677997569 0.14462516938960412 -0.092265964313368962 0.043127277906646451 0.020350622977023808 0.10724409046916177 -0.12539411011635512 0.075277795435069572 0.058139858160145372 -0.0098457951446100749 0.078991602109468345 -0.057941146211185748 -0.1352030546066231 0.13761959697786572 0.071676994999318303 0.049092045877919648 0.044201138950046473 -0.088897127919247379 0.022427607090758511 0.00041266743859117561 -0.084959594379869371 -0.013684888625733617 0.19082213599314068 0.068745083099998744
 0.045063093034224053 -0.10590413880058326 -0.068817968223624307 0.042316564835737043 -0.099900611537302689 -0.042223471105305714 0.06645394040313253 -0.054009313659289376 0.070918503397500152 -0.021506511604810988 -0.083681756609910257 -0.012727326499026331 -0.012023162482164311 0.12527288750680016 0.0035524315553884427 0.084333061765766715 -0.0061348964134933671 0.028500946228418898 0.10266112882280648 0.074708007480914024 -0.010210787735345625 -0.04464408268594592 0.019305367627786386 0.14443238052006663 0.026675559087913355 -0.038086506250427532 -0.10253522000577274 -0.04768024772153609 0.066224720580671512 -0.044209247316709568 -0.08975399467905612 0.073795774939033221 0.090869630360314105 -0.1006433693093811 0.031194526659319585 -0.066634066920145257 -0.10204855730914748 -0.032648238433818047 0.077397665202601815 -0.03142355206297448 -0.13148330760193275 -0.14568118123882332 -0.13027308285640454 0.16462476392929387 -0.07167584540868864 0.056794809616974605
 -0.10219096722964459 0.04846804594109401 0.066420973747079615 0.045114487615192995 0.07133356733122051 0.013139732317234904 -0.022544145152091064 -0.04056842583601062 -0.052183663981279396 -0.033449705391543599 -0.0076202848498636115 0.14916344519222169 0.090223808579305204 -0.083440907749422394 0.0001111759468333824 0.0018907786753317763 0.0057064905617637777 0.049686127397739872 0.10460099188077866 -0.0085546845060328197 0.10267223921593426 0.13894984212459544 -0.051055432479136346 -0.15513152725802212 -0.10625792144453249 -0.087962994396320313 0.04776569839898194 -0.026831409203118346 -0.07952534773957036 0.031387014928936065 0.026259982030688193 -0.07026187872157813 -0.098569083341510683 -0.080500178414611753 -0.012529007390078327 0.075862153428242637 0.054020380681364867 0.11411553871896295 -0.029624015744311175 0.13673902031450791 0.14332563269973808 -0.048155767641662926 0.033500254591943321 -0.1185679981708796 -0.035528796949539858 0.073074366033775345
 -0.068895895029905022 -0.10698525179444958 -0.01535260029719266 0.083137322765133026 -0.072295337623298081 -0.061415694211809389 -0.028681173835453697 0.19693245646114732 0.13366870784827428 0.21722021168240896 -0.074202626574305999 -0.11917285343286085 0.11887713805209488 -0.046862575455471678 0.021308519886214058 0.079136598236872024 0.15426302215445056 -0.050049821079816183 -0.032117547830734394 -0.16672216275393414 0.0052183122704812651 -0.048043175208299108 0.048910890791021872 0.041055671594854036 0.050197650637907612 -0.10475517790403945 -0.12262015297098255 0.088671963146060642 0.042656981860200102 0.022019138179076272 0.0029178246257781475 0.18496252158203719 -0.012216074175208959 -0.14870082116573993 0.10312161225633239 0.021829275342134795 -0.040102891630579895 -0.012682147479657471 -0.081936485966019018 -0.040270132728746161 0.22766533051251855 -0.012187628302276219 -0.001531052947643893 0.10212087582794353 -0.19469126628272101 -0.071684852808306027
 -0.0011103544406586481 0.045279946210498044 -0.089844086123593042 0.046886136950652885 0.015815078805288072 -0.024803049004347617 0.081827165367584553 -0.08545250431492471 -0.10143350338319358 0.096196687109514956 -0.0074435352308040159 0.13233831772231905 -0.086243091275161513 -0.096590646288331541 0.088744031977509796 -0.042401578478079974 -0.10727700029981334 0.050433837224358249 0.0036338700142088615 -0.027124885153261061 0.020691512937342161 0.098220180187736206 -0.012384097928080049 -0.063151385573085084 0.12042644256881693 0.0022077643571626489 0.03540082596231444 0.010624584247456379 -0.053698698990758652 0.17374833325344274 -0.05735230697856461 -0.091025431559549189 -0.054037172505194894 -0.14491071837202685 0.14315302135995089 -0.11415575871560013 -0.070335450640494429 -0.14491208035977954 0.035378401081372017 -0.018008927808034963 0.11615029933494475 0.028215351859939588 0.088114652570703056 -0.14259029053290986 -0.077007120299785972 -0.10213859190000613
 0.11830888403609108 5.2924785322296427e-05 -0.15932522757757142 0.026552046135277597 0.10256288126595654 0.13714244040619475 -0.072521769124487503 0.16472240207818728 0.020342193363512125 0.071301673944818234 -0.069607303252937153 0.00081549568669160555 -0.041200033625094383 -0.10200830264073969 -0.12425460236725662 -0.052174086588517542 -0.029356433946881599 -0.0082567310644378177 0.068783937834187403 0.11383676364226776 -0.023900508286342451 0.1023057449272891 0.0035350213368820012 -0.08568826558046222 -0.19117680778860041 0.0885158695369411 0.17203805233122471 0.014546503414744899 0.0042977303517882969 0.11495946429270744 -0.089711827929811944 -0.098446392018283244 0.021335401452439506 -0.048933219736239202 -0.069616524219643205 -0.067098737370190425 -0.10129833748695603 0.075186696989596027 -0.0027468093425417365 0.056473240269668351 -0.013906230678071603 -0.23082314235136253 0.0548597187514831 0.079118358025694571 0.062255490460247434 -0.041339482877001545
 0.0101155879663188 -0.11308192997103454 -0.17688160544172349 0.077662170066669187 0.02251355366813898 -0.067635063101978019 0.072361318419751644 0.074137075847940853 -0.1138336925290316 0.013147162635941477 0.03813101558703736 0.02270827548782834 0.067208050165364297 0.0079006504097083822 -0.026856927947344893 -0.12274077788213064 -0.011600655019508672 -0.030158943973975713 -0.046124189290642235 0.1152307095820457 0.14331413747639188 0.11968838229028946 -0.14503989520280539 0.0042313564955692969 0.027298439468698969 0.028523260673377099 0.013540343488291529 -0.026101456218066577 0.070302674797057582 0.056888733748336265 -0.048205136385201457 0.083357443975160539 0.0091474714105784366 0.0066421504456112054 0.071650257252039093 -0.10510616012723475 0.15239314841607138 0.0927019563252902 -0.063314382656641202 -0.10317833319128322 -0.0089077297993942067 0.20925924711900157 0.064477755134640477 -0.036592495520221119 -0.0025024301518943386 0.096823335438098221
