# Created by Octave 6.2.0, Sun Sep 11 00:50:17 2022 GMT <unknown@LAPTOP-P0PV0581>
# name: Theta2
# type: matrix
# rows: 35
# columns: 36
 0.038369700356420906 -0.0080169964966008422 0.10041298334340576 0.093789391643116171 -0.055624343139984093 -0.067109049379636188 -0.07635017763859335 0.044043131143653713 0.043288936832032894 0.048197259890490514 0.18788127999543197 0.05409549307194432 -0.027346780581428518 -0.064961666409465352 -0.09112922773954002 -0.13493409735541578 -0.070149473394969852 0.10434980106360921 0.065698148185425159 -0.12442941347660132 0.082918564377682663 -0.013895979150523964 -0.085682167578244511 -0.087894697790392495 -0.074293534147271786 -0.041214520403140664 -0.14242138180859221 0.15203924903311888 -0.046740474557811114 0.10979036157952146 0.0078205749159480815 0.0083279558796857441 0.053165036473511902 -0.033753259937667854 -0.10111011243422427 -0.045956536985102103
 -0.096582431617306924 -0.089538294879229582 0.16951191924584935 -0.048746853948458638 -0.012303573437629488 0.00037365372756170944 -0.040088573584927255 0.027813708564204502 -0.051084368025895804 -0.04386066223697016 0.0083132733456861979 0.094152643981597173 0.028025435751716697 -0.009048947883776845 0.081992979691147133 -0.044400167391555709 0.051670481430021613 -0.093379355994201441 0.039258583963019941 -0.034378801103285922 -0.087302192401937151 0.045441503534555457 0.0096371019034251094 0.1326518921678401 -0.10884102212588682 0.14459311571283368 -0.024289227716168732 -0.11299018709872301 -0.066271633709320057 -0.030025646032011563 -0.0074192231093353697 0.012477115488327412 0.055298166961573532 -0.14548109048403166 0.04846180097746243 0.055138992715522771
 0.021745957474678456 -0.072608043908639675 0.065413548576800665 0.10432216477965608 -0.049437618028075503 0.041905882023629999 -0.052551535882031604 -0.17624522392025138 -0.063782305056603136 -0.064078610235625305 0.098821124369143087 0.022680480559286901 -0.17023384530695307 0.042585423284944766 -0.046834826567436837 0.015733049411237848 0.10129686673727653 -0.081585707458889822 -0.052955015044075522 0.12416886728550515 0.068529295656341055 -0.030051640673658193 0.043218639849519368 -0.079869232491068129 0.02322491716247423 -0.0036302463784393894 -0.080873933367921855 0.015856523507957469 0.0033634731638539439 0.13335644746837061 0.062078395697253271 0.018320141915366326 -0.068472090350461173 -0.064243523042411627 0.088092485289935435 0.10124927970275224
 -0.082390980729175778 -0.12212596998891602 0.057447175114779037 -0.074995771576167006 0.18150503321514941 -0.03995466983772801 0.099395725926271813 0.010904951809860657 0.078202534279051855 0.024370608753657461 -0.066652089895304842 -0.070137467082940122 0.058852823357619995 -0.036190201207152876 -0.023520949813359095 0.081266232459513976 -0.033787347646975115 -0.10726321504613147 0.031042980473329724 -0.033593793209499047 0.081809285334329157 0.016611134922607414 -0.054991728705466598 0.099287502537907413 -0.027977237752013332 0.035077591863992681 0.15081084650895585 -0.13288695812662712 -0.011228455467218776 -0.083131266559415648 -0.065838196752084605 -0.093089563820443089 -0.024936248032291546 -0.014756384637350227 -0.050836563106103828 0.052554736896570614
 -0.05970055283345866 0.15585772004089074 0.10369569928936608 0.13258870163556971 -0.15001704387624634 -0.10047581032986685 -0.086058569902209184 -0.016198171747821705 0.036168834809132626 -0.055542458673441063 0.048619767003716854 0.020273561073982791 -0.11671356359687976 -0.049854359867339174 0.027988552257027791 0.017754697107504793 0.088368068507658631 -0.020100342796688129 -0.12627424925954098 -0.060802531527936444 -0.10569072839505227 -0.061925422406579063 0.08747999256015114 0.12468139032654997 0.016930320337188394 -0.060186688193476452 -0.052658586622532547 -0.098482821226799036 -0.1062977160470007 -0.015093667528752198 0.082445936696831965 0.006245009689400169 -0.0098841978351148652 -0.00075347446567137957 0.021078733497296651 0.011013119979917928
 0.11170074395940117 0.032971345476921016 0.066811903488952343 -0.11098574435852816 0.040908949295873485 -0.003362889360176132 -0.090415662451187429 0.1412328503167527 0.095785695411478425 0.0010790199816846781 -0.097951066384006857 -0.037352293524153778 0.080598223428590909 0.08341326009942461 0.0013581387373674573 0.091601235546194509 0.049021056316246321 -0.18704460669637329 -0.086559910212464369 -0.11557083606879931 0.075582515921568352 -0.053684389579468313 -0.007722749510594722 0.029245834445410058 0.12841582770952562 0.066692757271435088 -0.055845330684070965 0.11107877642159297 0.13544571948738116 -0.044262539882402585 -0.069287082070042999 -0.00046460040636508532 -0.099247132104179167 -0.10819025235986794 -0.037848748521455894 -0.15212530444513267
 0.078733367960998404 0.024201714597395681 0.006131692671783197 -0.043580385713673897 -0.05686287913666728 0.0015537272085511728 0.055050406255802632 -0.073861378483526682 0.044213710712713163 0.062487896674965432 0.11185036093065694 0.065785604187815525 0.0076008586294327813 -0.033145924877190931 -0.033453049073355022 -0.050577381085066909 0.1618175817167819 0.0032204574827207244 0.02573754820060755 -0.076060031032468681 -0.0011070687638998426 0.098677305900367135 -0.036939112550171807 -0.034212573094885131 0.028347310596004822 -0.12891369203518294 0.12700793563900331 -0.094673079038265648 0.044500533085927725 -0.076939246703828776 0.17760703642283954 0.060106867475871795 0.018852800772475985 0.047144577359797137 0.066946814369803376 0.030925470032263598
 0.11739314112526061 -0.058054798258979738 -0.13097990789591299 -0.033529865085684764 0.10732686930048417 -0.068331998102174399 0.090108726212439705 0.047898798422873402 0.095172143529057104 -0.039340788078727935 0.020997064349469321 0.096957943986283268 0.077890263901365581 -0.10631088684049241 -0.0036368146048913388 0.11209339972076465 -0.027494280888241095 0.13659952149532822 0.090460328881229887 -0.023505592424579638 0.036679601017544479 0.036367777146837747 -0.1610265564558841 0.016399947085609795 -0.0031838021992299358 -0.1238636585670609 -0.085516634252392254 0.0025826050349910157 -0.0022479075643283032 0.0087167652343804573 -0.025218040254348859 0.027875950659360754 -0.0099528324438710319 0.051878933030219475 0.089635382354985346 -0.078405085826574059
 -0.10560378676043825 -0.063160894689715932 0.027153958529206972 0.056782636519898885 0.073712107519473283 -0.071761967914647257 -0.095756284032527728 0.060927647586886173 0.045539942254095717 0.018893421582064151 0.037829090481347416 0.071812438220347261 -0.13364515310415837 0.094529756876995191 0.094934039944669646 -0.038471402995523526 -0.06438008653238847 -0.076815718030125421 0.07524183260414706 0.057745455156455128 0.07822447324908216 -0.11086554848686181 0.00077058182963836896 0.047971622056143005 0.0068157019214286629 0.043386043828095591 -0.15211506388174872 0.15124556692069094 0.049939490616015311 0.0054132251942139598 -0.14567131742227862 -0.06005081029716218 0.069416950368515626 -0.030842368823408763 -0.05192885327184682 0.10887942033454041
 0.088639464089908721 -0.076847637945307828 0.013635039834435838 0.010952684666754236 0.02450183503289572 -0.059301097327252104 0.031005804759774609 0.10066893723492681 -0.020407642725540909 -0.0047681833511005849 -0.042730406742885675 0.075671249536110957 -0.11532593248566085 0.045400414009201237 -0.093865016499390649 0.098069002706385744 -0.048853663991086628 0.22593590923731111 0.018059961757276897 0.064322253158147172 0.082264598771012026 -0.10874390246054083 -0.042638606496386823 -0.077062063690556515 -0.1254347857096311 -0.1369101708266236 0.075948083151258644 -0.06295641986327874 -0.037629302261047749 0.12127295592940439 -0.095178112957789607 0.026194999000883026 0.07747050652185794 -0.068018771468293146 0.056096720072812745 -0.11301915575233987
