# Created by Octave 6.2.0, Sun Sep 11 15:08:46 2022 GMT <unknown@LAPTOP-P0PV0581>
# name: Theta2
# type: matrix
# rows: 55
# columns: 56
 -0.060034418192173734 -0.064589820653068217 -0.067947302341081914 -0.071178686991566473 0.10511775553986917 0.03857473158314309 -0.013778758796821776 0.11509950707521513 -0.078943028559022216 0.11033198472344539 0.0052069239869095016 -0.05481226570995134 0.1224959664249934 -0.037676547282416498 -0.11593374271310754 -0.00064924373643936596 0.09576840696811878 -0.16955813459242389 -0.042494498961404122 0.016920829563544577 0.072399411855788423 0.14585119193054685 -0.1541885488078909 0.1505677273586721 -0.070444385560335096 -0.013494555552426964 0.046658057357820366 0.10126456066962594 0.035072344264432287 0.095968124197299012 0.073065200532820118 0.078176673313581441 -0.048627075188372379 -0.052321949007792676 0.08829129448693078 -0.029869858090856898 -0.10527742574117732 -0.0062786372212953745 0.056868895814590245 -0.020857262156875365 0.066543019229256886 -0.06229276387060665 0.081617827054953476 0.0090000866150926548 -0.0079556267110105564 -0.015675375865862342 -0.025302322955192545 -0.087557079257570669 0.06572787906961633 -0.085896374686416907 0.094078896134533033 -0.00032063117635784292 -0.044484364178941395 -0.02184100301886116 0.073343487145522746 0.0078187821863509605
 0.093602707815216526 0.011176742477498482 0.13416282369552615 -0.083886445652591915 0.03198015723242921 0.024444008204687135 0.10214314026024646 0.085364979831552792 -0.017458935717838308 0.012000111459746422 0.0044841463741921968 0.084089758520253244 -0.065013308539969075 -0.0045380018035990916 -0.052654309837366922 -0.0083798411372170631 -0.022149870395777056 -0.024607163084810386 0.1165880170083359 0.032203041234177616 -0.012065372683933361 -0.10121755076457345 -0.055532558140452548 0.071646246062023425 -0.13378891057373693 -0.0065239551315457861 0.076823748345739615 0.12504502600929823 -0.077631890029855516 0.086132522438735093 -0.031095104706935377 -0.061288604436825905 0.050909309983776962 -0.064750613086714648 -0.039903086931021979 -0.14721492646088694 -0.0098289217718505635 0.036404214574327923 -0.086074101156162056 0.066474569177426432 -0.0035002126427196075 -0.064791276855107757 0.045741391631863838 -0.017129632380289344 0.0042206161958378337 -0.051090899432267245 0.024395947346741106 -0.1028526198982601 -0.099739928611442208 0.111560854415823 0.00044684526009324547 0.059841890854193842 -0.049478623122152642 0.058016620756401509 -0.074372390776907077 -0.023361970518425937
 0.032984411467959648 -0.073821535199756871 -0.049831329909462548 -0.073995429340268565 0.15238779297070562 0.094842698944064052 0.13825811954472741 -0.0073643300018775186 -0.08945147654818901 -0.0061961874706446393 -0.088985769612685908 -0.045542741044499652 -0.027824559349656372 0.0099146657204578961 -0.10711267108276579 -0.04086426021427865 -0.062883766788850951 -0.10278157141356835 0.034807974460576999 -0.027682979375310775 -0.055523621502227845 0.025026160993761017 -0.074713070546063576 0.098826702032291283 -0.086336048491241518 0.0071046652850026886 0.048150077444318866 0.0099813256358580148 -0.062761784570672441 0.019077537615343254 0.061611136948963398 -0.12249905211086605 -0.091047292581240849 0.022736359308486876 0.014188746565098572 0.021054486931226444 -0.054189817542849149 -0.074901371942802386 -0.115663257009343 0.017884968574347643 -0.032320455979170777 -0.0058500691155118625 0.024018766075958216 -0.083454580305627607 0.085796445746796859 -0.0062435674064159705 0.080429811736928411 0.044979254205302972 -0.018420778787299936 0.045395440660534782 -0.033324832187205944 0.0096651395233065523 0.020969196168003038 -0.029954593527721007 0.019219889038886176 0.0030644098302693244
 -0.047291516697738525 0.048232245466540591 0.067387820697103654 0.073202296831157393 0.038383993604938903 0.065227574445107156 0.099995566526099422 0.019909617806896707 -0.036845999053620612 -0.079938907000557183 -0.021525421291654523 0.014112470229984676 -0.075120333994634664 0.0083156389439846806 -0.027326355921148925 -0.093972720170304877 0.0015197908634054403 0.030843807394982936 0.078553920934411103 0.046967721083957165 -0.013961323164740028 -0.10571702689695299 0.055669464339462127 0.097510672620502253 -0.0052012479776873252 0.017927029016010902 -0.12600180625469071 0.087163245304046538 0.051166414377016758 0.0012043943817719683 -0.041995099174428382 0.062075251508852132 -0.034277033637454518 -0.041455589413826703 -0.0016715260030227019 -3.1489944881193452e-05 -0.025066408828563411 -0.058223485359195241 -0.089325290587988382 0.078356777123224627 -0.033505677628262745 -0.12109348737417377 -0.044601851663048947 -0.049342389272667118 -0.067173405154789964 -0.044096995898855774 -0.10601885171193277 -0.025267896154136087 0.093432976460996339 -0.11222247021319329 0.045317521274218807 -0.082843547457198838 -0.036507471958051173 0.066555199182120509 0.062124028005752001 -0.06223496417929613
 -0.039240479077913046 -0.075344378515463981 0.049135067703602035 0.0084237809684628989 -0.053600964719310709 -0.041272662089857755 0.10467719884266026 -0.092087661406194107 0.058607579816230201 -0.027072876115630435 0.054647587430417595 -0.059460904893534387 0.089937925063533666 0.083990409222671855 -0.092738187500286132 -0.120816047620353 0.035338865295871769 -0.030841553191924904 -0.041486376164970917 0.067620856051324479 -0.087762939390876427 -0.089345920637060233 -0.0049629845863118863 0.073477621452461464 -0.090364001886889117 -0.032510093946362499 -0.075566325577722179 0.0012932781647224502 0.12273332464056436 0.061317984928556744 -0.012617305504502917 0.076950243693211767 0.1043685849817645 -0.088646866628387777 0.020469964267450985 -0.021367880406447787 -0.022163674889786166 0.049478156014906793 -0.020499879555422634 -0.023134779979370888 -0.010505139894087563 0.13628089891894238 -0.0098940528760166884 0.074761897064504326 0.0099124183215040865 -0.014960539598527263 0.02167463970757675 0.061675181427878367 -0.069877308608632241 -0.012379821663292184 -0.0057069617585867915 0.047752333745930513 -0.096369062120120488 0.063592848740782262 0.1039725630525241 -0.074885220167496588
 -0.065539211456866323 -0.11937268815647673 0.11139428107277502 -0.040465060580699388 -0.070193507777442474 -0.014462830332355707 -0.042090809181115171 -0.0045062593259940281 -0.071056927276523366 -0.0080668251918658181 -0.010321267836299369 0.077704499947911496 0.014931845194546238 -0.071793452643608605 -0.010431724069072812 -0.021032038235767925 -0.07349403770379262 0.056115816129709853 0.047264360812138397 0.027839645642137954 0.024187132427680814 -0.058745229014222862 -0.061188109953596699 -0.019312078834650592 0.081438025069552805 0.14147294668497709 -0.022996074325115079 -0.095382904935256613 0.072183440115840714 0.056165827906898613 0.1269970547887776 -0.10178097123917065 0.047490066429473524 0.044605889373507103 -0.063836130890667836 -0.13568538873137387 -0.023118153229647186 0.057965129250645217 -0.031964442336274712 -0.07407701407419108 0.061855833200417903 -0.05741039537648987 0.059682063312827327 0.029404321879760744 -0.094233062891844979 0.099754561505952799 -0.033809039661180457 0.053710048544473539 -0.00057576620010973956 0.025638878236093378 0.11374020252877316 0.15530879723044777 0.013299704905357547 -0.06162665169765949 0.10445637973812084 -0.0033813031114410127
