# Created by Octave 6.2.0, Sun Sep 11 01:28:16 2022 GMT <unknown@LAPTOP-P0PV0581>
# name: Theta2
# type: matrix
# rows: 15
# columns: 16
 0.0091949160585274789 0.14945219504233867 -0.070346993640096112 0.047045282671958503 -0.23001068642200437 0.028207781594980344 0.058338628951621875 -0.05645126093212946 0.002429165097659375 0.040550410052242879 0.060950227259726861 -0.0060427712245456084 -0.14132599498232987 0.098341198763307602 -0.00024428200649678159 -0.082896495939564566
 -0.085358424420726733 -0.088690987156627529 0.07521461432659704 -0.14846147748020261 -0.13038939598586954 -0.06937831383956837 -0.03362753449226933 0.0071612021441024593 -0.10707334970094852 -0.088795407451568734 -0.17548334880670632 -0.14644396633206702 -0.12802358956373294 -0.044820996199924086 -0.16998597322627981 0.047681651095175102
 -0.01793823907724236 0.0016996924023798803 0.073583513837576026 -0.24794280223797932 -0.01410978873278804 -0.031385603118134361 -0.048733833170944763 0.19548735854466998 -0.13789705712600783 0.073209923236129237 0.036586423501416346 0.15231996126745495 0.082161523776717746 0.094664289018219869 -0.051545769557816583 0.14861752212810772
 0.11622427117835486 0.10535020337321073 -0.10526571846689389 -0.090281351554340736 -0.12491546186420996 0.16147924279218492 -0.027762409840179088 0.056681620146483432 -0.15188872885057511 -0.015169915755065492 -0.0095029895786493384 -0.066327218033702687 0.091823005575560251 -0.077191056072394654 -0.0085925751206574631 -0.07296384129172212
 0.035415454078621122 0.043379825354983061 0.01162323426126506 0.084416877270351631 0.10645741744054106 -0.13625422650287281 -0.23714644209477614 0.095590578991698011 0.095117715694036611 -0.14816131137146088 -0.1689174393552024 0.11694946936532002 -0.17835662431781632 -0.028737996332980371 0.084083869754864538 -0.034923733609763398
 0.048692460130100618 -0.014712713170560899 -0.016232692954960576 -0.14481165258621639 0.18258007947391439 -0.10012744723914313 -0.10274739428075162 0.066623059545902558 0.059356721619205036 -0.21319999729340228 -0.082527011852530974 -0.043097662436539341 0.08997677427015488 0.226352248650567 -0.028690531839057138 0.045878284261416442
 -0.0083492566917396892 0.013298314571953546 0.18491389450360063 -0.1521219891267209 -0.097609885925785567 0.11897759737341518 0.0026003809721922861 0.037266743901593437 -0.050811059057112529 0.081052208371729093 -0.083742221267646841 -0.10458289387408726 0.051342392734683134 0.0058767207123439705 0.0093758898985929345 -0.0089283765274877878
 0.028042487085093739 0.12323734832456475 -0.016310295360409531 0.1922877688156937 0.0042788464260668652 -0.13029609324201993 0.022372116696230415 -0.041201257328905561 -0.056471864185780672 0.087505791726444196 0.070925134358929554 -0.037032922047747413 -0.15358772212930977 0.13312655785096167 0.010545789569529946 -0.1109427335869099
 0.013845461782896489 0.050686116502093433 -0.041033509872241164 -0.095647863031490324 0.078306494726116033 0.00089077188430507367 -0.088483704053553089 -0.0018524411396799224 -0.022749691035991122 -0.070641648872750512 0.071221788706509137 0.09122124853471103 -0.037971509933630153 0.080115743545940227 -0.28387085399794465 -0.079129405782465009
 0.08644063645580502 -0.059189681287683468 -0.035616696580042947 -0.11902265277438749 0.19404906506144876 0.084918313372351478 0.031948775400898743 -0.041102336539835471 -0.066517353209768301 -0.085340614577629634 0.087694355929436682 -0.15568753515989975 0.1455136117982456 0.027125070578206078 0.041795014304441352 0.16712556079036051
 -0.066828872946060464 -0.071158356351327279 -0.19275670948240572 -0.12071753366387361 -0.045077497966681368 0.082540963629255948 0.010585400919395926 0.0671291153408589 -0.034664352760933173 -0.13447788876245703 0.14680580118144429 0.021259279207425881 0.015232913016545422 0.048911504158925943 -0.047460365350068069 0.062177754002660429
 -0.076768687156279589 0.075463799475576826 0.10440320760061429 0.0080029794267247895 -0.10485137879810463 -0.042837071171066589 -0.01831032503739604 0.12542808464421046 -0.08841746732895768 0.016202070688980042 -0.014595462032584957 -0.052669331837292457 0.11442031979792579 0.030528256893804322 -0.055578131769003385 -0.25632619059786693
 -0.066884472666836975 0.19770538737896734 0.043984262328196314 0.00938717920469943 0.22571311172722675 -0.016488617315868738 -0.035679464829149583 0.031674436437236622 0.075000660562549074 -0.11426711699376495 -0.090620908182995147 -0.11700185729862193 0.043382491065850036 -0.046225107692453547 0.002282049875243602 -0.083251484651411869
 0.060162889398436288 -0.1343836248274633 -0.03278779470034273 0.031217895090763479 -0.06041039059343889 0.042951322013558987 -0.16534001492363298 -0.14113710929475803 -0.20795832027466768 0.07102784235208634 -0.058030948531632653 0.03556497807114449 -0.021948085512410547 0.15492942337051108 0.13538740815975756 0.02489360571543325
 0.031729502852408255 0.047594743391519909 -0.05526946598320092 -0.18576285599263076 0.0027974741533628141 0.098382770910775116 -0.15804053647009833 0.16823271007835164 -0.069520379388451278 0.24594082773235554 0.071056277555265196 0.027216549990471413 0.045265994380319509 0.018139399386980594 -0.027541740119448179 -0.025681862830357612


