# Created by Octave 6.2.0, Sun Sep 11 15:19:58 2022 GMT <unknown@LAPTOP-P0PV0581>
# name: Theta3
# type: matrix
# rows: 55
# columns: 56
 -0.029418654060209722 -0.012183632609128131 -0.16033243686911661 0.029201737198009677 -0.046364963852573111 -0.084058651967415784 -0.13717269726745857 -0.043366485032835522 0.14708170196404743 0.033365457324536489 0.065643332522880599 -0.052074397213701724 0.0043887524054884632 0.12662958915254058 -0.032579190771167069 0.10982137253076081 0.037106389276934271 0.059636453362805895 -0.11420536457530932 0.060106950076759924 0.038711046488180363 0.049309273955714591 0.10005213402642979 -0.033930309355372293 0.04743042869545866 -0.030455095123198491 0.045572064430990197 -0.15333007162113929 -0.043922232525652569 -0.094946377831033865 0.038426404825810202 -0.00083922859428654393 -0.11837741619966792 0.040932135591941074 0.062653384040316951 -0.14631525777322299 -0.091959748324349666 0.01896972432623294 -0.10393951423514701 0.1139761012462418 -0.073384142133255045 -0.14876112382639792 0.040580514146255034 -0.13543068953523399 -0.001659623589818455 0.098076162136961298 0.15169745868374265 0.067329627586191945 0.0049684483245445929 -0.10696644294747916 -0.098782642430773074 -0.063194994412502592 0.080605729943333537 0.11352886925331562 -0.077340410527987249 0.11090149838230005
 0.11363151716491196 -0.031407487177251704 -0.12918143850568087 0.038605621568869375 0.045471055537620604 0.01759963622847582 0.11051329891256385 0.0087492998864129624 -0.10430131642684909 0.05726250392743662 -0.045432856603232465 -0.047038443905234123 0.036938481002927931 0.016621950836491782 -0.054474472555395885 -0.037367792728759598 -0.13643770152164209 0.020100276603079059 -0.086167840414941368 -0.026155875042795394 -0.035362669024456672 -0.074680693742675275 -0.020538136825419568 -0.010347256840356997 -0.033249410026093336 0.012074058137917619 0.089333915986605963 -0.087710782706762816 -0.11965812495526948 -0.085987583921645863 -0.096747183797247366 -0.066425949993955874 -0.1239963860948497 -0.019536877384960481 -0.086851387737549121 -0.050471845021207939 -0.0072876088302693473 -0.066282986647837688 0.08286483256443708 -0.096312809434699498 0.015963381624536942 -0.093050046233183081 -0.061182113728199636 -0.16120556811807152 -0.023934136404383126 -0.080543606608232676 -0.12215187702917883 0.019810222850960714 0.015091429613710999 0.049740060704230669 0.012262003533039988 -0.079981857464555703 0.012138425819828441 -0.043732035731762244 0.045846795299707137 -0.084124770038903479
 -0.069507314433583128 -0.04429073746696461 -0.13690237063417673 -0.067994196864735165 -0.0037434977440165269 0.058002033754699582 -0.084527939578078873 -0.139744601533146 -0.0074665943271186169 0.010349268278523964 -0.0099070305027100774 0.11149527822380376 -0.097624209187602062 0.061996483287823451 0.12378102508888619 -0.089177931173321706 -0.025093741591078331 0.026222095078060937 0.064880465496406997 -0.141742342888973 -0.031533265203849616 -0.11365288392036015 0.15576699074862008 -0.02123502358596872 -0.0067159439929073512 -0.11100131933582229 -0.030961097289224339 -0.081643898996040479 -0.073006402331892054 0.035747689731620617 0.10958687621852435 0.017743686940414945 -0.064504018472488892 -0.08892466681279293 0.067837139998177226 0.0057715028044412683 0.13166113628603232 0.12950500232481815 -0.026911305022050514 0.035555702136978576 0.076409581589330811 -0.030952048200095915 -0.032358490074018781 0.09479360195497627 -0.032945771080036511 -0.11283663756476739 0.058652310520093405 -0.061841419258160585 -0.060912936289189694 -0.096202025917479242 -0.14355263540464322 -0.020313805891732796 0.061841953031964207 -0.0027100041992107219 -0.063067484600572737 -0.11559120339000549
 0.051905559607351902 0.043642045007494926 0.052358218003251328 -0.10081577151422075 -0.049765313786340186 -0.064216737778339222 0.096804738299790069 0.11452787014152851 -0.043211817484089907 -0.096366148518297973 -0.074870838099170695 -0.043224554599277841 0.010880291785680373 -0.070506110841242794 -0.055032462524259314 -0.00024093026924785382 0.0012154595367734062 -0.055251878923047545 0.073021458749485887 0.12701247239269764 -0.087436495242936896 -0.024289724935636126 -0.10630028564277262 -0.13571482269034707 -0.058713019307239177 0.085426985183842813 0.12693558645294656 -0.075648265840243853 -0.040806081847725155 0.072751469833295501 0.074104175535803937 0.070113268546781224 -0.061569678467251254 -0.00077959125660374265 -0.026768105028278363 0.12868140855744645 -0.071860506728118917 -0.014675594951867278 0.018740630704612661 -0.073484064571559829 0.14812246325349276 0.0067811792269517855 -0.10749217651760479 0.060456214751437476 0.15238369232266125 0.012341568660585752 -0.068420044847677428 0.048583268237025315 0.031789943064659591 0.015567822928185954 -0.0067929005245127025 0.14525026122828563 0.038490683265215056 0.07953729790002996 0.037564185932867103 -0.12626052549552952
 0.073428422118081746 -0.14662901811090798 -0.10311334911397992 0.056453698151706845 -0.097763033824955783 0.1160904035026953 0.031691567400006365 0.10400952528900057 -0.10943869264406338 0.0038499356651636057 -0.15039563451454888 0.061796647790563417 -0.093018055137282965 -0.012962341086218855 0.093250079014599835 -0.12420017984151074 -0.080834644759054289 0.072541144587016618 -0.099004406509477061 0.11355001853570636 -0.090554478091892557 -0.0079919523824046931 0.090709906670723289 -0.084823758844950733 0.10534360691515406 -0.058147782663254641 0.060570740803211891 0.13552354883194695 0.046942590202630266 -0.064926897327431746 -0.08500159550234225 -0.11730385411508319 0.061400082247321526 0.10653044403451625 -0.025684620677662411 -0.014126718909622245 0.066528270699627259 -0.019731958522567889 -0.063988512116588014 -0.10353605838254866 -0.12722821181556637 0.039073585659835285 0.11395912991226946 -0.01843646304743907 0.085028290458395994 0.046908831716126927 0.051797049513372474 -0.043295754821002799 -0.10385675702545689 0.0059691250106855579 -0.13926603450144989 0.036447604544956776 0.062212561069160156 -0.068471652928795521 0.01609313020681781 0.069641450867301891
 0.10181903433275007 -0.056935861383475589 0.12809169500513209 0.10074122795144563 0.02011184647406741 -0.025348085582054359 -0.012348415495013318 -0.0052371027495357143 0.0029876301253329227 0.069290835797720177 0.035867490133531091 -0.084900938322911609 -0.087730765508633277 -0.065585041184889392 -0.092995527119862878 -0.08757444779728725 -0.12330823481725535 -0.062373743036491784 0.095039579875751123 -0.040255946387357723 0.03218974151664343 -0.061606194677207585 -0.082257243053135823 0.026356467145440255 -0.059130079494094497 -0.10065538842233075 0.068179221618350022 -0.031383210950265431 -0.041629921714025651 -0.042185498803925407 -0.093664813940791972 0.01216412865195112 -0.15384688188077397 -0.013662828483254815 0.056608336169865173 -0.043941627731847649 -0.017181857522089502 -0.042268669647468386 0.071611007371080226 0.085821444278911627 -0.099718409379814771 0.041270555160197259 -0.09861424209203784 -0.090287972279501624 -0.12070118871327291 -0.035635952157804004 -0.079154844729902626 -0.04613893160190656 -0.11169820147294676 0.025335603339568226 0.024491052517427288 -0.023876606476924678 -0.018083541018264156 -0.13452093370448193 -0.076342936889657889 0.012371209101888008
