# Created by Octave 6.2.0, Sun Sep 11 00:42:43 2022 GMT <unknown@LAPTOP-P0PV0581>
# name: Theta2
# type: matrix
# rows: 15
# columns: 16
 -0.065527246737026493 0.069163465931111279 0.066897070399330003 0.12073949048285297 -0.14642113179772814 -0.090905686292046081 0.14865647475494234 0.068301692986125331 -0.12981957025093538 0.055544854295168616 0.026986692477174078 0.046350250554898116 0.10802893083713645 0.1698892885307372 -0.010700696106644628 -0.083545465304858013
 -0.052033304311381458 0.10294371990362979 -0.13509748877209315 0.061334243595493949 -0.15475225440450491 -0.23024731764300313 -0.035895128592299159 -0.057759586487798054 -0.12453540228337023 -0.0065286705399698833 -0.049251465866184507 0.038431358491227544 0.042770269680064837 0.071570246969834161 0.06459646426799992 0.033818481910317146
 0.011458389099862408 0.061744125301737951 0.081921394344733778 0.12998416786693742 -0.046100793820450847 0.11147808055292194 -0.042152556216895905 -0.16624367826398231 0.14604396904520736 0.027514675878975593 -0.17382940895021284 -0.099627571958365177 -0.10110162922371192 -0.01872965618344408 0.064747329038860491 0.10167394846132018
 -0.061673898636263616 -0.080276337344415263 0.073186624972131242 0.003034563712771771 -0.073375518960443642 -0.10517268625125059 -0.053508543705422143 -0.090760078192688567 0.00096561445724962255 0.051534980601518829 -0.11221775061369045 0.040031583449337924 0.10385525188225526 -0.11729974194079375 -0.029558337261663698 -0.13663863790008351
 0.064282857915117481 0.055634612749299525 0.094018976500110527 -0.10945468993814693 0.082453811559538598 0.11133406663117106 0.13985903386423229 0.20627259109867879 0.079068631919587698 -0.0065294217982003692 0.15768069910699595 0.025557721342023578 0.0065750438749796825 -0.05113838646736097 -0.0057702294286207483 -0.18408672172317711
 -0.098189152082774872 -0.071913353485198728 -0.14083650142086124 0.054172221102747331 -0.073998254143556971 -0.033426247170796029 -0.0080220427777882384 0.079175443363276837 -0.1814876498314697 0.055808948747646386 0.011474326199846157 -0.09928497475429543 0.061047787662273374 -0.18529879619945369 -0.18468312310535043 0.088242670251439809
 0.082954507958611978 -0.11340232234439772 0.058576135635777501 0.053641874637546418 -0.11841790698670095 -0.069841441769812856 0.18421658939078206 -0.037379950351385506 0.084819415780557794 0.17026503860746306 0.061973866504728588 -0.0066933555633996028 -0.0017441995683539439 -0.089560267648152558 -0.1680233388116471 -0.0060073287575152538
 -0.077610444178580096 0.080091540190686761 -0.062167973476066118 -0.040380080443759396 -0.032278029228887513 -0.077282630532607144 -0.10279474774718608 0.087606956753014539 -0.063079192404751738 -0.077546190635749274 0.02438100592178823 0.077559053656205967 -0.081717771814091095 -0.03128033529534005 0.044205871159008793 -0.0044799565509193087
 -0.10915513063954012 -0.07209095189947462 -0.014897442100871268 0.17410847286029271 0.10571552239558241 0.14042705786745191 -0.082175701172504112 -0.069601405371815403 0.12792731800354831 0.0067336526746023511 -0.023090244953182668 0.11451641105932912 -0.020305207304507033 0.085370163835275306 0.056070939305319895 -0.12530648415337589
 -0.053131260911309958 0.18264098367271092 0.024052608073932235 0.13176078190408577 0.053446394660730805 0.040154420474358403 0.030023697190438806 0.032013991946118488 -0.038397879040882724 -0.20255064140682272 0.04470664258222757 0.033647231300045218 -0.050247539448655468 0.097993617592033025 0.068762659941388179 0.028008987558298795
 -0.098160089835887254 -0.10642905566578698 0.10496863941675194 -0.10335684117808507 -0.12961211643039103 -0.11162512671614273 -0.032558469640915806 -0.062230353411917703 -0.020209137032379938 -0.02149502202790116 -0.1052007493168829 -0.064909432109775428 0.012515731905771843 -0.04673460808585192 -0.047342308980176238 -0.015437672727219623
 -0.011432581160220945 0.010354325136612405 0.15675227690554647 0.047468444920793232 -0.068651113988471985 0.038307504093994776 -0.092759133405518765 -0.064138720649594791 0.06967173264115159 -0.1585434616155835 -0.023900903543404402 0.17023941412079854 -0.11045339741249864 0.20362541868920866 0.014581489887655241 0.080704722496219433
 0.0004877660816393364 -0.022882940443913834 0.071267950687642037 -0.10923319298353894 -0.020662880801225914 -0.059460257195247543 -0.064633145657429197 0.069109458490811682 -0.085935986600019734 -0.031075567360295792 -0.084802079470516323 0.058087278446455365 0.0034486960573098411 -0.048304455708987983 0.12099055101019383 0.12404394723974248
 -0.068691655926669343 0.094773917449385625 -0.12901813371023788 0.060048764940732503 -0.12393467481758341 -0.087035269386917524 -0.059789616382198589 -0.043648628779806464 0.00077815319741098401 0.013916295419859779 -0.11720235828366396 0.074864269495435121 -0.03935989484062883 -0.15421593128377109 -0.17957805982619493 0.097532030622041119
 -0.01304445576591267 -0.096972513005587346 0.0011945213086741232 0.10457412802224511 0.045252180997458376 0.21444534903187876 0.15982375920527542 0.14234152471745973 -0.037911672725812411 0.033329074928820271 -0.021666505730232623 0.062558315462622735 -0.0076802707220948938 0.024612562634552294 -0.10653258798066037 0.095706759066398833


