# Created by Octave 6.2.0, Sun Sep 11 01:42:54 2022 GMT <unknown@LAPTOP-P0PV0581>
# name: Theta4
# type: matrix
# rows: 10
# columns: 26
 0.056958066631117021 0.022058692972519323 0.063405944850539075 -0.00046533216891310561 -0.029980666878404748 0.041521594610833892 -0.047818461500272989 0.085569599770337124 -0.056929483340124251 -0.087385552761544139 0.06523167136326978 -0.092872076258237971 0.062689752984903452 -0.076956303922955674 0.017581682230297969 0.084409767295679505 0.14131512226242832 0.18179325446577335 -0.036374191949323079 -0.14659810339086835 -0.047676295767380431 0.098037204537511316 0.039948646595813452 0.057384338280492657 -0.066630349942079239 -0.065542076500118493
 0.1331987632928758 0.061809313752479451 0.090279802293047121 0.090080984922506949 -0.10653049508701047 0.055247726663497178 -0.05796762687198867 0.17958582359796321 -0.13862324354583849 -0.051900477588739481 -0.084673809018030163 0.01138046860952748 0.0030163424583388629 -0.039528024974178448 -0.081492651340356978 -0.098864315307441747 -0.098559842356045854 -0.035824833766118225 0.1335877156606719 -0.0024346306180317899 0.027101531341922554 -0.029461262780723026 0.045548236139660893 0.13364698870374273 0.087993078843145639 -0.025101630645965503
 -0.15750525479785843 0.027669307900112631 0.00018556415132762357 -0.043369232740055962 0.11204107254146699 -0.092678220320571658 -0.027666571132882112 0.082076687010891686 -0.080449632708977661 -0.044039021833320827 -0.2143178246470277 -0.0058683740643365205 -0.074908784010972479 0.031979048477891001 0.071512176154427717 -0.068325115910014805 0.25740993656058891 0.0015465145756069333 0.019250513473996693 -0.11000957734725164 -0.032900851837991768 -0.1212792711624671 0.0025768790578426866 -0.02888297322326246 -0.11403276947513849 0.011848995090224896
 0.05153487412751119 0.020130117451849925 -0.074305392961825395 0.18343591078819521 0.052604591195547841 0.091432634426448278 -0.063482814449131661 0.019152543689703348 0.15762068876555202 -0.0060099768380415981 0.02276772596194538 -0.1930904589566102 0.090433659235510985 -0.01436502577883907 -0.029120728143086246 -0.044062066145133007 0.055208588378337052 -0.090548732647174335 -0.04990835222591776 0.028724315803165659 0.0022143803061492962 0.035254741801352539 -0.027604575401367754 -0.14522472365605729 -0.040729819316603987 0.094208363148034227
 0.053180622595226205 -0.24031531429661254 -0.043160331394010022 0.0082779891873158776 0.031515952391592016 -0.029039884112908629 -0.013081077441779013 0.025212062433006846 -0.10655494812493412 -0.08248702337917381 -0.096121345407378669 -0.010602179669145123 0.099631739090410634 0.076072495740097806 0.01026154222803813 0.12140014016308535 0.206173951688638 0.10721982547060314 -0.065894964775605275 0.069866181750662976 0.12280908605987255 0.14207897103243708 0.0097873325625492912 0.049040455942765085 0.161750480999797 0.044823110412530745
 0.079229984455146743 -0.080155892093588338 0.085495063421006018 -0.063078527489251399 0.11444401846025049 0.062541124580591773 -0.11147007154274623 -0.11670066167499615 0.066113622147037782 0.010915723897656132 -0.12678800727633821 -0.11954797520800214 0.030645625325057196 -0.13933581804260436 -0.17148938048557161 -0.012613052278213271 -0.087659250060538124 0.13014067207062008 -0.084700673577782201 -0.073336482101967956 0.027209937770916945 -0.069749410735868336 -0.0042258091351285703 0.11777497182148979 0.24709998296281729 -0.058316439808311096
 -0.067943601734422598 0.12621899434048814 -0.01544923076882751 -0.11352331878986402 -0.051947414805292663 0.031282120236311863 0.12868305183393963 0.10746766283057939 -0.07527809047668621 -0.048359007843679004 0.061469212092313277 -0.067570935871992963 0.091276411951938655 0.23415909763243462 0.018348044769018725 0.045154627038958041 -0.07189440584488152 -0.13686981597124911 -0.059684046421687752 -0.085265613111744118 0.0003056596759398468 -0.0075120495660468143 0.010626195775818208 -0.013740427252595385 -0.053818340380809938 0.12044531187955475
 -0.077455129506339607 -0.072349571076602698 0.02799644465682161 -0.020510214279348737 -0.018049720457376055 -0.074354686695523572 -0.048244146154429852 -0.12459379651422227 -0.029231891156300302 -0.010529942482195798 -0.022347918527858703 0.15332372766954122 -0.0066189981340391167 0.03357919912219863 0.010959649732206549 0.098753138255346665 0.11359972927989635 -0.0049131996672197214 -0.10668954098792467 -0.0142807676858127 -0.11466597070780274 -0.0034460292044322352 -0.0076430383435986569 -0.052305410927199834 0.070768236809729754 -0.045278641241034617
 0.025434609264321208 0.052856325859704789 -0.048784834379927235 0.13399018052907669 0.030216936697478273 -0.079993019511529026 -0.0882195916274741 -0.13876948596003935 0.025463606634011815 -0.043234959462338102 0.0044312168911162797 -0.012291335405249166 -0.0090991623484588061 -0.00078639682921201109 0.051082552311594948 -0.094519865015311857 0.05135511239900542 -0.060082406004365409 0.072990616665353572 0.14628560262794005 0.18969396417184753 -0.012757386655169652 0.037506184126064039 0.056591113104098804 -0.24653942706131138 -0.054762119983437642
 -0.031026355461083992 -0.0032532419548712611 0.042436553809949283 0.071564770745549428 0.025714690321490825 0.048784611528131981 0.0036958018045407277 -0.10576429366059273 0.11169286962738971 0.13447380774194043 0.032016392142916641 -0.0062542403634122693 -0.011121395144915017 -0.005872556109976214 -0.1624652823030944 0.040958717169834992 -0.075778567797868859 -0.060174374563742514 0.03188053164614834 -0.0015495951460817799 -0.042611101218318723 -0.013122511205604859 0.039631918268537576 0.25194117353609208 -0.01255824989746201 -0.07493748027305723


