# Created by Octave 6.2.0, Sun Sep 11 00:50:17 2022 GMT <unknown@LAPTOP-P0PV0581>
# name: Theta4
# type: matrix
# rows: 10
# columns: 36
 -0.1137099186090474 0.057363888591904083 -0.051176753081631603 -0.036336384966251106 0.066341791253402393 0.0092243989256014236 -0.1408109258794962 -0.085097759052313982 -0.10028140183448278 0.046693612495870736 0.069178610708458904 0.16291938829733973 -0.094201565998438999 -0.021445242971222942 -0.038585729087225427 0.047114438890147381 -0.080494307817228578 -0.077841169038861693 -0.067887154055215462 -0.067659898053122294 -0.11323672762020141 -0.066805589892574319 -0.037070354271649258 0.18063514838401534 -0.028479043169131905 0.012392893738731814 0.084461985504256334 -0.1503371638461117 0.058266142416820793 -0.016116818233042483 0.050856765817534323 0.14013615302304216 0.020663183355100062 -0.11756368195827521 0.032076895270507846 0.087266949074149822
 -0.022279533224785639 0.018552848185541281 -0.092519014911377734 -0.098140931658641087 -0.0093824068340414585 0.0078869769039868042 -0.051469918437065186 0.0007445599459904534 -0.062998183919077924 -0.084724695798514271 0.11067351752184192 -0.10423300916046858 -0.10744521228266574 -0.0042972215003341989 -0.0058758240776208672 -0.01022154707737858 0.076681068335503796 -0.060403788505022586 -0.045318156726829525 -0.1406467557889432 -0.024495523231014261 0.037128646191189281 0.10445463343713433 0.0012805177548223716 0.12967592289671565 -0.12107674013125405 -0.051139409100728686 0.16166733991747806 -0.13236555634854621 0.096900521546725654 0.055434887571928278 -0.086882216602466061 0.11865195871823743 -0.071293535449365286 0.12104713430313281 0.17816575643132732
 0.070225386573534526 0.036112609681601203 -0.072464139706980998 0.043535689221745791 0.14035847995297235 -0.045351802860651103 -0.044215557515854785 0.013360564024905085 -0.039245093374352516 -0.030970978915424951 -0.00098125958546650726 0.047529572705199558 0.055336865146361679 0.16874873059161213 0.024508011495071643 -0.043630973931903329 -0.10699991095280709 -0.086691222116003566 -0.033497366156916238 0.051017192050373569 0.025612830522445396 -0.11688567993825055 0.073924368100859131 -0.10362133075908445 -0.069471722296521862 0.054475165458426858 -0.016910405069887051 0.14310986003503948 -0.059847971692508446 0.014626048338335257 -0.030693640401149611 0.05280077567580363 -0.11185874107046252 0.062719411790464211 0.070997050852782004 -0.06753897885175067
 -0.0038903420023132262 0.067675711923284934 0.034259619730002404 -0.087892371547282161 -0.14135549387352692 -0.0045496812623356062 0.11062511361936857 0.12661089964349798 0.0053490470617153958 -0.077813942798839311 -0.038445264077231353 0.0090643972128718314 -0.031998351471001996 -0.015316056694380364 -0.16806371257888264 -0.080073397208290473 0.086952062729253779 0.14148363446237866 -0.061747832744011147 -0.016417899593704106 -0.062324566137884237 0.020650196264831496 -0.075930841777161251 0.13835698369545529 -0.092808998329844544 -0.1073200501053931 -0.079331717405109969 0.045902825187338014 0.19698817210528 0.030570665318219826 0.12026797063161283 -0.038171198100056709 0.11073977063054431 0.07112955576298402 0.13379431743635431 -0.048312149217007154
 0.095962092834434465 0.19035951006733554 0.11401078763336304 -0.010652668245113935 0.092416182957116386 0.04160003882699298 0.054293057280776907 -0.082434418663659415 0.10147197021528648 -0.16216617877237466 0.069709266522676977 0.095353920843305073 0.30161675817043199 -0.055272141997418034 0.10782153759493436 -0.10153536694239303 0.00079877954587509394 -0.067020187169067033 -0.046555469165525276 -0.074566183317483672 0.0062222041804680566 -0.02182450128363133 -0.088295024377335649 -0.073213935138049233 -0.011007455692112632 0.080090889597668205 -0.061283494405252062 -0.15139321027223562 -0.020386238739558304 -0.11100899375984999 -0.064383722805936142 -0.044431294652769314 -0.19204869258772694 -0.032669755448492821 -0.089903244837074278 0.0059560124137039714
 -0.073066725256766815 -0.041893433834965028 0.14941775188195303 0.26198018953900198 -0.05555059613782555 0.041084686173857084 -0.029804965701085911 0.022173628812398653 -0.0015962091019977608 -0.041343367211017078 0.0015482276305001002 -0.20465972510951269 0.056001137116329924 0.10890195598402566 -0.12314192916364977 0.086319084976109017 -0.094129611419365461 0.096093548100413956 -0.012167302605016271 0.055852478297224908 0.036959624030670643 0.031266480620875517 -0.043329478809424858 0.04553711341741902 0.1436936989973944 0.024688026708986142 0.0013045692951191195 -0.11708568070198536 0.054767348824431801 -0.084279058554897437 -0.069685790618107438 -0.01519270300068061 -0.045404682903593695 0.092784300459937866 -0.10951684730816143 -0.021052307488253201
 0.083088526816636213 0.11480982609045422 -0.053934894057581687 -0.065610560709238874 -0.021990308774419209 -0.10977163274184142 0.18967405153242067 -0.1012703352164383 -0.12540069804691892 -0.11023623464545614 0.15158297972557058 0.004124125853426799 -0.11490798386756934 -0.037555307634158354 -0.0093022142986369499 0.014400281327239483 0.017718658801335527 0.0051160058566245455 -0.017032105709245612 0.0015927480437501185 0.044082885126362971 -0.12575815306206312 0.099858599416625685 -0.092279470856653487 -0.078202332345138736 -0.044688697309414938 0.038360979520168689 0.002529340766069576 0.0048214305027500124 0.20918676512728601 0.10924198144125108 0.079314303784940379 0.02932793361713585 0.053913006539722148 0.092448787405594937 0.077932323412002638
 -0.085924296271667949 0.0035548795262011572 0.020962110724186737 -0.022239061884592501 -0.033112828943962211 -0.046256090882206433 -0.062268289580193453 -0.0061890756337942944 0.061870744815061003 0.063147560736179525 -0.1087530275610923 -0.085291789618923308 -0.058206092922522497 0.019677705808022805 -0.012161043366532998 0.03045489121964302 0.10766326565512478 0.080431608464268362 0.21948266747553333 -0.050592496485200332 0.090867509492441642 -0.056397771682306759 0.10912365318891916 -0.17210004495169828 0.099016997849523794 0.028930597464161639 -0.14469253542451171 0.134421253633011 0.055883475159720711 0.14278733990320702 -0.16363063117661714 -0.11550308274547608 0.067078946352823146 -0.020241834941436603 0.0042853735140536107 -0.081343277503973063
 -0.068471448339689878 -0.078533260183505385 0.0057596506176991599 -0.10415033114991822 0.07794265038785525 -0.0044660800778754811 0.0025472152882167454 0.0063954765812614285 -0.16358200034520853 0.082514351524931209 -0.1045044037699671 0.027708000310015867 0.15194092599793224 -0.16674237626283053 0.0050214057191468658 0.088706528107255864 0.089784650703272365 0.057523081658776572 -0.016033792301561881 0.12617717635707512 0.16590046454970975 0.051831638544325764 0.16782707604905744 0.13334893437498549 -0.13452343349412288 -0.12702827664713545 -0.12836978201114277 0.049415813445601864 -0.14439903332580203 -0.10155737593742613 0.094454639637973722 -0.13903116313350383 0.10792420772003031 0.069749630134024188 -0.0035874562739052727 -0.075721015788870277
 -0.087453299816937641 0.066039970204870874 -0.11259988920592186 0.017737849179797722 -0.056556042354849623 0.12365391879470694 0.058636107698647945 -0.037230668685185112 -0.0075829536752342009 0.063170033731691458 -0.05954578031792173 -0.12970057869749088 -0.093318726427364676 -0.066402682795636006 -0.012605135973619268 -0.018150319186358746 0.037878279297737731 0.10049924569850431 -0.0085769186670591434 0.027421585330000626 0.16362475636340346 0.15795084268011753 0.0032707614825082123 -0.080268260801590371 -0.00098595406983740912 -0.0068278476849071386 0.10672826543404078 -0.1163067174107688 0.031713819299637798 0.0061761157014220362 -0.012856039082920264 -0.037330431163343274 -0.011205923913716453 -0.12302563793645251 -0.14972514432394549 -0.18741885525794524


