# Created by Octave 6.2.0, Sun Sep 11 01:42:54 2022 GMT <unknown@LAPTOP-P0PV0581>
# name: Theta2
# type: matrix
# rows: 25
# columns: 26
 -0.11705607608608098 0.1364325263351332 0.011077509920103394 -0.10627236386635328 0.013215494384677916 -0.017684216786025057 0.02968513505724011 0.0052421855838311387 0.11815055780725042 0.0019136006348612468 0.080470795369402784 0.047229231977149337 -0.02511085452890199 -0.065860202404343537 -0.12709307999788844 -0.067475734477503782 -0.044264422775905081 0.063799012872647443 -0.023039981325011623 -0.050306552881548713 0.083258034415022122 0.053939529391895745 -0.028243997794844485 0.013771274243489237 0.12146267340527674 -0.023219953951610795
 -0.11366368038027436 -0.064691294736512875 0.11820336243519405 0.12157169704343909 -0.031107929328868262 -0.00083104997570819983 -0.0067753409216391473 0.0133626524836976 -0.0011810028194643035 -0.034662286060766302 0.041654111356859647 -0.038254623674779914 -0.14049619619270168 0.081188254501918022 -0.044423919724145507 -0.052361348215701292 -0.045615479900910562 0.064438952648834133 -0.00085891406174781911 -0.064598433783450343 0.10994231454267034 0.025940553739661504 -0.077109340727844519 0.081660256463908121 0.077335096573529272 -0.10649268895646162
 0.078303040071097771 -0.032801233597846417 0.037255143039141368 0.092236268694906823 0.0093439807941250817 0.0053624337123063751 -0.056430211929085691 -0.034423446063077151 -0.0032483180491937155 0.033558162083953381 -0.061967376051202033 0.09627278634620999 0.0055775460153361855 -0.10952556817136043 -0.047687656738977506 0.034567782683074255 0.10360927176452675 -0.040280382230610104 0.084604343992365674 0.089449468062729354 -0.053763813509745781 0.053046747571054764 0.014665117185043125 0.10769448109029646 -0.13895168012227052 -0.067770925229410792
 -0.05985851228573217 0.016674523727343567 -0.071998121355115838 -0.10901782670049176 0.015993721661811153 0.050388987573540087 -0.039691487906395609 -0.0059408113898850416 -0.12162924260390341 0.015316876407542953 0.13229834760829956 0.14133686041842577 0.059153650360734729 0.117851115442536 -0.0021051260158389947 0.21667061035038898 0.036854110589509236 -0.023406986339680864 0.14790217126814498 0.018775581478182361 -0.039033006479458981 0.17136333528736006 0.016386941388221075 -0.03571534731019279 -0.07902729818542148 -0.093575108387886546
 -0.086720183365170428 -0.052943513362379929 0.094798814871633802 0.03031786975402085 0.027776890800517266 0.080513443977024243 -0.10483669824919228 0.095130942634097951 -0.051150743978996355 0.068952014716559165 0.076894641144935286 -0.1311011483659022 -0.014487857286179876 0.14034172703841644 -0.091818637710080558 -0.10456366182250032 0.016459803780782517 -0.064493859153629693 -0.1710666848638332 0.012539878696248405 0.18094731175418285 -0.031726056023848287 0.19823939000153146 -0.042055247399497592 0.018257345087878071 -0.060551180035523414
 0.085420212795605688 0.0034947110580643994 0.029917642755872709 0.03824276358336301 0.081962759071347133 -0.013961938253409386 -0.03702058216804275 -0.082728193784027307 -0.10078132748422808 0.025167621297052238 0.084655008381235491 0.063506835074256779 0.0032419747357236568 -0.0088659923888129433 -0.14008580871612281 0.00012594297996338933 -0.13750359211407404 0.017365017585346133 -0.04326500955231144 -0.0099030089406159701 0.082552224031981522 -0.018982026715505289 0.020194519283862022 -0.074053099612170173 0.067522396020887623 -0.039002313380508795
 0.05069539719771024 -0.012674488910965568 0.070983981508121144 -0.0020276635266815416 -0.037660544057494 -0.089402362201669916 0.07549121176678518 -0.093530807194611335 0.08946972973987033 0.066209184654866138 0.021157807521174524 0.067441139382277415 -0.058893944146139229 -0.10944734240791876 -0.055167218115446767 0.03273890241342118 0.028314204863406404 -0.079849344043202541 0.070993764893660424 -0.068993286530617981 0.0160154178920664 -0.01494883229026305 -0.12773591432256043 -0.020023741614236316 -0.053975187438378723 -0.0066529910226402538
 0.014691138101921441 -0.042684090747344403 0.017505851722654529 0.015543015334715695 0.0067639188896952886 -0.10369105000419002 -0.084895178597143142 -0.012657274873836506 -0.061664097834580364 0.016435932094664849 -0.062080101624418099 -0.017643554481182037 0.024234184956570547 0.064858550117971245 0.050661427970585197 -0.023089497092232542 0.026872004076098584 -0.04478059141202867 0.095223021905454591 -0.026599585539779504 0.093199448087151499 0.020353776142362539 0.068712159326361197 0.10416845003139402 0.22825918681544194 0.088878283047394036
 -0.085663554270800191 -0.09833452230638072 -0.0069458672498406756 0.02162460985063264 -0.057678742443187533 0.089936649953248224 0.013711320791428372 -0.0082278200054182182 0.063074183437610842 0.027410270202496735 -0.0095437826127586518 -0.024814329983471644 -0.010906659463007298 -0.12075019436621404 -0.050548067128633217 -0.11011469498258034 0.041751313510488587 0.041627610074817793 -0.02542031459397746 0.0068736181756867427 0.13552640393368842 0.11379355284253019 4.1587274320197085e-05 0.027933187181371461 -0.033299186265293629 0.019595746730153418
 -0.11843411642023896 0.0068512065769408366 -0.072635642735942779 0.10957930966781171 -0.0011098048437477449 0.020087720983103918 -0.11359361772682616 -0.083734939549701251 0.032808944193078816 0.071938416578615008 -0.070093475264191241 0.11389863221916596 -0.13426238821589692 -0.074273779035210818 -0.11966219932242385 -0.026726981000666554 -0.064248043441857153 -0.098013308858628953 -0.058823680230187671 0.031015051874623327 0.051825167490931384 0.037276199723863181 -0.044334277790537995 -0.050570758169896396 0.053209648301607557 0.004275939508881544
 -0.091712425008270426 0.015301495358671389 0.082056456328847532 0.082921333703620162 0.08523895883676022 0.012551891941733546 0.09130992305555842 0.012722405741535369 -0.028417517107685645 -0.13503371152240734 0.058297350377822597 -0.02717095538013441 0.050921019206097332 0.074746482639163891 -0.026438126248549632 0.14856096732095478 -0.067653971044349323 -0.058369000933763564 0.041200535446862134 -0.15119087322579286 0.10966129910600689 -0.071408344198005916 -0.17331297198600962 -0.024680918834786007 -0.0057661632186501374 0.086567243158653634
 0.10166044425751236 -0.026297475666394551 -0.12727002939963764 0.14091255335204217 0.069965228493174519 0.012346402966679262 0.12595344909453482 0.060934435991530922 -0.023994315208048161 -0.029044535551573099 -0.016721776960168813 -0.048573880254985748 -0.035367326003192576 0.11197478265622895 -0.045851310285880714 0.016808522003555475 -0.11058973382092126 -0.068496792954112581 -0.14672308344563625 -0.010925918934724374 0.035937763895378949 0.013403546744242515 -0.027371914716032699 -0.0053178564453219114 -0.031530010277202217 0.004748373802972398
 -0.11137006784812248 0.015353450361656988 0.11446129476656103 0.039731938063178283 -0.018756718678506267 0.069267611247017982 -0.09550416706516128 -0.024047429687700399 0.11530974097486679 -0.091068833492163076 0.085016486075595393 0.021002112803578887 0.14859604523426442 -0.086270739368305857 0.12019828549477743 -0.00046867140678494241 0.059470579036370916 0.031003298136253965 0.21885329485867419 0.1158573014884248 0.023862223703689591 -0.077055674279414246 -0.033459617591307111 0.068657021273807003 0.065117931635441897 0.050278647111037626
 0.081643328437589355 0.095554307060650934 -0.061093250771540465 -0.016623997549852779 -0.046892329000942583 -0.13724385068506539 -0.057238689035145549 -0.10054603311583991 0.00087625390716247168 0.03810706320206779 -0.062737981416014096 0.085503814073017478 0.18568648352920827 0.10200745806308506 -0.026228952420194157 0.14144796474169785 -0.042480769471039161 0.030598634971594017 0.11898298328384417 0.13362954496750393 -0.07279949783828657 -0.062457382362758204 0.046906968955041192 0.0076946966707775594 0.13461693562595584 -0.18627750757490621
