# Created by Octave 6.2.0, Sun Sep 11 01:14:59 2022 GMT <unknown@LAPTOP-P0PV0581>
# name: Theta3
# type: matrix
# rows: 25
# columns: 26
 -0.0080513137235847521 0.10208193000849562 -0.032042620277027534 0.11708397786549071 -0.044816412367537382 -0.01996885426404332 -0.061315657428802794 0.078149685698038374 0.020107822823743359 0.074326522067530806 0.043526060252773356 -0.060095271049361187 -0.040415080195476807 0.070606637164053007 -0.095917423468812296 0.067340481894519369 -0.035096674155021788 -0.020338346904017937 0.10387527337830349 -0.0027674736469304748 0.11693871713955721 -0.013720708810675688 -0.0026321994780734259 -0.052357064801509264 0.089092294873166791 -0.029276160468549781
 -0.11623796275245152 0.12291529829542495 -0.14528837665646424 -0.0053672660806844859 -0.073845592965437828 -0.090751674088450376 -0.12986780478926585 -0.050424622927059425 -0.029235790330813007 0.056394101499752054 0.041811408594664291 -0.1119738691914153 -0.0082749568508069683 0.053578841565702542 -0.088864987476785881 0.020945163434127077 0.0055749251618054611 0.095765069332337791 -0.0034375665407051842 0.071149575465619605 0.038336611419077453 0.1718656863130926 -0.064860603546283327 0.10490822578257272 0.044716175995566064 -0.14109555214050756
 0.062806134866666335 0.075448953145825795 0.0082227507016431958 -0.042903020316846563 -0.11163702147489718 -0.055908934272554854 0.013626829016648081 0.019587860936749742 0.032424967149548858 0.14387040544747062 -0.045936944525300227 -0.044168793549596248 0.096263432938933247 -0.0082338939839453531 -0.13370215132311855 0.097481742688753314 -0.052498602881213087 -0.15082154290282374 -0.095464232892303075 0.0042429724559254383 -0.081697288189560277 -0.016643439407758958 0.038564109834989597 0.16285103928368994 0.086161541731499536 -0.14742106820492665
 -0.11492492233477027 0.10884382869852272 -0.018802824841765056 -0.021104752577079975 -0.069619910268826926 -0.13077283304214399 -0.064891116755862607 -0.064028507871461485 0.040436329329974825 -0.10603861192056896 0.098264138362542081 -0.057875210552289419 0.016470353794591237 -0.067439202427946557 -0.0047445708183328572 0.054837682629960256 0.099683360150428543 -0.13180505365776357 -0.10123206461738993 0.016958365254568845 0.13443230799924041 -0.13843369552302007 -0.054838266706500161 0.081725428172306533 0.027592637341590877 -0.068095532926204877
 0.10930545309699298 0.0016826168919720588 -0.086284816522968516 0.042777085599557972 0.092748075280655387 0.077786132146581352 0.019641502419446132 0.033854368472343854 -0.083416054120707295 -0.011995930790287429 -0.084210569086939316 0.0055090025768700038 0.068088123422220648 0.048970983444807825 -0.11654043104932128 0.1812270981142875 0.031606944439628269 -0.14116086825942903 0.19595133471431639 0.041352875574917125 -0.12142757590363343 -0.095212012367025839 0.048769180702764425 0.027837765208123231 0.095089941216073504 0.10314432790882476
 -0.033367693300730743 0.052851973604691099 -0.016000539553811591 -0.066596745868010676 0.085175603755482401 -0.039097214001670932 0.0026808503657460617 0.11098228819662777 0.024999678864019985 -0.056123046396149581 -0.041028862284954684 0.0028198365881825747 0.024052589532363122 0.13228016393700348 0.029730620986561661 -0.032536779610066305 0.16393456939576451 -0.12240241194410642 -0.13788678461047968 0.027958558110753717 0.021317825711873819 0.041625526568138511 0.011426708766546435 0.038329442182380005 0.03101012863095598 0.1187604648350097
 -0.06566450888950412 0.01650806846095958 -0.077479512963995439 -0.10176942743888331 0.0010996405385022457 -0.073931135580724838 -0.0079757767517782945 0.027976084014096327 0.11122190676359607 0.049967763226003381 0.03998688027241358 -0.057562711851456172 0.14241173806189664 0.1001001076787431 -0.15077255744810872 0.017279266027546258 -0.013883880407493094 0.062128520687417498 -0.028656844838887557 0.05159395983954173 -0.10002180447498728 -0.082429805863414682 -0.10467577751289368 -0.042361570262929735 0.0049908251674060976 0.032682473137587958
 0.070813663053840709 0.039186514909864426 -0.13310281522440043 -0.032899039433394749 0.057324134342080703 0.04317948211899264 0.10088220825896264 0.10820757337391923 -0.094626318285488523 -0.12130613292888871 -0.019101839341861208 0.0046812822479494042 0.044648055802369795 -0.086128963815874676 -0.091844080556442387 0.020946257275319975 0.036763049592239 -0.064645150429737522 0.059651263006807877 -0.0054520357646521576 0.04449162764118874 -0.074455586544548299 -0.00075038287904928016 -0.050293359902887365 0.10127601585968808 -0.04877665691071776
 0.085584845508985846 0.082718821474387041 -0.087525064027215091 0.0032212935645992685 -0.00065315999392663571 -0.082149271203605767 -0.0064674235390032864 0.034867989844117431 -0.044661106250126176 0.035311031749274295 -0.11157170468145068 0.070295261887566143 -0.067035314635394902 -0.085057918023052181 -0.038622889558989112 -0.10611808760327097 -0.091343175255593934 -0.020827070145627347 0.058350317397039476 0.0017031123406415158 -0.096876715001921909 -0.052325833683754472 0.073967029142233923 0.1038666825447026 0.068494443926504278 -0.12750657491485856
 0.030573320494331292 0.086661467615217064 0.10298115273564662 -0.12637678732580815 0.031170929486975741 0.09402763661723415 0.01804900733922319 -0.0084582296982937469 -0.10563237538213238 -0.048952997566569456 0.15952427572802819 0.19026187784438456 -0.047348583538654211 -0.027124604281631142 -0.047254954799122131 0.077796940396599859 -0.061263774422523773 0.022855002405448653 -0.050913047293965064 0.1565811964984698 -0.085009426127526391 -0.0062186870540309851 0.146679640434009 0.012997858008659701 0.046147610022844142 -0.090427973412077478
 0.085066660829011279 -0.086443901318399019 -0.011843134092284276 -0.084494026627222982 0.022224094268537449 0.039141924590683774 -0.07171642164393531 0.010127631600906328 -0.0038823412000358036 0.096879943389278564 0.012678711547715143 -0.063615654256914317 0.19384924385019639 -0.11360464118978091 0.024046754210648707 0.053071901985484601 -0.037140960699362333 0.0098145205738266669 -0.03831346474129798 0.052383239818950121 0.085206974569768099 -0.14221400526658626 0.054191227751343517 0.16192791705701809 -0.0840378303113056 0.014345131909209104
 0.042249292785221985 0.071941789143701695 -0.098385314252678394 -0.093559198356421916 -0.056097866358398571 -0.01881993976686917 -0.093814784731733214 0.10460707387272748 -0.12249310794366849 0.088823518768832349 -0.090106336339338108 -0.095527975564231593 0.070015255764994594 0.012378961570937399 -0.110845508247187 0.036097191577874048 -0.036615973571833819 -0.040867885040084331 0.027383973454878068 -0.042913707401206147 -0.0085431874281420399 -0.038239147771189516 0.088055523313136777 -0.11178754347130462 -0.024547134337752588 0.11139571980109865
 0.020118748929950629 0.11690540442760625 -0.064690481479474551 -0.069561345265176003 0.065659819988280924 -0.083756934254663157 0.15227484743328559 -0.0096323282578836943 -0.11268761605034819 -0.14449414168617297 0.083771447342563962 -0.037226805071198764 0.034164277097687948 0.1524902310956 -0.095779148985872961 0.099660380693692915 -0.080078382477176385 -0.0050044795185580073 -0.16811728792793446 -0.082884982458583029 -0.055531700551686547 -0.02339938605329811 0.17487308370610918 -0.008266809065831042 -0.0016881722327774704 0.075192189964682868
 0.083014103983352031 -0.019289673333477926 -0.063109203511648906 0.080532689725885412 -0.04355304803754146 -0.092917172015890503 -0.0032257875199598988 -0.02766487866988886 0.084636826881874377 0.069615002151421149 -0.12717807990208538 -0.037062188875842672 0.024655359262663008 0.01350160121446186 -0.066611596642864812 0.034684477222942746 -0.050155590181451978 -0.11497376114766084 -0.045161683544038808 0.010329768713565252 -0.055348880379100379 0.012806874821483296 -0.032304612333689711 0.058422427351671954 -0.10955039943252202 -0.06070139109255885
