# Created by Octave 6.2.0, Sun Sep 11 15:08:46 2022 GMT <unknown@LAPTOP-P0PV0581>
# name: Theta4
# type: matrix
# rows: 10
# columns: 56
 0.11506593150168114 -0.016614482804972731 -0.064362758681846682 -0.040264015762196508 0.025249951646705047 0.13058892655269144 -0.16465700684637577 -0.10056700192832163 -0.11327486953310463 0.075720605170382968 0.13502119225014755 -0.049409922065861298 -0.038900436565700018 0.11285236782871712 -0.081450793700404478 0.18787169586100286 -0.0076777969261473938 -0.076316907211527604 0.055395524191552019 -0.016231141738434575 -0.1089991278903378 -0.057029393556300802 0.014944580760036231 -0.12668276322026611 0.13890782997590256 -0.18322661959174386 0.034324156275365489 -0.077683599791232807 -0.0046510040336009053 0.00094028756286659398 -0.068934627852566627 -0.068800270417538653 0.096196468188159551 0.13997261312437942 -0.1430252501436225 -0.037523013431483059 0.11390813864731839 -0.051484128334615069 -0.11473415872455422 -0.005065367860218821 0.019002185628633279 0.026331066123583685 -0.046050226636393472 0.018130464493890223 -0.11562676134416058 0.083631128206731506 0.078677173453132021 -0.036340690023675806 -0.10318551126139253 -0.034166663456443543 -0.13088436791342412 -0.15240004662578605 -0.03340815693136933 0.12855722330089406 -0.11021789212249009 0.049939709777230896
 -0.098573384118322574 -0.02208319983291052 0.05172073845371207 -0.073550878328817348 -0.16401204475986103 -0.089028597581412544 0.1435448658451268 0.010509560717691175 -0.081057856788249005 -0.016400070342735881 0.015390873807788667 -0.077273089645951629 0.056301683954659502 0.10784890847000232 -0.095632084373997381 -0.0049908368036428955 -0.13647395081668598 0.025293665404093991 0.14353054297251058 -0.074457866081743235 -0.13887304729468289 0.047788553620717301 0.0072633741656738362 0.040454934482847836 0.11953789435710192 -0.063860706132615089 0.033936497202780698 0.077590149582274587 0.074921754235181229 -0.13686410633572749 0.097698792896923653 -0.03868043633316666 -0.013145135389567306 -0.027309843928144211 -0.085635210901453374 0.15010940655288479 -0.10091718436065787 -0.061561076380733507 0.065925349365412084 0.063206513170912887 0.029356709451609359 0.049760130545147274 0.047256639584641012 0.070497482075608187 -0.014297830787463753 -0.079019347392747422 -0.038135196729763371 0.13850888852984311 0.056430620612745223 -0.012638955378589877 0.039501220246315687 -0.15714375876863274 0.058041860604143874 0.10994230048845668 0.0020511061162838511 0.016409440878393897
 0.075547441934212409 0.08022677276505967 0.015970718318605484 -0.033730932562842736 -0.16847914190161345 0.023293972552620244 -0.006066772058481603 0.046571950228929647 -0.1272632167294056 -0.12122174113254058 -0.07069062432743782 -0.052813233054507594 0.071137045492864343 0.11488281976207322 0.07299506703201801 -0.16079046015613735 0.064784887369162714 0.099184526014292576 0.048028514019879773 -0.030095849234132398 0.058581316001563508 0.018806876542898445 0.10497188237073377 0.051966696038521012 -0.12268746496083752 -0.016210122252467818 0.044892953986944484 -0.053305958218910342 -0.10498500413086673 0.13037557891277601 -0.12060061382023188 0.11779882191147982 -0.011873659179660561 0.063439568170028091 0.042643077199943979 -0.05164935959310081 -0.0066475844238054809 0.092647732540702438 0.13127874418449484 0.0182446566222161 -0.093010449754199559 0.05253268101073183 0.065147144126882356 0.073813904283586168 0.099455340158150524 -0.021595168327500372 -0.050099826467686279 0.090682347126082738 -0.0487724622632459 -0.11158823120415401 0.044041529455336764 -0.16703539683236107 0.089017532694289359 -0.061372637264508985 0.01614756531562796 0.11289997285773005
 0.034571570485139924 0.11143179531671489 -0.094803739140317048 -0.083267732507824821 0.15172813818218062 -0.070674942913275113 -0.069670922923023001 -0.12727749250289663 -0.028689587590326231 -0.087309735079460063 -0.097456489191407702 -0.068303943789243246 0.1213876390986033 -0.057192237882494945 0.11401280441389218 -0.018827979359194918 0.13742238719371189 -0.056813272652920167 -0.14458619996339608 0.052835246316429545 0.14386713595849454 0.02036118557865944 -0.13084665524023045 -0.21426843305542345 0.0071371488855134996 -0.073084064988623854 0.070868132674969747 -0.0099270224847806138 -0.084066655442471619 0.03463825037092573 0.058487824635094277 -0.094203841007284683 0.046670280240736231 0.0464116942644325 -0.11304184907716595 0.027395278521059892 0.10729546737586579 0.012520251157996291 0.066619849745129772 -0.031208144939027842 0.1038138891588765 0.031230273986871386 -0.17870351544832683 -0.0014751048168635326 0.1075732658681673 -0.012347700282830627 0.050573388762403679 0.12315055485278052 0.088829922611975518 0.037821075114808991 0.039121988217209532 0.028038765678296766 -0.055991809279635839 0.048043346454813972 -0.083582658395628034 -0.18966464292005944
 0.11436608771577296 0.047730746191869018 0.1832010077324987 0.1379618793932231 -0.030599018205231528 -0.013124210819362866 -0.074312992737858782 -0.018307978377787876 0.1346902642483461 -0.074985961180162625 -0.042685300737355804 0.0093294695430190724 0.005224815067687392 -0.058432096630458404 0.077305718825824377 -0.0069194985229091175 -0.10760520036123621 0.011720041705294545 -0.056160071267607768 -0.010863404191638032 -0.081562022876803086 0.074991887419073436 -0.021997644719182176 0.030479435207934231 -0.07803934824495129 0.13916773386520861 -0.08120323056441113 -0.058439360033170067 -0.041234955460344377 0.051346341930764108 -0.092572944942625829 0.036067655651330063 0.052408575511299051 -0.040468367246355066 0.092447140301906081 0.0066732805086944973 0.10567287293192497 -0.093660209377428652 0.090553550536618066 -0.056271707138814103 0.099625851016558631 -0.088056072373840139 0.28824052345991907 -0.095855868234557509 -0.010253560426356884 -0.1326772664765854 -0.013672323994235154 -0.20590491235648503 -0.0099476246762008561 0.060508627259350412 -0.076960200264683948 -0.02694849306061926 0.14795860128438054 0.038709491760827885 -0.071172757532250677 0.18259741560681322
 -0.0044943424510054432 -0.05154213645361886 0.12260114034081587 -0.079328221306639676 -0.034183191774942639 -0.11414642602442689 -0.13086188564598711 -0.097318253965403126 0.16422356797172652 0.078347268419992844 0.026371444025942652 -0.032701047284952878 0.12885414982389767 -0.048183106477086381 -0.00017515971181891903 -0.06565611273933103 0.20565720593512279 0.051656629919750272 0.10234825904003739 -0.011915169242624231 0.038133960347726994 -0.16049920330296824 0.06662043452725068 0.026936121464413675 -0.12950129531433693 -0.060650555338425859 0.06499604233027674 0.0051979210512126022 -0.047579296391480855 -0.14905455017173758 -0.037031768824599812 -0.090899970104247232 -0.084486783852681158 -0.076297744429728295 0.052184275340663389 -0.15717918057900668 -0.12319194025365209 0.16691997738101219 -0.05702810068989856 -0.040104769812522784 0.016290340368034169 -0.082910967601814961 0.040778765048960101 -0.077790857337472957 -0.089880788780711166 0.0029841888899181314 -0.0050652882279010481 -0.056129479003467687 0.11374082134882015 0.078207321756423503 0.021866427957950605 -0.017273296446062843 -0.055116445205327019 -0.069623812837790025 0.079041009289358075 0.004610655013283396
