# Created by Octave 6.2.0, Sun Sep 11 15:19:58 2022 GMT <unknown@LAPTOP-P0PV0581>
# name: Theta2
# type: matrix
# rows: 55
# columns: 56
 0.061079417371952979 0.23933951154553898 0.022596778700778537 0.11957639968184837 -0.070708431193349436 0.097147872167613364 0.0063207709467408765 0.11291010098931213 -0.11444990998957247 0.073013669535567371 -0.033180053841946118 0.072570172893031318 -0.13377538158473967 -0.0030791795931281417 0.067702536769605623 -0.018062064597067013 0.00034793326167547554 0.017267080031312471 0.031919692114139885 0.059016149288099 -0.12609703932509247 0.062032873709370169 -0.15144354303150326 -0.014508676191078937 0.054187077144063858 0.044467218435040118 -0.062248083769732683 0.078726357275531039 0.052386033185636442 -0.021386416906085198 -0.055115023459459143 -0.12197998072587014 -0.041265444414771077 -0.00048139009846592486 -0.03626221942446671 0.022427035767359087 0.085008990458494083 0.20114887533315187 0.0096193759827544901 0.1248227915721962 0.094051643806944529 -0.11142485784830164 0.053405386462364611 -0.16853528044782401 -0.014434280583633385 -0.14468447885906649 -0.1389394521071321 0.069384608742608836 0.049162975073503701 -0.022681757241354596 -0.036859885089352271 0.081278345165622407 -0.10348050976806694 0.035029664091774174 0.039390647655739727 -0.0032290735657591655
 -0.11394791056720248 -0.04904184266686832 -0.089093566194562435 0.022321700703703901 -0.14634893442736141 -0.12987373357975329 0.13559353059777943 -0.1436908654371489 0.13251658960183366 0.086498896569983677 0.022604992883644478 0.069506085312767682 -0.001726261611407452 0.03955030741130458 -0.061768370735408716 0.10457177900981186 -0.078643264177573238 0.098356302865537024 0.0090806273489711237 0.034763555996090705 0.13798591287429304 -0.051901825010259008 0.0069445340450235739 -0.0035188864597600336 -0.009545104910288052 0.0069264811596858366 0.074098642871631107 -0.088960549499156161 -0.16078313868965385 0.096898212794837638 0.0088507194393477699 -0.014445198455255555 0.048365132272400066 0.087805177516320748 -0.067706758309325307 0.072414590678867435 -0.012664494950641873 -0.11897635943695258 -0.065565736319274134 -0.1212576544738975 -0.1243691401513061 0.060461481364990181 -0.079139438708943882 0.0037600468404841974 -0.029092267957578893 0.071114715700978715 -0.055496981138036104 -0.082523213299731502 -0.20511284265281182 0.03581235226090506 -0.081971768324114277 0.094663654048385198 0.066241179962500424 0.16228210849684585 0.080137396191447607 0.046641534510759267
 0.049759186720609583 0.0083246768211784252 -0.020758146236882893 0.088020721977645322 -0.088344735642531605 -0.08052788832755238 -0.0074518709422704242 -0.10811557159900337 -0.0049397085560366248 0.075965891943522504 0.017341567700014961 -0.094774347991395766 -0.083813904491741587 0.043956553540293576 -0.10711361851861002 0.056897573447738485 -0.053748144776346284 0.027573831576447941 -0.037009567243868204 0.014077431791244889 -0.0034989066169145151 -0.030063534262643968 -0.099869437971751684 -0.0070623396238265641 -0.098126783566294423 -0.043084595897113859 0.079323397189876479 -0.049292092155354107 -0.046327888400191614 -0.10590006472805011 -0.11875476257660524 -0.1133152493418802 -0.097428404863849877 -0.056921644351543718 -0.071684098985237463 0.06965736543978629 0.02265638852317951 -0.04771189318754275 0.062158668078379421 -0.011153330474121094 0.03000239924558357 0.04348140846265508 -0.057970639567714748 -0.083192661514151112 0.0091297086858390056 0.094562726457557936 -0.059062127338744934 0.07651769179215627 0.031333919794106227 0.051753851003980632 -0.10484320829403097 -0.011298097955580382 -0.026292722081189879 0.03205405580776613 -0.088233312008276735 0.093544268482814816
 0.032959184706337727 -0.023898120947182133 0.0090667300511986116 0.15036505239742973 0.050994871454290464 0.0055895655712271484 -0.033618638108709818 -0.02572692346206585 0.076383148287096997 0.0095491675892832844 -0.091292903717630811 0.044156112801977822 -0.1770958543749484 0.0099467364191462328 0.059235984467230787 -0.032758269715073222 -0.0010147786964758479 0.086996134817148241 -0.091076370079298974 -0.095240863359227837 -0.029209211142900308 -0.091534364281065525 -0.028222512107526788 0.017105151744909199 0.0093821290924632986 0.057042748428342997 -0.10032831055761023 -0.079614164097618872 0.070713726427789877 -0.10695183681784297 0.048802907857943355 -0.16012393357823757 0.068118569826892184 -0.012440739406108778 0.012223325825687156 -0.012497703160458857 0.19539205690780789 0.06181568036057894 -0.051120708296821832 0.11948254723550597 -0.021504741605214872 0.084889276327624913 -0.047688086844220601 -0.092409935125323167 -0.086964218022610146 -0.034308613422833249 -0.018898918720383569 -0.12871073688790505 -0.071715341276528441 0.1234995728391802 0.073575603006451148 -0.066319764588193539 -0.011831899954778364 -0.08657345268512906 0.10512205339425344 -0.003248781706785026
 0.11332925514702562 -0.13440052393741148 0.039484956043038678 0.032868799804037459 0.00090932986640653002 -0.10936824686892457 -0.054164474389461752 -0.044870127199160663 0.0027666288223403813 0.082582756259830623 0.091184662691521742 -0.07501263011992422 -0.03915597384285617 0.10856800930512578 0.087025694893217195 -0.044178584359891346 0.061577605985436865 -0.038011724459166688 -0.13063529285896563 0.065590165833670763 0.00054902628079040729 0.02758615364478845 0.088703911184708939 -0.09870724601125519 0.061308925268129484 0.056223856158504851 0.012307803439705566 -0.028883578502874672 -0.12101474679155587 -0.005773750183711384 -0.086807896317921476 -0.113422074691766 -0.056176852171175531 0.051700515109422335 0.034023648934657383 -0.075466499850602081 -0.042263030506690946 -0.082020541919692699 -0.02687623012984048 0.090959537896167147 0.010612378880956385 -0.074413505750375364 0.053614532732017273 0.013365025973067431 0.11682875083760748 0.099865189306339572 0.0086217236536405336 -0.014967866909895586 -0.13010243405174329 0.10904921084325822 -0.13508205576857585 -0.049757711961854613 0.090924953015357815 -0.014167322774189231 -0.11441781020898968 0.085958564251467168
 0.076327624055838553 -0.12720070862505556 -0.041552344839901945 -0.08913977322558804 -0.10418569396608231 0.11155177882585218 0.14202935494902241 0.096410544708029025 -0.073475499949588463 -0.018135900715720396 0.037549413494222528 0.057328026872935568 -0.090221355712923931 -0.082614142175955918 0.011702513430807266 -0.04008621491482197 -0.1303507184389002 0.11818111163908235 0.11473934250957775 -0.014722265088585974 -0.053181605009091443 0.051054965675280693 -0.10241569650833526 -0.049267104287564208 0.14887636672683277 0.090845739431485981 0.057825968237752337 0.094254555181480001 0.044179671252538827 0.014694107102010488 -0.073540925597419662 0.017905075301010081 0.082376639135808422 -0.092122190689613498 0.027646558883956836 -0.040116661044122974 0.029441356401403388 0.048132527652284138 -0.013831556741465917 0.076977084185371469 0.16249797217743953 0.053923898849436637 0.026994545848824679 -0.022643441451551474 -0.0093820928609727808 -0.065798181354610741 -0.14026601610346379 0.10615227864236536 0.0079655795835613854 -0.1376762302153054 0.11711992833207394 0.062839548699143696 -0.028746686131229347 -0.046945197003712136 0.066054341276358911 -0.10269783802589579
