# Created by Octave 6.2.0, Sun Sep 11 14:56:45 2022 GMT <unknown@LAPTOP-P0PV0581>
# name: Theta2
# type: matrix
# rows: 55
# columns: 56
 -0.056520766898344364 -0.084790098532057129 -0.098146802124189539 -0.056765669147069486 -0.042145360104665228 0.014464255945824601 0.089500377116447885 0.085093519870420867 0.035757833752331138 0.065133941160118614 0.099548865125889327 -0.05798403243395843 0.042751262072395796 0.12285734926863613 -0.10050948684218279 -0.002738924990004824 0.096702181823848155 -0.075653774198737977 -0.056051935638440832 -0.055181399189607232 -0.028802576477797989 -0.017902542369743812 0.033201560106359156 -0.10864221316989241 -0.051108595958004592 0.071269269137008665 -0.09562100197186256 -0.1416670726222258 0.064229610735947254 -0.037515050953362411 -0.026599310073108375 -0.10005274887073579 -0.028456028337887483 0.042570141985841692 -0.12349044441655616 0.019583086191456621 0.043126612787434765 0.0056694846603319452 -0.085013509737707674 -0.013825983836653552 0.029651023768722359 -0.049281616332408885 -0.093975418105548408 0.074064786140201302 -0.067885368994660994 -0.059948279291139273 -0.045402506073897293 0.07668998307931961 -0.0096547369883343056 0.069749807395560012 -0.08774005584370187 -0.0068960881125248452 -0.0047316988267276485 0.071853203858744816 -0.1486359042692664 0.11813962124840287
 -0.019398833134318807 0.0041819401248256128 0.030791065610546987 0.0090958800297341741 -0.016275336694644541 -0.085788141649156144 -0.06700316011360663 -0.1322587551176527 -0.12840222101015658 0.020923887834478495 0.10797821837952555 0.073186951540263903 -0.01806908875445476 0.048859923270568657 0.027915838568166391 0.10418389237592889 -0.05358301681699483 0.0023104809131765753 0.015953520344045579 0.034665502360607149 0.077844488545003823 0.0027425877943915962 -0.0072182298064880123 0.16235978974805784 0.0019934782184439642 0.029383128031570258 -0.098419346148676923 -0.10065068833804303 -0.066545722725162501 -0.10807456558353212 -0.020684176820117934 -0.013413650694326876 0.08631558946098225 -0.029675120474435854 0.17004766916966479 -0.033354672379953876 0.0051123160375128361 -0.063563591017144122 0.069766965829171884 0.10208193139327061 0.14789029120246105 0.062057602500678676 -0.07398468460055764 -0.078709928591460657 0.10110032995926185 -0.049250868975316345 -0.042944323550567841 0.045273173832022798 0.010128764032618188 0.054782212867115966 0.071096187168267835 -0.14538232604454401 -0.053374069427638615 -0.013174969483440015 0.033287513571453868 0.17423140087569605
 -0.070792563594374122 0.076133053723915836 0.12435607148137472 0.017048465092153822 -0.041949680211192983 -0.10219569451920948 -0.10880068603225546 -0.12011573187018319 0.053440346241286248 0.022260859525750208 0.027675700838588595 -0.091695839478333235 0.037104093188892483 -0.050393461602169433 0.021579436625002404 -0.033919875441261432 0.0027093312649827022 -0.032190055399444924 -0.08107965509094954 0.029890589884174732 -0.029713407870606511 0.059223601830169184 -0.076239021455338438 -0.055735242756938315 0.10946168098623399 0.050291819279865049 -0.074866889366102599 -0.0099594851539908796 0.1002046164167978 0.051326668438465534 0.0064894860919818892 -0.095338292047866632 -0.072189194460726663 -0.080952663465766767 -0.098361777784669313 -0.052629417248898316 -0.076884852785241514 -0.01086263265244275 -0.076224722425718844 -0.072560256945804841 -0.069434002705216463 -0.082659479948583345 0.065299252779001116 -0.079164651034882502 -0.091348248690884967 0.044721580742263449 -0.14684547208564747 0.0071196317481690896 0.11506896311323801 0.043455188164464323 0.053660012982903731 -0.10493260275961763 -0.14067667083430893 -0.074046443534396766 0.065994563065444378 0.095187131729860347
 -0.049461343631105527 -0.084325853877292148 -0.00073418322990293937 -0.028918175682659274 0.028119922743041412 -0.016337741210179259 -0.043912107630646721 -0.14290708375572586 -0.10879165693784233 -0.045163830836631516 0.029329022920340418 -0.051541237086874289 -0.071599953814107525 0.017546834406640708 -0.068101491012357851 0.0081149728631923022 0.063397335966692669 -0.10343697249045575 0.06655754235402124 0.024649233718544349 -0.052842207283427797 0.091072449891707444 -0.055063522894408155 0.12060121110946412 0.025834972832242776 -0.11424572163961159 -0.074818493979166303 -0.060260872813031469 -0.042729567134659391 -0.057892068168338619 -0.06678094152909804 0.0031085152838183361 -0.065866015944727963 -0.021403502141926163 0.0093490076470071574 -0.017041997418535751 0.06733292138336204 0.10507633546655629 -0.10952614132854996 -0.083146510358110576 0.026555507784715184 -0.071568363844368654 0.087170179790026656 -0.033976821972071469 0.041182865744723234 -0.079424407121361548 0.08210028464269481 -0.064540962531704008 0.12820798416966631 -0.034913729248145738 0.084575609993925743 0.033124922819857718 0.065365979345578848 0.17403428150466679 0.060229747576354541 0.049856193058191348
 -0.022906170298164261 -0.014959790855659797 0.18322081934184004 -0.097614610054312906 0.12816150271932278 0.029366303985624891 -0.11155264561008396 -0.017411388415219525 0.075580592616681597 0.15444264763698415 0.11265254083656459 0.044434204157658842 -0.089352658566051152 -0.14736821613041168 0.072285373181951523 0.043648451395311337 -0.035415167800690733 0.00058537342542941558 -0.023093345868573954 -0.025335363486639506 0.05242578280147038 0.035122677958017302 -0.035416829900436 0.0034183051140744556 0.00015530232284311903 0.034301679755835354 0.069526886354596806 -0.15239813244832584 -0.01280457779522795 0.055257311179317266 -0.002277822978622941 -0.071000230788323265 0.082090647133943651 -0.012524064960907782 -0.082970564231578683 0.081977958218845043 0.074816692087015496 -0.014912120467446948 -0.071606642218139505 -0.1211952900445834 -0.079357993156976475 0.010284300835255661 0.12035624756486948 0.0010288221320349058 0.015340721318014639 -0.11523327408818494 0.043146232496911241 0.028548191194880411 0.088261549905962772 0.014858385247779883 -0.092937156329879062 -0.095852747141227906 -0.043375870635804649 0.00314219618121137 -0.015778084347367903 0.029695777848206713
 0.11331492266023516 -0.084853399391730214 -0.083201698207863203 -0.015634527986212197 -0.1110486227957338 0.055557816453609347 0.052261465228858654 0.036678312676776702 -0.024006474500012327 0.12179327379988139 0.073759972121100983 0.033757779078768445 0.0027274463428781093 -0.085119999275220043 -0.064456955743832811 -0.081067834752182016 -0.093955963723362984 -0.11876109461341355 -0.030509413127142331 -0.052385028808492336 -0.092406409432774228 0.071627149410799978 0.042153150826945734 -0.025918563600467195 0.042541509591120873 0.0256754216202374 -0.0096560183843441109 -0.012822015405707259 -0.0404180159056588 0.013513195809722732 0.12272683224344556 -0.11934726717508257 0.097357247121389712 0.072436704472953445 0.091701865914809971 0.084390556332214234 0.10213080700753481 0.022552747919628455 0.080608606336095789 0.055775402537907103 0.11929882503333532 0.097909318213822344 -0.11205393779319478 -0.081537441541675457 0.12004521323983464 -0.084495927240768737 -0.074164112823603717 -0.011173145665104866 0.1382462498650113 -0.06777978367905628 0.0041407776414396948 -0.018143653723595301 0.040532243189477853 -0.058639075841681418 -0.10604273617605489 0.05286459896745347
