# Created by Octave 6.2.0, Sun Sep 11 01:42:54 2022 GMT <unknown@LAPTOP-P0PV0581>
# name: Theta3
# type: matrix
# rows: 25
# columns: 26
 -0.030780892765371153 0.12483625226268437 0.084564560072973388 -0.020518602454696538 -0.0910386260972251 0.19857605669075989 0.024913420761722281 -0.092957026600596529 0.00019560585637263872 0.056332989238871603 0.08747521420397035 -0.16671707411580597 -0.057221632734328891 0.057207820313262735 0.042145936456696079 -0.012029140577443875 -0.0038432893169864494 0.14459479123915128 -0.055714973877371163 0.004214835391553538 0.13920603219659203 0.042984809173724034 0.0035456898428352771 0.0071023632519435585 -0.029257899010011634 0.041838350182670479
 -0.022727304931913467 -0.069890240309278442 -0.016861362154193524 -0.057903304971437475 0.007078270477735989 0.062924416090909152 -0.06971218519360714 -0.075669976580707982 0.016409705962987724 -0.085677988308367578 0.099758159314002837 0.031489665124450991 -0.12375693065589079 -0.076646821565466608 -0.13323119002389036 -0.01320404438181289 0.059414563830426773 0.080199498619778514 0.019492379429398559 0.052895986863608961 0.15389752094439699 -0.057922107553313278 -0.0312265589476266 0.030829784452707922 0.049975161151237672 -0.11381922499511216
 0.048226290987454977 -0.098856895908548278 0.054878014870130894 0.014650628755273875 -0.19115771323261616 -0.018091510319755436 0.050065314644013356 0.00039816485563422087 0.088673663617403045 0.035181755426036854 -0.099406828174671544 0.086990139160165417 -0.026881108007873463 0.15755216360893726 -0.095970336193817354 0.0078714061341660316 -0.12108606517538745 -0.040818201300773529 -0.11355206105656922 0.11516290518687826 -0.055840502537989056 0.017216293481087025 0.064657073005998725 0.016953406633139941 0.030181511485901463 0.058212289097964824
 -0.051560017651963781 -0.12040369301121545 0.034589558877657633 0.046547840758895703 0.0029777328655539509 -0.021092429660921546 -0.13424940214794095 -0.013015999803525727 -0.046004721886575256 0.0010489431705933308 -0.08899781750882084 0.019093036492620098 -0.1209635726102004 -0.026745386668486755 0.0039216554301557821 0.035170721243395757 0.050751974764782853 -0.063994686304426757 -0.10038702064029895 0.04817347936193199 0.11927381680410816 -0.015285512355055994 -0.037850651281991964 -0.017702779874637992 -0.027880902794945348 0.067170135786656579
 0.083277015821067182 -0.063153415464523507 0.060235717755287056 -0.069021837203439351 0.032602928284591534 0.04876406351790797 -0.045003818957633064 0.017412257715623974 -0.10319197100937537 -0.098321763055370465 -0.10484356939677507 0.0077559620517458879 0.012309643168944414 0.066778015556171619 -0.024555290366326133 -0.10749961859218489 0.06589075873635214 -0.0068002107738647779 -0.069600879971755847 0.11228001564698378 0.014829478794092223 0.055861295633586196 -0.1083634685109288 -0.066292252913531524 -0.0679342201024183 -0.0023773942544269371
 -0.0034172306027982096 0.073621694414954794 0.0087013461600108366 0.061368133772690875 -0.016860072130460303 -0.11629129146531438 -0.10045870849782133 0.098882967426164745 -0.12776944361646303 -0.10229098377385851 0.0015495316754069884 0.10171064972509505 0.07966075407948911 0.02342848968261934 0.15944610048596905 -0.066383814439999717 -0.061127192947067067 0.016365886516890655 -0.049659274612884698 -0.036995412156037216 0.019191591572208195 -0.031889042483176075 0.010290249334027972 -0.039793522429153419 -0.12593308943849538 0.087028434368617819
 0.003084782679409597 0.074186629747493224 -0.16006026699763079 -0.037981961721061927 0.039399453987328095 0.11866953453304109 0.074987367783752187 0.045053012969114931 -0.14150027012823516 0.069830483649744368 -0.0088673058143579047 -0.033094202923465404 -0.10121526110787588 -0.06223204921128523 -0.061008796179794496 -0.061714167845917968 0.038562688275461242 -0.088280129915948399 0.06691863732870007 0.028180817480004051 0.010283916276953993 -0.049096769223151961 0.099903739437298203 0.10185264461977384 0.15987719788758653 0.14028747352450993
 -0.11551833007494319 -0.094853659420131242 -0.0017573815622030692 0.144827925919671 0.022648923673987686 0.044204034852413192 0.060626014531903798 -0.060511261604522033 0.085948053342483385 0.062468057381117381 -0.13076386481070873 -0.065842095277114154 -0.065069401083431289 -0.027518092257499752 -0.031429856851028289 0.16701417587960407 -0.060510196364452123 0.072000931565129336 -0.16195451383502626 0.03288341651538676 -0.097516966228641547 -0.052552777486361092 -0.0041284021313626003 -0.072169260079083961 -0.011016080109265964 -0.0053797549536983768
 0.07518914124737805 -0.052799207650226908 -0.015606409121893698 -0.070032732807937773 -0.12249418936311694 -0.061155280051135109 -0.10430056879588397 0.029880307859757798 -0.10644979478195425 0.024091792894332994 -0.023928598842916978 0.086805034927961516 -0.037512996684358722 -0.044304295698438023 0.0092973567408828513 -0.030960609846914469 0.013469424132421498 -0.083544723170550408 -0.14562989305342522 0.074775695847797655 -0.022239898136623488 -0.088580298343512803 0.12226111402140462 0.079077088823665848 -0.035211042789519191 -0.097135925609936696
 0.10760508906509293 -0.050259559253156755 0.059650532312380419 -0.00090978836185621602 -0.17313019198865237 0.039266636457589238 0.03500630529636127 0.01985619145208585 0.11905490304333176 0.01838716916288953 0.055087717760143734 0.0042804275222688409 -0.089686842953642737 -0.11218330302073569 0.10597134230798337 0.028183819539935363 0.068816124966077336 -0.053555875449127398 -0.14528850174414379 -0.058107982436280098 0.014579514351234115 -0.076965242275470261 0.10158704310067324 0.056673180723149141 -0.054848637187886295 0.05426613188513995
 -0.064926205595139203 -0.072457521209672873 0.057681408128807198 -0.073097292934848471 -0.053258297919301499 0.053028928552695344 -0.0050659503283297727 -0.03673330415777587 -0.064722677291413233 -0.0029918421063592762 0.10071672998118517 0.023719408624317161 0.012472617121322039 -0.093395040372568572 0.17000066985290216 -0.12223341612048409 -0.092826955583465778 -0.13708314897726306 -0.11857627274079077 0.089965735246546941 -0.044189433161068145 -0.057112347459331705 0.018835835322200706 -0.041340602837274344 0.12776888627636965 -0.031674305559584462
 -0.080227254979628682 -0.088853065445583509 0.065909720675438627 -0.080847094181832405 -0.15099446555553034 -0.081318750410375437 0.0036549944611703727 0.025744249805000223 -0.12999343382032694 0.037960878742759732 0.069368105628611287 -0.084323447442193097 0.1016878142263242 -0.058766917149834605 -0.056568792284124737 -0.094147834359210522 -0.0082274011577762578 0.0093089076676654316 -0.030839155162824993 0.09954342599476855 0.0033664581595291643 0.015707939830104257 0.018535978140912089 0.089098025009001949 -0.049574489292271748 0.024427808723079751
 -0.016927649399574075 -0.11430978319461929 -0.04706859628066206 -0.096650484535550141 -0.063753173382493908 0.054500520063839195 -0.019533890446453209 -0.057930907391860652 -0.17294461686784687 0.049287429973959587 0.049588940323418075 -0.060322331602955311 0.13561644079120408 0.0084804652235156291 0.012600240288802158 0.083808947292815988 0.030593663965676234 -0.027632004371941205 0.032707790427094416 0.013421218132563598 -0.099640352684429917 -0.0045855332691664202 -0.042003949793967814 0.010776155348363254 0.071760240807841963 0.14208426854879314
 -0.042966251481073046 0.048875084478701848 -0.052956152389195224 -0.083830927378713158 -0.20778641938287631 -0.023459877460623668 0.086199330161128518 -0.076695111965939464 0.034573497720183907 -0.04572732498985306 0.016567481339367508 -0.027267549307083468 0.09958174501301563 0.16066787381462724 0.085408535120536325 -0.1127118995891918 0.0022212043172688605 -0.044454249773793704 0.021977293690205589 0.12671682920569188 0.06358181632377119 -0.064739911268754599 0.0042137588707931274 0.062499060402388257 0.091007361206285664 0.078528735915462639
