# Created by Octave 6.2.0, Sun Sep 11 01:59:12 2022 GMT <unknown@LAPTOP-P0PV0581>
# name: Theta3
# type: matrix
# rows: 25
# columns: 26
 0.066256121672935861 -0.021199099695054652 -0.0016898768012315706 0.035306394115936654 0.12829126543190508 -0.0043458912500760043 0.076710137255016395 0.09044086760852911 0.0068843872792618025 -0.062869161652515007 0.1084438696285704 -0.15576837270454535 0.067691009710152877 0.0657433684326027 -0.012961003045371204 -0.0017412220414148004 -0.070513701949614482 0.016385994781714267 0.084377402053688474 0.059675799730729728 0.017975349611342211 -0.041583396282872186 0.052982138705893432 0.072723990184857507 0.11654829918180369 0.10670817636746785
 -0.083393235240971419 0.11454718655400765 0.082041831197437451 0.0073536191226146715 -0.027221427194368406 -0.068921778764000283 -0.013590825534279056 -0.047688804781369602 -0.014312479047287278 -0.051554898785378021 -0.1151198453689128 -0.020169632445224198 0.14735223470412143 0.043480918798193331 0.10858031460324097 0.10713433822940741 0.11763606759810148 -0.12811685990900071 -0.06059452451812327 -0.15624048513014629 -0.035672890174565063 0.014248916254761058 -0.029702932041213877 -0.091772004645143054 -0.083632325633499066 -0.067712269108219661
 -0.016727931198993146 0.018269164455681414 -0.094618638201190472 -0.041794424331368436 0.018557678903602326 -0.080715699191955786 0.081940931959004523 0.0315408439417178 0.091933883200736671 0.1282012257541241 0.071799303444652893 -0.02385338809698475 0.064950271865364395 0.1164275459816233 -0.034978889901911725 -0.0041131067494270734 -0.0071834243798431585 -0.064967845147538297 0.086794564987335537 0.020164997146084451 -0.15095063481290041 0.081331244423520202 0.080456966654207165 -0.015969912990968324 -0.057664704306145086 -0.076623941006929749
 0.011353197370329483 -0.1359749042091126 0.11626901964841013 -0.10858477162875541 -0.068139640959158476 -0.011367186334110291 0.14078820716948967 0.025355350399406906 0.054864111353839777 0.026223681816571556 -0.013620051908147321 0.090588281836265716 -0.096107360405683184 -0.069983489492249321 -0.065850291182200218 -0.041555127204511308 -0.021818449543829655 0.010775954955812884 -0.0098803152534034395 -0.0034909335418341582 0.14626525503233431 0.033640411488929385 -0.065960663776527512 0.090426162304966695 0.047828318462073187 -0.1041608914357316
 -0.064023299101472739 0.14954346086239972 -0.10018919362476969 0.061252417705913498 -0.072074725053433528 0.078787602688340341 -0.11636250362512911 -0.075973910802252229 -0.042603016565365436 -0.17450343895391676 -0.11530733554316917 0.057162790307851111 0.038884643976241876 -0.080420080596157933 -0.038106772725401486 -0.15486080653977544 -0.022624915873428322 -0.059304434290506608 -0.048380406094863451 0.13803640905604367 -0.035507729433209186 0.12055973321989673 0.041155287855295312 0.083284299516487054 0.046050642045463192 -0.08344726245451492
 0.019953888486490646 0.14755681044751776 0.055327712282953037 -0.020642190439888974 0.12722140647972227 0.11158746974261492 0.065614341838659218 -0.058935732813598686 -0.095261683325654517 0.072835614601707691 0.0065442834698681528 -0.068006637548737328 -0.092038985703737169 -0.0044510577938639516 -0.041115872321638498 -0.045647492219265222 -0.070000380251103458 -0.02002555261456513 0.058745023935808757 0.012975546352367607 0.058614220044448329 0.11675321782784802 -0.0080544763054244961 -0.025093409313653545 -0.01027064069165841 0.09876029217230417
 0.10878681782435638 0.057181690580863753 -0.079922778099278516 0.098127502297144995 0.11313827501617829 -0.063069997586099075 0.12836524357908824 -0.10214798070216394 0.14062865654927401 -0.023491309574199648 -0.0067515281553549725 0.047667528325420386 0.03967768390701943 0.05283308765462414 0.041560137057918979 -0.096990377440905551 -0.05832783250580012 0.045471405863876435 0.0028574617240638171 -0.10097367795023753 -0.021685080319593833 0.036392202565331044 -0.057838027850205767 -0.10780270573335864 0.1717267601610489 0.0066200710601184579
 0.097304921912900008 -0.098063800556550784 -0.0096890812781463762 0.09601879597058445 -0.081702922587157556 -0.026967795439253029 -0.09389433319895904 -0.025261295334979918 0.058309259412375483 -0.13375379822429656 0.041627858913272024 -0.056267208397805045 0.026589807830822668 0.0050499545324998313 0.083990240201760991 -0.10458983490160668 0.070729161812829816 0.06222344178357353 0.11148549322230071 0.072012416695072329 -0.01997133192233657 0.057675765747918557 -0.13341115928123512 0.070747273508186562 -0.0088507472684363504 -0.04247286633467337
 0.05262652035713701 -0.052167457427074793 0.21829660300775597 0.011258920094972601 0.051735827962752307 0.024693718558397956 0.036700725106245329 -0.046498000385912848 0.092358664393378823 -0.09847045478350816 0.080031442039902798 -0.028771527033794604 0.013932671424158095 2.0076945827883667e-05 0.095936693580066124 -0.086638683581115566 0.080794658188147295 0.12220115933791795 -0.045335817769174669 0.074076444142976483 0.062223215028104663 0.10556979374653709 -0.021566137462269049 -0.10555589041142173 0.044288839395231892 -0.011695638204751269
 -0.029894829846635322 -0.076986614855016261 0.011437031381889545 -0.013570889856835482 0.064417561838968851 0.044823756463027248 0.064140502144583236 -0.07164138704138602 -0.0019042270081306269 -0.0012860104054247842 0.017469186205193062 -0.06280198350862963 0.1007827127899326 -0.13360175524925233 -0.11454004955642677 0.025101511120697508 -0.036072256535876743 0.037331571577171999 0.034793468598115142 0.074363998086022287 -0.055874094079669902 -0.0032004392425505407 -0.084568039687451413 -0.028815930349846502 0.11055857223550665 -0.046757398584935599
 0.03281016918576056 0.021445273994547129 -0.034776595341253588 0.040137000399515073 0.17047490611262872 -0.030315263331537189 -0.033320992606515935 0.078599458640572051 0.1028682461674305 0.051638388011260687 -0.1179697218785674 0.087766743335867745 0.0059211507504741464 -0.018055630461788316 -0.095559705789109189 -0.053850609555639223 -0.045959563338994085 0.083741051572133685 0.055335268714334057 0.037852412213379906 -0.030900449147995859 -0.016721042857821826 -0.10393604365872952 0.08660464381426955 -0.10342435237478152 0.033346983711669012
 0.085861397696098976 -0.073435075547802597 0.092726695187334063 -0.046474289645819407 0.050338560177508651 0.14554114014244943 0.0061587727045261872 0.024494209324571976 0.069566295736420258 -0.04626184256876515 -0.08014136960855997 -0.079816125862987086 0.044256799749443146 0.15608071749662292 0.11428147063001136 0.077911219063018206 -0.036627357761782948 -0.052167690763451999 -0.044096138147228049 0.068150177491374808 0.037174070592189301 0.05532147670022898 0.074947796707592371 0.047834897001078763 0.025606391491985712 0.0033086889139488165
 -0.018288487004006367 -0.13060574729543045 -0.084738468011750348 -0.1459436001351164 -0.016705603295919077 0.01728859610734812 0.04460647734467172 -0.057704976090768592 -0.010538420521093545 -0.059158877301769823 -0.075742814578996703 -0.075515354229033077 0.031000772094835191 -0.0059943617848884374 0.010560119156915265 0.053867743785043075 -0.011274958697455676 0.071173834672848116 0.00087290199279185408 0.10586283784244499 0.0098878550951904086 0.21669852948970711 -0.089761624360807965 0.014063751755528989 -0.031403074565738376 0.022212036477384223
 -0.034323116456248436 -0.085759078149723278 0.085312114721789983 0.061439178841742936 -0.044643256795771677 0.060453539081735577 -0.10252797785302011 -0.017326697413683034 -0.064523516266560041 0.035211897687353083 0.017123150525112409 0.011867781143049408 0.044393290069834106 -0.040392863373913582 0.1204868489448199 -0.12097940762035553 0.036207821901720297 -0.0087774407507734322 0.058937878089459057 -0.11919661047169221 -0.11746755355246634 -0.035783307750291267 -0.047543064570774028 0.093664113404868271 0.092726585188702665 -0.10048655801376313
