# Created by Octave 6.2.0, Sun Sep 11 01:17:47 2022 GMT <unknown@LAPTOP-P0PV0581>
# name: Theta3
# type: matrix
# rows: 35
# columns: 36
 -0.084847421153818839 0.025589032891439073 -0.17954650901102748 -0.039374641194538582 -0.050912640109656494 -0.084336349503983304 -0.015588119589034872 -0.021486699051411148 0.065241257975912861 0.053939465665973851 -0.142665880939293 0.0620967549806851 0.066545215995631263 0.021457741455697822 -0.0026697480061056477 0.071582598254473717 -0.0039676908599224521 0.013698249726562549 -0.13121647920253349 -0.029784398319624154 -0.048942467272424711 0.080682399168885394 -0.021615535834319001 0.019065949584799371 0.10094791048007394 0.072639203280085621 -0.024872782916191768 0.054788555785258243 0.1095906611344768 -0.093473426778302338 0.12233011396418048 0.051470335479287463 0.042898951310085254 -0.096367467021928513 0.17933377710891496 0.10231732693880001
 0.055838086206859185 -0.08739621190727509 0.16360682623944614 -0.016188959205423271 0.058007330093589791 -0.072606439090967242 -0.067602400316093977 -0.060618051926717889 -0.051686856315682657 0.082703224720071938 0.026606022225056862 0.0099213789669121127 -0.078562672285530641 -0.080968380206350707 0.098069890496246565 0.027493242726275246 0.0042712420153799592 0.0057680392811555953 -0.0012128035857801927 -0.13099109269259473 -0.045300172887189696 -0.024519442864677093 0.087778555963506255 -0.067713843330617168 -0.12763629115040603 0.024607160599672037 0.10919318319683914 -0.02044142871954676 -0.00097492472516328159 0.089909089430448078 -0.094241426563338448 0.089345631040692583 0.063516217892159665 -0.02219612010385948 0.13961934710659135 -0.10644590535190915
 -0.0092182700401337112 -0.04445871490830005 0.14877837876439892 -0.15379886929744618 0.019033790863446115 -0.17199552932732889 0.15902638788895651 0.082942487779480878 0.0091883961499419509 0.032175841657010623 -0.028179665759280548 -0.11278233669927726 -0.083794746442217488 0.066190860872500937 0.088984338486160983 0.016168851146644628 -0.024225285612063569 0.037945298890796647 0.024456986657208812 0.0090024007541123028 0.12896531743873374 -0.07928201612287554 -0.20797642422577811 0.27296978819370166 0.052050130924437617 -0.045938571242369226 0.018702267727398428 -0.0088279758488739087 -0.10831695115293913 0.13953303990034946 0.0014560159941592306 -0.0064521187168683752 -0.07511251244034986 -0.081724253698015434 -0.032035939596979014 0.044216642838358113
 0.075549308637989657 0.16919252247033126 0.09977684552744992 -0.097760295285764326 -0.059081280513611299 0.050695116496180734 -0.15962561385988705 -0.0064326166508409579 -0.14752795159654486 0.07033927015644173 0.10343502565229444 0.12633624923111841 0.044154522790110833 -0.033828419498961641 -0.036882084513993857 -0.1251215125143679 -0.13162938810586819 0.15882522099758767 0.027820872543712027 0.067186627224439494 -0.032134463271088314 0.055492965308522942 0.049502403271090213 0.14047080072450899 0.023086136315232517 0.074286097919997462 0.067747730792692307 -0.071482253793272915 -0.048368772750781948 -0.16304344804665197 -0.063611906853461048 -0.032325064766419713 -0.13033915631699022 0.053738755230610308 -0.053176014025797129 -0.022734463032229247
 -0.076892240261760197 -0.071535315687548742 0.091966266012103656 -0.180645761350893 -0.10063769870340471 0.10550444936900644 0.0033197550761161778 0.1180319458958175 0.043123970202208879 -0.096308333720381556 -0.076104173073302861 -0.01524911267546626 -0.17597241289183577 0.059458692792931762 0.039177085038402656 0.089553577193077175 0.087334199549701258 0.0056982102234959834 -0.011969609315927991 0.10874133897231662 -0.11660700765761181 0.015677287150024262 -0.012764924143358185 -0.16561164906701711 0.074140314471959332 0.055800732765185754 -0.1185128361899658 -0.11476511920794535 -0.014260774575272675 -0.07691199082490463 -0.058361319843990074 0.076093162161347178 -0.13038513395735679 0.077507802646626975 0.0604595047755105 -0.075781810138594724
 -0.0068677937392243957 0.077280818684192953 0.1730069619048959 0.16861339921763172 -0.027936694611069259 0.0084556521814645961 -0.059021010728085813 0.065159108813905353 0.066790127095285146 0.067368927615423777 0.15916579931348473 0.089728882994184994 -0.070370564611767286 -0.13900479999449231 0.036804132165016143 -0.11486496688189522 -0.10213997059306539 0.11723208063798815 -0.028246524366099045 -0.090599944065754917 -0.027335509635232458 -0.11461618286526935 0.051789994440125428 -0.0073081288112839789 -0.047919200677391686 -0.14527195545663532 -0.10225810226530965 0.038338930314788952 -0.071485220916336134 0.039067942663614061 0.0050842078106621792 -0.079398772148843111 0.039014574406469917 -0.020145685397864828 -0.0022572810862106127 -0.10735991588650243
 0.010229126719272471 0.16293058500424562 0.099081474611021861 0.10811903406293656 0.050573336797529109 -0.044797156275725697 0.071568214068221961 -0.030207517537164819 0.095241080906910899 0.082484867524954514 0.062708714215219313 -0.098795910405103174 -0.0035848090154108974 0.00073338826296995827 0.19094620999968376 -0.023200965106295903 0.12417073829356941 0.074479114922689188 -0.19796721209125459 0.030943128616274566 0.017551407803590997 0.030864028480989618 0.18743109555844945 -0.11745516367414223 -0.048673193367421326 0.023853089861279719 0.12732591317973091 0.039955126886455083 -0.013932203160579965 -0.013437233955938167 0.11224740919272416 0.044512583183091904 0.10510261452739091 0.11464118641134642 -0.20621366225772078 -0.10420826877742324
 -0.05447851854564624 -0.030966115611679525 0.056719862963236452 -0.053064413003871318 -0.0084339527500524782 -0.062401710302239892 0.010452727935512236 -0.0172806642252047 -0.013406939597007591 -0.10506481507715527 -0.026108141810410667 -0.038241187553660322 -0.066200908632139011 0.099024210168053697 0.090801157741803099 0.058567787467530129 0.012154836626564225 0.034496472688063613 -0.010869129082038497 -0.10242224454842079 0.059793951044513405 0.042451923300237011 -0.042200170481858333 -0.10249209097716776 0.03804321756618121 -0.090239079799330657 0.10832299197473787 -0.0011257444878518062 0.043830986215734238 -0.069246687714413613 0.043830788384547008 0.022842588859739069 0.11186922158620614 0.056090269517964086 -0.11971226067514495 0.1083940740687178
 0.10429794314993687 -0.0031789264230695077 -0.043921821468678506 -0.050762152235667844 -0.087531890797810111 -0.095908846552576046 0.01694599175652018 0.084698243750448834 0.10632389710839238 -0.10054392666477084 0.074138347181490996 0.15786716750558996 0.13137748062713361 -0.11775920980255107 -0.040790687711317296 0.045378563825362532 0.10003694380768312 0.055030529650229795 0.1183544774898138 -0.075229721227243626 0.068682533525921685 -0.15912589272178804 0.016111727066066402 0.077424579569315408 -0.091535095216856641 -0.098527037459683733 -0.029745317588558737 0.16184042082161823 -0.021735361430046209 -0.029208725140299877 -0.1073328171304531 0.03783797553969076 0.11409169076606079 -0.063639738739151339 0.012070271689133405 0.037621098696315046
 -0.023661528251357953 0.048397550571139931 0.11636221771010137 -0.06185193349855949 -0.039621471636349832 -0.22067366716071468 0.2001908891224333 -0.07608532081876436 0.10934071795827477 0.087586684751188276 0.062351947006529657 -0.07714475207370794 -0.011408156553347489 0.070222713759977837 -0.05178510642399306 -0.071877117273958846 0.14094177404293484 0.0046339871100600982 0.072521035554328137 -0.087687504493495397 0.042459412242913455 -0.037542080920356477 0.0034007964349733453 -0.096899334076201757 0.05899906420386402 -0.085395608203578791 0.11816044816983434 -0.045713251408325939 -0.16867632577641986 -0.016313202739575823 0.062793971543686489 0.014194899839887556 0.062955410514777252 -0.0053926740457098127 0.013581786852876362 0.072427137805997535
