# Created by Octave 6.2.0, Sun Sep 11 01:59:34 2022 GMT <unknown@LAPTOP-P0PV0581>
# name: Theta3
# type: matrix
# rows: 15
# columns: 16
 -0.047953664334418951 0.087095225125625717 -0.010599121240742708 -0.044369810957140272 -0.13031507113751126 -0.027064727781299605 -0.052766486146119139 -0.13005349123912968 0.052175401591957361 0.08664428469896536 0.11375065185190883 0.14713217298509262 0.094969724671474479 -0.095353141550842499 0.10590374193295168 -0.082786361575441517
 -0.10217497634844727 -0.096924324487538113 0.074004567591246614 0.094113310737117664 0.13046615298235573 0.036591268158328506 0.015244794775167221 -0.085166187294652224 0.022653480631070123 -0.10839399760040007 -0.11171333776238364 -0.058656082299321066 0.064093417211451661 0.042681997720105606 0.017600064256288885 0.074960924036986384
 0.085416756736902702 -0.057625997818548977 0.0069768940530720415 0.072644824636249092 0.049375571340161788 -0.058277387313595802 -0.14154175739355671 0.11039040758258531 -0.0445489800145017 -0.030835590573313795 0.20302388062622162 -0.065170686962839813 -0.040095339366019361 0.098749048145071627 0.071860177911062403 -0.11659949702537538
 -0.11148920700178577 -0.072373652864768767 0.078049985558008725 0.067451417315525661 -0.045760789586813802 -0.0080687229404431855 -0.0026910462671143683 0.087488426924722654 0.060960453694124207 0.0033698009078232051 0.15404594393935714 0.012250911668945237 -0.096098090685780457 -0.092056156400566566 -0.21887695869506468 0.004363836948531926
 -0.093830992815805009 -0.010502773572862683 -0.087768628403705112 -0.067838127134397769 -0.099475586645309935 -0.052831615196787522 -0.036800629184808004 0.062384451487263501 -0.10330586559818956 0.041600593364404796 0.081945213944458348 -0.055270955461486838 -0.083841914813393092 -0.084141984221303798 -0.089456019580723675 -0.11002810062754315
 -0.079906176957678238 -0.07585609483815281 -0.072465576899153991 0.048718584490779558 -0.06256433315222866 -0.0208593338902965 0.18414796542574652 0.079967849997964996 0.017901910510625764 -0.14911364126123763 0.13010561384172031 0.025651387449873914 0.070670855458816767 -0.037376926075615324 0.10620265038382083 -0.098410264198998856
 0.086429626835401979 -0.12866876855555617 -0.16700379863682729 0.0042568566796356479 0.16509653780598893 -0.091397423772588277 0.13472421216290917 -0.022123564127871687 0.17764467842697643 -0.069823824019058608 0.0022519177107225771 -0.10387065101781263 -0.080226325107534482 -0.081856365770818951 0.0025317964949249459 -0.033157230092233828
 -0.10826574587185751 -0.024691255990838969 -0.032609336808085136 -0.10714726763358579 -0.0054585354464649705 -0.1163929634734351 -0.12515651749449128 -0.095589643393030208 -0.0073965864145170025 -0.10160368496303826 0.056573530002658828 -0.12486991045678454 -0.018467651501197245 0.066380666193898652 0.050960645397545738 0.077003321307889019
 -0.018971318086019141 0.0088225414309928887 0.024804002473702107 -0.00025190841521333714 0.041412472679454894 0.16248113753876381 -0.04778593543200807 0.047617485896811002 -0.0764476640865457 0.039645424363359702 -0.044990096316795784 0.15142954436962808 0.016515678336045597 0.10993775703962053 -0.021582909727298594 -0.063098858028151031
 -0.089998694103874025 -0.010587679549168387 0.073319308308854386 0.0042204010935060488 0.070018845746970856 -0.073198189036533245 -0.054888041895780282 0.080181671369619692 -0.099234814226810047 -0.015587617076608998 0.093992250608687808 0.029214027138233241 0.0059331148763171974 -0.13515640678788807 -0.074658520807084114 0.023646272393185411
 -0.077719485912481234 0.15113119027916311 0.1612944923229977 0.085520520781918491 0.008109761103413755 0.062393230794396952 -0.089232216938635839 0.1013321811541347 -0.08279703924948581 -0.029762495552524523 -0.077567044636212529 -0.024791234210204887 0.063413724159162355 -0.04889278554086595 0.1637133089062752 0.067588846838555955
 -0.0089212208408399243 -0.046468180073411386 0.084005277116086907 -0.011705309485911652 -0.077682856592198757 -0.098978693289101513 -0.098716191969769496 0.04783510736126103 0.061270554136636506 -0.10052785898145522 -0.042489872942603285 0.096826270747625648 0.11495467663422566 -0.12798270248298763 0.091051961288074842 0.052307450676046092
 -0.033139102145275996 0.1708612908777411 0.11321802764621777 0.014713366806597305 0.070188672432856508 -0.21461282286385405 -0.0031918974306019859 -0.0027164161711700037 0.040203361970407754 -0.090471560429944697 -0.015293025813891475 -0.080440147910607357 0.065667731709654273 0.20421910883807781 0.044086555220669031 -0.090905626092854422
 0.076757751865728127 0.031703665269633224 0.00018650297854814731 0.035445708220236391 0.065194227827670648 0.11975001392235307 0.013675971395906102 0.093110232239618909 0.12091211331436168 0.17656187179227578 -0.17435480518442323 -0.029175560104561214 0.013333345430773819 -0.11078542677148291 -0.041208952009231026 -0.034163255657043985
 -0.069943637494431152 -0.16235207114933739 0.13567119517707443 -0.087454709194214539 -0.099372090198683247 0.1289197760468094 -0.0058038392273407494 0.042760547210655815 -0.12912343176231095 0.13916673246311131 0.021759692680073436 -0.068163384986721851 0.083283717109844016 0.11185568487523388 0.075531739471273091 -0.032866851971193718


