# Created by Octave 6.2.0, Sun Sep 11 14:42:47 2022 GMT <unknown@LAPTOP-P0PV0581>
# name: Theta2
# type: matrix
# rows: 45
# columns: 46
 -0.11701819460898751 0.00046873666585386654 0.068029945936681102 -0.11358115929064905 0.077308585473162883 -0.1213849814389541 -0.072770996399780241 0.025744951760199572 -0.043102420236647454 0.058124110546540715 -0.11440595000353307 0.10420026086412099 -0.11659669861248523 0.041887355934888959 -0.047352328282068118 0.027487188702004017 -0.054283844657879769 -0.069183737332957795 -0.044559320060990101 -0.068067671644695002 0.076733993810042353 -0.030718669868566383 0.0027349558568149235 0.053473424113431048 0.020887030311722836 -0.11785640945627872 0.081211146618546587 0.081926929083484784 0.045797527876755395 -0.032416067058091441 0.15357146098507582 -0.10407917812152402 0.021381541751913279 0.056168948367645986 -0.062719631477941254 0.087166257056690025 0.007037330384704072 0.06505206773459403 -0.026119887010763461 -0.098947829633923901 -0.057026099037527846 0.12704219694816415 0.11130658167810041 -0.13024908768683482 0.075354975303417698 -0.082789547998517274
 -0.030755576782455715 0.084108616619811088 0.049519450139401983 -0.075694004985013469 -0.23132046465358141 -0.088293843967770805 -0.024509034947176697 -0.13110126141270353 0.054750536373563981 -0.044440166349974532 -0.10381725855955429 -0.11442059232094118 -0.11694807508490544 -0.016293184711299161 -0.089600879442554668 0.075700395590186667 -0.043072256541466104 -0.021670408595106161 0.12619834775881772 0.0011428132320257809 -0.040028847939299124 -0.076624772609203362 -0.021855211797333931 -0.030840121302255327 0.055935672541786642 -0.094353311190194744 -0.041198831125653319 0.02128408057181564 -0.051429273610016688 -0.040293215688271829 0.03433629971153887 0.17988414917016737 0.080001963554035632 -0.065011636903635178 0.1108272732858207 -0.054194996129066177 0.051688344666011403 -0.057384621369542012 0.11428267971094494 -0.062032916779753873 -0.040743623753342013 -0.05609706342441572 -0.011232154648577922 0.015300497770466978 0.017094366396440415 -0.058911238481139855
 -0.066712357893665628 0.053130611046261884 0.068172850257824116 -0.0050464300418498285 -0.074954191548807308 0.062615290489008546 0.021521151416015436 -0.045558870371072903 -0.083667615130540288 0.069204960740763349 -0.049533741286722256 -0.10909912209664512 -0.073984413540912938 -0.081179402728721206 -0.0033268693525618266 -0.099710950842798046 0.089246046569046361 0.059716376683630112 0.09140671998088129 0.019167232135132651 -0.090578108461005599 -0.079135954926123145 0.034302732398294074 0.0092014391109176454 0.08967488156054193 0.0064925592103687244 -0.029658007532928115 0.077631862240506097 0.033336036600389793 -0.062061051621944675 0.099025914395081668 -0.1611684361741596 -0.071442035770228896 -0.054777276160798374 -0.15470541593727233 0.10026947415272826 -0.0028963780997554142 -0.039108641562600098 0.050408298165243295 -0.064108826223059148 -0.067681437356219801 0.098898369856807458 -0.021305657108392693 -0.081722313179227235 0.08189916394942906 -0.034935380967333791
 0.11516829961593218 0.0057207825301915458 0.086807382338163527 -0.10341937237042738 -0.087660921741512618 -0.014081758870673077 -0.058842280058162638 0.076893737657630912 -0.022558759694072093 -0.10277825958486038 0.13062610457442533 -0.009045288561557098 -0.13834803351695615 0.007188509219669223 -0.030650928110931435 -0.12756480015314423 -0.11720590896302083 0.012682775649606182 -0.041522166195558506 -0.05239739816338345 -0.11435435098659276 -0.035857345582860398 0.048836102803929214 -0.042696536482928142 -0.12511187390876569 -0.16040211599649223 0.0082431996257493964 -0.070062956132217177 0.0055129341453528215 0.068012603482666287 0.0021783776947778958 -0.073590958075470086 -0.14094700387648054 -0.022518009286165132 0.080901814130066682 -0.073325332319079548 0.039455310101798542 0.05469089630543672 0.021611577163339366 -0.12819249608679112 -0.11016874226253372 0.12933491922363627 -0.029009837430449381 -0.18469053563831433 0.034242548132537715 0.057168439441498901
 0.0064355692554953631 -0.10263224860403865 0.029513067933043997 0.085630029492018034 -0.06274384284064978 0.067972527281231307 0.041357735755391069 -0.030503178527899018 -0.020723711934600896 -0.011099784807103072 0.1412391832439234 -0.012659301410025078 -0.070672723629443268 0.067401354377343167 -0.035947445705247751 0.11477385932805016 -0.11286297315094351 -0.12359350364013333 0.062722288908802798 0.00078060631191917006 -0.097178847028599372 -0.0017029231018123481 0.044498437352984081 0.063491084917865634 -0.039881592906873119 0.043787971577465751 -0.1070899388781708 0.11045883247124623 0.11144518798489826 0.1083141685527783 -0.06874909417239132 -0.11747913859739041 -0.020483783456796859 -0.01909440304091874 0.0034544525373958546 0.019416065446613468 0.017084864275012029 -0.066097869804632586 0.0015345595707685451 -0.10529151989522485 -0.0074235654020496332 -0.080062035486495362 0.039451924235879537 -0.058769150231183072 0.073218232988358112 0.017527880670026148
 0.079776035118955466 0.14047824934288031 0.027718845307403529 -0.12842150285865461 0.11821185034411408 -0.083600440612784307 -0.11000040197928602 -0.075731703737744085 0.023460313507442241 -0.082693045598729253 -0.15082118214300499 0.062126450885411529 0.095464989615535137 -0.13656478755289153 0.0068223354311746972 -0.13001891539970459 0.12794157218120139 0.080773618770078867 -0.018506595935174376 0.082651500514443324 0.016088076002599219 0.0018692459610091434 -0.051354966803264318 0.12107631322302002 0.041305498007253125 -0.04231524341983043 -0.054074991561945646 -0.17256793369299128 0.070232993119035567 -0.1672737980508055 0.097653170782548079 -0.021061297702358553 0.055650978077987197 -0.13262029676900583 0.001516493827856407 -0.0017903750834247843 -0.14367119590626504 -0.13515678096649072 -0.0030950465896412436 0.051106271403110193 -0.047360703133569347 0.011113563432020431 -0.10259085412582425 -0.045920031587735048 0.08461413922628841 0.077888789379241707
 0.049551865604361992 0.018799661503843892 0.050764382107420472 -0.1151521871030225 -0.040443793451010644 -0.15109539750209985 -0.16627224681160094 -0.019675917797867912 -0.12326470179009795 0.0084044046710580137 -0.022340115707297867 -0.046916540510977475 -0.24068948934502923 0.04734222714713332 0.077387053768343761 -0.10272994547538608 0.031021040819286496 -0.06531922858713976 -0.0028999744175411003 0.027057693716025153 0.030229356150993605 -0.039873404145000249 -0.057121419800562616 -0.023607843522591376 0.040751760986008218 -0.16664754882261185 -0.11352257478374458 -0.010004978506029846 -0.0017149881902337207 -0.0039532307081866528 0.025492839522340847 0.074715395874428422 -0.010863086553327687 0.029318784167213847 0.15509527592906081 -0.024750569502736807 -0.032540524041249949 -0.027892791612601813 -0.088986177430201222 -0.14642092513192351 -0.064667329976122817 0.079768371006521316 -0.1351452292947605 -0.02270834761494301 0.046518271882541859 0.02733204492956463
 0.030070646138222738 0.035662265444223434 0.036813566257253363 -0.10401522173010286 -0.055425989218307263 -0.11680773019955541 -0.10567863498125005 -0.10088217692185462 -0.16382782221701461 -0.092425615834920719 -0.10672802185741258 0.12360854019056401 -0.063436796195106449 0.044564003590428655 0.18687944875916288 0.092645836383466115 0.026682396809452388 -0.016012678835626185 0.00050458823880934766 -0.096863341078712251 -0.053074772589222843 -0.018051381376633497 -0.085663502899932201 -0.053875524447689664 -0.11860208634853094 -0.031397541451290693 0.010176858067017715 -0.084687422558690537 0.0095562147052397576 0.16953915038978232 0.094442277335350502 -0.047288655992273207 0.07196324197252324 -0.18284479790930916 0.029425577605582419 0.023568661517429878 0.091346085458060333 0.011191472469832282 -0.058768507104908912 -0.094283807699369296 -0.013021114472078679 0.060040071455087017 -0.00099792060967666464 0.12662909067709702 -0.030134544546136136 0.011124184599355651
