# Created by Octave 6.2.0, Sun Sep 11 01:17:47 2022 GMT <unknown@LAPTOP-P0PV0581>
# name: Theta4
# type: matrix
# rows: 10
# columns: 36
 -0.024263028806797739 0.096532692314784119 0.08483308825795477 -0.263289717586636 -0.12792322635027192 0.056937827062962881 0.12857155647424962 -0.18913579247326534 0.057471975277378878 0.22463624056439335 0.02299971275158472 -0.065231368957990643 -0.081108872420264211 0.11949750254802669 -0.07383011569133964 0.13754276516817762 -0.017257148510002637 0.056714973718697936 -0.11553199046306513 0.091463225825284267 0.1668785074309877 -0.0081604238067798044 -0.092749359401055401 -0.043937632356847264 -0.13802241008001087 -0.028276588949825373 -0.10915647513681349 -0.068632846479221382 -0.12664871983755199 -0.047730120243697716 -0.13388115685555124 0.099023232252937077 -0.070922118355306304 -0.015884582640158004 0.03032182054856945 -0.056631959646859076
 0.025747312300897655 0.1231605702249611 -0.12648245730938004 0.0045973638738508529 -0.13656711361771573 0.058981179671646559 -0.027059100384812334 0.32634554059879434 -0.081774260073027252 -0.06827395185477779 -0.17910722770955043 -0.16055205046535753 0.031244371776274444 -0.13225069497213737 -0.010096982474834957 0.19370691035581519 -0.093435336887172149 -0.020206130402201046 -0.022354600272505812 -0.022035226319639039 -0.058529673542802557 0.064664325555251964 -0.13481801408267149 0.011031873671269015 -0.067874854955873171 0.16652612489611282 0.0066616462840638569 -0.2214377012624551 -0.043359369409154629 -0.051907937851985615 0.16570171935319777 -0.027858892629996086 0.18128278650770516 0.048075385006225609 0.058333160371910726 -0.06936349072465002
 0.053222105323445734 -0.067484388373638488 -0.13712670460926912 0.05912493021703473 0.092404397645201697 -0.093922529799706486 -0.042939451420181102 0.014615839271313226 -0.025171262690310621 0.056953235454662299 0.17350277182219248 0.038416807571782258 0.10924595596436648 -0.020910773692556187 0.028842088590171143 -0.12264604946804314 -0.029441550335759983 -0.078638020204693862 0.16091137944403269 0.10442741469220253 -0.12043379597309473 -0.11976702819741719 0.034846688614855882 0.091150135011047725 0.16622321154276148 0.099809712729504396 0.095079303695132497 -0.056481548686134718 0.11476613349894314 0.075854485223158519 0.024344328120101521 -0.22143018924275903 -0.1199546161083868 -0.099140036790197811 0.0038436883399881492 -0.1133889289683646
 0.078952086646952496 -0.037837300976144524 0.076452100246675023 0.21140699613505709 0.19757595534233771 -0.16299235492792821 -0.019874577843555858 -0.059513019341997105 -0.12853058148038143 -0.22513981333942437 0.008536893240936802 0.044068911395366013 0.058096231833009784 0.022617495785751621 0.0021496972776893523 0.053332319930118069 -0.039229195684203827 -0.01554427793866052 -0.21441871845276705 -0.042165348331180047 0.12272567823146698 -0.025987322748442947 0.033058857570012104 -0.010803282791080181 -0.13725522951592445 0.13131932947615116 -0.23756819306390958 -0.0075755350580368284 0.018573799604989061 -0.065698268239077567 -0.017092617876597653 0.22454108768731182 0.093939728967636221 0.0050754277244313903 -0.10528344847513259 0.047501172917673945
 -0.0371487516751772 0.045677163077383655 0.09889490392205183 0.20761857549366922 -0.099805834746443542 0.11824080243420669 0.11960089451459845 0.11118949557559521 0.076020811081815562 -0.00056415938057480111 0.23277983336287009 0.038709951204392933 -0.17739777587034736 -0.012329059212596569 0.020508961721522806 0.12713717816072084 -0.22807050979201179 0.049595124533147031 -0.034806910821845151 -0.12344391379217766 0.080690093092408738 -0.042589188782009228 -0.094451878069672174 0.19081533194638409 0.25143320142837633 -0.31915435974534601 0.12757711113312123 -0.0011866449568617187 -0.041206598857239936 -0.1149716438064016 -0.099243630809149747 -0.022164451586767976 0.10576229308339433 0.0044179756287262249 0.011947157664854983 0.026845881308797365
 -0.0043661965654952072 -0.0062892092616912967 -0.049661066329866679 -0.11584612568124582 0.03418839336126122 0.083816112742651799 0.2002386803884679 0.069034587309475537 -0.095235595509813156 0.16154814017731825 0.078078951578296113 -0.076082864271274572 0.099636610579923748 -0.12804696895867071 -0.072684127767647336 0.062242898639226323 -0.045125699423595581 0.13329252577300432 -0.013329148571335887 0.02350835990277108 -0.15446601354534004 0.060861725987326025 -0.08790063964716327 0.030323922722540111 -0.0023703918240133475 -0.17964329772600693 -0.0918108815402182 0.22166261759951281 -0.079286388208445663 -0.057721702130691763 0.099228627818809673 0.024176186091993051 0.04630096403606173 -0.12175693116785118 -0.16692815566879479 -0.1242160794499992
 0.096926353274061572 0.029771522455471301 0.017105808287341935 -0.0099358235356381865 -0.05204361036503985 0.034809182949266264 0.0051513664268727681 -0.0086490028020126761 -0.029134509530256741 0.084914741745211936 0.0093686174600234144 -0.10815723639606981 0.11426420654739912 -0.014792540932842452 0.079538087717981959 -0.08223374914585807 0.13380108155753914 -0.17207954385066068 -0.085816701173146395 -0.073638398120601342 0.19626144734352177 -0.03591958824593567 -0.18290260734890509 0.016987950417719368 -0.091719333406533751 -0.00038606651467338064 0.2369297683528393 0.076563554550346663 0.067835305662145018 -0.084216607221754433 0.0033339908212225364 -0.049511259432902195 -0.15003648507085152 0.18450681610549455 0.18721755993672354 -0.061381910461836886
 -0.025654814012171838 -0.13451354271484778 -0.041524006152240084 -0.15207716630325363 -0.00098470512218124169 0.20536149677303936 0.022435886765233976 0.060531863884851822 -0.087967660373993492 0.049802855909558866 0.02689455265038692 -0.11169125371248868 0.060723879469974699 0.18275521938055592 0.07929194891083137 -0.027627788977147485 -0.090518883307424663 0.18910072225142188 0.11675631263713142 0.12165691080940441 -0.18682232338208946 0.025494188540004854 0.073026470328203946 -0.036895001802618892 0.061362350407581936 0.0063163666129599635 -0.03440016489870374 -0.092240991255199717 -0.033720190803954095 0.087462797347462595 -0.074632993072674028 0.030930835523874968 0.044749214582274308 0.013569573829159114 0.056911490865744173 0.058408701827699215
 -0.066885580942061734 -0.068614421125052782 -0.11688329589927444 0.15054557315638456 -0.26916644449490046 0.0068875369937656111 -0.23911572635073308 0.0039529329640277146 0.10457950069699896 0.13915390764871027 -0.00037213280277933352 -0.057413145590094347 -0.23624865356261873 0.19775119142375613 -0.098732271878564301 -0.02562170454175557 -0.00052321586887188627 0.047987410624941537 -0.18821342786062253 0.14345024052387959 0.18307555811643253 0.059721275516547871 -0.083519087919913401 -0.04562512754742077 0.12579613045996013 0.061475220046655912 -0.010053256424496318 0.18901694390200938 0.032256987896659997 0.17670806104902761 0.0059381634035377481 -0.052841449345289615 -0.19187950663930428 -0.21876036727080814 -0.13488893998115106 0.075952138457979157
 -0.06410460924883446 -0.22077802698538881 -0.0097385267883746008 -0.12880371595509249 0.021964110897947763 0.058949694904918214 0.09780426232332963 -0.091631156356556581 -0.056516154886178359 0.045571601613094467 -0.21351728382786517 0.033159611026368628 -0.034537579317787157 0.031982664662412459 0.0052393348631874156 -0.085177712517133616 0.20412789254292066 -0.051927992370342416 -0.010495695395761092 0.10651181900374013 -0.052177490017907439 0.028461603909060555 -0.0202546111936826 -0.12210050527262267 0.12171745770013785 0.032775525364453641 0.11985308240167086 0.10212016826796601 0.22756269034202303 -0.063827932979415747 0.15801364039757801 -0.153656736169586 0.023099380874153211 0.0028699144966119728 -0.10173994700146347 -0.14447167536512739


