# Created by Octave 6.2.0, Sun Sep 11 14:56:07 2022 GMT <unknown@LAPTOP-P0PV0581>
# name: Theta3
# type: matrix
# rows: 45
# columns: 46
 0.062466928521939108 0.088022030274166968 0.043658795673729753 -0.14070822475175715 0.048708654842895188 -0.12911473970526977 -0.036365433779865619 -0.093567531654739133 0.10705769950430745 -0.13483402380589654 0.028904136964049757 -0.0067240102537833588 -0.049395148683811139 -0.035567529700726297 -0.15101159378581111 0.0040924254360833164 -0.017383613678401043 0.055531473812842833 -0.10032009203539502 0.10800367927037856 -0.089808251044163109 0.070978900405684539 -0.1389508179187636 -0.11018101605725994 -0.12056338327787547 -0.0013806182737338077 0.037150711291712928 0.045092353725166928 0.042962041838579192 -0.05396154862707684 0.10463303991755353 -0.055573127008563088 -0.063195234916100157 -0.11222010180857228 0.071310665879837989 -0.11991471024241193 -0.040754920154051126 -0.015239468716769705 -0.072361201421646662 0.021209090487294305 -0.057968293112554581 -0.031253535279665866 0.019001059655203122 -0.087954703235059092 -0.029248635689452105 -0.070454402120608731
 0.019636632130768363 0.021579769028462443 -0.043804666448377119 0.013748052214838919 0.078026947988259862 0.080528410390689129 0.012868198120055215 0.091644883282680722 -0.23032711541003625 -0.012541208825283933 -0.1206341474840902 -0.17056159761862677 0.032355776961143064 0.076672636208214948 -0.087021681830003333 0.030241908117771259 -0.045290016454425264 -0.0091018617481547527 0.056024311938050533 -0.00029487265573644838 0.098130327848621399 -0.080842727069228792 -0.042153616390598371 -0.081728924121999461 -0.07110767631941195 0.059363287083724216 0.1136821891026267 0.019471180778710122 -0.078130370374555461 -0.076315098107723328 0.066684736675035092 -0.078092046873334153 0.12537533434423426 0.036885793203330026 0.046975035342814629 -0.10776864128477891 -0.069674276262680065 0.010349084796131499 -0.10702576726599013 -0.035211973046468718 -0.096637634793280802 -0.10664602565930453 0.1290873547565432 0.13692975814586117 -0.11014952591136822 -0.073952945400140774
 -0.016507366802763771 -0.046398063352102469 -0.014195088722040677 0.019859553341455963 -0.10953187353962375 0.021100438572303044 -0.11107461983272229 0.11050864716885236 -0.038709468962762755 -0.12210936754238605 -0.027253318600593286 0.098204857765021372 -0.037888356760439341 0.086274511756850414 -0.032399362733127608 0.059063356183136968 0.093003921595667324 -0.027513479329311797 -0.087917328152971722 0.099129329062543264 -0.061205928945680575 0.16596235260292577 0.10191055566281659 -0.012142545973552259 0.0008430375084833619 -0.07317986562228411 -0.1546454640484522 -0.018911330209979125 -0.12696960163277429 0.12733562917256597 -0.096102012035413534 0.03363651538232653 0.18741348427710353 -0.013783541934039646 0.0447052393745659 -0.056349122152027989 0.074333263686246084 -0.079577699493382378 0.073053584359522875 -0.031376815741044714 0.035812565626119841 -0.071805059204306285 -0.072318776520800029 -0.031364757329422496 0.079706052626931756 0.097268831022649882
 -0.092850315646576864 0.10849378578241811 -0.10781493763005853 -0.0021310114777152922 -0.085876976615761214 0.071343999112956274 -0.019255256143470179 -0.011136065484634125 -0.076821264840875439 -0.012760361062554942 -0.13236089570064183 0.16644020805665546 0.04062331808765874 0.12077751519808598 -0.15677213851142466 -0.054264174360394622 -0.040918322451076516 0.13347745601856623 -0.01124014094874076 -0.088301673982136189 -0.10807864460085881 0.013787000296819427 -0.0051556955177642239 -0.028214637702786073 0.02759303733106112 -0.17992557751803401 0.095674596867647857 -0.029029269158513511 0.081830930580143083 0.087445694255976147 0.084760117634017321 0.062280909076965062 0.050782437507319464 0.045478832259091183 -0.081447818152374951 0.010341424444404656 0.0066304968474790423 -0.091377325276242469 -0.020670428761522523 0.054390774451369688 0.036097957748394027 0.0020868708052410572 -0.045422432427213624 -0.043046743676424852 0.071366807536523302 -0.040306529822230479
 -0.022552423617046707 -0.0035154080718362976 0.0010050492066470632 0.0086815769661363461 0.094091466929986114 0.0965540767947701 0.052076029936004686 -0.008966050615007725 0.037222592697200539 -0.037122785507013686 -0.062877037625442708 0.13998074887053125 0.15278534680701406 0.044926890842567624 -0.091082142448194181 0.064355359565141462 -0.055465065352022558 -0.099277497674271756 0.14984403228628326 -0.006418266340126124 -0.094379565745709756 -0.097440847269160719 -0.059249817224319136 -0.050697092805041116 -0.01802207004558622 0.040829878533462878 -0.060200764184706469 0.067294081176138026 -0.040766932732064234 -0.1165954332276762 0.0010797100711006711 -0.093093291969132755 0.017689753378477682 -0.034021068336192645 -0.079727529558349136 -0.053103508731619765 -0.11603193200144998 0.030383417596377641 -0.059789488743230493 -0.055948609326498762 -0.0075583354890399615 -0.033132747038175189 0.069489281399040995 0.013124879069827329 0.082625643580761687 0.083274086996959526
 0.11086725154854705 -0.11472135476853797 0.15708188427571607 0.0003767046788316086 -0.019612441460454152 0.074551984789534884 0.13290505762199331 -0.1320636014246041 0.026871573416401652 -0.031857378721928377 0.10241474385865783 -0.12553258477304352 0.14126443866249844 -0.057718093638338956 0.002696001823647634 0.11245444548111237 -0.053778238613603584 -0.1871325448446774 -0.060944795497252416 0.011781275278010407 -0.010128236480339029 -0.098866279959666473 -0.0081195861505088795 0.025252915624919402 -0.085788258948498619 0.045373729638620373 -0.087180816243000989 -0.01145794780444156 0.095107125771908121 0.1084421605828722 -0.023456675738130071 -0.20148600650885529 0.13208245430236543 0.064547401362244308 0.065621250317676461 0.098069470752477489 0.099661789612710661 -0.046790273369641963 -0.079242612926857206 -0.069789798677835746 -0.078222245315026584 0.019733062089779929 0.0050482605119699505 -0.076669967389812813 -0.011477662346658526 0.088095718127554012
 0.0084456988045958307 0.028743073930358441 0.046065832689237404 0.042262056841881321 0.019321112262790791 -0.095425188143195991 -0.1013219132168396 -0.06525756036362261 -0.0096413867721187162 -0.058237564585155166 -0.024844079131229057 -0.10410910655219677 0.14219049138129466 0.089183574224430809 0.042252107974044648 0.07670732828811444 -0.035820157209428591 0.0018002768438206362 -0.080424453121083705 0.049609912490843323 0.13770948333113697 0.054596556877285353 -0.069062296781986138 -0.03928214501114332 0.053839247958360412 0.029469685037804293 -0.078601375671367671 -0.11233296500505009 0.086642367531548248 -0.10878324496866733 -0.034109896087850616 -0.056813250680467019 -0.0062244016305151714 -0.04633610459025618 0.025878609472958693 0.0058535509018556248 -0.13537503486949851 0.1005999861761825 -0.1092705942170424 -0.096406113819856087 0.023479257581462683 0.10401761763696341 0.044609764557163693 -0.045128752153393563 0.017370408428760118 -0.056364009541471381
 -0.022440723956724608 0.097509641872780106 -0.12428941375689187 0.037972174934861151 -0.13010398310905227 0.015073744243825935 0.10154544190277687 -0.058331135791585491 -0.045119379785332293 0.18253951578649372 -0.067906522522656595 -0.1123258045199228 -0.014551227168112661 -0.04063518028123466 -0.11730002010211285 -0.036371097795538397 0.11261209145111799 0.060100466297257217 0.088177635846902677 0.035801786858051889 -0.095814182587070834 -0.050938366927506792 -0.011536398481680902 0.087888336929494867 -0.022353228202316396 -0.035552809694346453 0.016026595907206662 -0.10635449339996668 0.024585446397028796 0.010596560211642148 -0.076035499504641196 0.093557488184824317 0.11467908095094 -0.036608350198858601 0.0030904359787204874 -0.079633130879589467 -0.038862434669793791 0.080663926790535245 -0.064876822553434091 -0.12403638446010522 0.035998644595041353 -0.046896511562168383 -0.13906068668662663 -0.022599398566534767 0.032330898968110387 -0.081094498679702143
