# Created by Octave 6.2.0, Sun Sep 11 14:29:34 2022 GMT <unknown@LAPTOP-P0PV0581>
# name: Theta2
# type: matrix
# rows: 45
# columns: 46
 0.069620669568490348 0.058539164532546595 -0.15869836682513871 -0.022151030434784627 0.027281156740504364 -0.0528762997469003 0.030906981147808089 -0.015194677155115004 0.10495431670386626 -0.046440421661110592 0.013495608656679783 -0.18719913481067921 0.031244499107797377 0.045335810122290446 0.057577523762906521 -0.086804729262081257 0.044801061295493418 -0.096087927232334128 -0.10979124561289443 -0.13069247692984981 -0.0063438309418303532 0.045155339986813162 0.031004546735055712 0.062387688900001195 0.023097570071344709 -0.16035774879827158 -0.11149399760278642 -0.12311797758346056 0.045289330849256709 0.091663198515056749 -0.065433950332804552 -0.068690739683592156 -0.13408740806222053 0.1253402418764886 -0.02804067882478592 0.080924114258543053 0.034734237515841905 -0.056392088130114593 -0.1306248095656696 -0.11767519428650101 -0.035748871819938299 -0.0083678482528506213 -0.063080614731140974 -0.057995234617631196 -0.061147589727401544 -0.1355176099430718
 0.04653316324913212 0.034283842968419263 -0.11404483473095844 -0.077070642814674406 -0.061644673978325452 -0.040134864254826735 -0.080016887552380248 -0.08317016409024687 0.10122887354558116 -0.054932828060512834 0.059481403513388771 -0.10444035366468482 0.020019870582993374 -0.064346424130238042 -0.11328908137338274 -0.038998588702847697 0.06228880629970332 0.074683281605928478 -0.0057156362772746794 -0.15334079272499992 -0.0030580680658066138 -0.022917176539711866 0.031793369658337511 0.013116593811934961 -0.10644079783541366 0.070812409291297257 0.038249845167276308 -0.037829659118356652 0.077270057895755362 0.1329262382399328 0.10569103246854522 0.2232049546271429 0.067022316441161425 0.0011027868831023915 -0.12693856607736403 0.077961389682374371 -0.054731647392223824 -0.16192137289677205 0.052862297462307459 -0.055101833184030724 0.091000394936866597 0.093326044079253878 -0.028614752134798162 0.068848482233535846 -0.0012475606615485215 -0.063507789250346086
 -0.032608611023848461 -0.055474833928300472 -0.023126516342739274 -0.11309455509895219 -0.090663355911011406 0.059624925624423904 -0.051852694843207987 0.1631033435680975 -0.16320225992721818 0.12894915077378402 -0.02225877115682592 -0.05606621416005373 0.076250537722179088 -0.10888691044076905 -0.083218048730422892 0.040036702071260727 -0.055241506560304895 0.032041174777242644 -0.10196233708065776 -0.044768597825892924 -0.011502578854916267 -0.080116349541693846 -0.18713328029634657 0.042224653211611132 -0.037436365358329227 0.041855298875020312 -0.0072261955860970341 -0.048064967243422546 -0.13891627317589303 0.11084844332306269 -0.084133799004628959 0.050446316598152394 0.083236549989709266 0.073108498891185661 -0.05012050485095966 -0.14754208929731585 -0.057650707814424114 -0.027554722117813471 0.11773424643565562 -0.078919170049705278 -0.089775870406238953 0.08766182951946469 0.14619330750418752 -0.077036473197805849 -0.037059778238521662 0.022021835950164145
 -0.061788509733056947 -0.17877748132761181 0.14710434250028448 0.0049978522274237644 0.036414799544421547 -0.088807494938623305 -0.078895759849524322 -0.070850209016431923 0.086240976145921924 -0.096876091789324048 -0.028321433299475163 -0.0020673374688841184 -0.12885963063233849 -0.080462362629031337 0.0076515620471865175 -0.031851122407471684 -0.048842174719552017 0.0086311419191019336 0.037379490882706742 -0.026658875658293193 0.083070956823111011 -0.065552078145876949 -0.11692973296935504 -0.053107187775899026 0.022202966622530525 0.050443628111586682 0.046380836389467002 -0.053015246876613693 -0.0014361368225515791 0.068265504686324599 0.054932525907195676 -0.0049944289933419629 -0.048936903215491032 0.017993661536751946 -0.1099785812731562 -0.0056998196248143358 -0.027531747356772295 -0.1769396858515703 0.0092060334206521318 0.10015884806377463 0.030099970278568474 -0.11112651094692819 -0.29069337456597422 -0.049578217222346802 -0.088618526030836836 -0.071028952351670005
 0.076625015403602253 -0.055717301673658841 -0.024404452356368667 -0.019498353665758264 0.082791846617065054 -0.0082187672721457591 0.039022333465118748 -0.13804277282645847 0.086371124710565031 -0.00045219697873533841 -0.098236115065181845 -0.022928744420705686 0.042692030329170343 0.049204925827631245 -0.021529776301768434 0.054094967630597582 0.041813892049044649 -0.11514780660167177 0.070073931924969593 0.15333938235885883 -0.11503888771573441 0.039110195158813442 -0.09767880378721025 0.098708404371945765 -0.088660432591868649 -0.0052578355772763654 -0.011806150632621613 -0.014639738617737395 -0.039737347828521334 0.098891532875260396 0.048540714711633647 -0.074599014172562497 -0.030773083317648921 0.0059468141655692492 0.08543219784999026 -0.051018342343353777 0.063340501867997612 -0.078474128427979101 -0.098268105787922222 0.077149088229774801 -0.050673924053183737 -0.021769791000910265 0.18966343310034883 0.12938650170612639 -0.12287229588308855 -0.12703693842416339
 0.095731494120318561 -0.13022972450207149 0.086239962184241126 -0.057935638572067134 -0.03021215804474529 -0.019688614622149981 -0.069392387932976946 0.088480118267969282 0.12156044398003953 0.042884275739795391 0.12819448405598979 -0.069239647330864865 0.14116065183286408 0.057325043699833204 -0.021642984789353389 -0.079915783763891315 0.11790501892804078 0.1659828123054029 0.064008747200813398 0.080967405294877379 -0.16945144061007333 0.099287075179003412 0.018439985888895873 0.019586917393660266 0.067591558645003949 0.072064223095904864 -0.08404830591540223 -0.11644812894529094 0.024422799942898289 -0.086331112178538769 0.10175296559456884 0.057752594661241025 -0.092241575215215449 -0.044840211795725678 0.01813299651324745 0.063758564883360402 0.090517144381529274 -0.21166436902850216 -0.087411786731318594 -0.14061529566809733 0.048876618650184327 0.040140480396555427 -0.024268909548494148 -0.084476806867375687 0.069890912641899589 0.11707953501561615
 0.10993558411328845 -0.091530438091708785 -0.10893931948159741 -0.086194530076092443 -0.069510244105296257 0.023648267122202554 -0.1009878610586149 -0.11984062457105103 0.081355278495216621 0.085952516379626587 -0.050639814025676952 0.045682242157632932 -0.054547583251423302 -0.041496926367069455 -0.043687244543365839 0.053056728993876152 -0.018643152273234809 -0.087658477117014327 -0.13417881502431531 0.040010944347288982 0.056271981479488142 -0.064319252719066786 0.086247464435433657 -0.098036521977614033 -0.040944164534763114 -0.045958330129759306 0.052587007233521901 0.046845771569943621 0.058762343613373826 -0.096357617287248662 -0.0050701678688290317 -0.072790795465660696 0.03994566779208833 -0.10718331887468727 0.10212776936690926 -0.015141126522320527 0.033605730514440192 -0.1125702698301788 -0.0042554300011438291 -0.14328245714925078 -0.13661106111453861 -0.16368020487512716 -0.010778305196025042 0.065859419880367559 0.038971454158149267 0.056402393679030813
 0.10999839663715186 -0.085347924914044318 -0.019138544937165571 0.054315348083152921 -0.058258216603825824 -0.067993107886734724 -0.005158870760615393 -0.13264884207012625 -0.054194793678893266 -0.029099100500579664 0.061871190097901228 0.067797783693662864 -0.06130018993058025 -0.11533530418105956 0.061538581237259714 0.03604416895756387 -0.062951038690693892 -0.05051292801900361 0.025988553423505586 0.044569622975584679 0.034025412097191225 0.045920443179866509 -0.024467092269446915 -0.075939047516719746 -0.03001048648671226 -0.1164409245482108 -0.031156273886851639 0.12261584269731271 -0.015038605185306749 -0.058258903564794622 0.0021571390203955444 -0.050521284770343101 -0.057887201712000617 0.057988511280572336 0.080020381277708844 0.021956503802971889 -0.11463140847167892 0.059817029590566208 0.045420582656638807 0.095146523464144109 0.056292220683050412 0.15780424654522429 -0.086616691264200199 -0.02868772958146815 -0.026533704453299528 -0.040362551637623277
