# Created by Octave 6.2.0, Sun Sep 11 02:05:34 2022 GMT <unknown@LAPTOP-P0PV0581>
# name: Theta4
# type: matrix
# rows: 10
# columns: 36
 0.029330351217728836 -0.14181705385349741 0.086665131168688236 -0.099038346694738266 -0.12507739919829641 -0.014467855624164376 -0.057706580977548855 -0.042737376860219327 -0.0092447690288232874 -0.045116191295004743 0.020106537956117533 0.11122543356653172 -0.099749383980348133 -0.0018383840985298169 0.026684394305846282 -0.13927851578806907 0.14104451741735363 -0.17876231300070569 0.126323093650515 -0.0036821467438595723 0.062468442196919001 0.017649780451130762 0.042925832276482272 0.057140460609789487 0.10911885721744961 0.075542658777246877 0.10017734968144602 0.16504830138489957 -0.13546057131343189 -0.079081854800246612 -0.047690055028336981 0.13665247938553132 0.18456644613261619 -0.089719368810423472 0.15224678292180072 0.16034634911208981
 -0.010814455816368846 -0.089406260963521514 -0.031506937902406704 0.020279888835899113 -0.048053141799777259 0.044267071641961711 -0.036886953692894631 0.048641381492115533 0.1477235978260007 -0.026058200900622764 -0.0015909174779155603 -0.15050393302797763 0.01026316158433647 -0.045883445485532783 -0.021356019237053988 -0.0061647918913439797 -0.030021128475092449 -0.1207560759308824 -0.069998639590138759 0.12328097508278464 -0.095886740096876671 0.11214048515110042 0.12120916101025145 -0.047028303836055822 0.0077973621162987332 0.17807366902468683 0.065678006702489883 0.20099891930008046 -0.067522846284190072 0.0072473425101083674 -0.046296504854311131 -0.072081725964368557 -0.11056377607457094 0.079726912472842526 -0.0043034911719570836 -0.13611279973699578
 -0.03986745921651557 0.16283923058852229 0.12120529638491154 0.077465237895174344 0.022412112937488776 0.0079401541597012258 0.0011879771080035445 0.041587267834888704 -0.011673808824147798 0.020406556693584467 0.054743107604377617 -0.056392725622739344 -0.093765381957261723 0.053530646116218543 0.13357542138035033 -0.031176789346561613 -0.04192143428624058 0.0016414501551798028 -0.22296077184800778 0.036634486312857727 0.20497049927063948 -0.079744763315786948 -0.08401930479810539 0.19642831943493019 -0.10299468326800798 -0.010986068910603882 -0.032717527482998998 0.058012634788293341 0.10680754009409635 -0.0080765422432365445 -0.08581153273333085 -0.078241897680458708 -0.081260503144117882 0.0084159263834450524 0.11806649707196303 -0.20317377262326208
 0.12815185183335537 -0.043780603591759115 0.18749895196446145 -0.10587848203428672 -0.11966645912882197 0.060242166590518537 -0.09135819046875561 -0.046984605333589446 -0.070502172400231197 0.032908450270619845 0.0099022955846363794 0.11397872771236789 0.040223212272107046 0.023851108586230466 -0.16572486053925331 -0.18161648431657487 0.07442322929071013 0.0037514486702732532 -0.054031084795317728 -0.14111215415770262 0.027588759638902047 0.099675871948903511 0.03931573423390923 0.054059563796202859 0.11747507313680271 -0.11241225474129028 0.085035535410891622 -0.011282713741602878 0.10818631589140243 -0.094769453403932488 -0.054407817806032453 -0.05000853675569266 -0.0086346330346556161 0.31654317402743326 -0.096224462976707961 0.035390672027040375
 0.14095435649490978 -0.042665653099280582 -0.020389124705504021 0.11256870169832553 0.13679783766732564 -0.072406544842525511 0.042295078411479434 -0.12341275906858569 -0.23378058112706246 -0.097079963950348958 -0.048419354837348945 0.04841428754970669 -0.012283026765579852 -0.12606643123297206 0.072536791390838545 0.15706909244226488 0.080178066734684306 -0.047057410782307352 -0.068669324572175908 0.13789439730781766 0.044550264678184244 0.016787717207789161 -0.089249713792263569 0.1262443348980441 0.011287116837443257 -0.073928956818248182 -0.023784288157564611 -0.012880675105513533 -0.13049318337760707 -0.037305736002103948 0.0700367796519685 0.055973622982521849 -0.11055178803077501 -0.022822985338684005 -0.047023005269586818 0.19754131221149257
 0.050607006122556954 -0.018370784212672481 -0.07154091279895361 -0.083555397628777658 -0.15978081864932733 0.07718934225180174 -0.128848260246201 0.18370493730703305 0.0053735626319430102 -0.062300867865717979 -0.026399671792447135 -0.007492144479468452 0.10236423396096453 -0.13128473625550749 0.10739906467516845 0.16451667053477861 -0.032262039693441644 0.099336527827040971 -0.019776954084069348 0.11426955080960223 -0.1167976379374315 0.12944203300325141 -0.10072447643313076 -0.13584589297654248 -0.17163657564903617 -0.016180405770253575 -0.059042698389743506 -0.14019935960574473 -0.095367569681873848 0.17446812406834103 -0.047831712155200302 -0.13863049526988447 0.072944120736217005 -0.056128333410360762 -0.0050246003729165602 0.26192254934038317
 0.054196556315343786 0.083800215001595318 0.081387021088990652 -0.14597327109002814 0.12237322712520282 -0.031261897923920555 0.13270864940679669 -0.03611258676449107 0.077428627161658867 0.082543600723691657 0.087625586522767432 0.030753801507992621 0.020568068758188847 0.11813850730624503 -0.080878220797703862 0.080567395021912305 -0.11415289470471952 -0.22210724935453241 -0.071148274218359897 -0.045263694517420912 0.0089282287444299151 0.031938629222138873 0.041515176499851987 -0.21980993390978917 -0.010447389818938932 0.031126640822115869 -0.0059411915476184777 0.17775026220653248 0.071336758382864809 -0.066416641870297916 0.092925465169618901 -0.10218774956151384 -0.052703588635935515 -0.09821119591189581 0.11529663377035303 -0.060476405416759735
 -0.0010759139283565079 0.056536332182390882 -0.0855634209149225 0.14610254021334226 0.14242271114636681 0.011638342718761671 -0.19772339023578578 -0.064051640545523175 -0.02514986248821599 -0.051119092413120286 0.021830710803656877 -0.098250862131878475 -0.055619694007182002 -0.13395638523315367 -0.11737185082427012 -0.11643052708425783 -0.090629659356381106 0.053947734089051971 -0.044942127450604129 -0.034817693540714387 0.024059609387915595 -0.02766400790144858 0.013871086394289514 0.086350971396352935 0.25350352393978337 0.08948991840147591 0.073325661764896605 0.027396406781588774 -0.025827763758655396 0.017883541254714756 0.069605511699134898 -0.12142774092749152 -0.094650547810071137 -0.045842924490068368 -0.068872835283826636 0.060785248909739471
 -0.075603038305961837 0.082310382734065629 -0.15300964607462408 0.037430982127412783 -0.10773282111990272 0.056464083873789234 0.075120680309247415 0.085643229859202516 -0.03044480335606169 -0.12513440776702006 0.0078554905461508413 0.027562832542070648 -0.16905298009577086 0.16580566352306461 -0.014532243452976972 -0.24188040941249311 -0.11423972424765406 -0.022948907585291205 -0.0011734737701487746 0.12994922785570226 -0.13808694073134947 -0.20185420647288785 -0.12136200214097233 0.09857828126977701 0.13805566192726512 -0.16319118614958819 -0.09457358831887866 -0.2429401765783262 0.11215000712498664 -0.045097461041044985 -0.090740481181750307 0.067604606963332509 0.072592991194160322 0.14559811475393108 0.054929549789289454 0.0067773911965500668
 0.037625247649313763 0.0064501281817458903 -0.085002333300182503 -0.15929251706651062 -0.11653063607914713 0.040254155990517626 -0.020736111604012258 0.070639970504150412 0.1092449103357684 -0.054352480738781857 -0.08188575237988896 -0.031820217021589249 0.007539007492410381 -0.10924070760214299 0.032331476029912917 0.068992169790833557 -0.065044638147846459 0.083328142625293339 0.051585097510734326 -0.12048694426209378 0.018923781684178131 -0.0070134026327427525 -0.11163495636123215 0.0089819569723291939 0.035777848664873713 -0.27036547668337679 -0.11075297712744937 -0.071823145642168532 0.1406844216369221 -0.11024970196616718 -0.095235813347956721 -0.048985327665135858 -0.017009392197416796 -0.087463587713419944 -0.12272709021079221 -0.015076058345130634


