# Created by Octave 6.2.0, Sun Sep 11 00:46:46 2022 GMT <unknown@LAPTOP-P0PV0581>
# name: Theta3
# type: matrix
# rows: 25
# columns: 26
 0.086671054514314103 -0.058864941870166942 0.060301133137080749 0.078436817797050307 -0.0031711371510187293 -0.018004523120715092 0.0015106172229373709 -0.029844107748502248 -0.092080284955276662 0.10620827140225297 0.048815244938576204 -0.015396478331594876 0.13349196976904384 0.20550329394114236 -0.10123183255349234 -0.041721796039831331 0.11245669359023955 -0.032154055673300659 0.024815583265662591 -0.09307113414850407 0.010669903488926703 0.049956329058085044 -0.049006452722152587 0.0058303676155337476 -0.0028722279472628638 0.06321814963353152
 0.10657748682605465 0.030698953888683517 -0.10460446920249376 -0.13286038800930652 -0.026310041241197304 -0.10852919030277244 0.12397700893875928 -0.079943263888893043 0.10045578706755751 -0.1185063348521818 -0.11583406427541018 0.15075256739262741 -0.035515185180268208 -0.018814335628479346 0.045382266688743934 -0.039717504477791307 -0.029597377426418776 -0.052753297589295478 -0.0078936909813348815 0.0035781787156626216 0.016895516891528468 0.043925835357651911 -0.012329617554060979 -0.085822030115608128 0.021461018568699471 0.037357694322157783
 0.11884454392451188 0.035080421739241592 -0.048295786973927404 -0.079929658717996052 0.14320264738893337 -0.035377921742974647 -0.0069487280089759306 -0.10091928150964771 0.013359784516560592 -0.052260155727867803 0.036475430617183814 0.14706445589861256 0.00061721153510782404 0.12376829706030315 -0.050057295753623957 -0.082036083219090783 0.0060279543944406558 -0.0054965546936861205 -0.084274888982091928 0.063855064636373318 -0.055900977971964881 0.10620730975973609 0.045175588393081459 0.096558216945632006 -0.0075352359752891033 0.11201416201161113
 0.092901681792648336 0.067758600327084528 -0.17340199689655844 -0.030351850248074234 -0.041681954231859004 -0.074958346898867628 0.026851082937955732 0.10372214495721105 -0.00084963751445037692 -0.043607736976632991 -0.062734365561736241 0.09221694100474917 0.012256621413369504 -0.058948183667805382 -0.011548846766301454 0.18751325480320713 -0.12614906217740363 0.069265854247360009 -0.074894366935153625 -0.049074091882766256 0.055670154327621568 0.038549304496901811 -0.010345896017604076 -0.12588144887245148 0.020794720858760465 -0.13535060436150051
 -0.07045690416713922 0.089347002008647106 0.094788998831833407 -0.1005257404673791 -0.024442121501529499 -0.063943228612236086 -0.076774392135298422 -0.043250790581222817 -0.082935557644219712 -0.025564165595880855 0.052563169666852705 0.018485596521760333 -0.0029620006605386657 -0.080204731032778143 -0.056813801893340343 0.083683924082451233 -0.0027490527970504097 -0.11436827064048093 -0.029292126681734327 -0.11501410561493994 -0.034389533686173888 -0.034120605601434921 -0.084634668244803563 -0.03268177419450994 -0.0088665353323741265 0.07580077392220054
 0.010429214093650252 0.067891475139004287 0.011683983012204901 -0.0017263996637900372 0.1411460743052862 0.1248745718733686 0.045809096808663255 0.13119498314778302 -0.15639871361078203 -0.07506419778864197 0.042886703992856427 0.059106591324096833 -0.11737900069250215 0.042068424826328048 -0.011888624343538268 -0.065689258802927294 0.014189951143379998 -0.06740952437767847 0.10060028887009832 0.002492843919704754 -0.012909576661903056 -0.047267765207283999 -0.061263568679175109 -0.13339735618992501 0.09259925906630137 0.04607073567207632
 0.060515992580272231 0.14582756105975564 -0.082673346971259554 0.0049315087559228862 0.086698486028924951 0.009875723451759192 0.012845450448164285 -0.017375984567809252 0.1414863485844492 -0.031931238040588214 0.10012583518212707 -0.06926618118560017 0.10426807862637258 -0.091035206321992218 0.016282218894089286 0.10252246779764838 0.097613262553084487 -0.036030014536879533 -0.095036878658246435 -0.14672658472176542 -0.070614292323967043 -0.081185616717730127 0.06989683497670153 0.017312955525388685 -0.021607390528973865 0.010536267167703721
 -0.087238072833505306 -0.0028302735829989784 -0.10465296364016663 -0.004001961824684582 -0.10790929606080667 -0.073485010552631194 0.10505925525044685 -0.093062150895099352 -0.011941920743437558 -0.026359819427343247 -0.035064510286101871 -0.082177330968935661 -0.086493714403427208 -0.084505256698850922 -0.030184047137266572 0.035703874503765547 0.042345486176257496 0.11969031159594322 -0.10436486854768084 0.11580598303891501 -0.13492230617175452 0.025972282362376385 0.060219983784959116 0.012429574566655392 0.084184415276964714 -0.0041947558623544514
 0.096538699939765618 -0.16016192820494718 0.0094956035116880895 0.045731397300863758 0.19718636030030043 -0.023184685770256622 0.1016224883983833 0.0070284650655907189 -0.035112434007774758 0.031832324676411804 -0.075230300339979711 0.013517614272558145 -0.0031832914387553615 0.048740719593706773 -0.0031585474886202374 0.032559185975177284 -0.060292519470364403 -0.077424854625848957 -0.0074040241011967076 0.07346816265231168 -0.023398270750857562 -0.049671996987733287 -0.081466060687375483 0.052889332777806997 -0.20848049661605231 0.064091604197581933
 -0.11385541331942782 -0.060209284221730074 0.04661098048427248 -0.11830983239236381 -0.011358454457649415 -0.12424207673090623 0.07429792485807972 -0.09222581880843346 -0.015855105650044308 0.10941395086570851 -0.10057462269434828 -0.086055748809647475 -0.039617233100286961 -0.12021852901292028 0.013305023303380362 -0.055910668100864709 0.043526515997505622 0.059785843643934744 0.0072646320951457507 0.06686974329883251 -0.058563284188377654 -0.0070123297549888539 0.016334743404288438 -0.12554063685734729 -0.002222597107900235 -0.12625822421839733
 -0.0014718634444923829 0.061330019990166421 -0.11737806275460487 0.056883378320370506 -0.089528243699997401 0.044518406929105435 -0.062253294646966731 -0.11278995503185962 -0.0051788292879592426 0.034490950215714855 0.11412457057035624 -0.10124183941744812 -0.018311921720494461 0.070718732952001498 -0.074861388905282128 -0.050762469290962085 -0.0067652962109235734 -0.14158168487090125 -0.022257526543524322 -0.077132799785478448 -0.087769659738382522 0.077023637230581421 -0.067861754475840821 0.018725852346890899 0.13165821239913311 -0.0023012472712023962
 0.085011264073069512 0.015453821585595169 0.067660654449067617 0.019311724436508162 0.068551429086760041 -0.15615028293260624 0.1291872195665712 0.0535015051095762 0.025964529437702902 -0.10716094290292558 0.097012663426528617 0.020251760177639508 -0.12115822095958433 -0.0035653031131559184 -0.017401536357030213 -0.081795574676753427 0.042394322600891862 0.064295669087148663 0.037966618218895111 -0.11677875044586437 0.0075536023971975357 0.047042478780935086 0.11398733474352429 -0.10664322344598159 -0.0043119173437914781 -0.0838737297736213
 -0.004022436983471169 0.084026428569032169 -0.1250579021858646 -0.14104129543364768 0.10137139520809901 0.13258610728167533 0.013760981029838429 0.031815280282547015 0.050830949322395097 0.055804508449193088 0.066177422332844127 0.03456902091872327 -0.01771538189891117 -0.013592377847368246 0.027983151673075302 -0.00080289410182411193 0.075432906469687727 0.15723424802998642 -0.086950088033392159 -0.14480627540091792 0.041727536470856981 0.0095414989291960715 0.043643051151647808 0.094074336040762679 0.084027212582402616 -0.032042296289232407
 0.11534195026596086 0.15672702328042254 0.15042471565179111 0.072875330139631642 0.072414702926797914 0.072754107010808269 -0.031729282346332592 0.041564955151394398 0.045296365064644316 -0.071983691746509523 -0.091211119513175412 -0.043174251079967314 -0.13022456361370313 0.01321502302612128 0.10653377536083192 -0.094973064289472858 -0.0066668359017338814 -0.065308177910725365 -0.085107065094555512 -0.06250761678904404 -0.076796185616124557 0.032041379639472733 -0.037971566743649307 -0.022212913729280352 -0.11420496485101811 0.12170182563218225
