# Created by Octave 6.2.0, Sun Sep 11 00:46:46 2022 GMT <unknown@LAPTOP-P0PV0581>
# name: Theta4
# type: matrix
# rows: 10
# columns: 26
 0.088611656322935911 0.10847517239791814 0.15421508364553907 0.13056969296746188 0.040396831042004117 0.029403447806071653 0.099442555404080979 -0.072539933656414243 -0.1783964145081724 -0.11029653524048254 0.048110904106232436 0.112006865867758 -0.015845739753225809 0.016315772242520905 -0.017383396007760721 -0.085372266884603448 -0.066774042293405098 0.0076297571677515358 0.079043851090070574 -0.0035318848448975689 0.0193260731250233 0.09023460604020539 0.1212817789872236 0.028514101676296824 0.092032998612007602 0.16859088857479099
 -0.061971854934677113 0.13165385851590516 0.056770311148549371 0.082321480590041698 -0.075583223026511798 0.062222542376724782 -0.09034896135734112 0.0034944432666995555 0.032985394035295511 0.10607323132378337 -0.039917341679071815 -0.11153244135844842 0.0063673841084742402 0.043855120283639436 -0.010807609347679324 -0.11839941014399794 0.082937558331114408 -0.016406737048710311 0.0034556301239903561 -0.14561726841404865 0.074068249265978506 0.027268529118533336 -0.012269185059336661 0.098275493934813996 -0.077118424633502783 0.0029942768606892817
 0.099634379130909514 0.010932799582659166 -0.048327796199536345 0.09306720594657189 0.016516661620887971 0.056011176155112946 0.10778786135180933 -0.069458735946824834 -0.1335639161822807 0.11470915828633127 -0.089073352091433078 0.062226126203958093 0.016054815307143689 -0.064089835163710612 0.067528307835039852 -0.054482782382837769 0.048352726127585906 -0.0068781862468354805 0.051909972773207795 0.1015867592990202 -0.035949308521147132 0.00081613103764608882 -0.15539131272851822 0.060565755059627878 -0.1650924920942469 0.096404770674719351
 -0.056735876623833094 -0.0067263895090066807 -0.015644867265278979 0.041866920056217345 -0.054200124171095508 0.075617210296950177 0.010039628108021188 0.086813253660879705 -0.027792138914686342 0.061027960248508976 0.098183471018044879 -0.083717802801312233 -0.057895884640988063 -0.065001968381193223 0.14141147318170821 -0.051656090131634948 -0.031581349890790734 -0.0026619454067302816 0.023299442578683084 -0.05737334501742989 -0.017768139385575511 -0.0059028010267927478 0.20334709279517008 -0.060851781649735509 -0.16721786075933245 -0.024307182577836043
 0.011640427094765822 0.0088946342169764474 -0.16061162286471345 -0.0091530475307687754 -0.089360741928639478 0.044529427605820786 -0.018291054099730513 0.022457951633525298 -0.046448134682812448 -0.13720736051053675 0.029477564852831439 0.061636808907970138 0.07825651730269377 0.20269644435465536 0.14242658684774068 -0.041653059561619125 -0.06064387938965931 0.15067456826401107 0.098823331701459044 0.12376785077735784 -0.060206295273291736 -0.069265061270750605 -0.15118513293549213 0.016284061228747173 -0.025434062866760237 0.04892349771936276
 0.10146428217048271 0.10347588877735538 0.14299981399708123 -0.13901347934366814 0.024839006330489948 -0.036892227492220937 0.0098956700145966994 0.1865252990966158 -0.066845908593794703 -0.17074615674055946 -0.03772296728452447 0.021038567677762143 -0.067278685248263789 0.13076240542054313 -0.11429185976524135 -0.056487285787635899 0.060506504006116367 -0.16908000680894456 0.021496705435689652 0.016068719568882908 0.094581548883446234 -0.10031331186711927 0.068396858211711292 0.010562569718086027 9.8326796221982871e-05 -0.071224497529742192
 -0.060986755118244224 0.12723317725481489 0.096637380207519927 0.044169207482624484 -0.048306991652471737 0.016527846199063875 0.22645474103130561 -0.12113617699174872 -0.098828929695762416 0.11416065335536126 -0.070814707075111921 0.067566890851820133 -0.027767965841190279 -0.038039716316577363 0.065135518245308832 -0.063186821166569054 -0.0084063146064852767 0.10138558697588892 -0.0079291355667212501 -0.16962460106422225 0.062146909845276058 0.02248013636508393 -0.11979515144040039 -0.092670861867073878 0.071197821865487815 -0.035494394826854347
 0.084161729821847595 -0.066843919757724884 0.06094730075467325 0.017365972103746772 0.12629875957328776 -0.095123796367989996 -0.036482650914382596 -0.0054370641499516805 0.015596946228340453 0.032902359519205983 0.091634888153183575 0.050983567810975038 0.15401578444436376 -0.070692420686261526 -0.057177511248035807 0.078026613755190002 0.11473754344901611 0.034932979628896417 -0.065728499289476522 0.069005901719928528 -0.057696214062159558 0.0013529021384958407 -0.17228513941962498 -0.050407350379565438 -0.037804072652470766 -0.13905191125281827
 0.025697240437619572 -0.15731993031790606 0.019526827165232026 -0.088812166375073415 0.18932113405046849 -0.01060342906235188 0.15133618332154142 0.031690317663247577 0.090606013834372279 0.16305512970535321 0.0003904829473352081 0.040327748084928755 -0.097351774941639463 -0.067462601577775658 -0.17358238844738622 0.089666960438125706 -0.02497092481489668 0.01938961084012391 0.048519013196738271 -0.034274619304830542 -0.095925191333876572 -0.0093826998313613543 0.12199347774676537 -0.13265728722431291 -0.038358382099694457 -0.019639431759659626
 0.018985892859434264 -0.016529536928551716 -0.025773640383932064 -0.015344371169986172 -0.00024798065726289295 -0.058757987685483126 -0.093796879292226507 0.08209246692303121 -0.05005049963481089 0.032027077583049748 -0.061260268105373793 -0.012308406107665185 -0.14573892385909271 0.12155846302184403 -0.026062065935558959 0.082425159771472203 -0.042994781221491099 -0.13168764790475404 0.0068652116846450251 -0.093116671735812867 -0.10572362159674856 0.089871248587608421 -0.033255486808479964 0.0013554101655518843 0.11254905924567914 -0.031505350207593714


