# Created by Octave 6.2.0, Sun Sep 11 01:49:47 2022 GMT <unknown@LAPTOP-P0PV0581>
# name: Theta2
# type: matrix
# rows: 15
# columns: 16
 0.022148243329968422 -0.024822570931525793 -0.050195783524584765 0.062843573572889444 0.20609480815559716 0.17114071105338999 -0.03476834674845504 0.014734018654516363 0.035747607073195076 -0.16414390250931232 -0.19152669724731333 0.014660812536695617 0.093038138978463594 -0.04259707331295523 0.012446017567783713 -0.034107995969966678
 0.076164616634804935 0.0062980379620500996 -0.061870836595188369 -0.0089977985987621783 -0.061292074550456814 -0.0306341614502753 -0.15354172735638374 -0.06224812714343772 -0.032943647047630385 -0.047113266204325426 0.18093143690338331 0.026617310564737331 0.035116436166672829 -0.03650671082576535 0.099080815269022127 -0.085680693968398267
 0.022338593383519411 -0.14718595717210878 0.080014253487200204 -0.016214288326281433 0.13187054163433987 0.13315453627642881 0.066013813341605332 -0.049603660763974572 0.093065341850955802 0.10008401314168507 0.06412303128327547 0.095291707675841081 -0.045332086025128081 0.1459934803568374 0.053786588461786668 -0.14177031469630214
 0.05915211958723194 -0.044057658991218725 0.0098135681838149823 0.16333097102131386 -0.091451409636984282 0.12378912118883996 0.016315874193678494 0.018913716006934169 -0.065043980020100617 -0.06149489021472522 0.17877897687282088 0.018930699725436668 0.10571194369275241 -0.042457158691973501 0.12691270828665188 0.059269571671090461
 -0.030243168844142774 0.090137280946661458 0.12250994868185942 -0.048693393438168205 -0.011807579622411194 0.11473760749800566 -0.093822806193050806 0.052479056438429449 -0.072198609768042502 0.058154468768623471 -0.067463649194406131 -0.12217707959419877 0.078515489594170346 -0.049728119533358109 0.063575784638311289 -0.050970531145351924
 0.018114677035728551 -0.053801132148660551 0.066441098519647954 0.15773509423855889 -0.035416111719508155 -0.074893252465042512 -0.12540342121351525 0.10475716901065482 -0.060778062448041778 0.19126718588288161 -0.072508635521564724 0.025010515620568538 0.11218983919952573 0.066014866374021638 0.055574422394413729 -0.11986916778194585
 -0.097789154509715689 0.089482481388922064 -0.063822217763007644 0.04506324605415301 0.0015915987141218025 -0.0085722943228058127 0.03013125765120785 0.011427209980951952 -0.025521941221811988 -0.12744743092834937 0.11313267468002218 -0.019495180120792894 -0.081698400701884624 -0.0074198684630946794 -0.15830114382015689 0.047356665176688136
 0.11669551026342673 -0.036686227550605542 0.12468863891190067 -0.018629356499878753 0.077814997932008093 -0.2082573774861162 0.12903882875080167 -0.052538936336757783 -0.10697804790297871 -0.044313675715910716 0.078098241479357788 0.02259511349739993 -0.047695508657175235 0.011524036716947636 0.082251451584645335 0.05917464385500569
 -0.052913239087739525 0.060669643863478909 0.082033884333281057 0.17960171761526478 0.10306956252405718 -0.053038240161044456 0.099462510161069176 0.081085256404944919 0.11164051289449001 0.084166836523542066 0.077987254709479661 -0.05084004504722428 0.03720939163193028 0.049390090131280248 -0.025094994038674823 0.053424655417492813
 0.11465516366274023 -0.10179064742505563 -0.023586374852403877 -0.11297389577510436 0.074224671664134018 0.034840355749488475 -0.038973358439226245 0.071374713997250011 0.018059907535627983 0.006246399008111852 0.10432187923632784 -0.061718250306301098 -0.024799006926387635 0.14906435217364608 -0.020074718953401488 0.14457577540670263
 -0.055626942623149982 -0.093497120527874802 -0.15816511095500024 -0.0047588015000780007 -0.11514287512779468 -0.059665955891638228 -0.040514545099172489 -0.098546076691219495 0.099565868023340789 -0.17256133500403187 0.096086292357873845 0.19416977203469318 0.03900982988787316 0.041282726082678904 -0.01013493149556474 0.057819473883021208
 -0.045048835414380012 0.010059092653900689 -0.0083641098351155858 0.031498617542529549 -0.073623377826453743 -0.1320948911572534 0.11652675079124163 0.040506520569699792 0.0069879583282611369 0.086799394653145359 -0.022045795193255998 0.049800312429083435 0.027631278850420334 0.0071434086045368828 0.23110638432111555 -0.11461578685969614
 0.077086826662013511 -0.038359158062862123 0.14523102318846565 -0.096139432735210931 -0.048911623183889481 0.12667381471124933 0.062519743447484621 -0.13874468311982954 0.065721357721753304 0.065538754259597515 0.049176298720121726 -0.035963603020808033 0.19707119429622541 -0.0027036469807790401 -0.042461744016599176 0.13448121418328043
 0.010504969708085069 -0.076505069882412347 -0.029226800646360164 0.17858043860551071 0.01608426778955999 0.041802455905638976 -0.093837512635086481 -0.045515183501274113 -0.15117501286040047 0.027025926322774126 0.12773708954304433 -0.05442633020301018 -0.1610301500101666 0.11828410120303341 0.0083062366205316745 -0.023124231527579642
 0.0738221104284707 0.048047892598601462 -0.09348071919353125 -0.092483819316730567 -0.10823206985390335 -0.054077029863100083 -0.10533472684625658 -0.11556545208852827 0.053624748978919459 -0.10630908693755611 -0.038776073193017957 0.044272300815115045 -0.0051231631690847801 0.025082034035435088 -0.11622429969469276 0.063578336632990604


