# Created by Octave 6.2.0, Sun Sep 11 14:44:03 2022 GMT <unknown@LAPTOP-P0PV0581>
# name: Theta3
# type: matrix
# rows: 55
# columns: 56
 -0.055458433371521051 -0.012018925947719085 -0.064229989266702189 0.058661475812261284 0.011603695540815735 0.1045869579071735 0.101349205470718 -0.011993003383083402 -0.048451417071994643 0.078974493184074276 -0.017267295283198071 0.011595163215500214 0.13423808372757864 -0.14456629182023611 -0.063908719349326251 0.015817692594021045 -0.024085191160903626 0.068084491661684052 -0.12334985503295028 -0.09977551359098695 -0.049597303172904873 0.080533346989070748 -0.015578125447091725 -0.1023605515409403 -0.041476310299303494 -0.051981092915177864 0.10854949361474681 -0.016291700496811081 -0.11531059309824263 -0.10302339014488666 0.033750574924019075 0.095366597093125116 -0.049394262808107374 -0.075514993999585583 0.012136561396959197 0.10203932262215876 -0.0044053972323542896 -0.081280104963121783 -0.12077941221942982 0.047316717895936736 -0.010627238193445753 -0.035208899416069799 -0.073324126756800889 0.10697951459263991 -0.053722431283652977 0.056072758602883202 -0.039586623658200669 0.056929505954951401 0.011835190592582244 -0.096939072361502496 -0.028080854882722241 0.0037228931489161191 -0.010156294195819359 0.033560831646331307 0.027337775991447537 -0.033863437372673007
 0.013115349752194243 -0.017075120327518536 -0.10094869898284191 -0.067612221087442193 0.097571248475009045 0.058452155838273283 -0.003708067976405798 0.026568935709376646 -0.089619551927248423 0.049703210186777681 -0.0091821292453058787 0.10190146700022186 -0.043650153975697326 0.051581020957085139 0.066618301489224124 -0.046276052867013515 0.11722240837498621 0.0070121988476816209 -0.060192541243286601 -0.10638781963348307 0.069360353911738351 0.081158191043273417 0.051940371336930989 0.1045553559556246 0.02645921216597823 0.024049003421647001 0.044343841401178787 0.066126879706852659 -0.043685340938020525 -0.12773875722382111 -0.093947685953146606 -0.02604491070421441 0.050236977660717136 -0.091458335732383503 0.02282336393764349 0.058893317866729682 0.087448072958371675 -0.10157003792165123 -0.015037598214253867 0.055900698222320119 -0.043489158792286618 0.030654148139014049 -0.093712856588866231 -0.059702948296968206 0.085226826188832774 -0.014081908817624719 0.0062983378619965577 0.081320579965534365 0.088904413360455042 -0.079846321434354522 0.060842155067149031 -0.055998437812650535 0.046521740375432274 0.03868485065961532 -0.1096153773690776 0.055871066485551936
 0.10702157400570116 -0.015052989508721772 0.051857830945059649 0.11332404711123148 -0.053833103190885835 0.064899806209808536 -0.059697684778233603 -0.12512636063586713 -0.20688239934986558 0.057649447720013916 -0.019929123013076682 0.10427973533878854 -0.075379867119002658 -0.020441592103034045 -0.012525577983253764 -0.12387515962208584 0.088706911379644843 -0.021755342867661724 0.11642471723501339 -0.060830349649469359 -0.084366405400039091 0.057964122284948232 0.0089544969312251501 0.031691042724029596 -0.038349673226905259 -0.04491083050097848 -0.042425905698449548 0.0046731718226047502 0.0048572064288882836 0.10032697381589457 -0.030845981784303683 0.11865729538528851 -0.0014865546962023234 -0.064515471129257221 0.027118348567064469 0.078171580257158133 0.055692847917745814 -0.12856673076215605 0.14490157079268864 0.011798706347976437 -0.13903998721486557 -0.066634213997541256 -0.10740287164853905 -0.029531759154490654 0.046187396748902092 0.095260018412659672 0.041277767374313622 0.042477168254095365 -0.085220174270128166 -0.053034283190892366 -0.098196076828868425 0.044871345240146479 0.10138931178877307 0.0074807717915173514 -0.013969939494663863 -0.043761748284984393
 -0.047884892925205529 -0.04996476953529394 -0.097332773938201014 -0.01474389215844051 -0.071181770335223826 0.00093492782967954046 0.018329599347314561 -0.019915248811763868 0.04335411444542097 0.048949759795959731 0.021475740070829301 -0.0054385733186256245 -0.09706558542751087 0.067049267058972253 0.029743000138057547 0.16662042044590855 0.031677803416955828 -0.060155490010527078 0.013832679709234224 -0.003459805176744781 0.01248372284947259 -0.060868906804625894 -0.0061232254925225986 -0.14171987451543216 0.091411563637071827 0.067002182692896303 0.095241155531468447 -0.15414929403853139 -0.11868708915092976 0.076876372978234311 0.00069325394534504032 0.1100215750536495 0.0052584115434747133 0.074902036530526656 -0.020901724303772112 0.089816316551785236 0.067718167983614172 0.025191971801790943 0.077465347796418768 -0.0056103537953273563 0.11287750759305908 -0.02202056669382756 -0.072071633114792422 -0.059669688045123424 0.055137955450516037 0.14023063318105186 0.035314644999841806 -0.092773003106018853 0.024972720789292403 -0.04118410000418124 0.041063903201872962 -0.064134592943427007 0.066878254276560453 0.014137017609587778 0.11427147746394024 0.12549858524386598
 -0.032255667966561458 0.08128795862116768 0.016729055395246994 0.082186897650864718 -0.10511543532932824 0.04466172418718764 -0.16419475771597897 0.018061856093693391 0.06858990014457414 -0.135764792138026 0.0017554003674121943 -0.10855772870185286 -0.049981169539611542 -0.067865833886800953 -0.12321149545078647 -0.099772081873990268 -0.076123508106230045 0.064019547345639916 0.0038267126015656102 0.032664552744205218 0.031890168025257806 0.077179372689824458 -0.064324244726592927 -0.012886417782449538 0.038201554090644477 0.013476975196956849 -0.083652360205800649 0.07221549109607607 0.0012067016036093035 -0.13020411011060298 0.073889102305016399 0.036673269492936748 0.09644161100449776 0.12027573043182785 0.075145614252444287 -0.073902407622142632 0.094455914037169575 -0.11041854479648272 -0.10065738137597108 -0.088755460320379176 -0.11750045138820288 0.024483080857333406 0.10711679748133 -0.039686410405279385 0.097489560389621546 -0.053291821003985801 0.071510807789765901 0.05975698506282922 0.042134954702931424 -0.092230298521468954 0.054922545485263999 -0.047232517484746481 0.0030212971825169131 0.0071888879441261355 -0.013272940100843587 -0.059521075029502941
 -0.12008572743546828 0.020716335141938193 -0.079575454186235101 0.0022445654838381983 0.061038883217812874 -0.042894196762506658 -0.11981623757140346 0.051566573830441977 0.071041794483011428 -0.10079907783344527 0.020416148311171483 -0.0095888700224108035 0.041646509270030968 -0.058552626097357563 0.11057055838034657 -0.009463383099070119 -0.059087088282015428 0.0086543839598822014 0.083927548197235732 -0.084811514020657494 0.086955354814833602 -0.010752081366622647 0.10300930572961151 0.054617270694204058 -0.067507624678431827 0.10702147655665235 -0.078941341119596026 0.067038372963128021 -0.096174385077959931 0.046867787992414825 0.041075984688870089 -0.0099442206142495819 0.020902017442314475 -0.081998474387714862 0.099451658044344804 -0.093272914114990751 -0.066373132531805643 -0.059037706296269421 -0.0093499839864540739 0.077250527416331372 0.018637342698861949 -0.045492110049064068 -0.070451447552546953 0.027505638198019863 -0.04107075282883807 -0.11492395567221482 -0.02894630959373562 0.1491881828642205 -0.051516865967917352 -0.046643623944234498 0.05034955269124243 0.07133808195386375 -0.12380217089416454 -0.0078352605310363435 -0.061849946734223511 0.096672186609464292
