# Created by Octave 6.2.0, Sun Sep 11 01:14:59 2022 GMT <unknown@LAPTOP-P0PV0581>
# name: Theta2
# type: matrix
# rows: 25
# columns: 26
 -0.013031878646138924 0.00012348398969530959 -0.055136665926465003 -0.080352574925448547 0.086158442984804365 -0.1013191787804615 -0.0288470005739054 -0.063432904817614835 -0.049876610434721934 -0.0016076596287773568 -0.034223201781521641 0.11843059803988834 0.04977015597635099 -0.093446349723651387 -0.010372962491687515 0.13318018979768784 -0.060818640117150283 0.10482884763416582 0.13862773558332231 0.1004268463095252 0.014330914899983288 0.00016374166913241391 0.10574031569427698 0.044929889775214234 -0.063854396957734788 0.021424901152653521
 -0.062261967872753496 -0.10114681973150057 -0.058808328635950417 0.010216007967802809 0.024861211083279842 0.090264986441469089 -0.093641188572853487 -0.10466888934795968 -0.036293156357382728 -0.057261964732127718 0.035458271240495012 0.0099727639494048542 0.039629062213546083 0.13991916587801045 0.045282235857657741 0.1011718192824313 0.13876886543430497 -0.0081085874216204282 -0.092451816077679078 -0.03146096443539962 -0.06181575683484964 0.090036017094378737 -0.049366198588276011 0.092686683034155878 -0.059700365818177246 -0.001830811224969969
 0.00086874300135227804 0.054203894960622653 -0.070549042226995831 0.090425742542205478 -0.052191733335659504 -0.029339035680794944 0.002579189896426038 0.096513260300119114 0.12891001367521929 0.077180180356837685 -0.10252915516074751 -0.019702213882081727 -0.064738389960007262 0.052543022946025253 0.13800080707577933 -0.13339775362665685 0.091426096756784925 -0.118975200153333 -0.067650340528857655 -0.018210825772323667 0.0042774139312834452 0.056996395605019588 0.045476403494619559 -0.12299311811514563 -0.067139260063091413 0.024098540765736091
 -0.097200578479407371 0.10166008415304642 -0.15356776397581276 0.047976248504083822 -0.0738221887109584 0.0082458361645257414 0.053012290945766427 -0.082397622048166239 -0.046121739087269492 0.080042113311142832 0.0022916180452909243 0.067839857910404866 -0.0026227334399319805 -0.082165674844697126 -0.10636441348062255 -0.12125057545253624 -0.056220124925149405 0.16566534007418293 0.032156356917972757 0.031191049505357813 -0.1075985171064852 -0.023497778957263425 0.029778543871280358 0.077942360284952508 0.022269216168034477 0.026898014046348909
 0.042911653538720292 -0.064899302865207134 -0.07714384628445424 0.045540261042235033 -0.054587262895024129 0.015120821479736656 -0.14617981336281202 -0.13857265247173139 0.030658040441927752 -0.049036078900574015 0.050544714283961602 0.0091540909023691639 0.070487858190967437 0.026038626357193204 0.079803890747608866 0.16975798381627197 -0.090921812116268402 -0.029943273487323199 0.08519371746223757 -0.020556406498541964 -0.15144294579170259 -0.094144442282944191 -0.029864765246281018 -0.015361256759416728 0.023735648071684715 0.044277792298945746
 -0.086296017001603512 0.12794261496029449 -0.069208633277045489 0.066005587338749436 0.035504850304685781 0.013035444030806885 0.11650068290763665 -0.084911787326634236 -0.091296018597457479 0.03278159869546346 -0.086200293387684271 -0.0063917837715626652 0.06720890992981593 0.10274277671905858 0.057775340792870097 -0.0091997694592169006 -0.0038781793486187431 -0.069387932588822795 -0.030402407089296219 0.01896967565507485 -0.12269802000874985 0.0038381482760742359 -0.17664958330758032 -0.093956726707880814 0.017975871473870451 -0.14834096313809159
 -0.066127963990475547 0.11895946335281117 -0.059227452308157055 -0.071412573784840283 -0.006430414230253415 -0.052500386322667056 -0.0039878800442067677 -0.075320350204434755 0.024836283172323129 -0.038464742520330837 0.092095342625968094 0.015599016916981677 -0.11129392042888264 0.044408207831454966 -0.12210135646190196 -0.04061281340819143 -0.043509604574096666 -0.036955494201874821 0.085503000249255723 -0.12262735319725461 0.036653140946599501 -0.11305268338040977 -0.025041899012334137 0.050530266717867117 -0.017681423647171832 -0.017875389813586239
 0.07616719367986545 0.047205347245521438 -0.040347352868052973 -0.085157306515465089 0.064101087267808013 -0.073068005025383478 -0.11977391740956347 0.0097535702505990411 0.17627924683144169 -0.096373698712260703 0.078940381258303077 0.077914908853201306 0.0152019089398672 0.15304856255334132 -0.046650573939530732 0.020007953089878756 0.065023501047316731 -0.033221030845710771 0.093256989383056321 0.057248704199563245 0.06555549706474055 -0.0089682608463490642 -0.062368142263396015 0.072578006546495252 -0.069356991865635306 0.019749477623341435
 0.042061119221904149 -0.11418566341126894 -0.11177879327717931 0.060424878719202303 0.035260803787879123 -0.10617594583126809 -0.057060758932236347 0.0036793165940222118 -0.038602392115384819 -0.01357262111027324 0.018550104732715844 0.023162462218688801 0.0087135544233710172 -0.017574432330616809 0.017631245848759507 -0.07748768435838245 -0.052949592721598777 0.082899368979077279 0.02925810031058762 0.038265626716389715 0.074939758950791663 -0.096753902700612168 0.009540922826348339 0.075732376740765481 0.1827979710197849 -0.15326769619101949
 -0.099851979739734489 0.022759609398320644 -0.090580143391262538 0.071593978102435896 0.050640356965651612 0.10954072285479222 0.093230338972617663 -0.13580299525586459 -0.072627040921471028 -0.010076150009541939 0.075064232028216646 -0.049661988631517086 0.025407980169255901 -0.029104006526248817 0.097327540613024149 -0.19721421266217951 0.095269011360242781 0.09271420679268097 0.14555250613773332 -0.060749443591036373 0.12418612641527979 0.12235095024410841 0.086556355271289395 0.0071189733128108447 -0.079628813261260686 -0.15310821716504977
 -0.10183724455656401 -0.0011154230466506271 0.11367509622249983 -0.12283045721248076 -0.12145040176274588 0.054485343463507301 0.048430651905360798 0.058835066691375303 0.033692343437241742 -0.062563146916509493 -0.088994014900477786 -0.017972627254196683 -0.044734407173564583 -0.014116082302880861 -0.085993211026807861 0.18350956783059363 0.094531188205334585 -0.059953054537646072 -0.096835426788126289 -0.0071776682920370793 0.10707830581251662 -0.091751955475043737 -0.12872191900042224 0.034637385654080019 -0.038325134738838279 -0.047244235680008469
 -0.029016824867193754 -0.10116153991129029 0.12510854054233506 -0.016918516568990651 -0.049036362292674225 -0.051950709706633576 0.1039127214304939 0.16496379199888017 0.039359042041570709 0.03112939821786944 -0.091020586370476331 -0.025127150421245796 -0.047221128579256172 0.095711940115952951 -0.17118640237947355 -0.0760440835431309 -0.041653498171223935 0.056002847327781331 0.03247542363142019 -0.10163461311922523 -0.042878950736454431 -0.058498391659003883 -0.12491983583783903 -0.069550445177328155 0.21159088620564293 -0.058010971384073177
 0.041026422603152708 0.057840186123020595 0.022790592395963698 0.045880616615216266 -0.11748075832961755 0.06377824145014005 0.20171117083979009 0.12129046250388942 0.066711847491196075 0.097380976776738945 -0.037182090833215629 -0.17370838543102277 -0.036684991267543376 -0.037211194610215804 -0.012055000366713791 -0.0028903673116881684 0.10925846298846999 0.086505735636998052 -0.009938562086014192 -0.086900238487948311 -0.08781410973861549 -0.090689634071746641 0.14271192707261809 -0.032525486674064089 -0.03989993162976347 -0.11776357123116206
 -0.086294019946032891 -0.095942396267141933 0.096111597565262094 0.10300763129092599 -0.048457651505884242 -0.037372791174908014 0.085825648166603249 -0.12538439600960377 -0.067710959169873214 0.0043967693973093738 0.024222888233733361 -0.0067119972527401326 0.018469207920783545 -0.11318683968072075 0.036784670277101097 -0.064707885070204196 0.18560747260436586 -0.024434866202571234 0.080755123332952844 0.10677296430861581 0.035764842647276814 -0.056000887129564816 0.11832674228386206 -0.084743367779568632 0.0011427834575754533 -0.0057154265885772226
