# Created by Octave 6.2.0, Sun Sep 11 00:42:43 2022 GMT <unknown@LAPTOP-P0PV0581>
# name: Theta4
# type: matrix
# rows: 10
# columns: 16
 0.037303028985437019 -0.044995675919820184 0.36874003709754716 -0.017524685820031447 -0.059193097662246168 -0.053457616068108893 -0.062681012711769804 0.080662764683140015 -0.018852814310032689 -0.030891230977956385 0.12883060490109893 -0.089895814891974721 0.05665066276071537 -0.053358002210320561 0.1006068188010595 0.068208447850551024
 0.11697702939213118 0.029817629755072295 -0.020414395715235449 0.1405938263711673 0.029152984223200208 -0.11653289961018466 0.060610056825936579 -0.052981911403242807 -0.026372103256143288 -0.11027594376526009 0.035075342040451485 -0.0792872193058477 -0.058712778556797927 0.23939171952578006 0.17589977358967646 0.013961563328773087
 -0.17417360653313244 0.039980638547292606 -0.11466558353638341 -0.10752583767505774 -0.013394065402595063 -0.02605591233321251 0.12762253781202376 0.20644850740548157 -0.0097637634543848335 -0.071687095093392827 0.072359384168244723 -0.027906645158252058 0.065268518594545036 -0.010331986075990349 0.0027792765075292749 0.093552907755801606
 -0.0018274915166765955 -0.020047776197635994 0.099544898422839243 -0.22936301375856247 -0.20821791015682573 -0.021736340127419117 0.12899350321014363 -0.027296836620369115 0.056274164824483462 0.040558685484695225 -0.13096271652293109 -0.037796476923986251 -0.11114333877026032 0.0019917597764799451 0.062566166487483074 -0.073936142621655848
 0.084246360186357894 -0.029525181514213975 -0.025456083136625923 -0.026529008787775015 0.045286198897164148 0.1397444393960727 0.10990640315305372 0.049475397477636643 -0.093959335230590219 0.072404417956907816 0.09080390805788216 -0.05691185168756558 0.09131942997339057 -0.0025121384725384087 0.072167596089944525 -0.12649956230169179
 -0.052073551239209419 -0.0070817634905978909 0.059922973217007298 0.064992705015716787 -0.15228733225156557 0.15431978906394633 -0.025203508391009686 -0.13070931579064066 -0.23112474516256676 0.14450396299421719 -0.095109189124210458 0.083103148155008966 -0.035770358993913461 0.16256332107908303 -0.090447123472613175 -0.061171021195800937
 0.12980555675817199 -0.12846411616853215 -0.02292073993734518 -0.032121728959260992 0.30062910480794192 -0.14387931094899581 -0.1298782204716398 -0.087350559353357463 -0.036291450747811899 0.11433027270759401 -0.068797642024137795 0.11829496118210253 0.08420473622918348 -0.033880282682038229 0.026031568175863468 0.2603853362706039
 -0.092139323113744523 -0.14527805356092927 -0.021571678392973984 0.045901021147918192 0.084814316056631422 0.079253201911543725 -0.12654608517490407 0.062767408916033537 -0.00031838011031919383 0.070894895978500599 -0.12889579480408445 0.089144884426798535 0.010826845507051553 -0.047422019680977978 -0.071656468481262003 0.11007398707867483
 -0.028611980310511643 -0.061463847151133899 -0.011137683765636194 -0.063758806995040274 0.097826178286528648 -0.06678848319043261 0.13936636947497283 0.096577471389231673 0.1582015441535165 -0.15469575429510743 0.046745621662673778 -0.073516982837009651 -0.049320292586028568 -0.096597282501056397 -0.03437943549474623 -0.12369222211793023
 -0.055199031654490818 0.15320540859537179 -0.046778298277026974 0.038236514210748647 0.088822137198475593 0.020767181007837827 -0.030039399597944043 -0.16222938816437821 -0.18813843856812942 0.072159867880455308 -0.033266878957168206 -0.019673726167721801 -0.0042921726045486892 -0.081714997783260496 -0.18194696558356885 0.005268269697346107


