# Created by Octave 6.2.0, Sun Sep 11 00:42:43 2022 GMT <unknown@LAPTOP-P0PV0581>
# name: Theta3
# type: matrix
# rows: 15
# columns: 16
 -0.033225980221153036 -0.13968993278239195 -0.12208070303315366 -0.040159409302242037 -0.093610605109673922 0.08607637318892844 0.0058403959520756665 0.0078372278613574823 -0.045666575429524799 0.045092405910945876 0.073129158210619161 0.12102308349000045 0.092271770198969622 0.013592246966376684 -0.01920934047767615 0.1419514191555328
 0.0097853119246961336 0.1181451177780231 0.1199563238157059 0.080333177072452189 -0.10535425694705261 -0.056569287788658433 0.24353573972389247 -0.038537341782499339 0.03422113743812618 -0.012858515509786056 -0.092043552923619806 0.11075816737621397 -0.048724186716607776 -0.057500529493137317 0.13242588676000092 -0.062310937706061942
 0.031882475964185489 -0.013525034096968726 0.013718053613614072 0.021572094468195375 -0.078605851130533574 -0.090920299942733374 -0.11806489310834657 -0.10595071531912617 0.023070284756796147 -0.026988456237850258 0.014084859600757565 0.12042031151399744 0.15684389210609759 0.092094339348429574 -0.10424544581129734 0.0066949638116334687
 -0.084580470724761894 -0.12968830530230277 -0.035304038282744039 -0.073246746402401683 -0.12030455963254939 0.087531118616853892 -0.096885603286187255 -0.034665720567785469 -0.065623063673143203 0.093514152272901552 0.17379026177573362 -0.14940745386260626 -0.026000082225676634 -0.07747577639424226 0.13891666764667376 -0.065349161985142984
 0.019187077373236015 -0.074262875244864759 0.042307305895001875 0.0031262947570743081 -0.047502761614333047 -0.15687840489066618 -0.11599465299529618 0.027253319592292116 0.080626670868326408 0.02702726571294517 0.036782995915665459 -0.11341799989522264 0.23607489046447477 -0.054158168963468645 0.11440489995151519 0.00072041548591621739
 0.092131180197998014 0.11866772989558992 0.040324745133763204 -0.16124765814135691 0.015679519022374716 -0.11955179626506419 0.059449320564377871 0.0052549889989134142 0.075745847371516739 0.025265833834080872 0.16077529594909132 -0.041059829786486479 -0.083406790530124369 -0.017961074369691649 0.050489961669622177 -0.11152302315525749
 -0.044551197184119123 -0.044749021162441859 -0.12135185830896499 0.12970218037163875 0.069777096336480895 -0.12078244559645947 -0.014870501437307953 0.11345088230977017 -0.033055442944060293 0.17224967365013064 0.067612149099932878 -0.025206829557726906 -0.024704556403126316 -0.030424829192400263 -0.09007237101329954 -0.1007728237739582
 0.010329927557457978 0.097478543069923873 0.16820345240304099 -0.018104737000571861 -0.084112917274229135 0.082667112332116557 0.021914995081562316 -0.14690660463959768 0.0392158431565598 -0.11396778030023708 0.090347283228847483 0.095706020125721908 -0.048113852851106274 -0.0074198457314222557 -0.087195388449154407 0.12901086131963424
 -0.094375257201746499 0.13518563602153577 -0.037963777967214167 -0.092134065967624371 -0.00034818730263476633 0.11439864408799169 0.0069566708878257191 0.22591327835777081 0.045171780322539996 -0.024817235454541692 0.044456537140540278 -0.013479430473951904 0.048339058290493814 -0.10747869006681643 -0.048071201455075409 -0.067303531937427816
 0.069070750695946648 -0.0019707332129609047 -0.054216554525257636 0.16293849354215184 0.086132766204524994 -0.07188428515870883 0.10665128682709901 -0.085468338294910767 -0.016450267053131604 0.15001876568615702 -0.08288848289954738 -0.083774674646838659 0.052839651687559414 -0.022389286267147309 0.019882299516951935 -0.10703806311930963
 -0.11971570356487933 -0.014688184936496568 -0.10403537489642729 -0.073076011377051428 -0.099566981170186919 -0.073299076839222516 0.056035796856735584 0.011075500561834895 -0.057314589711028381 -0.092701117150822132 0.01799629486472749 -0.0629214815953138 -0.048634686671908574 -0.029546454032602958 -0.11826469052816545 -0.11620146162981809
 -0.034763349910167517 0.062055343480198137 0.054695130708741491 0.013900830652424801 0.096327847044901022 -0.077546609158180221 -0.068519118185066744 -0.11611713099480524 0.08288293958215949 -0.11054201291331103 -0.064541009928667709 0.074520672783996739 -0.085529863552671823 0.002884952408438455 0.032009830236024793 -0.058546271000384086
 -0.00092482749029208322 0.011152141666075357 0.13587655944096519 -0.075159947002054472 0.11311363580276097 -0.097405262671548976 0.038935433277208407 0.1169859092893412 0.1080614482076549 0.084607830853504637 -0.089503349409428584 0.023373095503725027 -0.099837012185437612 0.10381862019156703 -0.072160336012895107 0.19311242286177471
 0.028262008906804949 -0.14519871280687027 -0.11630897007564767 0.12247674630299993 -0.082171149283759029 0.04101324588281291 -0.046637771790427537 0.039728189662116178 -0.038923296405474608 -0.027613172739970174 0.089883004611496592 -0.037578067427820598 0.046822702055757441 0.12062871567552173 -0.00021922200455582651 -0.13153085772461545
 -0.072104317178584884 -0.13578688785674012 0.13075911444333915 0.15322045849134566 0.039262928311629891 -0.15510196251866804 -0.009109710752114664 -0.051799903791668885 -0.018617935398592592 -0.082558987419797961 0.08973222733416783 0.053392805266848184 -0.077569871407875426 -0.0033362979276651593 -0.14841050096101205 0.085370770600142601


