# Created by Octave 6.2.0, Sun Sep 11 14:44:03 2022 GMT <unknown@LAPTOP-P0PV0581>
# name: Theta2
# type: matrix
# rows: 55
# columns: 56
 0.068350978914968857 -0.032138048383067566 -0.052504694654304004 -0.12390244504283807 -0.03376907092503327 -0.0836006215423339 0.090553171429239493 -0.047819716473884943 -0.054400309496659874 0.060281426671939954 -0.053403312449374477 0.03655265210406685 0.12170721987476635 0.030606244247278282 -0.058688786836912477 0.024358368266894206 0.10931993378942961 -0.075305367310904106 0.1060890777549883 0.171178178401242 -0.079014150141418091 -0.078496865025581203 -0.11711083199210746 0.056552526802516205 -0.087114160028990958 0.028910238821112461 -0.056061888820216295 -0.043938451947589587 0.10405364265654952 -0.058457914560545561 0.0023661689785984988 0.093671088760778301 0.069910875642491779 -0.025011883896755453 0.076696820198467242 -0.05063582259306202 0.017775558485547828 -0.044488176927731903 -0.089613449866059125 -0.014624719414111286 -0.06368056216623591 -0.078153926431927284 0.044424559828500854 -0.028243871198787417 -0.10638385059239626 -0.051306062254682719 -0.10859266197219093 -0.053656138039235385 -0.078364178001194038 0.044734542239570609 -0.020156730374683268 -0.059394054191467448 -0.080196452844915278 0.11924013133247921 0.11780289856359348 0.11410357030544598
 0.11433147484773376 -0.059117441155841256 -0.084288845497554929 -0.065996037721176778 0.096574495174675715 -0.17900640845608767 -0.036372980447953382 -0.063105808673867669 -0.010709676686284308 -0.10451767740429631 0.084292302635264202 0.10094371668763129 0.13312274831432389 -0.049364563368309411 -0.1152638917928178 -0.071223799572585622 -0.041204669176090475 -0.013595749060589876 -0.05593995757818436 -0.12626635021126106 -0.017984186457593192 0.059642324972727388 0.077458861822540109 0.084282373834694738 -0.059464915436391805 -0.012714126463420686 0.13505207240862735 -0.11690879443989596 -0.032613768500739541 -0.031432649400372409 -0.064066315818268937 0.15594074772686622 -0.070560111810931192 0.016707122606420953 -0.098537539386054529 0.029871782877189352 0.00586301492358392 -0.041039762414764848 0.15190448118416008 0.038539799611487208 0.035664033293833393 -0.05726295996577329 0.015362881473095972 0.10633740901573954 -0.034330612001197573 -0.092489039179020516 -0.036316140374180433 0.012909972769245727 0.01382924870120999 -0.052426052404278931 0.11167724754765024 -0.054480054882773764 -0.0082660909121459961 0.10623794605264957 -0.083126472225383857 -0.077979796388858075
 -0.0038641604010045943 0.032928387525996278 -0.093112496110885845 -0.011313253409852427 0.12087857562101587 -0.087401670624330338 0.013530188873235061 -0.047522109271033432 -0.077361409129123482 0.10960246058414627 -0.010126962333860809 -0.010610529001356636 -0.098780040128445101 -0.066184294849116851 -0.049191613649632329 -0.049577607423582595 0.084681555049759452 0.035337246789549845 -0.043473074892042954 0.030653265606487685 -0.10678945488528048 -0.029885140596955479 -0.05144727217633626 -0.028237042242358127 0.031995059096694256 -0.13309624096841743 -0.026248099107205939 0.010522130139760638 0.059145077808777459 0.018492352035824444 -0.0006019253955197591 0.10530963093294955 0.0083718416567314397 0.014368201611098074 -0.10100711924276837 -0.11687659282803746 0.074115237024864458 -0.089104203614441393 0.068908479955692076 0.066313373962138128 0.0098193193928664425 0.00073858174485293962 0.085844395823796701 0.01013298807176204 0.049367997436689182 -0.073936121387826792 0.040521017785091144 0.080955128070616361 -0.049306200132624642 -0.0068153454534580129 0.010674741396813002 -0.10313946664907077 -0.080199048417585878 0.15607841470321754 -0.095587515158248718 -0.17545046323157029
 -0.040967303798705772 -0.026497917285802867 0.025008463531777089 0.018068574523823912 -0.05823481455516677 0.091017649771839376 -0.18839299049460057 0.11896304030229669 -0.12873093174846947 -0.036347132175152744 -0.0823210368990583 -0.0095112129868769116 0.1181873057480743 0.031960468131502121 -0.030020456877394869 -0.051925084692186319 -0.0042182664828740064 0.060951707147321829 -0.098909103386412775 0.020800520703802745 0.091758039100863414 0.0013625583792426159 0.069636269389229372 -0.1646689670704751 -0.084063818654828357 -0.078890639533293866 -0.019816483047342584 -0.063603460387752511 -0.044685166454886661 -0.10306653258404955 0.0024537690953032156 0.082506465315560093 -0.090115597986351756 0.021367008887058649 0.13299704596677078 0.088326707168608895 0.11325123437743904 -0.017590942161896189 0.065532411911058006 0.094011205745176227 -0.064542722203496092 0.094174514643670312 0.051617294361738293 -0.10384602061824365 0.067258218549410415 0.031810288809469484 -0.019258560822363918 0.049819914280828201 0.013035819195563627 -0.061614510984112698 -0.038734728313092076 0.10822496794120819 0.054431406741595467 -0.066386497641660908 0.061696066089462084 -0.075823171638528045
 -0.073018505200970557 -0.058577524424650876 0.0043322774230779224 -0.078276123745560852 0.024998845047487419 -0.045598759619100572 -0.075413395017451632 0.10061164020506731 -0.061492446488743316 -0.10327590170629113 -0.14757012465164882 -0.12298051808743596 -0.057475087340012977 -0.032387532777665297 -0.14245691852311651 0.01166884101132838 0.042848909306787274 -0.10685210548073547 -0.090286527622775517 0.10940329947886342 -0.10807054269659618 -0.10221007245808721 0.029162496170530926 -0.088065985620629408 0.079391161029228843 0.081501321631002654 0.01742836329702746 -0.086771157512229385 -0.048387113734270848 0.075437262315840997 0.049637315340768713 0.11357067895934679 -0.073087516559883506 -0.015852586113796922 0.073310413585613021 -0.042839125200030803 -0.10988674410322329 -0.030024106959459194 -0.084600060438677557 -0.048165112539514554 0.071662490433128959 -0.031745883793191362 -0.033655354607323558 -0.15559248041713702 -0.057901546424194247 0.0038485110199496702 0.039611899403164987 0.049220549185768625 -0.070752411909962912 -0.032412119296073724 0.024132834404756585 0.10208061195404673 0.10949888462759627 0.033865056402986024 -0.10514501494849916 0.01063607211817846
 0.06100183773026379 -0.11161282529349145 0.13768935824029407 0.06125279259111864 0.032528323431919019 0.10055724248364691 0.091215882925730352 0.042771229334850148 -0.012665248086076069 -0.11121148443523472 -0.011531068101845477 -0.082680423495190392 0.12431348606724893 -0.15130542278974599 0.10614405201821102 0.004400075707993229 0.058496625414524689 0.090146004561930199 0.035605671126657863 0.018130030622061137 -0.06212736285807801 -0.025949871295804137 0.10204508052627403 -0.01746641169943549 -0.12435026940487251 -0.047050943297474647 -0.06203048619254118 0.023470144560735751 0.043253764970882257 0.10905469968909565 -0.092662798867704774 -0.019995897940590188 0.062218196933944189 -0.03630955357170914 0.045801764942480783 0.086084142663570992 0.10871079756836007 -0.11276055291601857 0.0029617602654951609 0.044841583816137308 -0.041547729801254762 -0.030111670037106717 0.065470639463987096 -0.010990724883398478 0.19346345199357609 -0.055748272239956334 -0.00010038580358382102 -0.13589585550739658 -0.012032308243659912 0.082106244809289214 -0.11763117732127347 0.026506599454431595 0.10601626640764712 -0.019706074069870065 -0.12003029175560315 0.0077074472282368722
