# Created by Octave 6.2.0, Sun Sep 11 01:45:52 2022 GMT <unknown@LAPTOP-P0PV0581>
# name: Theta4
# type: matrix
# rows: 10
# columns: 36
 -0.10096972351599268 -0.20798513321369222 -0.0028564066833873369 -0.04846021695324039 0.11173593345973086 0.0040360721339342516 0.0041597870124640687 0.09125720013746863 0.016876454727235174 0.036954451160018539 0.17735156166123872 0.032129981463567887 0.10335621172978267 -0.12218330986643912 0.072773773075105339 0.16550916571895771 -0.12527634341226546 -0.0793754313051101 -0.073251176735350088 -0.022762613228565851 0.11835723116360047 -0.063233490389786706 0.14010219881798447 -0.087774276928440115 -0.014494971493433021 0.049013674725298995 0.079823889733620021 -0.074985002395665315 0.13845996965856244 0.074533552941699402 0.074354208168461777 -0.041958282379453829 -0.0034297714188846746 0.050718391631264431 -0.01469823293358106 -0.088661667344846776
 -0.099555131791003643 0.059448685435537753 -0.036361006159050191 -0.031018435203773634 0.086379989980378755 -0.0035941588979566544 0.072293519331390818 -0.081673487977682591 -0.049373137742188031 0.099421390990821742 0.089176499789354005 0.058322991181042769 0.029406018978854108 -0.039348137910524002 -0.13771064801128169 -0.0090960326959013717 0.08719807978537189 -0.054653102054928404 0.14359755866112653 0.027037289362744136 -0.064840969035118684 -0.043472197857702191 -0.090479316995530149 -0.14330974294391147 0.042674008007759681 0.11472789459690849 0.031889545855700162 -0.08041378270452712 0.065309050360090465 0.0019710037679080846 0.0081773222553235842 -0.10482233934007597 -0.095150057877715119 0.11012115953603996 -0.05543389608167415 -0.012774812208769389
 -0.046147264623696095 -0.096033941751240776 -0.013907107731656121 0.054617269471770515 0.049091346478931819 -0.034462769731990167 -0.090248726912103727 -0.052309259639204291 -0.13014593781162773 0.11590572811007795 -0.024396144427553224 0.015567036916600959 -0.10596176357569917 -0.091418911944238401 -0.14669260139076537 -0.035623668180815971 -0.10856302516624933 -0.12492736036575193 0.12385586392199872 -0.025737605967353906 0.032932019782618574 0.077400626275206372 -0.074424091796384262 0.016644250905929161 -0.071198730784927125 -0.05165887012972039 -0.010966072485647375 0.094603095133301077 0.013216952957889478 -0.002753136905786554 0.05481097296874958 0.23528263553829853 0.14642504583840843 0.10704179760863042 0.078560619531568107 0.064274905038044464
 -0.048431720627111499 0.12042966967057941 0.0030019681625253485 0.070554781950373013 0.070348969834673813 0.17052174266655706 0.10126832774476621 -0.057685367304301474 0.15345335912605132 0.02326463045820255 0.20162115955108478 -0.060220363315143619 -0.10568189223875017 -0.056264350960353662 -0.14520241285956634 0.091797684170663307 -0.094304591327400891 0.11972889562855836 -0.15504354282853772 -0.044851625060716126 -0.017442970177925201 -0.030592478950448813 0.010041224597000893 -0.064230079599949003 -0.07876347269406167 0.15473053685888352 0.077609574207786525 -0.075941264669727324 -0.023094153513056201 -0.010318210354892714 -0.0054741783196986648 -0.038149442907038214 0.028687932962180179 0.071137380682400359 0.20287637492527463 0.093623181728349061
 -0.033464328074811978 -0.077566713037979879 -0.13087940386126665 0.23596439383188075 0.046624445090339924 -0.0650134352401395 -0.19599443736178043 0.0064273644246467497 -0.1792157697026375 -0.047828326460522291 0.090992575265082101 -0.039843244410487942 0.10162780898962875 0.077269986754649425 -0.06520542559011315 0.016843948232105003 -0.062129982564934058 -0.029214620989214162 -0.080593164369707551 0.076111833985234509 0.034354257095579224 -0.034717911070740425 0.14968766184384866 0.15646712935075149 0.044483806642093233 0.021696004069998456 -0.067318122047031234 0.086924693391146335 0.16455657976328164 -0.093512886672520334 -0.10916405230511407 0.070203261724045743 0.037779308490466436 -0.013940499333890728 0.077574458819236997 -0.050049622261392465
 0.02040359797301675 0.11118830129039962 0.029700740546514039 0.049743845160355522 -0.15315911356091294 -0.043348027073246961 0.091099977797471005 0.066489609883930809 0.054209895285773628 0.087327093506634548 -0.02916081325565472 -0.072872319661476101 0.10370220221475536 -0.11581542108473504 0.084771841568699713 0.0054834340575087119 0.085203514646734355 0.0043332866718573098 -0.16319375493397936 -0.12447837259402358 0.10200794539235211 -0.035002590191289006 -0.038118589284122012 0.078770606060455467 -0.093053979788581251 0.029008376218178932 0.066510472750346494 0.07127345949181027 0.093727928513207492 -0.14665417896450594 -0.1114829936284872 -0.20799607656214278 0.10899343323743478 -0.079045921908569558 -0.026217992953887454 0.088454497672763463
 0.056553652015521642 -0.054691077233946069 0.026463932197311531 0.092132630728211276 -0.030798033652076184 -0.2097465677442229 -0.020935081210139355 0.068557068799676921 0.057739430157188291 -0.11038885732002068 -0.077397162857513677 0.054298921941629719 -0.05585670571956626 -0.03461657281663736 -0.18038723472825643 0.08623433363708094 -0.088864006804772785 -0.022496777044707442 0.072959132584017677 -0.063324407959021806 0.106924112392601 0.13466906008116708 -0.049454390675244389 -0.16325679686676181 0.044880910000081702 0.12988402699241461 0.10817721586491302 -0.0432346140409679 -0.082407037810544634 0.25802322613377127 0.079106372227681826 0.045674680292135041 -0.075959290568338333 -0.099528802738638358 0.013171703920406664 0.01352077721184524
 -0.073287680083536338 0.030478287372353256 -0.17034803495267276 0.053266001238554947 -0.029279136069128131 0.095303628728418577 0.17959039498781096 0.10177587040493223 -0.11363877068637104 -0.0013968733209182265 0.039709201248240907 -0.042523734879087428 -0.15168936210691528 0.071630053171080871 0.1021639798104437 -0.066420265724694894 0.047299152475108526 -0.090567119583266881 0.038271367673188665 0.054706014412768754 0.087547934114615714 0.031247534651170413 -0.11415912305167764 -0.10800921245665519 -0.1363332904609437 0.12064177748946378 -0.067379748487914948 0.1145795779874107 -0.048504243821275654 -0.14040110262039143 -0.017741393167692621 0.16921997557511462 -0.10815538483875102 -0.0022290277636257414 -0.12254779105273257 -0.11830636903331367
 -0.058156885709836265 0.034161547203601976 0.12085752535568142 -0.039998129549457577 -0.11502063446485729 0.10344212617868173 -0.068406688870785007 -0.020764344356160397 -0.14785590860762093 -0.19536971671786243 -0.13568239391412229 0.024928675618598777 0.074967476249698531 0.11507301852463658 0.18806028279328887 -0.058063110169095863 -0.00413755644761737 0.047473473222973239 -0.03972117952904896 -0.22876841597459957 0.11679466236397089 -0.0001284798159330546 -0.022676025229720315 -0.06233702294646272 0.076648356556125785 0.027425326164570916 -0.037389210236730593 0.02121785150993552 0.071270363628318761 0.020990301863873781 -0.0085730066063010296 0.0068173426468596861 0.012049861758260661 -0.019561820428422319 0.11789688824958336 0.0013799475553896009
 -0.090597119620783165 0.01148899495407707 0.091145278413732322 -0.080623431467160042 -0.059106658271079665 0.055789021155676868 0.037249214411390834 0.077407111057048325 0.0083508628264788061 -0.065151014941543337 -0.024473497674324763 -0.10374823780014802 0.098366201126917435 -0.22193360912045482 -0.13560864956523269 -0.16025863207134591 0.13716319096254473 -0.035496326109569425 -0.051599165309822212 -0.092318229942729743 -0.056659194580900275 0.017147173198173767 -0.042654753471910369 -0.020853907943662962 0.068766946255925651 0.05222790466355437 0.043285457121076037 -0.048070244637900224 -0.047441587836348928 -0.0014745803953678306 0.26728501527392384 -0.054262307501708698 0.091534106273137544 -0.062771479524427187 0.0041890662135198441 0.09712713183376033


