# Created by Octave 6.2.0, Sun Sep 11 02:05:34 2022 GMT <unknown@LAPTOP-P0PV0581>
# name: Theta2
# type: matrix
# rows: 35
# columns: 36
 0.015761810483203336 0.039330314920286803 -0.077873929668291736 -0.064507189107857257 -0.15051116817212559 -0.020884007047721791 -0.074231414578634636 0.085166131244649737 -0.10280169353373451 0.11563517210417999 -0.084192202345522549 0.21337854159652192 0.15738050975749551 -0.057748585462279713 0.061205630581075518 0.1395344079340958 0.088871881592250943 0.043576720225192191 -0.022714683382746955 -0.13588129111661187 0.12778888133352642 -0.12371310509500441 0.07725600392160821 -0.035631240812449214 0.031200690122368899 0.032597910190483921 0.075144908387006007 -0.069398747808483111 -0.0056383529634128904 -0.10260835781809037 -0.033223080691800674 -0.058994454207874046 -0.025964552043802661 0.0075162514910388865 0.15155758917802034 0.058118564712253955
 0.11861719657753043 -0.014791729223737813 0.0031115514001082947 -0.039189051048023144 0.12296727619289012 -0.00079466109166515344 -0.08687868639086406 0.13628226071764377 0.050094095074773692 -0.093208590631385452 0.092599978898293897 -0.03356618532083562 -0.11038955679442221 0.094520171850723131 -0.11970102841846135 0.07832914881338697 -0.012974687048452029 -0.036719667940732115 -0.082818222943479319 -0.0081803880230158846 0.024921833917734133 -0.095086224407540498 -0.024508222331226306 0.10292626440032661 0.069466663424425507 0.010280329025977442 0.0082775799381853369 0.036998166970291596 -0.067328852125018421 0.031992920234793734 -0.16800800320062481 -0.013326280763724434 0.094500307295233607 -0.22113182459028502 -0.075723127091008119 -0.049696364196409999
 0.062751178566703342 0.003009872758571946 0.018454864522823761 0.025042149986982284 -0.075573171732479835 0.011094697429185138 0.047625355123280894 -0.12710188896279268 0.11515684179734433 0.091625488590097587 -0.02593040539959349 -0.14066987584687621 0.047518497221716478 -0.10852697115740127 -0.02863809875737677 -0.022742488188269728 -0.047664469403963607 -0.017931449703734458 0.047041771260644065 0.054605184474025091 0.063745429847721732 0.11984672106749705 0.13056887702257589 0.0015155518775842737 0.0045541011055256252 -0.070150551195791222 -0.047812723517584657 0.11209803050022699 -0.0096028272078916149 -0.028968673144715337 -0.018913907746877241 -0.19500213802355426 0.092318370122422361 -0.051645929056740945 0.073805679686300793 -0.072388866473271085
 -0.010394823917611946 0.047655879009039205 -0.063748405504814323 -0.11886315800320021 0.034811554511326392 -0.0099713457364048168 0.02369475097178371 -0.097826246139318937 0.08818615682842243 0.13108520407849034 -0.096226943268594017 -0.031818331001705794 0.077207611723399933 0.13761340830294397 -0.051906619288959698 -0.001687189595274889 0.051524066170914415 -0.0073894073672302711 -0.053503097354158542 -0.059220538521406366 -0.091987403123802575 -0.17111987388589475 0.033960283292145656 -0.011693182570645704 0.12971186747562177 0.043422931079076729 0.048789801403230103 0.015633187529784043 -0.057071854831397095 -0.016147013197069873 -0.12441849397121692 -0.0045706040464578348 -0.076093295176112921 0.072171942475627304 0.057714205777939113 0.068989631866855639
 -0.091725607148642085 0.046667072714660293 0.075466857887702729 -0.099154931617469647 -0.090296201526727224 -0.11353352657702857 -0.17693998096415009 0.071817582038318478 0.008227487028305093 0.048822988477084682 -0.0007716023903561114 -0.069037804284097573 -0.05120747832528208 -0.051080039389038483 -0.0041125717386818897 0.02470579284899695 -0.092434080056626178 -0.036143508259283738 -0.023465922849839681 -0.031841074595460178 0.17533605264023749 0.12700900474858742 -0.020283965828183727 -0.06211150628052696 0.15657764870048377 -0.016553751402213237 -0.08502673499052095 -0.13196044274012947 0.035389163786988552 -0.08112069275073952 0.094856774320298071 -0.050035161045524322 0.12292516153943178 -0.026953161014610427 -0.017561986944254055 0.00066997792716999593
 -0.0045494410205681058 -0.041003554068225923 -0.016298683814241606 -0.009505617524374706 0.0047956330390138942 0.034252498556208225 -0.029193454035520195 0.062356719079029899 -0.033523013191711228 0.015057247464485108 -0.10524843720704888 -0.060352423072690425 -0.1225567232689307 0.0016746564804884236 0.10371237707646108 0.02431728955708826 0.089027925421900536 -0.02077406689438191 -0.089653156341862064 -0.14109660921436842 -0.12063142403208164 -0.10981508892735543 -0.025831215466708683 -0.0392801010490305 -0.010032307367202299 -0.034426828025094648 0.032472791997505079 -0.068264509288253575 -0.11478181636487289 0.10442455446165029 -0.064020067821118617 0.070970478167738882 -0.106121670774348 0.087492088172832064 -0.080245574823136087 -0.07485616027173625
 -0.063983313747561013 -0.062398386860269647 0.088709595829001162 0.022284706745174028 -0.12891357849356566 -0.090881655428024719 0.054971317700948354 0.1055333943895877 0.096047677963481404 -0.20237806285430229 -0.094503672023551172 -0.072433301651088203 0.0057640287822266125 0.10357644024963979 -0.029217738533870486 0.14288258235083504 -0.060073811962157921 -0.073945664304726849 0.080179448489694216 -0.084000732955192128 -0.03867329925642761 0.10682743052292855 0.087222361837998363 -0.15265744557242231 -0.0028198259709983618 0.028145318011618004 0.061111843550047444 0.17206101556278994 -0.099449877773503184 0.13997379005527558 -0.073421606661555269 0.10881086422752566 -0.056107471982296271 -0.05349343171082982 0.014105038410942029 0.10632930612726026
 0.11011126573714561 0.051382100573109948 -0.033132867013795815 0.035601070066126769 0.13600116400445852 -0.00087013676354463299 0.0092676621096628876 -0.055572532390347991 0.0029219899248009704 0.11114626002091113 0.040730970053022474 -0.011825417021054111 0.1060922457137725 -0.059751359825879299 0.10657057506382074 -0.14503022337568544 0.049031164370670753 -0.052430181396928871 0.11300993792024341 -0.052501478111171229 0.041632478107717939 -0.13873879421107776 0.022116587552554866 -0.11071607451941197 -0.16350098363177476 0.040602053094979475 -0.0016652268922262685 -0.069419040329647866 0.071013936172783593 -0.12023784399727075 0.074769256330379813 -0.16082877004036322 0.056247597607448643 -0.062697305021238853 0.017591659682240881 0.050266527357292964
 -0.096682261318872753 -0.0048695921768788612 -0.10445351577899015 -0.090853669555147273 -0.053987363027131884 0.098117840450200361 -0.0062318990153086848 -0.0044415151688862098 -0.0048697082901679256 -0.13765743869188476 0.016597036622178887 -0.049331475138046491 0.065806612050366572 -0.15787355089655214 0.021556693741495794 -0.036768558495595099 -0.069730113085966869 0.10990231749232367 0.090227352524400783 -0.10312141015672484 0.037279220171702099 -0.078091025212152221 0.044327797150509239 0.022068462679637597 -0.028896577157282676 0.14171765709787904 0.086080597604044545 0.13968073992225097 -0.058117683642470441 -0.090360923989574612 0.010599108481021512 -0.084546198178803489 -0.13962542397595626 0.055713376630137652 -0.057006438568664469 -0.073506439512433824
 0.096383270914821115 0.014154922401505541 0.14098075021855527 -0.056049999755641219 0.05748628858956413 -0.023023306884441916 -0.066241917400695821 0.11793371804209446 -0.074621834904755463 -0.067017124433938896 -0.052431784974802984 -0.15233293179602458 -0.05855484622504125 0.1207552615065608 0.076493127101006239 -0.017341909463372395 0.11279694710448843 -0.02734477164396909 -0.0050806933643721408 -0.040558260685256101 0.11971523653147959 0.19968262076534327 0.092003156302985778 -0.070441271979019837 -0.035219809858608321 -0.083891073614234285 0.014257606248865802 0.10890401530746174 -0.013545973139479372 -0.0079312328076865564 0.0047474764908870893 0.12656540249905082 -0.20051912449581871 -0.111898447808416 -0.014115599304007399 0.049228751285635558
