# Created by Octave 6.2.0, Sun Sep 11 15:19:08 2022 GMT <unknown@LAPTOP-P0PV0581>
# name: Theta3
# type: matrix
# rows: 45
# columns: 46
 0.075104223655597338 -0.071943941234595077 0.098877600241803143 0.010934970693685939 0.013065219433876878 0.048954316049230673 -0.023287042490679418 -0.01117306378296346 0.030652845347046709 0.051597351447873148 0.0086034520022063021 -0.11394535199486724 0.038730324743377537 -0.055990019545243387 -0.077359005294285924 0.054993075269147131 0.1689375739852981 -0.0012628009791631777 -0.057456289812229153 -0.00020221649466148516 0.012908326291795676 0.02829341527127691 -0.04612190194344299 0.11500072132561558 0.030057928958286798 0.050465476576686374 0.023442825783654621 0.066613029975085905 -0.13530085791515362 0.1270770062605267 -0.029100528727554649 0.088339249233219744 -0.023001804003667071 -0.1414020811235209 -0.011063207099285285 0.011803765749707564 0.037006120951400552 0.044256440912489321 0.095178304995697932 0.0076246253166409022 0.093404137834879386 0.022668014301938069 0.051428559692859574 -0.011918432206383705 0.0075542395795517902 0.12796933053085016
 0.068548644523804464 -0.0077713726683468556 0.076279505920373192 -0.12549800148830434 -0.1807342437860259 -0.11020984190838953 -0.072884801845627289 -0.0047894092138841635 -0.049544778538101603 -0.12387483167328986 0.067218429050965048 0.057274177264309521 -0.083612507123820956 -0.030358205710247558 0.067912618230223251 -0.093957487088492012 -0.14281664433968214 0.058370461746581795 0.066276331526618409 -0.084345217659517455 -0.047959618643030812 -0.0021736279432667742 -0.11608167003994585 -0.12819706780653367 0.05863127798501043 -0.0045674898669014457 -0.12156676390273786 0.066376818635180357 0.019653842658274648 0.068384082270584026 -0.0096983539626733957 -0.067048520493456831 -0.17245169381558084 0.054161874889132988 0.038637116165110029 0.045651666941686903 -0.0081584580385371096 0.038065635864010586 -0.11677823143879199 -0.07509148486018935 -0.066243499235625544 -0.018622525470252057 -0.045624999892075975 0.030492576880894361 0.021375822889534074 0.050649794398215216
 -0.097602633504032657 0.053715073139340867 0.051137218254097602 -0.076925030161396707 0.028983666163660729 0.085949762502562213 0.092497127481937669 0.016340701679977417 0.034943520559609524 0.019345286250664669 -0.062127023059974085 -0.092782562272641603 -0.10731601854321979 -0.085351573165775796 0.015260847016779176 -0.0078958508172305101 0.096494987574898966 -0.11087045455605554 -0.11432875741563994 -0.012669784110382123 -0.055048122148931136 -0.12341430472280618 0.036612949412640615 0.02544038791631326 0.093470100391536151 0.090738759263602406 0.093089775322774057 -0.15193782224999247 0.095078632305980335 -0.059566038077399137 0.022306122072502956 0.087918217665756887 -0.076016185588103649 0.052551898660481815 -0.078019001961961112 0.12266291554296124 -0.10030412926076276 -0.01440951403417637 0.084382891421456038 0.0116500925167382 0.056256082742081361 0.021102338486864158 -0.043771481601064671 0.023330808025545064 -0.019709894281594923 0.031646874035359776
 -0.089451267325878839 0.15443711344454786 -0.089198971134608451 -0.08984579619129883 -0.082267035093476826 -0.091869965888415839 0.090024185990513372 0.075592430630070165 0.046074248844237407 0.12736356777730781 0.12330567833477221 -0.024330564888355156 0.091286883504956812 -0.097867355948230594 0.055695660910776615 -0.051548961010434928 0.02019561409077502 -0.076785541120023879 -0.019972270416248994 -0.048446689499424794 -0.1144296733306099 -0.10624561514816319 -0.049482305547202302 0.078888215807076931 -0.067202847280474917 0.01938061107242179 -0.077817742691212569 -0.050346681921356017 0.059468370767243255 -0.11034370767338476 -0.10677331434981796 0.0081810758118170662 -0.012352699770163974 0.054371902108823714 -0.013013765967100225 -0.091481854587682751 -0.079729105526133479 -0.10503964242674349 -0.091096943714328069 0.11587178587748925 -0.010461544089225212 0.080530983258404146 0.011605155690498185 -0.11797212483241332 0.022488658303677894 0.12421526451508762
 -0.11159214206503516 0.030742389472878308 0.04775212282865357 -0.063570955095596612 -0.087024538890275741 0.04281821476692884 -0.11181136035132029 -0.053512847515498042 -0.081857871488480838 -0.13331763379469144 -0.097354600984071463 0.062524777684905039 0.026922394625846956 0.001067133393489861 -0.040465545112851477 0.035302374296146168 -0.06415671865453286 0.065833881742862893 -0.076592333176538158 0.096634249444845582 -0.11674962077410182 -0.066975547381509806 -0.021641577847369309 0.061968071567532035 -0.00066784541890245312 -0.032055055808147742 -0.10949928066543081 0.016930686042495317 0.14044282689172441 0.0026466070533325645 -0.082292386436527948 -0.094685222628068236 -0.14540554785346066 -0.071548409530327498 0.01603078438345 -0.04411679941982221 0.024214020372141605 -0.03261449762388105 -0.054728125616252239 0.016846024507079154 -0.11854768015675586 -0.096730570343558267 0.031516999171751853 0.023116203937309149 -0.0083595304932527759 0.016798048249620338
 0.076177453087891617 0.009284933525141939 0.060214427772243381 -0.10263431009346285 -0.049692782605959322 -0.052954964529144943 0.012899069972684288 0.044665778532000766 0.070631306261564775 -0.035293098110242657 0.0076546743971520788 -0.11775465904001942 0.057470890240823337 -0.023556971867663142 -0.04415925817621473 0.043785466187488721 0.041997903138971511 0.11843880199985492 -0.088388235609078006 0.053817478661699281 0.013346143419849051 -0.074086138096701157 0.060611483268597117 -0.034164018283411167 0.097710881588579032 0.019701382109227322 -0.025398659391586555 -0.069511360545751924 0.081315854683299368 0.0055073931486646389 -0.082041014617245778 0.073198801456803575 0.021181122036661469 -0.036813383261759265 -0.14067254328037176 -0.0065118947814320144 -0.12949691725593115 0.04911459358249505 0.11392223620905306 -0.063424704859570621 0.084339768981211316 -0.045922809579790197 -0.073730556697851446 -0.045979969236021129 0.026193129000946509 -0.11230535722396269
 -0.11793966371077939 -0.13280281057543944 0.053165474409418823 -0.054241881960418709 0.031887884327156994 0.14802299040534389 0.076848070788632594 -0.08445036156375213 0.011728055808092769 0.033458262605952541 0.011458815070733082 -0.10850863848823439 0.021070554919604269 0.091668599988547317 -0.090535887659085754 -0.087897961442469016 -0.016806190064945707 0.097258174654382121 0.034584362293760225 0.023607718049245104 0.071250164250183698 0.10961305023354183 -0.027474626163539972 -0.039844007554554389 0.0069338250324341797 -0.10019039073558053 0.18428036037768192 -0.0021789323736714364 0.056286534155176475 0.023772693172763704 -0.10351356743858542 0.099963601520368164 -0.10474330150034102 -0.04337068608488414 0.16056602887851598 -0.1056610225898069 -0.04287281696173742 -0.10493277825749911 -0.0022679724291239834 -0.12259034377367353 -0.032367154664999606 -0.074869286441550859 -0.13032785879304556 -0.063520986591253367 0.051092181074338855 0.035550126663704426
 0.10562673501745272 0.059523948970314461 0.08430883541988933 -0.027375805973983577 -0.085641763012055019 0.048082648764718898 0.063990601043312084 -0.083602922800599042 0.05448013664011115 0.086560353376073457 0.053068485686074279 0.12733644299842023 0.060599454082525914 -0.17350078303572952 0.040442529729369632 0.13986813837519366 -0.087773440341708434 -0.11744519220214977 -0.043078716592712639 -0.044341862807284263 0.040961896127285014 -0.084039204393493286 -0.033625350756967709 -0.057516630966980314 0.029855453503985115 -0.013969946417118573 0.11934779913524028 -0.093075976150806067 0.048013201339725226 -0.052208526295934497 -0.0068075162864772616 -0.0083585641254474725 0.073593015736296591 -0.059651187131298952 0.070560035068637381 -0.0056007764257933433 0.020338999799794723 -0.093588491201546761 -0.022673052731179071 -0.00056117178289549503 9.5431815719552874e-05 0.035435542139375373 0.0319704946778561 -0.060384700148214517 -0.076175058961613265 -0.06394527682000517
