# Created by Octave 6.2.0, Sun Sep 11 01:59:34 2022 GMT <unknown@LAPTOP-P0PV0581>
# name: Theta2
# type: matrix
# rows: 15
# columns: 16
 0.039451217550175929 0.047268383588701363 0.13273349873724075 -0.039288957202722394 -0.10490236057847133 -0.041017012362160668 0.069297160336482866 -0.048421235838333729 -0.011870184602290028 0.018942867425985714 -0.063121003326795988 0.090807735399001444 -0.08710221687136574 0.1780670071268203 -0.022173820874185686 0.092232872226372623
 -0.094746194337555961 0.11088057424337647 -0.028552436863903314 0.01233697527182836 0.10012780742753924 -0.18411127255551957 -0.17486244735774423 0.11019673402598719 -0.086140471974709948 -0.035789327715210803 0.014950132518809649 0.067121728131892114 -0.085101699362753136 0.012077794481404478 0.040380932939124647 0.043145209388503844
 -0.044067337686095928 0.081630630674161347 -0.10346096865840179 0.043783069920307421 -0.035578262194283027 -0.053899503474883044 -0.10433549014761279 -0.10847596290918769 -0.028286653922658646 -0.017776480981537265 -0.094480665671252739 -0.036209274812506756 -0.02755798049140562 -0.11043111310176848 -0.096609487404554009 -0.056694822885487071
 0.062626327142085006 0.083489419018772423 0.09107822380363266 -0.0361676006798239 -0.0069610332444481242 0.26947974520132456 0.025558496446456868 0.043678442114386908 0.10685440549343249 -0.014624043378214829 0.058925446075432167 -0.081054497712975598 -0.10587963350263555 -0.057231572486452546 0.07634620602909209 -0.061885374425552392
 0.024427426105661714 -0.058079056714228097 -0.11988272289395772 0.0031752804839918522 0.044520535512171201 0.1664823850896413 -0.11492312710918291 0.087966086878635566 -0.052824346598518021 -0.12986826449327465 -0.061351408835675331 -0.1616408077529739 -0.032148293430229111 0.038538257902431143 0.063386154820365637 0.11375953819498126
 0.11464759690848354 -0.0053905965024673395 -0.083412996720789459 0.0335999723393249 0.052493391931583873 0.070293656741272179 0.13802584015387473 0.055912547009308582 -0.064724150654195164 0.17702308061304803 0.14750094817532033 -0.00088878098605384094 0.034230735339095465 -0.0062776970253640031 0.11476491426854724 -0.176778108408363
 -0.057463773261982591 -0.0448083524818906 0.1197933481535224 -0.029063540551777432 0.18050397693095532 0.067695700245581414 -0.07721100499460018 0.13067191661965838 0.031375837481615182 -0.051475133454047521 0.019067337572829662 0.009270397488729187 0.02683233560740628 -0.010680535727274022 0.047668645714771807 0.074429161897268684
 -0.04660491391236507 -0.0041231674229521079 0.20021054755924939 0.14628231943728529 0.055140622606861714 0.0284464766628349 0.092954913593320143 0.026461259826557445 0.098576469632224772 0.11151065348965782 0.097414245681851572 0.1062875283575207 -0.089313289275743293 -0.10317251873688353 0.085881060944440091 0.061852094945572762
 -0.1109011206266949 -0.094811142130686782 0.20434176071701307 0.13860604926364434 -0.020454056253254041 0.0075446599532251694 -0.014816067478128588 -0.043192381257925773 -0.063632989574218229 0.045705164965573093 -0.094891832942315679 -0.016449762702163168 0.1595300196772787 0.038282507405815125 -0.034278952503015943 -0.019938816927126273
 0.057000196124997758 0.025571300449160905 0.039193827373497164 0.056290222019699798 0.038285746782938494 -0.030861775836438256 -0.047691806936786756 -0.088792031666667645 -0.023721693774147234 -0.077969696854078466 -0.095538259767682321 -0.0085231048845519092 0.05844687779021087 -0.045995517766801483 0.20286416375930666 0.22680362736667312
 -0.0046798053596169365 0.11749170081116539 -0.047416285761629061 0.0016832474787500651 -0.10502458185907797 -0.072346482286125946 -0.02783680285972354 0.027069482871893619 -0.0094154880538950617 0.021320317526046493 -0.099566744158856274 0.049797590813055785 -0.067162436018693331 0.12004087465389432 -0.0015203345668567511 0.081198913369551207
 0.011403387510169173 0.088653585734480789 -0.077629762372173436 -0.092527321951808197 0.015561783984019906 0.037902425178573097 -0.021038388561486234 -0.04928197285456979 0.020200671046525932 -0.020638867847118821 -0.015101636307241612 -0.10985539500104025 -0.00053725975646505227 -0.046808932578797105 0.058097879200762439 -0.061241088144465924
 -0.106789352323634 -0.0033359604002577868 -0.087367743907543233 0.15980489317763177 0.11384654387439046 0.17580124890705703 -0.17540634814429015 -0.0045368126658220575 -0.070768176041140024 -0.13435905004769422 -0.066726998000321072 0.10121201053226821 0.012827915199697146 0.099741825544033907 0.019676338000045285 0.072221313880529908
 -0.010548715545645961 -0.074589569494821331 0.075088845131246598 -0.10569823691076417 0.045814907671346432 0.02296406945810938 -0.086771838435910728 0.17340593612320171 0.032969454814562905 0.034694985958532022 0.060869352967208037 0.06345824524421613 0.20052225075823396 0.01777203386786801 0.031710304060692716 0.12936058060371997
 -0.017122517982400678 0.074028489866268518 -0.027420610937726051 -0.085601240357316019 -0.10465166595875081 -0.095596504498021262 -0.07175840310432044 -0.075522881663259642 -0.074005377554309498 -0.069154681783985053 -0.053988547233624451 0.054147460879418366 -0.067694282032303585 -0.0088035774753783755 -0.010799852340032267 -0.11042847571824821


