# Created by Octave 6.2.0, Sun Sep 11 02:05:34 2022 GMT <unknown@LAPTOP-P0PV0581>
# name: Theta3
# type: matrix
# rows: 35
# columns: 36
 -0.03078854621156308 0.031914978355417331 -0.095608533990541283 -0.02169345861729426 -0.084307666888341098 0.023656192007861405 -0.045880795134859209 -0.098335601222210176 -0.083412734916085196 -0.078230010736085029 -0.076915876369969299 -0.092215024900365136 -0.03182521809937322 0.030857420553947353 -0.11698133476613275 0.060530555918296189 -0.09113372354938773 -0.046674060779581653 0.11144398991204657 -0.14157945288557428 0.054346597207534014 -0.0733731258912282 0.071850313707863073 -0.00062617536579619062 -0.085656308614003432 0.1204152675318802 0.070953829055532505 0.103689802997652 -0.023591667763103463 -0.2077064093728492 0.034887951171277229 -0.12206690852985645 0.035338688119956919 -0.12877042515223272 -0.0017360488348534125 0.1406997758144512
 -0.10075909814095728 -0.096351479930783399 0.079847706659533613 -0.050144056643057607 0.07527282490391568 0.069823105043929731 -0.10078460879324759 0.20248037608493477 0.041189722937669072 -0.095747941782566223 -0.023640829192924234 -0.079630035985591485 -0.030727672004621284 -0.072720411306817501 -0.066136966577986608 0.076409142532960508 0.14113186480536494 0.12985239541392143 -0.019324989190797833 -0.0074513429034504678 0.01915235353736729 0.12579890330442361 -0.025232334204741854 -0.013474532789570301 0.10171084332078902 -0.055214119587876108 -0.1254294792982403 -0.054805970278107373 -0.018741009687464116 -0.065176060400444505 0.047730075266030139 -0.034147168842093178 0.064378480665460716 -0.0026959379082628671 -0.013627116990725812 -0.14328980547609449
 -0.036353704369849478 0.086862785432488057 0.024982209647249311 -0.0016628084782335836 0.027503590293963813 0.045838899297247514 0.07344427396754355 -0.16083179876498616 -0.11847946829400423 -0.01794830961607656 -0.016591568774897602 -0.10876493012655056 -0.042346589932827763 -0.007132356104507089 0.018634027617803937 -0.11619092090625595 0.016774244823628544 -0.028976938559924042 0.046021608091450818 -0.077751310374681762 -0.065448810758918383 -0.056067373797790726 0.038460227613731586 0.16958971596481917 0.018353751981110767 0.090729942164719274 0.015195029217489442 -0.013418848861450143 0.13844178370458005 -0.12707351575252751 0.0022205226814054919 -0.0098257002927783534 -0.12492806352117632 0.037495956748249022 0.22918674346631651 -0.0072983169743883313
 -0.083673750626336488 0.097624658691147198 -0.12348977485815234 -0.15069732288707091 0.16303237536344678 -0.079901521512707185 -0.024777009003071591 -0.059966632450551401 -0.021801509216073583 -0.097068545445337551 -0.067067884039248696 0.018246332308828394 -0.12010276495409686 0.035189360078162348 -0.039712771450344617 0.093826730352532986 0.11047657701122211 -0.072306756647042059 -0.060084826832509 0.031101253255946086 0.096132586637685383 0.0053884247921056139 -0.1311097341965641 0.040747484568177429 -0.031493182459798152 0.062216633171492335 -0.098802030774668884 0.042279239150984346 -0.1231192777525015 -0.15138086785666924 -0.059897574793359602 0.0083000637879123585 -0.075659778564078323 0.03306528053074255 -0.047271297498713352 0.061548069407154252
 -0.11066843928756344 -0.10835443090250529 0.053278699354655124 -0.069569106870445235 -0.059577258674482582 0.018228772896213011 -0.10987324085862203 -0.045405635499354051 0.064695851965714049 -0.054507178890172599 -0.013594109451861833 0.056349984161185328 0.045030815533520306 -0.024679716405037477 -0.12489092191897952 -0.060288643767518704 0.060957986172004985 -0.050021192583128767 -0.030416773669688559 -0.093252129512473345 0.0014065890291746856 -0.068750923980883408 0.024511058765022641 -0.10288005726144661 -0.078978192825061813 -0.023635428880361339 -0.0030043934313050053 0.095472568487438167 -0.04407930467777902 -0.10867050938787755 0.037042117782849444 0.034016424453062348 -0.093465488888224826 -0.019523889962333733 -0.12603287866248863 0.017976108246285451
 -0.054396601677648447 -0.044249602157266657 0.053619826364093098 -0.076333767280303791 0.1015597252671622 -0.045184634863012385 -0.019335417409983131 0.14531400926463495 -0.053976457648033431 -0.08397307200159207 0.039586093885649987 -0.047796416792894793 0.041699137006859774 0.02948130987656895 -0.072398791407755181 0.15837530123705054 0.071488985925017179 -0.11954721241505731 0.037176826607772724 0.028724513346423758 0.012958198001510674 -0.019884212742738921 -0.0044814476420541273 0.10552688599358588 0.084310367057381388 0.0070836442194265291 -0.010529163186083509 -0.031613555837854204 0.02637555870075986 0.044225269850297719 0.097619702874534101 -0.012494154767306824 0.081044708707401242 -0.11321740286949947 -0.050598238698284267 0.0086512883080146798
 0.10857634391318273 0.083148153683448814 0.040546525591983074 -0.026167742273478359 -0.14583405246959219 0.16514158740470508 0.069584215558004106 0.035111642030056171 -0.051295286000462841 0.06393035777763563 0.096238829757943511 0.050846840443746717 0.0780282363540689 0.12037386200130058 -0.025533096701404853 -0.09117209368189419 0.012667456285306789 -0.081183161729641892 -0.090787702273569068 0.1326123927939386 -0.073430765977740883 -0.065431073803998235 0.07157326460748005 0.11779544565014097 -0.11633932692656102 -0.030625277579313222 0.076543769269465933 -0.11309312820119904 -0.012364274383276152 0.0016488323409953366 -0.0003278839644373626 0.057155153783767711 0.038293801488141939 -0.0074239821285344331 -0.041050327154271482 -0.1328382509923767
 -0.10322429672863839 -0.032038251301380272 0.043505450458817721 -0.041701265492406478 0.028168374261040206 0.055571578167825812 0.05229049750488033 0.00028153499958600718 0.21679815552360659 0.11723375585587228 -0.077034918609451039 0.052845058988568026 -0.020736349518619458 -0.11071696393485296 -0.018569756523503466 -0.11268472897332511 -0.047995094655587635 0.045452210364407608 0.025334478289375989 0.11133044753596461 -0.015932448983832729 -0.068081652239657245 -0.088784378448175549 -0.00026183005301760865 -0.056359221765926837 0.12943290013303585 0.0091738384782786946 -0.033480914796643717 -0.044161470452284343 -0.13425846513344261 -0.10726022333772477 -0.036176712476562845 0.13935294726106037 0.015624030118589934 0.018484290627052122 0.05989531948116409
 -0.028282255607576565 -0.057749307156987902 -0.042997588184257196 0.13295875182640945 -0.016386004168428784 -0.064708910604612369 -0.089718660698598754 -0.10892625955615581 -0.025747569663894337 0.031995542056160599 -0.00044483485598165119 -0.10620718084670694 0.082394294456069911 -0.0027223136916476698 -0.072092726116865638 0.048008766388323881 -0.077392293818122349 0.023835813279472977 0.10535740447995808 0.0080695474424357372 -0.07837054500822381 0.001097101031764792 -0.040346123904270455 -0.046386413305937381 -0.062968930242314203 -0.097572228427292823 -0.094675109527921755 -0.0734734022898271 0.13549407571034877 -0.050765972954647978 0.066998790092583069 0.084188995850747905 0.042774763612485486 -0.092644895696332316 0.035319200704990582 -0.017857553100805574
 -0.096111354864901244 0.065073551815931913 0.023672121503110106 0.025042468287405174 -0.067109612428520996 -0.059625322615669649 0.11060284499525259 -0.023738705199858171 -0.016051527580217679 0.010000633126931838 0.027646010596863897 0.081741524810262159 -0.088759311960748238 -0.041521421631831514 0.0011369785237492339 -0.10377644320026942 0.031724059568408659 0.09808837834303788 0.12532703387257879 -0.022613918708225478 -0.070641783593687127 0.011694668219828916 -0.086472831291628194 0.047471095710617341 0.067843564887885899 -0.12418089382325527 -0.09023442502139517 0.12069017760722645 -0.090306568706235546 -0.14281018079673807 -0.016069139008134555 0.051419626533074907 0.10801149050475478 -0.11871466080164539 0.023414578545744389 -0.040362477157797651
