# Created by Octave 6.2.0, Sun Sep 11 01:28:16 2022 GMT <unknown@LAPTOP-P0PV0581>
# name: Theta3
# type: matrix
# rows: 15
# columns: 16
 0.099296162584148612 -0.022890988116247745 0.014515058086726785 0.13615987289380152 0.025626402275801059 0.068199119133625294 -0.061127492522977028 -0.01097490505479024 0.042113847843150941 -0.013621279965418653 0.10186887233042644 0.13233281945446707 -0.094646358060284361 -0.096086193695320885 -0.1461934555547369 0.049704438615541982
 -0.068925667071530181 0.038456930320254379 -0.056816960610073443 0.087711039452306017 -0.08194048331626326 0.017165435863720106 0.10821998324455188 0.041558005160233384 0.02512633927018354 -0.17494937253483525 -0.03155936966262355 -0.0074846628144609574 -0.075069005368024758 0.23169527341441662 -0.14571168483707198 -0.15908817993701146
 0.068897363656574173 0.090606559853410554 -0.10739797011586034 -0.010968046378704558 -0.081953844913349519 -0.16354024508317816 0.054058633840645645 0.085739956666763914 0.045985187963454945 -0.044690930908982129 -0.15129302916763313 0.10638948689914754 0.097318129455065586 0.11547627452116482 0.0037167436701110337 0.12366445690632889
 0.11455728849108508 -0.091183187450235903 -0.14187768534325523 -0.21993630975199474 -0.068242254619507378 0.15913284486633555 -0.030641644159435218 0.033155340597631679 -0.00042707786732401701 -0.036502032242661443 -0.07929119925260078 -0.075230756460644643 -0.11173009344223805 -0.024159190903057903 -0.070932010324404091 -0.032969368970877384
 0.034722449488603431 -0.11404893743527149 -0.061241289155483741 -0.028295399352812563 0.042583509878215367 -0.059388462583064329 -0.076894432346027164 -0.12262331928011345 -0.080754116390482272 -0.041391962222529007 -0.084200274642926953 0.02953508059608961 -0.06659996810546695 0.011227895856437973 -0.05124242555363475 -0.013280070408957413
 0.089964642942962497 -0.1136602528147686 -0.049029862320587474 0.053460448540770505 -0.22492038274652429 0.098113868634392934 -0.11586967747047854 0.10016543387330301 -0.055164890903398246 0.074641957837579681 -0.08881226099138019 -0.24356539644863362 0.041324871996979505 -0.12202293165950939 0.024172721292007635 0.023017929381202337
 0.09598373814737457 0.012593256990977032 -0.11332929819567697 -0.053507904333056577 -0.040449565022783608 0.17170901599424626 -0.056969024209532163 -0.16568440793260544 0.078010495882795766 -0.13064360994304033 -0.090849378491975039 0.048085087679232169 0.0088123898953300604 -0.067926271300707095 0.08828811085391608 0.068887541520579507
 -0.057599195489732226 0.048739082740720176 2.7118318101940466e-05 0.10216427647376707 -0.11931922672520474 0.010999932021554254 0.15082826412710498 -0.10893283090829164 0.040041328363495839 0.080019784939777114 0.23684779538402309 -0.042719041202242417 0.12222980824803098 -0.12474780882893277 -0.10650439349144623 -0.086792191523709483
 0.0047343864177954963 0.21775602759622409 -0.079273216403990723 0.0013310645298938687 0.054807816556498162 0.21368735648436718 0.16777348201241113 -0.098616731838089347 0.10171313165229222 0.069934103050500532 -0.20297598093032149 0.058950669964826098 -0.090518066911678477 0.087221834488019068 0.026125559856292727 -0.025514190920792903
 -0.022010229365278328 -0.14636438985765801 -0.039875016182911074 0.037828141489985291 0.042748015424179719 0.035401582167860844 -0.17364042226724138 0.067982115763489448 -0.26654238454439183 -0.081585133019594636 0.0075870903554480455 -0.042225364070659181 0.079812084499715483 0.075927322566708144 0.002342857982539357 0.10537668302006595
 0.12232156442209852 -0.16802197280361977 -0.094322535874958521 0.11316488056332696 0.011983713471556721 0.12830248310888864 -0.18510500064557753 0.070569785551294034 0.1417058126004748 0.096579489187172102 -0.0038130359235269977 0.050918992738024152 0.061572663263592273 -0.0018973075886334681 -0.10012679661835572 -0.23124726284314473
 0.12145419742958682 -0.055356096931540748 -0.04524254067580416 0.039904500889414024 0.039748680094202953 -0.035885954591072175 -0.1728300039239935 -0.15741850425652054 -0.10988654939242766 0.043086083565335102 -0.073405422323124289 -0.16248454353217909 0.098434432037768207 0.11459942522109562 0.18268735087585752 0.093346826888244111
 0.039498770658774475 0.062553176759989768 -0.10639960659035706 -0.071318487557849294 0.037885837633244504 -0.0084346132265600438 -0.11780623211326069 -0.019819820995831221 0.01618974423267279 -0.024024445404519524 0.020669981510946206 -0.035580398423506424 -0.06918833879313753 0.0093776801931517353 -0.067916934643688379 -0.082072261586597403
 0.022715284268710775 -0.012099950222393087 -0.085765291900780735 -0.0087755124408148161 0.095301319900079756 -0.0096164136709030162 0.030798471590070417 -0.044949952590055228 0.11941351891271694 0.19567659635807008 0.18775435217212219 0.021551558256376058 0.046324289463466381 -0.0012436354340288637 0.18681690569437329 -0.019302070569644988
 -0.048647085661083486 0.010038528346327397 0.077655187156395925 0.14663559398666176 0.19449197052799938 0.15066688343573889 0.063262423969483228 0.060039897366775549 0.14175504728695193 -0.027592809382615966 0.057277111904584989 -0.0083666150921223419 -0.205398532694583 -0.15258562773095471 0.070410184641989157 -0.14070519648556826


