# Created by Octave 6.2.0, Sun Sep 11 15:19:58 2022 GMT <unknown@LAPTOP-P0PV0581>
# name: Theta4
# type: matrix
# rows: 10
# columns: 56
 -0.009766303580098069 -0.16172066139029354 -0.050865091713320681 0.048394863151735724 0.17227401718231219 0.098629260547408476 0.092641465351468194 -0.12067348402027793 0.10695601779667298 0.17286910920387152 0.012821188725928858 -0.043622522451405403 -0.15267319715888492 0.20481866960138989 0.043081263280272418 0.047985208770665394 0.1745181507704128 0.16606470739418674 -0.16103086243181955 -0.23308665235866594 0.10606495199137767 -0.040128805172537592 0.29658306996558986 0.091233392075582218 -0.081219176776163846 0.15503671633658367 0.060549603893361489 0.026369142149113366 0.015949372001971825 0.034941785897629182 0.033551755694306802 -0.017117453620702067 0.039782973907809362 -0.052656426607188174 -0.017509491501695777 -0.085000609471762315 -0.073836280412852021 0.018314623122718244 0.022052868234261492 0.10238149512404567 0.029850150706305135 -0.0069903664873985794 0.012660557116849458 -0.12128567166263052 -0.044106297461738893 -0.22171344788417219 -0.06397157325674116 0.14131618394664067 0.033242727034460344 -0.11945537266807932 0.12146930517502462 -0.07526742982691105 -0.0056929658369315921 0.078901742325361346 -0.13121592398590212 0.041738398861719629
 -0.068268616042688884 -0.25033009326781058 -0.10056276551499324 -0.062208097810231455 -0.046625759223672174 0.10541655437097452 0.14136084463044804 0.022767500195693527 -0.051349725551084871 -0.15898353293566986 -0.076114366199279984 0.086393492745224038 0.14737022757752327 0.13594750260143151 0.11995257221157019 0.029287903259490346 0.036800452179052139 0.094995148063131848 -0.093058961261061543 0.02870355990110111 0.26081654636909146 -0.067302885708059743 0.097439449765089309 -0.16755482781518249 -0.091650085168258705 0.062602262855597668 0.024673650835407981 -0.12086564606739794 -0.15182136284606393 -0.021011446138398424 -0.016703207964093105 -0.074060607164071535 -0.077439523986454442 0.30049246151699682 0.12596240158783362 0.031672472921565553 0.14933304950170162 0.061332789443367695 -0.00048415508714539702 0.011720640232933928 -0.059574342414591926 0.072156926386581041 0.16914229516317611 -0.079536793769197062 -0.11535409908873069 0.066739853565217402 0.2308519440629262 -0.059432347513462408 0.0032770122964612559 -0.08994366566584279 0.0035946924335113649 -0.043838812941668387 -0.095911646112119955 0.045941591307808331 0.090194123842574317 -0.056852516615830836
 0.011924893335280457 0.04852349802293051 -0.11648722001684506 -0.12447122027816737 0.14738833196929366 -0.083836997029606619 -0.027453845746385663 -0.12697600110069748 -0.10842238404806172 -0.12505182578256699 0.20881922888604351 -0.15223800700780751 -0.077582069110413376 -0.13363655852202791 0.015831735251094031 -0.02842442610929953 0.22049892889813438 -0.16428021950823116 -0.039380738903036096 0.077105990268802285 -0.048160815593452526 0.028439896094557559 -0.16645071299645661 0.035371542741820194 0.019698713078980409 0.061939559539323924 -0.13907703127053933 -0.074369491760229015 -0.30546146841601191 0.055379454838341377 -0.077473343039833539 -0.03101316590524791 0.013027199968954472 0.051098632717732351 0.18973153126181797 -0.14431715599378475 -0.038165334256627527 0.075745255311058635 0.096303375112751971 -0.041060628254957855 -0.1023470428679894 -0.12763534317254133 0.23145596130253163 0.055876046091242401 0.11129573983614953 -0.035894754418684463 -0.0034374903790645082 0.005940210055146695 0.095243199926929548 0.071885037964377271 -0.14343417078058265 0.11789328219096315 -0.06480119031499619 -0.15612525908732 0.26571533318460133 0.20592591658598086
 -0.056280663105719088 0.082769769902059045 0.079824183926326592 0.19781744321991573 -0.057579423405046432 -0.21914789983939592 -0.043524415598590778 0.031363642807262684 0.20617683512826546 0.065948390201117355 -0.21375738652551574 -0.0037503301902055298 -0.095187176359460821 0.21742993664542987 0.11586303621028492 0.027068545660168752 -0.014697962796422409 0.08064764247749838 0.11219178565672579 -0.16591778629199513 -0.061207669694455277 -0.01160786028513971 -0.076030035834056098 -0.11466118458641533 0.042768880167620843 -0.11253353167438832 0.071862138099498235 0.0463763686269986 0.2550991106328967 0.14707487164374683 0.023035814204151937 -0.14684089530787467 0.1065591239961146 0.035105230566520249 -0.086155506701100115 -0.01569984545663938 -0.030688570248191362 -0.057190175135843777 -0.18617355350885448 -0.032667509179640446 0.13711748499271517 -0.087453504944497579 -0.13790286417082515 -0.10382214970675255 -0.069677163636506598 -0.021284740192148481 0.2555091314555693 0.033351276512252101 -0.080540766799990671 -0.12719640357052978 -0.11335031271595793 -0.055008964215143133 -0.022836329672864586 0.14142032001597787 0.06818682563804046 0.25299526651032433
 -0.0076837446741374344 0.019303267682613284 -0.089491475196518636 -0.0586225368124869 -0.12758691294725624 0.074233914417359825 -0.085410849221196017 0.023077640192878879 -0.10527173212897065 -0.0056698030968126154 0.11030972673942083 0.063799292292005386 0.055719944692922137 -0.065592812924846158 -0.14523394167540776 -0.1564079774483268 -0.034671044242925449 -0.051531420495079319 0.088837719956036995 -0.11789945602571779 -0.20702307215886845 -0.051886627347677024 -0.031743614519938061 -0.15382601732710369 -0.078533691558671986 -0.0080993491967489388 -0.11791854741629618 -0.0096248203814147774 -0.01652477826585105 0.029915712186584047 0.12343825069567166 0.11730378423477555 -0.072604249148232616 -0.048418564001201002 -0.10950741194382761 -0.038012619836907929 0.0011933953032560968 0.42527326082006811 -0.077222987486660649 0.22876257987560228 -0.14544589247690989 0.03947434108050981 -0.087813085830262524 -0.0077270110067290875 0.063758671116997401 -0.08391628131583502 0.030409709420159546 0.10728821849310607 -0.063549468326574252 0.090909342194065643 -0.050584430274700116 0.19030714675549296 0.0068351087088014215 -0.17852520037421904 -0.017270096151531945 -0.11096274197438916
 0.053177239005185395 -0.0021764063134366383 0.059635826153058923 -0.073057629577301192 0.071836416097875333 0.034952681545150542 0.089855701975678409 -0.13206998893399974 -0.074972205733010597 -0.074101747071078597 -0.064371382602397859 0.039001877477659846 0.10412714613628335 -0.06655513515749599 -0.025819748316663324 -0.0085398992486241717 -0.040491394687875049 0.062151872068364179 -0.2687776643610576 0.0080681049565322852 -0.11060569613537616 0.24250086091248202 -0.087188666048702901 0.12717422174032963 0.12696650188679573 -0.06578636203071575 0.20079360963623677 -0.051159771237089341 -0.096727928341744998 -0.063482983748585867 -0.12435569542188299 0.11086992251167448 0.022291198447178705 -0.033176206190528079 -0.059793143944250025 -0.10827935103355409 -0.023847274584404103 0.21688622700440904 0.17548017575717517 -0.017860973651440046 0.12819392604827071 -0.081148709662544283 -0.025868101244096026 0.12356424925988486 -0.025901819675593678 0.069008653931694669 -0.088387431896580604 -0.070428140453023619 -0.13293290880517236 0.056223015713874891 0.26249778095154847 0.17749881970917908 0.0005387853407558174 -0.001231008408452261 -0.0967326808709109 -0.017749406418573494
