# Created by Octave 6.2.0, Sun Sep 11 14:44:03 2022 GMT <unknown@LAPTOP-P0PV0581>
# name: Theta4
# type: matrix
# rows: 10
# columns: 56
 0.001080544657844218 -0.11845610504011773 -0.095443380419595492 0.013752253908053931 -0.063614952443206335 -0.025436464667334586 -0.097628193130133475 -0.13415817297944091 -0.17352850204970477 -0.0082162215885962179 -0.039469735730078878 -0.10685104888498974 0.13965937369197637 -0.022561540874686307 0.078391204044099091 0.07721426234496645 -0.048950417362095655 -0.028956580187295262 0.00078736932377128312 -0.0074320970498347591 0.098893455340623007 0.071385702580453445 -0.10231424662581763 0.13949314140140326 0.18117658162948225 0.080641183364504668 -0.015725562596707578 0.22036982411356931 -0.062312190199831287 -0.062795197669738234 -0.066563820698198189 -0.032403935198237199 0.088155478685268379 -0.19039113687253092 -0.12953175293779282 0.087858348009261747 -0.080196189134221801 -0.047019083046295068 -0.12912246541438219 0.18098810618967617 0.013621787207753658 0.03778947823029228 -0.013736106548169718 0.0023561607456612883 0.019593190100166785 -0.10743100038799676 0.028234221202361642 0.059970890420459923 0.11683217548161848 0.11265119189399218 0.1851832424075617 -0.031648885764253974 0.0043416435208366343 0.043880833199819828 0.098680195600245157 0.11021797305928509
 -0.054353907338451926 -0.0086882649505935754 -0.015636166704036496 0.13870253931255164 0.13735691536741565 0.14401599875312068 -0.095481082354148247 0.053261697587167763 -0.19358138296877039 -0.0095852201877013286 0.040790109117485346 0.041879404082987438 0.18447690942465272 -0.035230770091559768 -0.098718791999526295 -0.039600540102434578 0.0077288826340361086 -0.096930973979304461 -0.018303025670716649 0.15603631464820655 -0.0027050317639067361 0.065256536520955408 0.015864589024267652 0.075423719035435002 -0.028365796163344004 0.032626939201875732 -0.11856557060177916 -0.16062289801609259 -0.070868240743522798 -0.081130008517375063 0.092623038546170738 0.11565676724881596 0.17994918778243482 -0.016252501404442517 0.0085791777181500328 -0.11983660526678265 -0.041706811731794441 0.067735208902739652 0.024768872893799067 -0.012038016639324889 -0.061805665649265977 -0.026864249602195085 -0.044909188514104796 0.034869757523339269 0.030957227238678161 -0.045500428438640945 0.005292176576420604 -0.20435797056096522 -0.10508723733085183 0.13885495246441254 0.0022090897326704907 0.047941802870300178 -0.009501759163825247 -0.068353281475877672 0.024348136162097387 -0.14907749183170743
 0.0041592845089996984 0.015423317603527373 -0.047795362325473718 0.059038031683856622 0.1125155273800237 -0.022561699244244542 0.16731756650623023 0.054170402374579284 -0.054471236509662173 0.11967105163797299 -0.032358556172560206 -0.011389581441953959 0.090186984904689182 0.090276154400345823 -0.036263764940882806 0.017697356615677316 0.0887314762325499 -0.13129892806732973 -0.072111385816560125 0.027593194836363411 -0.052246100728275714 0.1201687849573094 -0.087832529306872201 -0.063713600129807729 -0.099967268663075343 0.074271141171990157 0.10262548490109516 -0.056854759002105265 0.16620668677124223 -0.033238987710317032 -0.054046828755188653 -0.012156258531609928 -0.039769319566559262 -0.11840125593034415 0.015949039850085389 0.051723506264974607 -0.026781102027097402 -0.0095931446114746743 -0.12084613301830045 0.028762058575489031 -0.0093807496712400209 -0.087325994971173868 0.23620740759183537 -0.012651792549916165 -0.00068350089912629888 0.013461015456775543 -0.02332921419724816 0.061940376154118126 -0.079386791697982864 -0.18623129021798307 0.013738385004124313 -0.028784758184873936 -0.048064532707370142 -0.17810653109733379 0.094788896823648938 0.014226208688245956
 -0.041172386972080526 0.061011051711477769 0.12579512744242732 -0.020305253402288424 -0.11340893467227969 -0.15154070276133874 -0.047728479507603221 -0.084071133164528702 -0.1309243011171338 0.15622612652964749 0.12827818377838798 0.10846228612697489 -0.037806953062698254 -0.10565681425979943 0.19551241119629023 -0.054875974237821375 0.0093685952770073324 0.088169418752627557 -0.032442224572371926 0.1661053716894681 0.089637141196440895 -0.090297176567442378 -0.15232022529846573 0.0035995193222159469 -0.0081590003799675292 0.14605835864597561 -0.0016631516949659414 0.050041090070274963 0.035354461456447238 -0.12447653499478095 0.084089505614894131 0.116113821704816 -0.11296488163570857 -0.025054684186425143 0.050603339331916797 -0.027411597399896799 -0.013329945522426535 -0.056383020645375911 0.022711429835692316 -0.12094295541641975 -0.25516839905780009 0.14467012343560912 -0.12314642793110829 -0.0015477621898369077 0.081200423692481316 -0.058854457287815611 0.11543754243060904 0.13321578089048516 0.078325504329390574 -0.14651676562908092 -0.049895410413383703 0.10655723691420503 0.16477429342203334 0.056276662085627385 -0.017947067192671261 -0.039980207327939221
 0.11571868702263424 -0.014462341052034785 -0.11328376935462647 -0.091900566692132798 0.18723793805514471 -0.10949530660371173 0.073195099656975529 -0.028346777627358138 0.053301594199694095 0.029398366498794744 -0.14188611352841698 0.027802618244275039 -0.036643151798294894 -0.026078318435647899 -0.082612719211825669 0.057799864025959505 -0.0059215990605928862 -0.0088778489685443843 -0.12714163866085973 -0.017332114950758749 -0.084535933577774572 -0.024269055211943516 -0.10074378982245166 0.1537377685629096 -0.060805440711170736 0.089222246886899018 -0.012068668129823353 -0.17084628785704303 -0.087552752004192158 0.012895804220982575 0.077554495335772716 -0.24231234809839353 0.10727048602301471 0.16557775869980687 -0.056822297589484025 -0.073638444768724928 -0.032319981587296334 0.015795667758269152 0.0026967250935197736 -0.0681747011691924 -0.025879502463860414 0.028826264132002559 0.12104907738176965 -0.037350922809432426 -0.14408646064025621 0.03795011157616196 0.037946875279336163 0.061566358469018645 0.07283241353353441 -0.077611037156406965 0.067139872282775098 0.012392476826220576 0.099425971598535653 0.050762716128525655 0.015493415483301942 0.088154006988995268
 0.0090402207279615225 -0.13086439629357516 -0.070762543609665773 0.020527692655561043 -0.079546296302855785 0.0051032647597449325 0.038448624631722217 0.14948207265163452 0.087713094224148386 0.010743942109935843 0.027137709370253501 -0.10935821939000034 -0.043099655972864637 0.091652023085463649 -0.045636242403509449 -0.060315684900965373 -0.11106013030934911 0.14097397195456035 -0.083791710956119911 -0.0083270547062781249 0.032829387330015447 0.10970794569913836 0.0021447167032064584 -0.035253191334607317 0.2148980902153878 -0.05222623890446583 -0.02341924102666864 -0.058154643864337899 -0.11734770117392566 0.069359614579847392 -0.095138244633539482 -0.013384497275748156 0.045665135359464086 0.0087871407564550554 -0.085676055740841375 0.13767537258774934 0.13354436014421461 0.067981632766936639 0.014719407190885676 -0.03347685331345622 -0.13941142387775776 -0.075250153736095698 -0.049598724630532554 0.1396701183928615 0.091964477056540872 0.12562066390226326 -0.08764557883978194 0.040917659590702676 -0.047826864684849958 0.091095605173144911 -0.20022741453607118 0.10254102805907178 -0.0012750970860897649 -0.01040214463144515 0.013385929609086087 0.00076257126046778132
