# Created by Octave 6.2.0, Sun Sep 11 01:59:55 2022 GMT <unknown@LAPTOP-P0PV0581>
# name: Theta4
# type: matrix
# rows: 10
# columns: 36
 -0.11128546198928939 0.12887184938397531 0.043184216656418285 0.10914350563017758 -0.04496480139899129 -0.070271129712959984 -0.014695611911967924 0.041639552861667033 0.0095077844847434138 -0.1495647424586968 0.087130239465461209 -0.12285491362217088 0.012732044541696066 0.067654648325901387 -0.062006458463268757 0.043096990372978657 0.16760443279221277 0.1874977882918154 -0.026972084461219591 0.042367684616591808 -0.067665383469386942 -0.033836624123328329 0.060970166533090495 -0.063953203338432574 -0.0025848137408603345 0.070915731589618655 -0.040023738507398716 0.098090079854668638 -0.030068684045853031 -0.10642790945336343 0.076703831940895972 -0.11273185121605213 -0.036277697700526523 0.18474053657252723 -0.08203146252719945 -0.034060911514520745
 0.08648774318368993 -0.01633549039188335 -0.03315765011017352 -0.089848108501304286 0.040871863247362555 0.2328818424337169 0.047192712509361225 0.048470723233579843 0.14184498791550881 0.17939662587650249 -0.0044702986440783386 0.0039060088548459912 0.076337272676354817 -0.085896077889686867 -0.016596893706734277 -0.018274092317354076 -0.10521781469620133 0.0066794713470166318 -0.10322755050732192 -0.057779201282708227 0.064144041703586466 0.036860553619372419 -0.036523038948095624 0.12156156032705327 0.057612086924287563 -0.16136882207307093 -0.14208434765444436 0.19042210840577989 0.074165190971852646 0.12319654518016594 0.01108442699484319 -0.066807964660453426 0.0035642091154035821 0.046842388908176789 0.018350903091442588 0.085897444185349461
 -0.0066900088564961629 -0.011923779877438808 0.030539559161412617 0.020616845096354235 -0.017463293302758708 -0.010920716998361899 0.15359635729301441 0.0010320872346724103 -0.0079297896172602529 -0.066021812763331675 0.045783227811620912 0.012392500304719523 0.021947467761208969 0.066500538518039234 0.25616566372976662 0.0069183128979414532 -0.079041086028922597 0.020141429679983416 0.016423006934131276 -0.087370702426643368 0.095717597487025019 -0.076519448761202036 -0.059320063134408928 0.068152412896642131 0.11118682478602974 -0.11429446248009983 -0.013160549536654369 -0.084054787525987121 0.012834708053045693 0.04788960349664341 -0.061411480676130961 -0.0031840059731579298 0.031733342416807558 0.024048633450171792 0.067866103586715881 -0.12160089631582599
 0.062673392247376822 0.050722631590786306 -0.070384899145971222 0.099323796909432577 -0.12364473440912287 0.13320736305764455 0.05395064087366875 0.095593547344744539 -0.11560898758539252 0.056485778949485685 -0.048386749751681016 0.0040894212527060533 -0.11699749554285881 0.021499034466852716 -0.13024894628305295 0.079691368277129845 0.08928969183899553 0.0067700971948982452 0.078001676570857173 -0.071424452483900031 -0.02963135564588203 -0.10726843519985545 -0.17288243236515499 0.077369818714052144 -0.21552904486452146 -0.00092217865309623319 -0.02121237354170025 -0.054929328209021092 0.0090284388799273668 -0.014136072035780255 -0.031574483270660564 -0.12162978089265405 -0.149972339965286 0.19248792303946766 -0.069274583731046335 0.18349975197935889
 -0.064724731942085972 -0.044027689864129367 -0.03219177465885896 -0.058679990391523149 0.02917103931732045 0.02208844086719812 -0.04945261231878726 -0.01899265428960276 0.058972004308957424 -0.010390452654558496 0.072015533761714629 0.10055291620864883 -0.002924902165774082 0.071993815491614974 -0.0056964520440608256 0.0030214176824929564 -0.071021766112271317 -0.10705196118527002 -0.020275786893784259 0.25768046527395189 -0.010469298446745833 -0.048493206931295683 0.10843282425107613 0.035967661142489733 0.053130905393735842 0.078973519035656539 -0.019394851808690453 -0.036102832814936016 -0.12449037902806973 -0.065465469046843139 0.080176009601206702 0.0090930687287963333 0.10653585412409294 0.080651142015455812 -0.039208080407767278 -0.12632110055483825
 0.049159203547163521 0.068556841303913124 -0.027653741209002956 -0.038918563523047421 -0.0010906188918035934 -0.095367442997679769 -0.11078253679864407 -0.043284240882071612 -0.015794141879333524 -0.016101259803865915 0.10924772705098693 0.16939427100243054 -0.021134876756223341 -0.053682121246135542 -0.1135473475492849 0.13290044522395644 0.0054755805020631374 -0.069563023948952196 -0.18910045752526736 0.13438656911242258 -0.15560285627029666 -0.0090882638134496072 -0.095244743210260607 0.11684238057473564 -0.054615080410636438 -0.091037244609653387 -0.042159800377813542 -0.02512019436131048 -0.037484460006431179 -0.010647411589322101 -0.074097757979624423 0.23186034118795576 0.050905318973255828 0.021586336904022341 0.077712488877243857 0.00015483921422478514
 0.06735763298983323 0.11697540113605868 -0.052115126638476297 0.079677876187819671 0.066327679459774025 -0.064784686823298382 -0.0192553552195599 0.047957040142574833 0.16453159123348027 0.023452384852310111 -0.014890545526492091 -0.091279400049386936 -0.027878918559333551 0.19306175527977135 0.12007838812980288 -0.054695285026566093 -0.01983002602143321 0.032528204851554422 0.12418008079055294 -0.051781258799538321 -0.039347470644646929 -0.11235872177512708 0.023667961943787688 -0.037914963264192941 -0.11417760276710705 0.0096898642515705624 0.0094325627710479011 0.11320810791075875 0.081822300432536466 0.12967575377765411 0.053834060807057382 -0.030201679575314465 0.0058840431615457284 0.099870435748202133 -0.0016327867404313855 0.046744630348440966
 -0.053355375052542078 0.063198980560530055 0.012388355872639317 -0.1368952130744045 -0.063511109734005922 -0.1474771022220481 0.019621271275871616 0.05646782487455522 0.0054351094756237622 -0.15139016111525927 0.0018676477408924425 0.087982924561683898 -0.013341391792586397 -0.013584061401580829 -0.14220503119898878 0.11975388054080754 0.047296834689246219 0.029832621792553454 0.03467902594029728 -0.12707085006337718 -0.13448492683347313 0.028664968430882842 -0.10944604965977278 0.065085256407133654 0.16248231588028639 0.019775995197591757 -0.14155620506181957 -0.1114770263517674 0.075949446196877921 0.0094788684899689783 -0.03095136371065401 -0.017595778565823342 -0.062654003879371603 -0.041692822033034344 -0.050328554374688847 0.026026776930777932
 0.078183256216323826 -0.067162507110640077 -0.079723405946328152 -0.018774490700101898 -0.015088428691868374 0.098515781939586849 0.042300590558973304 0.072074095612205694 -0.096653571101010624 -0.028228214284364301 0.06304810326697452 -0.078403543703214687 -0.061486501096795661 -0.057548082722801062 0.051699186415228075 -0.035058052362768842 0.14615307048615131 -0.068790170492840752 0.13081865533228224 0.026121552724281467 0.058640551803248314 -0.047909408545851538 -0.00046500809722865096 -0.055710043332266257 0.0085399272204444016 0.0060991494947922262 -0.03465253202745408 -0.024600866319281108 -0.013316053863115053 -0.099965472146637216 0.09939090592495356 -0.1262931746258085 0.13675123170081965 -0.16523084178474154 -0.091755957474900923 0.19210833020592327
 -0.0054979177781298025 -0.084071012088140287 -0.087858640316695699 -0.047381092205284865 -0.031818230282447756 -0.0070293535645455677 -0.11480758574815239 0.19001321387251247 -0.06731948785064383 0.018718216416466777 -0.0021501225840222698 0.17789673575836915 -0.087899843245924161 0.050427963026595253 0.086496005445036508 0.028832221341928511 -0.071571133376794382 -0.058749250671821282 -0.16523614763564481 0.0038596922967984262 -0.074643287751525539 0.054383747385052139 0.055595180608980548 -0.11973056650043083 -0.094652642090917991 -0.10162254770163029 0.1044883516164188 -0.05723202801252552 0.12604309176754361 -0.095665845860835694 0.06850529258698955 -0.038507862125016369 -0.042227275622252959 -0.13958843629573972 -0.028923889904196847 0.13566046146212032


