# Created by Octave 6.2.0, Sun Sep 11 14:29:34 2022 GMT <unknown@LAPTOP-P0PV0581>
# name: Theta4
# type: matrix
# rows: 10
# columns: 46
 0.073666291686769705 0.12510149409522733 0.1345270438849458 -0.061466691092448469 0.10916737881193084 -0.15220913548801895 -0.022469592930543597 0.095723239659592965 -0.068441697973785839 -0.062978195360636355 -0.010058556599415723 0.043241311450507261 0.11985379962036539 -0.015355317654980532 0.095633806026652599 0.21007345789657625 0.0056820658047618865 -0.060418300207054083 -0.021847863212762279 0.10075937223417065 -0.17851013145781564 -0.056297340654698186 -0.10638896862739121 0.051122068518481396 0.16854530473447005 0.043946524010250197 0.030891520564026314 0.024244478855357819 0.018806377500530554 0.29053005458643821 -0.11975053022344542 -0.055333285696854091 -0.022843171439068392 -0.08806839022090035 -0.062643284817616593 -0.078625859738235812 0.058841549250348887 -0.0081758282241657099 -0.1727394493228101 0.156173006469433 0.038399501566470741 -0.14930518184878713 0.067513176934065916 -0.0069499318512119624 0.070521871818764556 0.037123119217380082
 0.067633416487907064 0.00026887838751961596 -0.016191966561580382 -0.12873957519251797 -0.13042505501515647 -0.096629617811801391 -0.019038841417429519 0.09346570038161689 -0.010237295942072891 -0.10712070694405601 0.012353572314340361 0.058334534438964136 -0.094729378941044232 0.085865227417619747 -0.097819757238789662 -0.13867687449186117 0.11380191874955457 -0.013231019588139804 0.11112517371016219 0.10011749124165045 -0.0052011739916186361 -0.091151256176932663 0.089679831124102313 -0.027339406469628704 0.22120736509830566 0.081192082814537048 -0.027277027903952339 -0.051564025623729956 0.055067262674752093 -0.11892370489312563 -0.0063082177754134267 0.14897202720091271 0.03156705853858581 -0.013689776299878831 0.12792811535299226 0.18195970994313021 -0.036779549320756132 0.012153693906150705 -0.044265245085554399 0.012446298544896473 -0.17536592721948313 0.12853278648486785 0.0028901038977693916 0.08188506742705344 0.046586506567607433 0.018912739576894058
 -0.10632371634765192 -0.054720420862227649 0.1511362757210413 -0.069990882979275262 -0.10334966659891652 -0.077048097558545137 0.0016483414338047417 0.13026992785602309 0.075411329426705434 0.021501706353649733 0.10598613920748033 -0.064353017749297137 -0.013131765266022735 -0.0073236810212744504 -0.111656865714872 -0.03592684620086805 0.11250758786869776 0.032819058540670423 0.023051791609940302 0.054407690467248818 -0.0073151194965303786 0.17293813805202157 -0.00023914464957724516 -0.01944150806769086 0.044538249452467024 -0.02496282205693947 0.1526358550959982 0.06016263683200028 -0.12054271755516197 0.17969444868286374 0.14451919737649221 -0.005360911092893909 0.068192872441728267 0.14833995866357874 -0.072655340807070076 -0.031946508637675022 -0.053575179959530671 0.043446923693712183 -0.086327491905149878 -0.12737429493280206 -0.010437167235154931 0.0043753959528581975 -0.11949928554834338 0.11773314030774264 0.11363963122804208 -0.077811229704815063
 -0.07265993609804601 0.056518500433049318 -0.027120505086945346 0.12631830172774644 -0.11736280736795099 0.010886358695337448 0.041928948124033728 -0.15194550828630876 0.010443833148226958 -0.069216096614936565 0.057346291494595289 0.14939674329108071 0.32461245316563853 0.0717546648884715 0.011009563209016419 -0.0077259406354393094 0.015158132204457813 -0.23661003695567512 -0.14623685616171439 0.064864728210253311 -0.21149541330249949 0.11249111090026313 0.14528902468913399 -0.11719932416445372 -0.041574097242845852 -0.031608711300199752 0.12052094164094301 0.010061192321768797 -0.045629122326831889 0.05876066747929793 -0.18347282130416734 -0.07288189061110259 -0.040911470437349613 -0.082368395285895651 -0.11729481813734016 -0.025272617033088817 0.087184664299959233 0.0061847913513105209 0.0014157970555572644 0.0020895702801951655 0.0014132801897944144 0.16997747795698182 0.0020869414449312109 -0.089860891754860076 0.085791985294966802 -0.093430249370612437
 0.082391811968804518 0.1759433212295646 -0.027869761336835823 -0.068837574903461957 -0.078291737933204472 0.24859265647892292 0.090060804689728213 -0.13966973592341406 0.23719036877539595 -0.045386144447647936 -0.17766220940922847 0.020385563003499498 -0.1464342523020136 0.1497298547155678 0.077179073039749149 0.19947041193865167 -0.11584767057305247 0.068244689658009047 0.091006967996034319 0.1115551133148574 0.16075130740275922 0.046188339493385647 -0.05496300695369094 0.16373762053903473 -0.014481045212578297 0.01996035719495616 0.013419496703153375 0.17929391611084536 0.095967947286479074 0.034249447522347223 -0.036159217227714098 -0.084406535495039708 -0.018281427251776724 -0.018183649022674688 -0.14439412561807433 -0.037517334063967657 -0.20985049165706313 -0.16907086582158379 -0.0054760383347569946 -0.06270003492759213 0.0033518348141532489 -0.0029059633479574876 -0.036296187164161192 -0.053046291107827187 -0.044759454471343482 0.016957365891359762
 -0.046180947535634009 -0.084356283260176593 0.016305178837819415 0.10752811908685266 0.10642854333584162 0.1732449362250946 0.23861943638358926 -0.10093422201647845 -0.1549166736697333 0.044878153773684093 0.091188768340873874 0.074703204736013967 -0.03538160311871217 -0.070663377155964199 0.030553574384437121 -0.017900379354169261 -0.088583550777065562 -0.03570345732116547 0.065658279724066959 -0.090663565443399208 -0.095351884829153549 0.093593904135750569 0.094213456946681665 -0.1169940134401842 0.10568133356858808 0.015265328165081252 -0.079864645483858535 0.10219789367859344 0.098257184324608463 -0.082492644695011538 0.037204347003533984 0.15011088176686579 0.0061681604344263809 0.04587593340552281 0.079378272199603236 -0.036046579462780871 -0.17666012025121111 -0.091263642931051117 -0.045487192350506876 0.029916723191981732 -0.013249174952298019 0.062861794314198471 -0.11154960177740368 -0.042532789713759837 -0.053679757814045825 -0.16575993894192412
 -0.0086366864167220642 0.068705037551732837 -0.04865331882588049 -0.028753350527521437 0.12756863639306595 -0.028960542231258879 -0.034454513253744018 0.13224364022234583 0.17904637542871776 0.033671792336800538 -0.073007213242377925 0.22018706237574981 0.10765691063434546 -0.1572525055295611 -0.023291135042695452 0.098598213174052513 0.10616664051001265 -0.023320802645246757 0.011317523127753328 -0.13568255973772558 0.091351447364987348 0.088475257414971975 0.066288978356568509 -0.11393947384078004 0.050058006077356304 -0.0079305603658230504 0.16976801273847264 -0.029365341696869964 0.028069916215073574 -0.13895870051440268 -0.084858292076467001 -0.1263449314257474 -0.11920426565149413 0.076893432257288466 -0.075294815705123197 0.20817091096488266 0.044992826369213632 0.038635474410414677 -0.073394298018473705 -0.08607511362122279 -0.1057785441119698 -0.1123085616939067 -0.016332172845237265 -0.104968787239465 0.17783609954046456 -0.0092770960221116791
 0.05085382437801745 -0.027444010827113813 -0.098975897985890862 -0.11801331339077678 -0.048584105675095704 0.045682916594133018 0.10054404945853068 0.082636668588422085 -0.034800592572563543 0.10717719343924201 -0.0021963337691846894 0.069806576232065376 -0.13098453360917836 -0.045802574817814856 0.15474912727432336 0.0055850176766199947 -0.14672622384788594 0.058933984935442732 0.19029100754035186 -0.079756977383977676 0.062986213630868246 -0.028283167496630995 -0.081334731776828817 0.084330014165739681 -0.017827624287431121 -0.0034559015531748566 -0.064888760699253561 -0.091652546881480848 -0.12157575836477456 -0.0027083975991540293 0.17964833611483016 -0.011265975262157864 -0.001008702017617187 -0.15561946782832747 0.019183746912770989 -0.19564012458833491 0.01023660972194149 0.035169612591456414 0.11162340363791895 -0.03556412915328433 0.11471401417573235 -0.082270104004221037 0.022399272514439045 0.039129708504766859 0.16082617567733226 -0.13714559957047834
