# Created by Octave 6.2.0, Sun Sep 11 01:49:47 2022 GMT <unknown@LAPTOP-P0PV0581>
# name: Theta3
# type: matrix
# rows: 15
# columns: 16
 0.095501919419106768 -0.095398364351954063 0.10828924968932334 -0.046092913159697137 0.14597420177738663 -0.035409909656166381 0.020633466922266936 0.12126218168662133 -0.00025576067728540365 -0.036720400335738153 0.091462715616562149 0.04607045039269942 -0.093748229845877398 0.13100958699064763 -0.015261850023051044 0.033484713543754381
 0.0038411946387103559 -0.048461392434784603 0.043507693441228248 0.038357653622126342 -0.073171109161579206 -0.002015888368235312 -0.027401682198515936 -0.079284673933580477 0.13868183085808136 0.025319163645034389 0.14239518451647065 -0.090110331238546615 0.1335625333006292 -0.062134864472776309 -0.022382965054449363 -0.036351583569289671
 0.10205374919808091 0.0011898311293448598 -0.14989185779208147 0.16618443013586359 0.09673406429771042 0.075072080600915539 -0.000441773306978488 0.082375319297350022 0.17713544091073413 -0.14434350253792219 0.022619098409544989 -0.020464510215134835 -0.091432300084757112 0.10941482815809969 0.047254691158195417 0.10205954272213098
 -0.063505012983942233 -0.036133348415091499 0.062425960159510255 -0.049810466127122838 0.014300986311971145 0.090960719370500001 0.048520224085860875 -0.078808391732339264 -0.11868028659977649 -0.07667946092184795 -0.025505863852034336 0.058635229752987766 -0.01210140883157072 -0.12619128753300271 0.035575936192796927 0.11371471096868842
 0.10906058367591978 0.23347306915415403 0.041995962411306008 0.031676560547812829 -0.044160525703767411 0.034028478898484989 -0.09595359863667223 -0.015152872093466037 -0.031630916905321216 -0.058182758531299603 -0.011519387491442245 -0.0066869261148219932 -0.048083650263837006 -0.07875012714494066 0.10060453042727877 0.014244229885125491
 -0.094278377162496471 -0.090123362422370124 -0.10135097852566265 0.11351596954767659 -0.081115541959899326 0.075065840021043537 0.01485744873930281 0.076381701493933682 -0.042829478715530826 0.0042546919822016565 -0.0031736130125625183 -0.12797982964562096 0.13438451250803105 0.008037461868444451 0.08489052442713925 -0.085548662153058452
 0.0044674813958662397 0.00139423772138994 0.075799111201871675 -0.049664638727846287 -0.064327177982939993 0.17263863577977601 0.085301343201291679 0.077906962667422253 -0.060562237674079637 0.044582194059509958 -0.016863740834901404 0.010193854309120372 0.14189022848918129 0.18258217628329887 0.09861058562074615 0.057873971132967307
 0.070094004516489422 0.054412657797631318 -0.021999053524229588 0.045575458976865858 -0.024373251600302095 -0.18856020551105396 0.077083367990972068 -0.093874852060509426 -0.081587081216564758 0.029581901824764518 0.059702123395620983 0.1851665510461924 -0.033583651139276777 0.13329489374731934 -0.048888091192230254 -0.056103913996808835
 -0.09664723309029237 0.0015293897502322831 0.07902972157688383 -0.053232486777676641 -0.10450924116843546 -0.050638804403385668 -0.10248561878300398 0.025119960312828395 -0.084862104106778288 0.026123678537936658 -0.021690520102083933 -0.018489558825906277 0.022881371785700391 -0.048047071983979055 -0.084605773012319779 0.10515674912153387
 -0.056410075714694322 -0.12181496312561024 -0.054270155986368765 -0.0033568392064586808 -0.11819057254225604 0.029036247385597666 0.010033631027474508 -0.041029963665212069 -0.036098318188090693 -0.030695966453020151 -0.017371925729249654 0.042970034091761811 0.074080960949829189 0.042814791544046875 -0.0089820903924614937 0.020752608719386497
 0.049222839296364534 0.16360760622284073 0.074266007448144322 0.025063425360205893 0.13842655460522404 0.10749627341198995 -0.14550034909468237 -0.039352261517921878 -0.064185917279338048 -0.0080494436284967753 -0.14521479529807094 0.080707688120232213 0.0766069072527754 -0.012978587719995884 -0.080527490321381873 0.046988690116633924
 0.09898022395696765 -0.05489656321524191 -0.069382732171805128 0.14356934978460834 0.079740637797969041 -0.037162490619736116 -0.18769679149121646 0.044950644243517884 0.0060315865214483223 -0.18188140098697278 0.066390248396492269 -0.14063977972948727 0.14913384756117964 0.056649968677017014 -0.060834813149719245 0.093404502850444188
 0.08388681833401497 0.065173196329213076 -0.03698341342968902 -0.15895523664121922 0.13715236727443555 0.05470036976220144 -0.066326919145300728 -0.0093218652455373738 -0.13657694778285739 0.076858648348812314 0.17451949709720913 -0.15763919731196135 0.033167248467488177 -0.033787814491551105 0.023917576836290234 -0.054878762772319782
 -0.064606508592616282 -0.12519396038658001 0.011496992921583385 0.11292573028369883 0.081681452587255746 0.095392943010818881 -0.12387195393874674 0.074103135775604817 -0.044179085342067041 0.11639167623440777 0.043946237003477655 -0.098642096137359137 -0.014308148269654609 0.012524767967889736 -0.045542109398060707 -0.13306789570944838
 -0.11365770697918885 0.022336387763154428 0.1513093457505614 0.03338877349144339 -0.14222392628077726 0.0041520853419131504 0.1138543860374656 0.097589196810320605 0.049904109460391817 0.038588610553586519 0.080906246924658642 -0.036313183592029979 -0.098966799923584051 -0.0037952773970586855 0.19577131809815856 0.077145901831712257


