# Created by Octave 6.2.0, Mon Sep 12 01:48:48 2022 GMT <unknown@LAPTOP-P0PV0581>
# name: Theta3
# type: matrix
# rows: 10
# columns: 36
 -0.24740850491341254 1.4556527806540223 -1.8564576778432911 -0.36544487984998952 0.2464199083073669 0.5841745842971332 -0.47426806528759347 0.58983866635007998 -0.52607733500955756 0.994056003210532 -0.31740346553067356 -0.37309048433788905 -0.5557777381178135 0.34926888567870867 0.23931477196368581 0.019232863378306018 1.0586728406132837 1.1632433323412694 -0.11061087447161359 0.012477586390176742 1.1972030108766862 -1.6496682254992585 -0.55784241276187019 -0.90218133124489519 -1.9621040748207146 0.10427675537197777 -0.37380064978188859 -0.82433087053639242 -0.30880643615330161 -0.93904230972658265 0.057143048006433349 -0.00094844789721173291 -0.3164228171618052 1.8295411975579228 0.59904136117442852 1.4494391792283716
 0.12250351233384996 0.03957854407054591 0.21215339800099434 -0.40841149084471284 0.79605775151169544 0.78889543386037453 0.062517031277361371 0.41524024428222617 -0.70256225375687964 0.086912536301960469 0.69065639805458445 -0.22922479015952485 -0.67346980219454133 -0.1655697350964204 1.8254872158839421 0.4219497291573579 0.51460906946905149 -0.74353940360488624 1.2784077001214265 0.74503294074320059 -1.1528058461993367 -0.15575892163241412 0.26600376571169515 0.14080302296733663 0.44889253846886729 0.94489281469003716 -1.1535180166607921 -0.55978349663233073 -0.37418401848763816 -0.34333941936227769 -0.88061108872067251 -0.75568591221522485 -0.44519722560557806 1.1797158231673985 0.19264668353924497 -0.18969131370598169
 0.020149443961746959 1.2316775632156063 -0.96575915371594945 -1.8711519039647559 -0.83621278148818423 0.31222242078735757 -0.80773282533629598 -0.14377175670544631 1.4637586055012142 1.1133431369188644 -1.0159513006521894 0.87654357049052312 -0.56368397320793584 0.68675087587102934 0.63053178033424584 0.54731093218857063 0.25405065266917126 0.75691936648083058 -0.47373393306629275 0.39466859332846577 0.32938385484131993 0.023428715905249729 -0.65674374039475292 -0.48836414935721928 0.72169015924911217 -0.70610118701152613 0.68701912225894846 -0.31816224150500316 0.10779206058675202 -0.49035432177084115 -0.2220998761046607 -0.23422055748143067 0.54739290110375316 -0.2561189487171196 0.04973542832894344 -0.042543572705357323
 -0.18076279026015532 -0.12730191547479344 1.001932154310478 0.57872358697298154 0.035615267222922097 -0.57396480878350997 2.2474746277708912 -0.75992923065372109 -0.56556057849929586 0.045910703725964237 1.3718373851289356 -0.58576968056534096 0.1214941237548204 0.027564212914160072 0.38542147507065178 -1.0385653165595172 -1.1818630154737115 -1.576235571365991 -0.48302867743935107 -0.34700168104158624 -0.4456287161955077 0.7285715016610137 -0.24486647751214666 -0.45836366477355206 0.75239097897981999 -0.69909430623022972 -0.30496645110394943 -0.21335543973981988 0.89701089671883505 1.5944528796835724 0.2211100780804221 0.33040398105866792 0.08979918145995576 -0.46424521457167522 -0.62434770814465146 0.1078391303403396
 0.028776641953867855 -0.51734621978949624 0.36495691268061353 -0.00053675430062816946 -0.22712620558048319 0.29552616707004287 -0.60225014778663455 -0.20500882272246623 0.6659598209171399 -0.87777481372109689 -1.1153387699422865 1.3286759345081891 0.74862479970252727 -0.080331761151079831 -1.0478593657038073 0.63400451658429569 0.38699506015760587 -0.070432494137499357 -0.1981207460206455 -0.043558650210466919 0.58559214182826347 -0.86977398192215727 -0.22095673316459169 -0.78303541586426728 0.34500601002788395 -0.33447045822776594 1.2337700560385936 0.60753881842395618 1.0001578531528139 -0.73946544316051832 1.1376670377016607 0.099594136823300664 0.3976595069438606 -0.71586022238361657 -0.3919073755551547 0.04763518089491918
 0.097560710909556245 -0.67770124750403349 0.79121487052601636 0.81729079694347906 0.65097143865342655 0.28141276950430338 1.0051813544626409 -0.32952643660298314 -1.1936229914450094 -1.276631918960113 0.87122019702457365 1.6375954890366293 0.17774456026729396 -1.1803044980158743 -0.37487695934687049 0.1125838619886578 0.10355535083978221 -0.62662317045528348 -0.0897607458189362 -1.1492041055351323 -1.2808501363292024 -1.2305960546910233 1.1202717501709374 -0.38097197291874446 0.25124859477060779 -0.59113868910831058 -0.40610265525795791 0.57935652597431209 -0.42896417476927712 -0.41461351581029798 0.58123201496064891 0.52688730129765338 -0.53189558139529025 0.58943127388597805 -0.0087704265881901819 0.79926825178582661
 0.303608315221991 0.76546674882963917 0.070179723947662573 0.92446017236239708 0.084219416367006514 -0.55379638261570907 -0.54852300102629292 0.63862752081722285 1.4175839682259446 0.17041339485628304 -1.0941637803025206 -1.1691531229193748 -0.32855039570462058 -0.65620941177871117 0.58397298139133857 -0.66845208696195657 -1.1178016481612756 0.88141054230524452 0.050779413630879372 -0.12153612259486539 0.5680594755656323 1.0022366988450544 0.43099676245260227 1.1630893187694582 -1.1243062794883201 0.25034103212440778 0.42444441456318943 0.057257368379737786 -0.15753430985313957 1.3049569223384785 -1.2445993614088589 -0.65277313649589552 -1.0812503172112118 -0.37377799181974658 0.67114308234118059 -0.27463021028971984
 -0.31127758207360051 -0.84864664231742915 -0.78590581399960546 0.0089649665012442314 0.23198724839068696 0.23717847341585047 -0.88321624467133608 -0.46853557519119554 -1.3824995658218746 0.63110246793758751 0.90343922820116662 -0.91360142130145761 -0.048350928898136858 1.0297928704182397 -0.78286845294270657 0.77164009607463435 0.81862514993392699 0.22524404036061502 0.0057567964568875675 0.89973786741048423 0.63016880484181403 0.51712370077930159 -0.51983257516086723 -1.5058841906230278 0.39722734257112097 0.18258751021959205 0.12749499052676297 0.16080249193729096 -1.1007318601379692 -0.067059009505823858 0.60743249523064535 0.45130112545569839 0.97468035534866559 -0.059089953612751558 0.23726867821984032 -0.25945749117837114
 -0.063267162207428396 -0.31256528422469204 0.45902041824115325 -0.2932313179425261 -0.55473100286513866 -0.41672933601932582 0.19926875397498192 -0.14264044989338928 0.43570181180498263 -0.29259271296504241 1.2344979409323036 -1.2628301791358494 0.43061800229338376 0.94574632451532459 -1.1928347881028645 -0.65642474782452875 -0.88065582809055842 1.3888493614766819 -0.83792236867543102 0.093199925764658409 0.55771901914454791 1.1224432035378518 -0.29529411835323155 1.1644280212939346 0.13292089459579404 0.022715712714105663 -0.36775731298512715 0.30533362217781751 0.48767218769012638 1.3157524464729731 -0.94081461390829102 -0.61754476608659326 0.44057005931383314 -0.23359571613336341 -0.57621528772936048 0.2078495768485788
 -0.0035578133382915935 -0.99545005836697265 1.2370964912161704 0.68432032092657913 -0.54295461360610442 -0.87051901441877644 0.10070624639767949 0.7811405242814986 0.34396967693591646 -0.51151395687139356 -1.5746540791267367 0.36304376222441093 0.9041442234382403 -1.4300399690672105 -0.23910458403576029 -0.23670136678858514 0.60349140370930621 -1.3062629863821382 0.62152953908348973 -0.24063788342112277 -1.0238713277943732 0.23189273833715976 0.54292975723488124 1.9163937209559092 -0.073904976488036761 1.1059841825573826 0.099101818553766416 0.32377030156334902 0.01570934635057044 -1.183207843724599 0.52285220177986003 0.636723368257198 0.080462915363273005 -1.6131831466321893 -0.16666786677624951 -1.4950966555262033


