# Created by Octave 6.2.0, Mon Sep 12 00:42:43 2022 GMT <unknown@LAPTOP-P0PV0581>
# name: Theta2
# type: matrix
# rows: 15
# columns: 16
 -0.68552599810523562 0.087448177226475243 -0.11285014218039896 0.039458703245587222 -0.47266252361013184 0.44842826778899114 -0.76030094556280237 -0.18652205868558533 -0.61287938070867609 -0.52277093081472492 -1.3742884065473193 -0.16310908300115853 0.70863944509073851 -0.020963761042279597 2.3100062297383102 -0.51847829997852712
 0.23897336251784215 0.63095765706825402 1.4834784634887028 -1.3226153155907125 -1.2713437557127116 0.66699521902314918 -0.65919431000752404 1.4045650058458561 0.62096736812408526 0.76063475625653321 -0.93888968714052368 -0.23024239161649138 -0.0058821975536652331 0.11452214659551305 -1.7501993130543818 0.38208779342342647
 0.26323517836432242 -1.186030406579369 -1.2634395300055823 -0.48771231768241446 -0.018744086188845283 0.48150575528518968 1.4047267552604759 -1.9198946883780603 -1.9778775550143128 -1.4001952892407115 1.4253031707545878 0.53913476655749759 -0.35983467619030307 -0.084928379261464182 -0.11646609095625891 0.0098956569804956856
 0.039619449723581099 -0.049825824185541837 0.65823259590675509 0.97862797773071886 -0.098022973859042434 -1.4863927079878032 0.28587723210457655 0.48644227567051362 1.3735204275364763 -0.75456257549790795 -0.22277172492795486 0.54975382745493151 -1.0841783645461323 0.31974812389603979 -0.33932397067260384 0.5722603142247632
 0.21186472391597949 -1.0848919453813395 -0.19196086041903343 -1.9040179650437614 0.060554987938833467 -0.35013573832548717 1.5181887241899203 -0.73832174839353149 -1.2007497086269514 -1.3792098855703383 2.1769800782291675 0.24458986754558842 0.03497113108440747 0.2868917378601436 -1.2797273132235045 0.41053812789331351
 -0.34880195567144101 1.8544986482391228 -0.5801471034523239 -0.87469336923471419 -0.44205306502356101 0.2334705577624791 -1.0567042024684778 -1.2131603474531314 -0.40633680022516305 1.9961436809133495 -1.4995915816837935 -0.32555134820633841 0.60653954843244884 -0.073945772771789375 -1.0383634495093785 -1.4155829998860674
 0.36654834209056358 0.91401852455589216 0.54171768476062809 2.1013201966439987 -1.4598454105051408 0.49118968550173886 -0.72440313569547776 -1.2014739227409963 -0.29940701589061869 1.5023827141556951 -0.90400517107481859 0.11962181907448191 -0.81600154433047323 0.30956243466697053 -0.72503594958606354 0.41583601395754194
 -0.10644781478482883 -0.61177514359824847 1.2112711542592951 -1.9684247421937771 0.47817397569629211 -0.67054379419719112 1.0170527882353035 -1.1743104118660832 -0.50621617557853538 -0.15040127679474577 -0.54468463139077961 -0.63797878812360742 2.9990745860980135 0.4248209078720111 -0.7809602239132295 -1.0384148902784973
 -0.42289479779855127 0.063665112041659463 0.3673077285505546 1.0519092036428326 1.3524751844741043 1.0001263440040347 -1.1988599930922459 0.27929611532407539 -0.12127915649532946 0.4436683007205186 0.12026639288225034 -0.48276638379742776 -0.20297836273947867 0.28882450837932883 1.4609076760957993 -0.20627773967004492
 -0.17141165513414008 -1.4417078155867982 -1.2215972919966192 1.7846401157387681 1.4025756815941057 -1.0258808509722674 -0.69928398966551786 -0.56751181554279739 1.8018528211025449 -0.50588991854161236 0.36545551837525675 0.34058677254306718 -0.2762418804593722 0.082548058009070613 -0.57586920065701508 -0.047336665605573897
 0.88870485758366446 0.16980758567704773 -1.8864567430896284 -0.074244365873121693 -1.3825111388594038 -0.68903485424564181 -0.54914725538417231 -0.99508776879960115 -0.52496408456197996 -0.61997543955736178 -0.95411200267748408 1.3850442987104001 0.24110033331916653 -0.11676271674949273 -0.68224254132940343 -0.029769897905157779
 -0.2308331846814323 0.61351701229170352 0.64037767057191186 -1.3076738876762033 -0.095954662566735544 0.30903307932052443 0.45861782681650159 0.93443678464504243 -0.39048681858675344 0.31772626196191206 0.23091391794953645 -0.85346613273012306 1.1444084756553394 -0.11962562395575344 0.71610867400069356 -0.71659251611191377
 0.22787750663985265 -0.52227383469912481 -0.77826480909513784 0.27650636023449177 0.66559508759099983 -1.3220490905758242 0.45643400964775127 0.73679414217896855 2.0652950352109554 -0.16263518698208151 -0.24484555059522334 0.49091080042283214 -0.45490476400664104 -0.14384634773567603 -0.97905063209343723 0.069231073290724726
 -0.2930852238502123 0.33159147219761231 1.4749373354660638 -0.41023281258087019 -0.45493923583513868 0.73416866778833134 0.40924790637316261 1.8893242963302324 -0.10034621785869781 -0.75600196408945608 1.0223784381861423 0.48852817092977319 -1.6279321872715071 -0.39996972566070221 1.1149654793498245 0.32772821649311501
 0.08867980503685291 0.50618944443641711 -0.80722595185693302 -0.17783963708943895 -0.056258129666973473 0.27563355195022043 -1.4354976848164807 -0.25494338333165839 0.29733379955810352 1.2854951499932488 -1.7625457181531339 0.10203483269844794 1.3830878206113915 -0.23688442701677695 -1.3100629126583669 -0.85427586783623077


