# Created by Octave 6.2.0, Mon Sep 12 01:24:19 2022 GMT <unknown@LAPTOP-P0PV0581>
# name: Theta3
# type: matrix
# rows: 10
# columns: 46
 -0.24102433044166036 1.3504298917753474 -0.55264949667535379 -0.68806640833515231 0.99278026478161474 -1.1132876848829727 -1.0109845258834897 0.11630604618922927 -0.19256269059496486 0.57319785894252007 -1.0297040797627468 -0.28369075490865486 -0.18982193444292872 0.45762456699608223 -1.5895733386988713 -0.27088366621828086 -0.76429119700949855 0.61636002540315959 1.3697207753663587 1.0687905199368803 -0.18671972634978781 -1.487821893528483 -0.12167443558582405 -0.3227274819425533 -1.5250333157019573 -0.35478382404857678 -1.2841401691827405 -0.71619004620299698 -0.12397625566525911 0.37643016214562863 -0.50722365874669262 1.2218673346550546 0.32037758930771248 0.078679061129164146 -1.8602822421614269 0.73491714138100361 -0.87232629962669206 0.23415775342251097 0.71674153431724452 -0.1078949567354895 0.99178440076904761 -0.30525158846469452 1.5252852364513416 0.87428792547460277 -0.40844711356751212 0.3863785825481284
 0.28390822975189584 -0.18083177671544542 0.11105694853983172 -0.73141206257045177 -0.25760590205791639 -0.54368051994428879 -0.19542993564941982 0.35279481243250521 0.78471437917719067 1.0992465576359973 1.3423522400603027 -0.90793320702204838 0.014441527611800292 0.76997889640592343 -0.24024680975606788 -0.51916164562811762 0.45063645089342835 -0.18435152274414027 0.78605102113692171 -0.82921988005980884 -0.11307827995241937 0.13484656441325851 -0.35402789983642963 0.10368414024770617 -0.74479255181635418 -0.032435471401060678 -0.29852192915980402 0.19406753080071223 -0.16914789303859556 0.46393625302500918 0.2353720624440393 -0.20930504586107887 0.79665675807165481 0.14032023240073099 -0.78909044241527049 0.45949811206875235 -0.50161172909427376 0.59555364030181424 0.32012770373208493 0.20528514570566556 -0.18892586561680216 0.20739069668685803 0.16481992325983788 0.48500595771951521 0.67044206825635189 -0.60484393114686819
 -0.035034575725210106 0.57562947337154624 0.22864087349885234 -0.77151109902165071 0.46286502906173688 0.16043856336290152 -0.46968366166802844 -1.2777862598172582 -0.48779684118472838 0.49401018275649916 0.21716746376280519 -0.80485396483807625 -0.3042046990176428 0.88156957416535164 -0.76441240714566516 0.95791273151258005 0.017058887748900142 -0.28256811874972526 -0.0067685418433655479 0.1876615209846855 0.34298192852315879 0.40577949432546612 -0.44663976169835551 -0.3085671911792181 0.74689405603446202 0.28533493569343982 0.37934105595150019 0.81951608643458862 0.99347030965301264 -0.72592133635380884 0.085020349981610982 0.94275081360822943 0.4511731931991913 -0.13502701232610048 -0.78507854621621787 -0.41215592998962719 -0.70192861639579462 -1.0213444764061053 -0.32279156525174169 0.82556280900445889 0.84385530216294258 0.67223201813574074 0.4462100355591378 -0.020179586467741845 -0.87564692352937046 -1.174181248582143
 0.021819958302421245 -0.51783743482634315 -0.24024180806449014 0.18024182547829865 0.068984762784300047 0.45141846002676544 0.29485141810242715 -0.51941134944257761 -1.1403182318567795 0.059651578197155754 -0.25211060002692531 1.022159229618566 -0.28613520254564939 -0.39950138081560443 0.24351658784417662 0.14123075581926264 1.0151895417579515 -0.52238858147397704 -0.15802394796098904 -0.81107650401497766 -0.71269506599907384 0.94551790549859793 1.0245257320319547 -0.19472711942029336 0.0065957489653574756 0.12991960929783522 -0.5034529978305764 -0.39084760498095056 0.32047790655115177 0.081414515498352547 1.0343357211140241 -0.76481730852952634 -0.25570953050522688 0.5225905789352131 0.28464009381560657 0.69318942735492617 1.3836012242821829 0.88738269293279115 -0.68122845322285364 -0.36522461227565212 -0.67089853224705631 -0.6444843319034127 -0.62368366527130659 -0.90516440997901937 0.95720363597434477 0.51278989038580169
 0.11813461828232528 0.72747218275581049 0.93586141805914325 0.077988137256697412 0.54279822002974787 0.21348098413428138 0.7081279023664816 -0.17860600067855595 -0.53336182750732253 -0.99070825759116721 -0.67871171096230365 0.76220164972302418 -0.14680365895681124 -1.0678675124129362 0.91135526366919373 0.36920942683325436 -0.63734597950919192 -0.66228941273924302 -0.2190944519604793 0.56515690759463388 0.37261765592484247 -0.29457969502464704 -0.31796452423312443 -0.10673998565299669 0.31894282757556341 0.51840008316521013 0.56389406364447514 0.30528737875557976 -0.054314632283345592 -0.087669460593623169 -0.58432502858995095 0.36020699076237317 -0.37961693533636276 -0.11469514884645912 0.48288274596417108 -0.30602525091645372 0.308180499918146 -1.2306962950018168 -0.61496965003277215 0.67749938210568106 -0.28029900127539514 0.48241915320276874 0.021673721063287202 -0.37887622096027779 -0.37318079901050688 0.96059035750695354
 -0.053557429301514414 0.089119126244506547 0.060312888469059078 -0.57772715462335866 -0.74530865463182139 -0.50722906609263474 -0.63039615705790486 0.68069498069083245 -0.23856845214269468 0.69070228355566587 -1.1659774496791309 1.4110334026665863 -0.34513864110997688 -0.52897117645289771 1.3957058447770914 -1.1320193018899902 -0.31191500592229354 -0.99189748261544664 0.12203634779250364 -0.64740877592566515 0.12001794952556831 -0.19872131184489916 -0.82796821734731529 -0.1736380871140536 0.29504583793968292 0.21320584074838195 0.44542717993572584 -0.11221738996030171 -0.23739072197874136 0.67806593651362479 -0.40323259935046246 -1.0895759199378097 0.38923837525320615 -0.64176803787240189 0.83626284715713761 0.79398910608130124 0.026842279689264836 0.77994792066980889 -0.95342296564690543 -0.041932834076772153 -1.1693518264624354 -0.48316569692711725 -0.11420106903848883 0.71937054209931706 0.99829250853140783 0.57204633463514853
 -0.017871110037906073 -1.5949768930219332 -0.73888613243915191 1.0033160520163367 0.17663347753868322 -0.42716676583748026 -0.18998211504503015 0.12390843670929268 1.3225209925392263 0.0069537492468984023 -0.16969215588601372 -1.4815897011388628 -0.13665999001918858 -0.091839926287099236 -0.43586977488555229 1.1482335390819698 -0.091346594823266083 1.182933383987788 -1.4744325829326006 -0.3733829664010902 0.59500141994564781 0.39091075289016253 0.94657377527442355 -0.054899662222878523 0.30191489169069302 -0.53289921750205793 -0.33918746845282061 0.0094663414517684868 0.15742320844934757 0.36555039582460652 1.2742742707745809 0.78913521207768611 0.11473809667397301 -0.17972958217685223 0.12674108809628357 -0.14606972518073222 -0.38508787358149682 -0.14936472246824312 1.4366188339372024 -1.3056806033774258 -0.37187379182706165 0.10363166906141201 -0.17375757846020431 0.011273350504333288 0.44781126137358213 -0.55192669135980987
 -0.14241513341082063 1.0095345730812482 -0.21969680657963134 -0.12051393500008559 0.6272004493849177 1.0232111476062573 0.6301968862818661 0.2888758276521266 -0.55355853583781434 -0.64606708170654492 0.20942462142903834 0.08122606997993366 0.42283617839777959 1.147908212640798 -0.58722760967656262 -0.28600834687621479 -0.12542647665562826 0.41526175087347816 0.67895172136506243 1.1044150906097214 -0.12842922540440885 -0.75725504713181557 0.050122153620879781 0.092888637483943479 -0.41823159265936488 -0.99107652918589195 0.43798722735266549 -0.28784270301868231 -0.14861649856187709 -0.55851463026940962 -0.67987149782868894 0.027370315119305034 -0.39653266807997772 1.1032901082235247 0.4117663628074843 -0.16314047928720815 0.42647254393862333 0.022947804661356513 -0.38243756530495926 0.50913080195991522 0.89964286160261986 -0.87550311398136493 -0.0773518033079727 -0.082870943247259438 -0.84331910188056947 -0.097384733755803338
