# Created by Octave 6.2.0, Mon Sep 12 01:26:15 2022 GMT <unknown@LAPTOP-P0PV0581>
# name: Theta3
# type: matrix
# rows: 10
# columns: 56
 0.043522800766640335 0.93846630608771686 -0.41395256935847136 0.68909622581295649 1.6052927198416505 1.3594220058711195 0.80158530273837703 0.28004357281359699 -1.3905219520152472 -2.218195365534994 1.5376017209215704 0.12398604187270507 1.9996018159561519 0.91325588399681168 -1.2832856794961636 -0.81308179731456109 1.0229083177745291 -0.96488066099678915 1.4323929686251367 -1.0121999002404405 -2.1894086573158944 0.37525909922392942 0.22391991002297101 -0.53987351944760142 -0.39528963256731675 -0.25787628262907863 -0.67027705886194744 -1.7831200566490171 -0.76105284234673987 -0.33352988633301239 0.56693309097638567 0.96449968248978057 0.87282502472006274 -1.0333721197528074 0.38626064282326034 1.6394338441832783 0.55650806577730261 0.780436424384783 -0.98185147521857596 0.75177185747858211 -0.52905494108583562 -0.64224268497678105 2.1171953040366533 -1.3579268244213081 -0.85301797190280315 0.85608173200582194 -1.0180916360085113 -0.023365750199482404 -0.68032196673130885 0.56288330528181374 -0.32979466595149576 -0.89754361690328421 0.21257826051457782 1.6947398765401123 -0.81215760432081052 -1.8896483403450748
 0.21321701170783375 0.62774982446089034 -0.50256130124793263 -0.31311792676564942 -0.6632233411437175 -0.52651354328492772 -0.25022610111110544 -0.65740903691051045 -0.28017957692099993 -0.27156839281497658 -1.0292137339211784 -0.090765221645540461 0.091532585372602282 0.371194261655515 -1.0467537652236751 0.6350326114860344 1.1817362849266169 -0.78627519267628054 0.02619918345577758 0.17717770797019416 -1.0027341394762475 0.1429391425867417 -0.08758933483912576 1.47508048580072 -0.38618702676678363 -0.64194907027095272 -0.29744868537507169 -0.4192723911743238 0.29327050751474038 0.53157627441886179 -0.53878947334187 -0.68532691242935728 0.16795114298394931 0.81871760505769453 0.76340157944399689 0.34985203383801666 -0.4044498255897635 1.227416702000981 -0.26336822426649314 0.83536494685034912 0.61160897864497865 0.45613173511892136 -0.25451464263283341 -0.10370441420278749 -0.68341430332110253 -0.88256787498594902 1.1135048433130024 -0.66999913297765035 0.55478893450085964 -0.23116517331686615 0.21495344299761879 -0.67380298330918331 -0.079542448483264819 1.3741868583918109 0.14277037717672497 0.44789370205227991
 0.16345756025366417 0.37072918413620692 0.17235077859105088 -0.77303024372304374 -0.12103849687396498 0.32893747852378125 1.9118486553979381 -0.58556786606919453 1.0961554483158737 -1.3216495488410129 -0.71121427920022307 -0.48551020091196212 1.0371116921076722 -0.6162024061620418 -0.022941700180063286 0.96027065947956269 -0.40505451998333203 -0.49635940199475659 0.49411310815468162 0.94365179022222989 -0.09802022895081923 0.4059389516944743 0.29032994329531442 0.040089649848477557 0.14815522071921888 1.3148178954697762 -0.15809644375232604 0.81104598343321976 0.057135370978298156 -0.64791271145478335 1.0750628862378031 -0.69201677272268547 0.28236740033913438 -0.909288337002786 0.41769667879446265 0.42485389021009673 0.19443096966930912 -0.1404551806573576 -0.76309202880954996 -1.3126624219319707 0.59628116615341553 -0.92178195527891649 0.27304122666466307 0.73807338945005929 -0.10985316203470347 -0.39403375735889501 -0.24365397940115197 -0.62221894570313785 0.1181008662000167 -0.063821365333749783 -0.16636173232134543 -0.68108807656268888 -0.4131795641868326 0.21024178667885729 0.014767886235481368 0.63683977775608669
 -0.35200741552963127 0.41153154133412451 -0.76751462155689842 0.1584101173658673 -0.63066718350516182 -0.12310147157477064 -0.093564205070334666 0.26240898750027497 0.090582230972391209 0.40531007830501142 -0.31610369858527121 0.84322761972670823 -1.5551067203201108 0.54349186457074627 0.088506938234686916 0.77293807614336973 0.2443295866528436 0.25720287542102604 -1.6934275320650793 -1.4953727243322581 0.26354883319718986 -0.57338161080901007 0.40537955705050283 0.10630587474768821 -0.4109390578062726 -0.45082789878418189 -0.17961742620476995 0.63238509645471375 -0.12355636860746998 -0.64594915442739198 -0.60839551404692294 1.1768991514051725 -0.49657866570705705 0.80151594085687095 0.32065345376158538 -0.53070246894148532 0.84168815554592136 -0.069927174888115839 1.0485322214500743 -1.0628951773507538 0.66224012419601452 -0.032804201411260683 -0.43413815284746099 -0.81149863733004546 0.40345497560503246 -0.10451053422267417 0.46980313042274519 0.42326964206793405 0.024062407314960177 -0.22754986710944777 0.31246050642825018 1.2089664244443445 -0.087746268690642212 -0.094572358150601804 -0.70783444140621865 -0.31290488861850968
 0.053710599203516021 -0.48386740213643648 1.2594133391506062 -0.42568564493783606 0.37015543125875655 0.32141881425330088 0.17268759351149091 -0.55105600264435417 -0.30764211067482777 -0.033227562778939249 -0.26823448242051295 -0.63913028701992325 0.25735140427869946 0.24890065056498281 0.52319275231961437 0.36118890437634965 -1.6598574242978499 1.3188574181680801 0.78976455144833102 0.33234050143391319 0.89711216413532346 0.47146905781592335 -0.54982587048115372 -0.92624566276932629 0.69886325260882842 0.38433923939404341 0.10234108609446955 -0.11789532141938383 0.56591767574556417 -0.80901398167135341 0.21980978594304959 0.76045858494916529 0.25244300984919354 -0.80895981422381935 -0.61271254658949148 -0.24097486596402587 0.091644147354284361 -0.35778198343101941 0.011689181526834468 -0.2493923758281677 0.10240558186120473 0.63833965591603348 -0.15146480415020619 1.0395683368161031 0.21399360805140269 1.100383599150129 -0.32440570039027333 -0.5894936938556874 -0.31296423183997268 -0.25538491919073308 -0.21537508595904803 0.49908560160583554 0.58144082071528203 -0.055044181000520324 0.79391287748891937 0.3132488240925364
 0.11326843360613729 0.34976715531870939 -0.25297354592283605 -0.56015309119757917 -1.074190965521449 -0.29966322916042926 -0.092392572906248957 0.061411384806183765 -0.088320597547960775 0.15760648358964413 -0.84303940343019179 0.020161723088173805 -1.2507598206854069 0.19165619330365483 -0.14008306159067402 0.8721302617093315 -0.62131479155481784 -0.55691237610701849 -1.2764538713513487 -1.7887059841414592 0.78862200742658795 0.4155965118635645 -1.1034291335059447 -0.072435392484406322 -0.17863767382135154 -0.60167962311315304 -0.090052169578106356 -0.25274337477125652 0.69860515280742053 -0.12807683601650965 -0.55957345928266278 -0.12794869576547835 -1.00132661313537 1.6143507295877826 0.35136661921534768 0.60109677602942757 -0.73195878562102235 -0.6804956535988842 1.3796644744316102 1.3350283088506067 0.40044549752401731 0.51220147997597731 -0.1888653684030662 0.53728446631221216 -0.72734313495742298 -1.4992786805921967 0.56852943816724977 1.2038591843129973 1.5698127355497111 -0.1708539681312399 0.1218342326296015 -0.81588757874115969 -0.20275654088242967 0.72238610089698718 0.79873516141236689 -0.44741714446306913
