# Created by Octave 6.2.0, Mon Sep 12 01:05:01 2022 GMT <unknown@LAPTOP-P0PV0581>
# name: Theta2
# type: matrix
# rows: 35
# columns: 36
 0.057015518857611094 0.045022083517273645 -0.049834272522758287 0.93060104116830855 -0.18137761269350258 0.78348724688782811 0.15466898013853758 -0.39124451476279576 -0.53509018038650602 -0.17416922129815748 -0.45065299115869772 -0.026273346455215951 -0.076646275445256248 0.17461228587869312 0.080334232670620079 0.76448040849156196 -0.066108968297928283 0.27490006066771183 -0.28993358312219125 -0.38485702803438959 0.93338933933903911 0.4721790210752036 -0.8609432276554384 -0.5391720753218221 -0.6400710391068567 -0.44924255146627273 0.24563924034760795 -0.00034460712320862736 -0.31822884566334902 -0.22330340272174201 0.97053383319229491 0.069875159420057814 -0.56174726567903344 -0.03269446103827002 -0.086439063665171678 0.77883702201616289
 -0.18384546532064783 0.29179033863000459 -0.27552369917403818 0.67449394127346263 -0.20042957488914523 -0.0054489135656121575 0.065657923564517773 -0.97013657891641547 -0.039809266438262235 0.30287677135396945 -0.061523219159703449 0.1646116726069681 0.24933673126927169 0.18258350311295329 0.27410118760156454 0.27055567103637623 -0.53817173761845816 0.24175114436639911 0.099545634550318646 -0.67133873561686874 0.57973802741117886 0.12692080630332503 -0.36497281418310074 -0.69780057517589877 -0.34483581477376379 -0.20661778227045163 -0.68956545129115043 -0.16286576835086086 0.15480249951549657 1.0727596988450883 -0.34261475881465492 -0.19055887606049704 -0.29973307848543951 0.37553316672835368 -0.68290887986783588 -0.42195506116436843
 0.052688879515003187 -0.29298588532946718 -0.0040967969240888972 -0.26987266150291378 0.23987462744154872 0.8914806031221717 0.035642892309563849 0.96083881767765178 -0.052260750916190896 -0.7874438092661773 -0.43226667350010683 0.46206891486400992 0.035429059735012244 0.29480460969369615 -0.57071967325310691 -0.28851291115800137 0.24597137900209515 -0.42461692588887362 -0.024951119826788919 -0.14283893401843248 0.19055022674113414 -0.63846509690803299 -0.1247233796537852 0.14710107922151125 -0.15978732069120966 0.4385621465676327 1.088243731275444 -0.25879233088128761 0.027480143173292802 -0.36587319033105836 0.42700543918624484 -0.14102720544182543 -0.28228587443465408 -0.18422583877138854 0.42253397638849233 0.36388852855253401
 0.094877387075161718 0.58161360634921633 -0.14325452927667887 -0.42050665115882679 0.18465466531677063 0.34680598707283966 0.13588693019627168 -0.40471073246542377 0.20055355706942171 0.42891187721139068 -0.65825216154381039 0.32753763694543203 -0.55047049356018385 -0.16787278298033609 0.53847235494778323 -0.39729453141314114 -0.06153197458034905 -0.2128614723938923 0.20642600611232542 -0.81009194175051746 0.27079501064156336 -0.55715642867835991 0.66607122155583753 -0.073813821529103651 0.22599112341791033 -0.23667386907933802 -0.1375373112896596 0.13240192918976137 0.47525972516119736 -0.25562438521260628 0.43734089485977151 0.45057082637129614 -0.40577453290094195 -0.15651823534348894 0.52410643090340769 0.3627706179197831
 0.20134937377378501 0.33906676014554249 -0.47090317695055123 -0.83274704952267264 0.3030666696715919 0.43463518238610571 -0.22896975275777381 0.18050795483690077 -0.092548077261773401 -0.20856386263669227 -0.59917660634903003 0.92550215900022004 -0.062202772015991684 -0.32464316694688777 0.88069300066428735 -0.34222570799298552 0.30939682387323492 0.024546645497545337 0.41068876052659598 -0.6472442354212965 -0.35952316697908915 -0.68272591243150205 0.34684224664951413 -0.070169971992759372 0.38641405318478289 -0.35983740382949247 -0.30301674421585295 0.15142209899305462 1.1931340304139222 -0.013933447754445322 0.39680709472064774 -0.15735732548613626 0.09577887765702342 -0.60821324474980643 0.12305494729672906 -0.058013536668641306
 -0.022757459239828168 -0.17142869524222573 -0.1416291354126917 0.11652523576665874 0.10061485139212162 0.40440291702317599 0.13952343374151177 -0.45795301035959118 -0.86593274595202174 0.24102986443047955 -0.94886886656923908 -0.10779998254347051 0.33104092051112166 0.58623309683971614 0.071932156437702774 0.10712076180781141 -0.15352544276454738 0.9627038072654589 -0.19662018992077293 0.097542335409834272 -0.83752235146580378 -0.24932950837782805 -0.13664386525339944 -0.051056837050741211 -0.28468396274104124 -0.1154580224636563 -0.58182668273085336 -0.28359165668744341 -0.03804942550924998 0.53200246301807119 0.080254301620740875 0.07061391582757244 0.15217688890844108 -0.80339801889114781 0.80245750368883995 -0.18285542241471744
 0.07803311606215152 0.01459526217345959 0.0087373274107563331 0.36054555210715927 -0.23733255098881315 -0.42690823102086195 0.037886988992860859 -0.47045627881121066 0.10660014785061826 0.16180920007513333 0.68845136438384791 -0.38382521235420458 0.21056104690773295 0.17738755567626746 0.21232466182459853 0.42232005370372894 0.12141344090669554 0.67907033618912338 -0.38612325268599251 0.37579301013641414 -0.42330831776437894 0.77980783079832139 0.045794290778977724 0.30704453554830929 0.099817837091682848 -0.51902240822159174 -0.64778009235850875 -0.091604560658225864 -0.49043180644930717 -0.015416154325281272 -0.23181313597189793 0.078670187580859627 0.47352189006117251 -0.50572156818578251 -0.34285828143100971 0.01214954076139135
 -0.21406998895575841 -0.34315091365536826 0.49648997224841329 0.41424512198356278 -0.12083642037215166 -0.11222262013370465 -0.0092752494284839837 0.44322853371509496 0.5531093612473742 -0.064095167721075721 -0.17395604850683025 -0.48380081028850269 -0.087049956630671124 -0.02597977445614303 -0.46314080838820465 0.16675566490044369 -0.24570726045791902 -0.70496100313919374 0.17827383119002382 0.088486485110683785 0.90049904488943444 0.53978864735680043 -0.31421173424243032 -0.42424294193624273 -0.50528492213696652 0.26164797740863427 1.1913468830382288 -0.3419160792541685 -1.1124555864645955 -0.48716875936330756 0.36568551312722036 0.57170490411526742 -0.41810634432610444 0.27484218329710791 -0.072468006778301827 0.39679044909424088
 0.088757448933025646 0.44632188714288895 0.087853417616454446 0.40495037948492979 0.10770796762000533 0.58426073143082535 0.032183573899506504 0.29425124986668377 0.064416230247465053 -0.17461726251803589 0.25058282692381628 0.16064123547375914 -0.33117418053451469 0.22065050956962817 -0.53862808606081891 0.10035460757749597 -0.096683889544250334 -0.69146221534551766 0.34311929020266652 0.15477004387710541 0.14647349714302305 -0.37502586945413152 0.094097160403961516 -0.022092863085951514 -0.088807218080118711 0.55084390319320486 0.23631155393214268 -0.18760340012704346 -0.4468030006045674 -0.54777132276323992 0.36763005479764349 -0.95137523618062358 -0.292167316315675 0.46417678493328601 0.37903480332312128 0.67049995305510501
 0.039472052458216181 -0.010138443131987548 -0.11060304025182058 0.039409306196455191 -0.060650854238137993 -0.65854505941666253 0.15966131366727426 -0.022916177517088309 0.17757032725381888 0.99449180984003316 -0.15315719537561071 -0.64519835525640423 -0.093322973547738594 -0.8092157417032716 0.69482010475873823 0.56980259812351186 -0.11515299415306873 -0.42952132324978154 0.45874460126005834 0.1347860589430587 0.23887352425346062 0.80871639932472827 0.065669626484635465 -0.20747369075627914 -0.15770499697372506 -0.40206561070586055 -0.071198840006422875 0.099200146083130408 0.30085245936469102 -0.37929282583673207 0.10969053600531366 0.72402589641311388 -0.53194043024126358 0.60047114670576585 -0.34859194903610297 -0.41255329010394276
