# Created by Octave 6.2.0, Mon Sep 12 02:38:47 2022 GMT <unknown@LAPTOP-P0PV0581>
# name: Theta3
# type: matrix
# rows: 10
# columns: 56
 0.099589769872833259 0.45387877071349469 0.65537939605284856 0.64669150102949824 -0.58865204295718399 -0.065150168972781183 -1.4489120894674359 0.092093677376999541 0.20263027143236267 -0.52252954474841351 -0.35236182974740471 -0.31491859555307672 -0.051544978592625211 0.2761857544064345 0.6848003742397738 -1.0253946435105086 1.2119655752721172 0.30498351953019232 -0.099929913866431019 1.2993134700112696 0.17266194292512849 0.9386374859419222 0.08351232335910598 -0.6893097771027169 -0.42533571680866256 0.25519077634707599 -1.335915384572314 -0.081053494295779002 1.2207286079710025 0.92677646788742729 0.050235908622280168 -1.1043268273813014 -0.24232520409263728 0.069754564701924218 -0.26597906306392027 0.19383879341728624 -0.30280046701031682 -0.44850368909383054 -0.32746667513822242 -0.17827118969503439 0.24107969267412765 -0.73537641721280167 1.0024648507299148 0.23978551974688708 0.28935161731185288 -0.99776623037793666 0.49610511191195289 -1.6232694085573216 1.1456413207805853 0.6842061169435153 0.057833042979112494 -0.35732407056622822 -1.2693986447227374 -0.36488622406721044 0.26756010456070101 -0.37045427255751984
 0.046177467143134338 -0.32333593973431823 0.21776728199018078 -0.16961664543096469 -0.10986922658867104 -0.04932555928607233 0.08195714132032024 0.70066645075967016 -0.39325186263390499 -0.64801483448026709 -0.20822222523824221 -0.23183892938225953 -0.077518875660402428 0.0052924299592069148 1.0377795099854161 -0.1064844282966913 0.72058986295822325 0.91919192631412205 1.3410936597867797 -0.037796128603205359 1.2424726592068687 0.44715924740927498 -0.1548434073480327 0.39061592314398075 0.087976706509383995 0.061369059136368982 0.35464695189049883 0.23744418467273395 0.53802532084270327 -0.17990029873137328 0.70666460711221546 0.055755342075905816 -0.20808072925395912 -0.76259234059119063 -0.3432377540635585 -0.8937368182961376 0.20381705173612885 0.42717926580626675 0.66554437594729798 -0.89987730347688422 0.13022774207152377 0.12747192475136268 -0.64090229384668584 0.41021544898483325 -0.19138444157357559 -0.12053335772849427 0.31358445151438963 0.2681817883922667 -0.31380113144286864 -0.28397904159143189 1.2640606308037436 -0.29222718448754398 -0.91090040656287063 -0.57335011610673114 -0.3684680415585736 -0.59974045065320936
 0.090805719751876957 -1.0456680554432098 0.20778268825511517 -0.65728328377421952 -0.73867528638480906 0.90561306045173151 0.56735190480923614 0.63542455738927628 0.21914483243146182 -0.7054499105538925 -0.16934229635358447 -0.931287141085406 0.055603968202812701 0.55552534097132744 -0.5052644106398898 0.019658474937365614 0.57871705129983586 -0.1568533685107279 -0.99971337791803638 -0.32736635824476412 0.10000685568985257 -0.7560453038494428 0.58522218976166573 0.48810613683096632 -0.04910083609205413 0.43237626999912249 -0.164903407960621 -0.43323070174802464 -0.079788693160057378 0.50918945635024837 0.24444270177758645 -0.59979462864402211 -0.54104750663374945 -0.17287760905933844 0.20804565107908535 -0.8191617352444176 0.49714000123164886 0.62936545189093596 -0.051441237682163958 -0.68665039057625621 0.75826401093566964 -0.15621018016713267 0.60009425092772317 -0.012227081566671036 0.44483981090993535 -0.48202045620882444 0.40481029673012481 0.32273081719520913 0.35027636028782749 0.87222924385467115 -0.34869808083908688 0.41814092795143881 -0.44356537783636657 0.038700712491225128 0.64436122550360797 0.1003486143897003
 -0.30302766792322394 0.1047222458918013 -0.96763448006812647 -0.59793572968207964 0.77322732026729912 -1.1449061601249191 0.14781722649346268 -0.54126428663245374 -0.99860665786847769 0.4373472250722541 -0.96762519670702107 0.22204804109068782 0.12858340871091578 -0.52805349596394435 -0.43593782073483484 0.16589065644780165 -0.59288748587373319 -0.0016130089371010265 0.77722799332260284 -0.75923441130914104 -0.45651452927606384 0.51823090455599952 -0.11026082852395447 0.19955028044735676 1.2850922752716545 0.050451583534210399 0.38990173001945583 -0.91298890165958468 -0.640252170017369 0.054199419528284935 0.45256732076928341 0.8052802793052688 0.64948451513310435 -0.75121596600096452 0.70503587191226691 0.81314893249503473 -0.39841615870357711 -0.25062975283346733 -0.25962108752722785 0.14894363408879335 0.81828649780085361 0.36366185316778549 0.0092848611133493162 -0.6392044669205299 -0.45593753815617666 0.7234166278897457 -0.71849323851805869 0.27745563376234411 -0.38872005350992062 -0.47953437221850281 0.34995161617176596 -0.096493824219661364 0.82111405667727888 0.030132074190571696 0.35595008197542932 0.79662610772492881
 0.089054289948968426 -0.3370526268679534 -0.43189297513257302 -0.56545469800296133 -0.78874617633434752 0.76075487662350327 -0.24861260047619491 -0.60429112803463148 0.32144478385375114 0.35037136069078972 0.54174827644264067 0.57555305861278205 0.3447183493999299 0.54714254032476528 0.12069337061265203 1.1094403142556508 -0.40614993010679118 -0.43791510239104287 -1.3256505545429986 0.36035092501791188 -0.55261110525911838 -0.75210084004773825 -0.58868585111384952 0.47894422617684046 0.27524580441375607 -0.50154544537985302 0.68205337727738602 0.33221010001352214 -0.4208344983679877 0.30059453627122334 -0.61570535950746186 -0.26585455975048777 -0.067773669204656634 -0.2023848514086686 0.62419931382547356 0.98750979626724955 0.32324156873009191 -0.59866332487803253 -0.51942009794354582 0.21309879284530714 -0.34439202733438079 0.44005843891897384 -0.098460507652866625 -0.4485522059049401 0.22745409363396887 -0.12388528763804481 -0.030102443784728369 0.49779848387857933 0.25053072203609789 0.6683441801627773 -0.55506834332152866 0.10146946312342962 0.43106281844040406 -0.035613189484490965 0.6911348456697981 0.42229510498194867
 -0.19350654087458183 0.62560974102029465 0.02897172001897437 0.39585787133961536 -0.16353749905206463 -0.51142714022942914 -0.58725092010950919 -0.66962140119719871 -0.53677740192285373 -0.6167200742670309 0.49149123400720029 1.1357636442796255 0.5073661363348877 -0.93910089232213834 0.3275834945322304 0.76310050115531713 0.038515438964716486 0.29251151746232706 0.59820665280667662 0.113478532444726 0.48252097112534165 0.46478525674654247 -0.77119061005676237 0.56034081555505577 0.75327500414769633 -0.15218185938202397 0.58555565147636657 1.1137098550745006 -0.075213045669408549 -0.80588683765073954 0.46939275662108482 0.85010807661608101 0.77417847414034024 0.014918193856110595 -0.14726884573079113 0.68940390710582478 -0.2429077857520619 -0.46133570288099629 0.23513929494080146 0.61444304647693726 -0.91923944076524033 0.16161202941841543 -0.70573682189624987 -0.40477901386786092 -0.43129203041321551 0.67896159573916925 -0.70330893059409283 -0.41795216916997924 0.10682150055160544 -0.56159065462564994 0.060805633143482724 -0.39651747140155891 0.46781738708613463 -0.72224331585259882 -0.834530654261745 -1.3576482503560745
