# Created by Octave 6.2.0, Mon Sep 12 01:36:46 2022 GMT <unknown@LAPTOP-P0PV0581>
# name: Theta2
# type: matrix
# rows: 25
# columns: 26
 -0.029719220229545516 0.52770159459600152 0.2704027297134845 1.0218371141171414 0.11888856170005442 -0.93172403467394493 -2.27244003432891 -0.12283444909928275 -0.53286700486820515 0.1344399132926051 -0.45313714763403401 0.27458484499510921 1.139071976269395 -0.9617702169694633 -1.761271443026788 0.22827424137967306 -0.9600436812008305 0.18140741427071874 -0.63319336001853632 0.18594517216009546 0.73660998079197837 -0.67726729824214227 0.062891805655561739 0.64112860992071274 1.2721397595707935 0.13385879606297818
 0.01908694985196753 0.00097250970942670822 -0.07086050586047779 -0.77516898582808247 0.20084153360919177 0.33290108904191956 0.9786756256728586 0.065196266262189106 -0.14682288069200228 -0.072699353219797855 0.27348012730144194 -0.21933550876040656 -1.1951343689263851 0.24052704138094602 0.97400067987001115 0.088965796247179124 0.12158122805214545 -0.062639439573516906 0.8115194206915981 -0.81136644252381362 -0.67618259802594738 0.013494073372632384 0.12497771119309402 -0.4903386170379801 -0.57630064946523596 -0.35260372384539701
 0.11422439814755107 0.45448942958700167 -0.37274401779519417 -0.618658863020211 0.10609682160431201 -0.41352103654666084 -0.91435559848861936 0.27765155756802967 0.83187023007287031 0.38230324318998471 0.44285470805009453 -0.069344791292933486 1.1249492569274169 -0.26574339669234687 -0.13859431203308753 0.68669731122573874 -0.32060926034535348 0.049063420921298902 0.26933454005696722 0.24873287293973423 -0.29215973638819293 -0.24651155381073284 -0.067520791595547816 -0.29396574676615728 -0.14811889987089935 -0.023958793665302975
 0.032940235128646522 0.50510999481328867 0.66650433032713541 -0.26140326149739446 0.13968779332918807 0.50266423762719947 0.18533215571339509 -0.01182622701610897 -0.75013510143825457 -0.42000653272829536 1.1747992173421484 0.29641420248342076 -0.20228289363323396 -0.16218698535769882 -0.35406169578689534 -0.31299972765354594 -0.75726536283184143 -0.53091281286599457 -0.40746280849258582 -0.17959568932624975 -0.28981720224937757 0.27982430690585958 -0.97718113678741569 -0.33375977537761836 -0.21541836581079124 -0.53412214796443569
 0.22104971528657721 0.16386297270831271 -0.5351835855163487 -0.45267276027977765 0.27552243222811779 -0.099075918567548285 0.41179091646364469 0.33390542267343931 -0.098673804560837033 -0.56232680930883494 0.22466615279094718 -1.3175753921721292 -0.14710261989078488 0.057360255340358858 0.92318282991973311 0.85330257486727945 -0.46574102806437506 0.5142855183470374 0.54943497249138162 -0.95549613960236601 -0.81454242173335201 -0.67840145488862302 -0.10834103276439151 -0.28318813145910093 -1.6039105836089635 0.26255324053770557
 -0.015824006879369759 -0.32283441265514751 -0.44207640750496435 0.048214091548941157 -0.02710031959364715 0.95869022378595026 1.3153807580774808 -0.031077532129181452 0.1405422944384998 0.46328165509871033 -0.52312330046116495 0.6088343524799269 -1.1071659361047783 0.87889455347564938 1.4467471119285624 -0.31625765975114278 1.2488518501996879 -0.27466679301391428 0.27943256011489448 -0.28110610534208447 -0.89054208372251886 -0.37831680365108716 0.17017389596562735 -0.85156496992685426 -0.93175593870512829 0.4742065294028488
 0.31076104415623673 -0.17933580483987674 -0.20558796747860383 -0.79693323132169147 0.29141548842886983 -0.19053273525542219 -0.20418616887280147 0.3965179149580616 1.0827814553916089 -0.66230111336180342 1.0713000374550805 -0.16632591569539398 0.35914870809708288 -0.76215699679710669 -0.23856657606086756 1.0522867436281118 0.13126549272242102 -0.12805274022666047 0.51710561449184567 -0.18391656770194034 0.66945243000418397 1.2121845637678019 0.042407408507007395 0.41097781809543138 -0.91335552621248872 1.0247500136518701
 -0.28400812703328343 -0.5061438289969129 0.72286235891924078 0.42272571331370684 -0.28034658640573079 0.32520343009969765 0.49542716950979704 -0.61071954819400853 -0.62395362980010272 -0.24401908470945177 -0.55672149262232584 0.54386365620710619 -0.056352436611973415 0.67762210348211571 0.56891800398460113 -1.0903836448767226 1.1783266404707753 -0.53173087674620279 -1.1572455070545313 1.0303904727841904 0.034647174716174393 0.044021278912500524 -0.10606447747928754 -0.14668888213207731 0.43263128141179669 -0.57217731447309472
 0.078790746130827288 0.26070538963058965 0.18626223506956105 0.12846986582633602 -0.074694658524447705 0.30898766662590177 0.77538811074078517 0.34816548933802594 -1.4625046293853474 0.32450841792071156 -0.15397224739230278 -0.29650957060299421 -0.40078442636076334 1.1894303775966235 1.2871345509155874 -0.97771500898672292 0.26326445020552047 0.89119848789216771 -0.25316138048938541 -0.17664126983492953 -0.52701322687526009 -0.9555733713445389 -0.67496283620338382 -0.12207756216996221 -0.6601861266137844 -0.35164413514055226
 -0.13435272339639914 -0.78785077534171433 -1.1384097552704728 1.5244691395560879 -0.049078321277495285 0.60253488134185218 0.58909980309202969 -0.1526312241867947 0.059312312690749394 -1.1435127163457433 -0.32198835003872101 -0.01209015048190256 -1.0262335338795021 -0.2569076698369559 0.25465134483806112 -0.62686440850041547 -0.65783591480642822 -0.010987594148814672 1.0094844902958167 -0.36502112507632783 1.2463171707621614 0.41807679583735902 0.086988755066215825 0.29660964998122419 0.31770545628036928 -0.93759662138008937
 -0.15773389980584362 -0.014398207008275609 0.97136005342686071 -0.046025989474435751 -0.15050793544816801 -0.35227348057969171 0.028448888338754228 -0.69771031745139456 -0.88741374873734236 0.86082160832654797 -1.1814608371424158 0.48262774284257104 -0.4016649701516099 0.31581015435943355 0.013682307786632111 -0.11810012083231894 0.91381761339371026 -0.24065295088531061 -0.97702928534613187 0.0065485122934454401 -0.81708990323511954 -0.80053693689137029 0.60832949943111647 -0.61767597294611032 0.54178630638490854 0.33044950597172246
 0.055147577497183367 0.68377066979153656 -0.136193063374239 -0.1162051509974487 -0.037285167854626183 -1.4130390866774047 -1.9054609531172131 0.3278313853969862 0.15030906707512626 -0.59426432552275166 0.53962020631765939 -0.75349169763235357 1.0041204529426333 -1.6140465381851763 -1.507103673756532 1.0312928699675417 -1.5193869868032006 0.48310411040180312 -0.22228855176879023 0.21903761210853079 1.0628905243350992 0.030375502148313159 -0.016896786419249729 0.63794183231681478 0.44378283409948605 0.38659829519972383
 -0.24228755808910152 0.72638073123450442 -0.48292203447209175 -0.97201246670086905 -0.17409338877268485 0.69564287505477518 0.20303215854036366 0.49046528110324999 0.36323016147566656 0.9453934813310525 0.2281845637508316 -0.23588495613913366 0.33787410521726002 0.22433066376771535 -0.48953462363862338 -0.2033810033379316 -0.98422926713907311 0.83803606443731493 0.4481414989839157 -1.091291622348461 -0.050712872167908013 0.25330243122820223 -0.10635552655840524 0.086901967026284235 0.50434323552581295 -0.57878614222315949
 0.17785390823413547 0.69872767023045435 0.14870413239025657 -0.96078156008186333 0.17161896653051767 -0.15389831204426099 -0.23067979911279221 0.57963230443842395 -0.90885661847074528 0.96336414731136555 0.150448953285862 -0.84259172625830603 0.51354785005607262 0.021546083026081783 -0.14800663398918074 0.26374677720797224 -0.42264948496415822 1.0116174047429203 -0.12133162900999536 -1.2254625394145624 -0.057620528374225134 -0.28110203936863903 -0.13550827502371859 0.45445969260858776 -0.11681432884629099 0.67390823324318005
