# Created by Octave 6.2.0, Mon Sep 12 02:24:33 2022 GMT <unknown@LAPTOP-P0PV0581>
# name: Theta3
# type: matrix
# rows: 10
# columns: 36
 -0.42369606960441764 -0.34469030275479484 2.2064651847987964 1.2170616397133636 -0.3217997830131929 -0.89095457620221541 0.55626444219405013 -1.0808578312686181 -0.29934953537102033 0.67138258212467639 0.14612280967375366 0.87482557340462319 0.98451243436769598 -1.1299896458462029 0.98296727060537759 1.6694839324343733 -1.063322933859485 -0.24693377836812541 0.4978203527045808 -1.5553746156944397 -0.92148895684871857 0.86418418334216773 0.73723650204331381 -1.2538191005823247 -0.38208267446643712 -0.81540644691827791 0.0518189528439012 -0.67454432282942522 -0.8496268113605624 1.4118875106222948 0.0095536810414161254 0.81367333877178782 1.9639361674694253 -0.32156986528720399 1.0140248954788773 -0.61242284045396334
 0.20001103416126043 -0.57629894457080588 -0.2908688844463253 0.10402662239209511 -0.53708897367287201 -0.093286675102389055 0.52492117096945479 0.10645885966734676 0.60664307185856425 -0.2868623887451795 0.21576454816960988 0.35667399137094613 -0.62008185022380746 -1.8229176548300434 0.11960313328888067 -0.061756843702395897 0.16621415942137183 0.5444228847791609 -2.0743775709287782 1.0469577363288056 -1.3693144513726752 0.65718312273226276 0.63772312333194703 -1.3899346495434373 0.75090957158628846 0.62059555618432871 0.045663656206644414 0.45881806801800978 0.93565270144441126 1.094402794311077 -0.25985985734516914 1.80642129495231 0.39966597912440088 0.89506534241143898 0.12869642577115079 0.1909336865012449
 0.036377594179649177 -1.1194109365042308 -0.34025134395987239 -0.19118883082537319 0.56628778249431877 0.14166003677769329 -0.44377791457400972 1.139228348742543 0.78136002119332648 0.7804737366770349 0.080642832841088155 -0.046535794081189449 0.89982518667226585 0.71192253571523978 0.96848662206249525 0.10294132501720117 -0.21366382434833056 -0.15538602303158061 0.076993207016162482 -1.4074122352929417 0.2161813998720086 -1.1201843153814977 0.48580642761623427 0.37577082476749557 -0.39742275055128223 0.46723270492074526 -1.8811905697129632 -0.3682498116179474 0.28669261157519854 0.82277575694333982 -0.48246285559233937 1.2909877711646729 -0.21838479112432668 1.0788760056277069 -0.93236854284670123 -1.0069176155495714
 -0.20046126353502944 -0.75067940350533724 -0.023526238532195532 0.68752835548046676 -0.80772803995311682 -1.3479234341635808 -1.6869112019187824 0.2764404221259652 0.38015755031220555 -0.98211564819957486 0.55001768910528737 0.41469634939298011 -1.4709277905429594 1.2182746224246568 -0.44984845330469442 -0.55637140050080436 0.49570275197365499 0.36120669109198633 -0.71811266611872904 0.70755105166197152 0.20731792501020779 0.32250607403883313 -0.4736070883775903 1.1025460604258153 0.57762670908689173 -1.0549492434033823 0.86553513574433172 1.7193047860180504 0.67700248722766299 -0.81788197471866841 0.76481880065339258 -0.71349507525623335 -0.71833177251263147 -1.2541650010712291 -0.019268496934231872 -0.51430251887306866
 0.31180372928839811 1.5599448898103681 -0.66667170013020116 -0.50379350248158961 0.78519508539443894 0.78681223184474269 0.29203413290317753 0.11492241904586886 -0.23639806891666806 0.34104068927441622 0.22917758713517569 -0.81193238499007592 1.2391408323174762 0.77417728110763673 0.075900203406578701 -0.67888230892398183 -0.033004692720548852 -1.126831001060681 0.65064651868514689 -0.086587657739880919 0.73178567686484164 -1.586804948110571 0.18510514909271694 0.22071734560033968 -0.71730412229113816 -0.040527993281127273 -0.24203697632013876 0.354636590538986 -0.60939911245360245 -0.87809273568373414 0.6747288714462143 -0.69941896029331185 -0.23942834855919354 0.44064275189632962 -0.27942383575111396 0.039238750338363625
 0.18266281360840425 -0.3624824077032841 -0.55262417590053292 0.18907564116279688 -1.6768872771641514 0.57198866785409497 -0.21090413890589438 0.25277595306916534 0.32170128562631062 -0.36375730469856077 0.4861066867176172 0.39723187569866014 -1.5956755324091367 -1.7667708321142721 0.20834754827777655 -0.82322757298892146 -0.96468130722447665 -0.58805290714612313 1.0498025360190453 1.203713731252235 1.2820301328662094 1.4933067362950283 -0.61678629681597152 -0.95057155104953917 1.4248220664278168 -1.2822119430586085 0.45178198751244952 1.5395172804052386 0.63631148307920271 -0.8734178114523391 -1.5772806152434844 -0.22973625744382681 0.53425552978662405 -0.17825481910476165 0.51357155939117671 0.44501346550034293
 -0.30177930345947879 -1.1363884245566036 0.30125696910107125 -0.28384134257260185 -0.033541589946427683 -0.49390314398624613 1.1337752814481334 -1.7598810169591073 -1.5370611596201718 -1.102113742568406 0.10556650174623901 -0.312999095014319 0.04455317160091523 0.54681289475513595 -0.090688315858799204 0.87466827497890154 0.28654006859539216 1.0784771396056974 1.6355303985097185 0.17237044834013213 0.57825023904567463 1.2784673875491717 -0.93971154819515068 1.3229359276525228 -0.3349459634705077 1.3038173583559949 0.49310840615604018 -1.8218937363512122 0.67059238297426826 -0.18427646533575584 -0.31984340445881787 0.13430189195657838 -0.74380709495189867 -0.18810496393326989 0.093090686972909328 0.60813246522506603
 0.031423387497622891 1.1470916805092379 1.559013501301435 0.16193490993320078 0.58468932405189 1.0906736337280158 -0.29861002609489934 1.1897671908967682 -0.0017650262639378291 0.84718190227682744 -0.4410163134040157 -0.19823492304063592 0.67932108488808207 0.29476539202930063 -0.2141020846251224 0.24704389405353411 0.7511653973083795 -1.7000694128298872 -0.31960730301841705 -0.60372807078636659 -1.9414846659773146 -1.0842499844746873 0.69885639600011729 0.098580894540013855 -0.68591921257231281 -0.66901391301992807 0.079381025732768742 0.25822081041472039 -1.1690104083380721 0.73464990576324574 0.24922002597143819 -0.051479885130660527 -0.12482228752791037 -0.16560363706943304 -0.44682477238036844 -0.10025635243321454
 -0.023223249393984964 -0.73307796808448888 0.55166086673818748 0.14647727219977344 -0.24229141681487001 -0.085106348623545283 -1.3235061561277337 -0.16395440617088311 0.075424551931044082 1.1232805618475783 -0.75677476234711483 -0.061434933414241777 -0.80084572740992577 1.5848940435944967 -0.38824230864212445 -0.14388743806424042 0.8224647768970238 0.48350286403563469 0.62971521559709331 0.34300552076874086 0.16344591007583073 0.16741261667177409 -0.75369494781980839 0.83736483628364788 -0.19503038155936309 1.3934634074897427 0.53083171299909226 -0.81871610254980287 0.39807760019189692 -0.28014351594000103 0.71332545616995435 -0.79584869980706696 -1.0239532789605394 -1.494287195853607 -0.10713909258689765 -0.20159559017001699
 0.2183085341172698 2.2275150256052769 -2.686989486936636 -1.9882558334651366 1.4199658490354155 0.5058875607262201 1.6398655372566351 0.16477436685311994 0.25287488332377855 -1.0648435371030527 -0.35622181805950642 -0.70143623880922013 0.83525016478102165 -0.55231829986501746 -1.1002387011792871 -0.63539392368685521 -0.27646530389978147 1.2423081234305686 -1.5868223118300409 0.55019812077611185 1.1408786009593901 -0.68696948927717172 0.46476787574624889 -0.62224162394963445 0.040255123099429364 -0.00057051544685136793 -0.34550745322844867 -0.60876389423600863 -0.56626229752370127 -1.0044565751208681 -0.013985602301204355 -1.1805412145116476 0.097438513833323054 1.2988795231457426 -0.41721048431558383 0.85521934721184101


