# Created by Octave 6.2.0, Mon Sep 12 02:44:06 2022 GMT <unknown@LAPTOP-P0PV0581>
# name: Theta3
# type: matrix
# rows: 10
# columns: 26
 -0.32269598734634142 -0.57651727616457527 -0.080725783169648443 -1.7197110259058288 0.82098474648606246 2.4924017169981623 -2.7005485981286239 -0.29057420062643485 -1.5590662009591372 -1.1777995666403562 -1.4982231511384734 -2.0726419619852794 4.0861312270273187 0.45552359152115235 -0.31864050795886839 4.266884318577274 -1.0445269728776254 -1.2742557407094353 -0.69339662872567254 0.81181181367164179 0.74158177307562334 2.9149379861819398 1.7104414275413984 1.334864044145913 -0.41166022955391168 0.48302313284238418
 -0.09099932687597502 0.032954579503646282 1.3966567053558436 -1.6176427573018013 -1.8163127112628914 -1.9394449244630878 0.7771533819807448 -0.8166799802105611 0.37556926071027208 0.14227864739152901 1.1094343149612382 -1.3589378490873116 1.4614941391142202 0.53332059271009469 -1.7155402870785375 -1.3995971488454622 0.99043620042851688 0.90098755148222998 2.2400229973078449 0.047902069637491544 0.37904028584861132 -0.38144759730061761 1.5139376369199915 -0.79154599003995951 0.26296254043522821 -1.1360716297780333
 0.02873091183198246 0.0093601187404282818 1.5804557958932963 0.15060514210558629 -2.7732017918123262 -0.17631904792264755 1.0347256997538006 2.1617334166267734 -2.6158469982450137 -4.300669854369624 -0.70673230690794242 -1.4846457725416629 2.5589635340391097 -1.4106140576431849 1.3541437393535611 -2.6779196049238081 -0.54108510945479904 1.2746372939142556 2.2311080448280904 -1.8299755509281423 -0.31250941906891877 1.0906805567867197 -2.2840596420502211 0.86484431362643832 -0.39215597382440426 0.37666577149313324
 -0.3968197738422013 0.72808666479424744 -1.8871400880122713 -0.30453425866069783 -0.48793072630892104 -2.3383706012898946 1.2349002058098884 1.8921040828028319 0.23539812682578284 0.74342433625840643 3.3628893239390498 1.7577088055547794 -2.0137922217887847 -0.11261274240024335 2.0988136555355617 -0.05869941650098047 0.78712352347935588 -1.6549270317769313 -0.95259504887018809 0.15257030665873128 0.27001690526055905 -0.35366593530746693 -0.21223861359869356 -1.6596110674171249 -0.050185102524051652 0.62357808747612364
 0.0041289064283080573 0.99066989507314673 0.019095912908939652 1.4968302812361722 -1.5269166992963017 -0.30981338841794442 0.8187215170350719 1.6178058503259494 -1.0117202643399341 -1.5138698118791947 0.1256531201900557 -0.27802345460135702 0.16252871140888792 -0.5372078522729874 -0.71065199205883667 -1.4193731922403297 -1.4225343139172584 0.33985754109411309 -1.0875880107624822 -1.3742107792171969 -0.12524845114234534 0.045363039877514867 -1.5482339492994495 2.1783450459987308 2.1704441049442922 1.1528146681503761
 0.38214143476891321 3.4852376084212762 1.2386363632713702 0.11830482524333698 -0.5745223861088351 -0.25888275806233674 1.8705282385102038 -1.1199479948405018 -1.3495524682306685 0.83869237524338536 1.7104566216637831 -1.8807883841879469 0.29113497363580049 2.7863439752971071 -2.8114231171507429 -1.7285125078578569 -1.6958909437288894 2.6119739968655518 -0.12618876298620707 -0.13754341990813318 -3.0465318501365068 -2.9347961320158351 -0.9774225101548325 -1.1974950836976461 0.60523392036455503 -1.5981316869273419
 0.34515446798413929 -2.0675272474741129 -0.21897853135391918 -0.35541116180817989 3.3179533844805058 -0.38761003481406647 -2.9882948038594792 -3.4085610491484108 4.3499607969021934 3.2883806319078754 -1.8776966695653432 4.7665855969277855 -2.4544981233385439 0.62339506918250709 2.3719726487319552 2.3818154850157085 2.2418459150704795 -3.5163134617665297 -0.67279599732162654 1.7321682908648914 2.8284467579748118 0.4395088924806928 -0.43110234839294481 -0.7823311016227481 -1.369115804469591 0.6608498863233021
 -0.78608670937167668 -1.9564160318324801 -1.1563559915848709 1.1933394683993634 -0.95248760210904593 -0.21690300412726946 1.7953136749502001 0.86330403486009555 -0.98208707215980184 -0.88626928171051755 -0.33865039654823559 -1.6788630523251653 -0.36293544832021146 -2.3439610093318133 -0.29263803471901922 -0.3612311184310833 0.12437121880103295 1.3647931206366835 -1.0314367049248807 0.10362988176065367 0.6316967793177668 0.43569336485960519 1.1091210095904036 -0.72470054985778631 0.21146987951659754 1.1295377476094264
 0.19140391717412392 -1.4030373057595984 -1.9068645173245795 0.016270016187939173 0.80703145907888452 0.53692539073355627 -1.4854372667887357 1.3944687294683891 0.5740774007134255 0.13756970640751356 0.15822790099401626 2.9219978371712041 -2.1816994356511583 -1.1988834978020559 3.2631666076674257 1.8332952213885365 0.34808631775351834 -1.9063065305443179 -0.54534672168566189 0.2932230841121034 1.0103240574443904 0.15024345172250123 0.68082744807319695 -1.0418552372950609 -1.2080393229736304 1.2288170994741316
 0.76797503150563118 0.50815452711453513 0.92898935921386294 0.84082351889518192 3.0177518916403736 1.9094722413735634 -0.19555014359806591 -2.505627939816228 2.007645008818209 3.0117453505684417 -2.2127214418336481 -0.80224752139808653 -1.2585938017811795 0.97897964399901161 -3.1485128994901181 -0.72659474949670855 0.17871376011223244 1.8835958225045815 0.55047731770540587 0.55882502667558098 -2.6916022669007713 -1.4592841925658158 0.80422716902363744 1.5718689256802094 0.31554737844783531 -3.2249429387596225


