# Created by Octave 6.2.0, Mon Sep 12 02:08:14 2022 GMT <unknown@LAPTOP-P0PV0581>
# name: Theta2
# type: matrix
# rows: 45
# columns: 46
 0.019617839104617615 0.16692019789299675 0.00019771898130986805 -0.56934195695252521 0.062719789806374507 0.1083033042791573 -0.45933456648827564 0.45544057669514398 -0.98124974360319828 -0.61365346321950198 0.73011362405554592 -0.89680306058260517 -0.18456847339645954 0.04155600070001296 0.68176654479299703 -0.04554517876313529 0.061512688755544824 -1.1780148765459342 -0.11222085283185132 -1.473020684286112 0.087784629478860732 -0.028712020841311244 -0.094495967749547535 0.55017140712331836 -0.5029416727996836 0.64289687077483382 -0.25616986424021582 0.050082987918626934 -0.26740221827723715 0.81241024818432994 1.3907547960376101 -1.5585214884893341 -0.081729955598935186 -0.72681671586059471 -0.44777082578917715 -0.1241296624755692 0.11210617303209464 0.050342871221451625 -0.059894260217587467 0.12709951465809921 -0.60197600333678536 0.47086893030824156 -0.22780471642178293 0.76063126511605739 0.77217019839916234 0.42132585053889077
 0.0021079205898736704 0.25612344068304854 0.10162890272029952 -0.11717070793171649 -0.74974569062622509 -0.00824328752128114 0.25187399334145905 -0.072186616641158857 0.39504233240859093 1.281855456633652 -0.046100680544187131 -0.18858177638292425 -0.34759698658502769 -0.25290774271272859 0.32616391955990726 0.44916271831190774 0.91624198933127654 -0.61939463933118855 0.092226979516526877 -0.048958860190466642 -0.6352669402378649 -0.19891236431928236 -0.099101058882538159 0.75245563602473708 0.57559901334144525 -1.4495387355365981 -0.41160848653549181 0.64675234449210051 0.61381388148484761 -0.9099768176276154 -0.28518106929433029 0.39623186987767983 -0.90285579935995897 -0.55772806274648135 -0.71303832181915749 0.26501816623535956 -0.15324894002868622 -0.56380580332274477 -0.68609440285408652 -0.36494314272905298 -0.69755364131241859 -0.16880771585282714 -0.085453658483139461 0.84711742363372777 -0.58896302734355199 -0.20476882837593052
 0.036598601249025343 0.51469697692205729 -0.048549926032174298 -0.22476932089343021 0.31245354481935372 0.2332630627682287 -0.10782691023339665 -0.089863051083318934 -0.26609279216484144 0.27437903768970751 0.076381247652506978 0.14682129330977639 -0.048629129827160854 -0.090380460602652868 0.33307998187885612 -0.18912098435054184 0.24572476705257679 -0.1864190048650726 0.067905597714172927 -0.19546106410058806 0.12827823700975641 0.055623768340275243 -0.0080607628117310721 -0.29612629489907322 -0.13875073217988371 -0.17774463370236529 0.36306486444301728 -0.23291349277205836 -0.35860023708749067 0.30088628756127606 0.3874863893962065 -0.15237161292224197 -0.35424461469903529 -0.19915452985688337 0.33135572712733141 -0.3377064022384958 0.33704932360189133 0.18189839232871971 0.15063031092721282 0.079173732695637281 -0.43446639764219208 0.19483187842788155 0.024466281640662037 -0.2958451460919484 0.17137120277025922 0.11207820970809547
 0.056031646904611383 0.219457352370273 -0.034906200882314546 -0.22351142784031655 0.32169885003910592 -0.1071068390609461 -0.09470677787066703 -0.0022794529884617161 -0.11036081751350421 -0.41000760499411731 -0.49653391553956361 0.29511634823565569 0.040027670825679595 0.012113767508820785 -0.33031607593337187 -0.25515242719643466 0.46295129297405757 1.0533405369285096 0.029805392444914938 0.77522184020668039 0.21899507921809663 0.27443111588818225 -0.39477199619719555 0.33007855217664328 -0.51050105095586407 -0.17672304116915188 -0.24465701755819835 -0.54057109423577454 -0.28891443125427041 0.19389386380304385 -0.37682591296667228 0.36658187529625991 -0.16435216192091209 -0.20764305533455105 0.24776253736779583 -0.51576556631403614 0.078550222838828482 0.25411896790250588 0.13682212380681852 -0.16979028675093352 -0.13534726061866534 -0.0091230824246490132 0.14671365979410611 -0.44234027540104764 0.41248289756769663 -0.31228227020992938
 -0.1398536732310478 0.073836511906126182 -0.11611074229797604 -0.29988333012716495 0.46400441037171725 0.055076798307130394 -0.075740039845463986 -0.033624341579464603 0.46992154955909338 0.81935755787758935 -0.64678117046084593 0.67865727940194742 0.40501353827586922 -0.074146280238725576 -0.44091626402447481 0.3803304337978789 -0.21926374864156142 0.58758356053451866 0.55386501166802449 1.3017076948470063 0.3273337714375274 0.035609205329790568 -0.59099793280040358 0.15970468659753451 0.30112316874615924 -0.97678593769639688 0.050877132991336553 -0.6480204112205703 -0.16434109817349524 -0.74238343367250692 -1.3442704453371082 1.141092026535939 -0.17673981889041807 0.80985779896376231 0.50046253492562809 0.31184849332901721 0.071289503391932671 0.76898935768403442 0.24763940246649926 -0.36096239128939533 0.56585029471917114 -0.16732517933505317 -0.35800478785341305 0.11133427124049582 -0.37224252731775026 -0.37766296694934098
 -0.08569082344670223 -0.096137866209259334 0.00034289962902353581 0.61685487394081773 0.19736777012684492 -0.0017765977702634455 0.25134322938121806 0.020388624149996815 0.28079273014849687 0.098975613086290395 -0.39061859561353263 0.6211785142496079 0.16641869274568932 0.087318725010484891 -0.89449073494369935 -0.089370103868931836 -0.53357411606957306 0.51971644463377964 -0.13084726033015415 0.24836609812975133 -0.15494556244637858 -0.27163116359325995 -0.0016006360178847539 -0.90897786202748376 0.91585906228408487 -0.034255706799182488 0.031967844352779232 0.1300056202071023 -0.20545095833687227 -0.28874678126065012 -1.1683288932132176 0.67077769360499351 0.56071683647469939 0.55783200316354298 0.051936143204356862 0.75588601007445733 -0.24693406553652927 -0.0075378702508326042 -0.34966819343181665 -0.045181980066064789 0.74746079812670241 -0.43346188735433361 -0.42508276583629512 -0.56821297384910907 -0.98068164125227719 -0.1929466760443406
 -0.16351315619347079 -0.29251165223680375 0.058529093183151727 0.26908275371540685 -0.40042781859553728 0.16838642111498422 -0.045037999019094194 -0.31283354192732082 0.24841954813994324 -0.35104465615135422 0.19366253507044656 -0.021519393723256793 -0.18651402419561902 -0.057372237084402061 0.36194089652321187 0.3004346230042157 -0.063862774342959103 0.35609062958267107 0.10982004194193015 0.081199899384184079 -0.26265867650703262 0.22297754492498806 0.036134474968430204 -0.83351269794506067 0.22421429005332838 0.11970752710977701 0.61752242763657272 0.092248603785733935 0.45883549489938102 -0.20403487969414108 0.19099153116538009 -0.25609138722207853 0.12692391723319152 -0.026287715298630051 -0.31990687637803888 -0.572190256364979 0.3142085234488759 -0.20125983319937907 -0.59055634135437063 -0.17174496214789028 0.28658585122523933 -0.372304872918157 0.61068295747045154 0.34836077134852467 -0.7808499728528896 0.11597433230239197
 0.13645460996367337 -0.19924309937889675 -0.12359953603681734 0.20462622462080599 0.47632472596455228 0.050645602004316788 -0.44181346707607289 -0.1414165806785779 -0.59502161938875719 -0.38952109004782859 0.0087569675632546834 0.23876742055019379 -0.23627921603875213 0.17652433139127585 -0.26670043733287874 -0.36460952714184452 -0.32276551417615368 0.19231601139191612 -0.03300238683212281 0.34275503857882383 0.078763001785842557 0.022684753938902 -0.10126402034222795 -0.76716818524587882 -0.20621296053638968 0.031553267032528108 1.0857113835659922 -0.72331395849702551 -0.55980942813489554 0.51237925312229848 -0.098537788534903553 -0.30317692956252951 0.379017309618292 0.23208840481979551 0.43573798802710445 -0.07895835553865195 0.21597925062618673 0.36150760540904486 0.21121401693257374 0.091261291166246025 0.15405625591135927 0.19661595473094526 0.58195871725346193 0.15733899727959777 0.060649473932026805 0.10572013869577111
