# Created by Octave 6.2.0, Mon Sep 12 01:13:26 2022 GMT <unknown@LAPTOP-P0PV0581>
# name: Theta2
# type: matrix
# rows: 15
# columns: 16
 -0.47219400182981813 1.9505721434860004 -0.91380314593042344 0.23202413093968341 -0.37979631982141715 1.6166803727404728 0.096307646440494957 0.11473467593890069 0.26699157379855837 -0.15135793315953261 1.2339157691545493 0.36263747786816097 -1.4608488438795528 -0.040466369890945583 0.13830047811096288 0.51081616570434241
 0.019232878118623557 0.17679891997218949 -0.50732455237352991 1.3496142728200258 -0.46316985404977595 -0.83139917877369141 1.4266892536231572 -0.98037460363620643 0.54067387027810787 0.78441395009678982 -1.2263093515338483 1.1128582976155079 -1.9265325666413222 0.33577344038930834 0.99062506160904107 2.0015325526729213
 0.052822029626865316 2.4016511811492403 -2.085393796687478 -1.5396326785240453 -0.2988818090208113 0.76349101983202783 0.026318730477040947 -1.3294420941158474 -1.8612962664812678 -0.28836154378376722 2.4379847997631567 0.24555524528932543 -1.2101068101145074 -0.7804120001189091 0.25502630913443136 -0.39935010370069451
 -1.1265250665233373 0.44216168519389926 -0.5029017676927412 0.49075771620921044 0.73343281130938065 -0.00048343422735046466 -0.94061802168556441 0.863570769282069 0.37601474649376587 1.4457037717524459 -0.31421160652931496 1.5295202920748183 0.77342749917863496 0.79634946356783098 -0.97963059638084737 0.2016321885568014
 0.093025121736001401 -0.25645358367975307 0.57696736187301956 -0.63200067404001314 -0.28210988747943999 -1.0978393432081386 1.2254214775656027 1.48731831618713 -0.98363043564502162 -2.494636495031167 1.3763970210679175 -1.8564402461874605 0.67526721527366829 1.0416452214513263 -1.8262956388124638 -1.3130952632323591
 0.052473226670403418 -1.8430066578924591 -1.7466681029649465 0.393339718039874 0.5498685694235057 -1.3233680036721747 1.1600571094729448 0.3513179924601903 -1.1092290302139558 -0.38653994872403641 -0.15419177581773044 -0.1668836729337082 1.141617357063107 0.43222168008284184 0.77225889609257847 0.49381897364437649
 0.011941275663527108 0.052702565317059476 -0.10247391604170916 1.1673179621823289 0.478934499273304 -0.36803529508531191 -0.20047123191710256 0.91202898494311635 -0.70161697977288173 1.5683690752619137 -1.634147671484921 1.0306465150392699 -2.2169542801542095 1.0198100923605531 0.60940085169307656 1.1267934887193132
 -0.26349357461153478 -1.3041896435532023 1.2076045431864397 0.59557471155344666 -1.5808838714614175 -1.5205839938648829 -0.56016346247244275 0.958429693664543 1.7955522341832937 0.96896931902833705 -2.2362798848886785 0.091721289516109139 -0.87227244135806337 1.2152382837598628 0.19272242504630724 0.58852684547316436
 -0.32981893522982098 -0.39798080879671888 1.2414434187699959 1.7700472227882642 -1.9577385608317661 -0.26737423186195397 0.66833932150892883 0.12562889851635958 2.47575528595535 -0.31083939121393839 -2.1490568960007348 1.8481540465278052 -1.8052460462935942 2.3438903103513913 0.19647864147673288 1.0970966093677659
 -0.70430593282366272 -0.239920250077679 -0.81700032899137642 0.18232465483279156 -0.19563471681438444 0.2930853165427062 -1.4258836363909371 -0.036087970321673241 0.69464366817589784 -0.049111764197962884 -0.73543249040627989 1.3232958117776801 1.2952097201287018 0.57672367854130968 -0.48157630330665263 -0.78917769113772596
 0.69538473296913139 1.0610156627004712 0.69229648778500374 -0.51194513901599248 0.39134614020843816 1.1085397618859805 -1.8471985485019504 -1.5254454262512211 0.79797654597645162 -0.23628575997466816 0.41076597212053589 -0.72027354088640594 -0.11429228209961287 -2.3952489724312294 0.34988090610910161 -1.1571624773729938
 0.037203757484523294 0.77955704369076428 -2.1530572506321928 0.009974423868411764 1.6452163945625251 1.027454440959805 -0.95492528114693964 0.53827126211636767 -0.13927517774823472 0.94785906527060659 1.6615032107344696 0.94527847484514627 0.018909219250880439 -0.62406750859862192 0.69791371714160344 0.6707450674043155
 -0.1669675839810417 1.2083154231555115 -0.80406817499990646 -1.2842336435994486 -0.19477718458486076 0.48920828651893927 -0.53033423427273241 -0.65490649901540532 -0.84027755520065406 -0.075369830319091682 1.3129946549350053 0.19364330595825027 -0.69635147009248999 -0.24506080194158852 -0.1687041917602875 -0.46687635537829392
 0.021220463245830923 -0.25640647034976316 2.8270064852476233 0.16761808840486614 -0.38168952198273515 0.64397542936454366 0.32685141949340424 -1.5023510449728874 1.665432416312556 -1.3621363736329364 -0.98505373669308849 -0.36999161552913495 0.50752750753825071 -0.28013656711369039 -0.80246639183346125 -0.63511174428643102
 0.37758023146358843 -2.7511913487968997 -1.7951030979748319 -0.32420976980114752 0.76121938570686987 -2.1019313871334377 0.37174535059388875 0.50903672207339246 -1.2869520805097554 1.6053910298797647 -1.0015147177346506 0.0020824721770118207 1.0412665325165174 0.18337909709107783 1.0350735053504454 0.85802283524740819


