# Created by Octave 6.2.0, Mon Sep 12 02:51:06 2022 GMT <unknown@LAPTOP-P0PV0581>
# name: Theta2
# type: matrix
# rows: 45
# columns: 46
 0.017204348105937167 0.2704440537477199 -0.089676071105147109 0.53235193766173905 -0.11119808151567968 -0.31370458689420877 -0.015704560328099606 -0.098225889072248038 -0.20999422284972691 0.041543730666260881 -0.039760348209179286 0.51962487409112312 -0.33062597864412202 0.52710119468107952 -0.38360454320243459 -0.54273906786154413 -0.023471859178711536 0.042830149883486761 -0.043428469037367523 0.22227473766160649 0.033114781200815173 -0.017488445317463405 0.01858163891549466 0.079298283764922955 0.58737953034816304 -0.32550047954367967 0.37493678159469473 -0.067583601678425587 -0.11561301684993582 -0.017821028463630522 0.26072983328066879 -0.56965167528149496 -0.13529927671691203 0.35728698032637562 0.10278539717375877 -0.10879578101917618 -0.1032685058302676 -0.0046284719156941493 0.26811960560955972 0.43710032363002377 -0.038333395164236034 -0.24981349714489359 0.20544909956991914 0.19252340762974446 -0.036790435379377359 0.25330279629527169
 0.053449723177315743 0.37813060415991834 -0.56669161800348478 0.59454646644648124 -0.025774691570058454 -0.64499354665045527 0.43824885194397206 0.077160168338801155 -0.12610274449276815 -0.30798457380290567 0.23669142416557987 0.26483554766550976 -0.38190073587219175 0.021733274356446487 -0.27455002886205998 -0.41389018621459261 -0.0050578494523460657 -0.21708501408935429 -0.22860307895431065 0.52478479551951918 -0.018587063029792985 0.088374860568637331 -0.068049538703236961 -0.19532896792693707 0.36161914029552777 -0.30061850885142627 0.20329462955708441 0.034137360814887933 0.0086767269189907473 -0.097480071624962222 0.044635990870448845 -0.56080613916896693 0.068044323555259315 0.46860716351015369 0.062046894821902718 -0.27702570006629229 -0.053239337538501866 0.52978347866031028 0.17491194867588897 0.031541598571747424 0.10244944931682062 0.16981691455489631 -0.056871927240439747 0.047296621689891086 -0.3677095554008622 -0.21614050423138872
 -0.045102851873675284 -0.21401560399856526 0.080394695508687039 -0.75693509250462887 0.060337759071549264 -0.0063039841962774972 -0.28797895537202844 -0.23723403313545535 0.36659953209976054 0.38460177363579678 0.27453646746397209 0.046131238876228345 -0.034882694384048944 -0.30136638781738079 0.13541701816990351 0.54248006157090478 -0.2068163461340351 0.22946601878090711 0.11215419216514164 -0.17198211470733624 -0.22419764686245303 0.32530039444982539 -0.1071749594262907 0.14363255421716659 -0.27010620202146035 -0.091727651771136176 0.35277053685130555 0.042148343197050991 0.014663378578535885 0.017813249345142564 -0.27565362210189592 0.5846493857577425 0.13456076045040763 -0.38039198498557086 0.11121956881462958 -0.01763781854011745 0.030708293015431463 -0.54190212696834161 0.29542586515426872 -0.0023461488693176198 -0.16779827950248807 -0.21249571678905543 -0.067570006146468048 -0.34518519488448796 -0.084564403117336595 0.25302045058790867
 0.064751486988811405 0.28321477835748665 -0.30576493916400399 0.18715308125852895 0.31508029998887926 -0.27012424043906014 0.40804764847596531 -0.10814537801112792 0.04981024018437908 -0.34179220180371173 0.11386964842816094 -0.025665421343834798 0.0014998298086998662 -0.1197100955819823 -0.0063587045578969168 -0.38988497668290539 0.25818841830557149 -0.12154722477586961 -0.42259313184550823 0.69681607489545516 -0.0058615281668532478 0.50660731903160061 -0.07406976349291311 -0.40393856892861951 0.2495774797195007 0.096616989737637216 -0.21379748035284485 0.078623555850650617 -0.067020775393661636 0.028878746949305912 0.70617105490569043 -0.12844243673652625 0.27239087954347291 0.068564746239675955 0.25723470771320761 -0.20406420724481303 0.20974359441099547 0.38644346806499852 0.14119803535398703 -0.38421896673870781 0.61052252001833029 0.19531976135123538 -0.25966827185919122 -0.071984926575658817 -0.33390115583209717 -0.13102710310360358
 -0.059862025108596804 0.36150013980559809 -0.082678723862676079 0.91567935480232998 -0.25983505142184615 -0.2772454005041019 0.28454549254384143 0.23106818676657603 -0.50192055496826649 0.11957167523357082 -0.35320658395793303 -0.12116811715196646 -0.27680035658566005 0.46663138528722659 -0.27018383940425639 -0.6628635194783411 0.085572845570669118 0.11721749336042456 -0.00055826997879543361 0.11737012921349743 0.5034793025815768 0.010508282555654124 0.14938872793045324 -0.26855610931841173 0.88417627814840594 0.085092305648830788 -0.059539796169114624 0.26987753000105341 -0.30700842672677336 -0.042795411684612567 0.20862037152591806 -0.69426831036916192 0.26813910127757057 0.23835959539551121 -0.40114943497973277 -0.24676168005879687 -0.066839650344510684 0.29803956570038559 -0.10487027647891529 0.63570530526529057 0.061797377326909882 -0.0050475860198990344 -0.010560302642546076 0.12168457204139764 -0.27501389226584083 -0.1383643073295818
 -0.14407670159262331 0.19644710654648309 -0.2325078584385403 0.037693807545890329 -0.18375838224038077 -0.47269343808934799 0.55613189159903775 0.45188787367648031 -0.20006755123264658 -0.23295750044490127 0.0073404937705000744 -0.085703960097883836 -0.48283502634206343 -0.295573787951595 -0.041103857345933942 0.46895396749534324 -0.19409081019418062 -0.53297728837316727 0.12287016901928774 -0.018416628757465376 0.78944466167970873 -0.50615910956030485 0.14351743644039158 0.26898767926353734 0.15491559371996322 0.06522254416079197 0.23128019792585613 -0.29287922553699502 0.083542288061175973 0.022578500525467074 -0.59866298138746066 -0.11937946229138957 0.16491592656865925 0.45533257132488791 -0.14916970518767228 -0.33632875644508109 -0.17109987453021186 0.21150965230662799 0.24852414446896942 0.095823296401401456 -0.24172229911182433 0.30396402767332675 -0.30742329129980295 0.091441856858742926 -0.2002922328019465 -0.11011267502647605
 -0.11959358567129942 0.19360509126920175 0.0054699278639428525 -0.33052168838084017 0.43777811114952414 -0.30638758642570446 0.088999253649030746 -0.35708632117006101 0.1777669781246583 -0.3765460631323177 -0.19394229904501531 -0.046937072897745083 -0.093782726512295175 -0.097195675729016787 -0.35137754571190838 -0.28728513732382233 -0.11066212057347138 -0.063149542201405659 -0.51780828545782798 0.082111903546666615 -0.26598259365405746 0.00066620074233008264 0.022886192362324212 -0.19525270749978699 -0.087235507144583502 -0.37814883989603937 0.27129362147170583 0.020185792895034829 -0.050958063756060913 -0.088587596960527551 0.31186710825011349 0.22820639144570892 0.18089855847661265 -0.1635141016473429 0.14793248821493862 0.22178120536814583 0.2587292240631533 -0.083697630354122435 0.52402622065112303 0.069858212623098284 -0.065367458191060643 -0.02672370866782477 -0.35859573614708606 -0.13071902355492304 0.25457951557365632 0.2084163778344727
 -0.13851603068739102 -0.058622302237687191 0.050282889166620749 0.14773193088168096 -0.22670005792480841 -0.038405192754247565 0.028212551040970625 0.47156271997974952 -0.16117333131279735 0.26965190519699866 0.41473508081669364 -0.15428150559027709 0.16090142048565648 0.09220467072598372 0.37452934801707921 0.60701212653513503 -0.33985131123364504 0.020330329144560899 0.21023212785863279 -0.18425857424645842 0.53831882812153886 -0.23018092834693465 0.17922999745134707 0.26941452631993057 0.027404512724525557 0.78217566385983872 0.13293318615690244 -0.49180037092718309 0.18674924865510684 -0.06864038193054027 -0.64994073672413022 -0.19935197196755428 -0.26123351204126966 -0.08974219889044828 -0.19331199224079743 -0.28437727306798843 -0.095173686627921153 -0.057012895096218402 -0.79397101881856047 0.21212113824548079 -0.12747168092214362 0.12890145148150897 0.066140907126632661 0.17187663337320908 -0.31888483100189324 -0.037127857659757076
