# Created by Octave 6.2.0, Mon Sep 12 02:09:01 2022 GMT <unknown@LAPTOP-P0PV0581>
# name: Theta3
# type: matrix
# rows: 10
# columns: 56
 -0.31204848523969869 1.8794201459128352 -0.280160852251434 0.60930284988442263 0.23879968792068806 -1.5313670542128894 1.2508675427305584 -1.8725253701628877 -0.87587928476757049 2.5189198714838166 -0.82983442142690822 -0.50582492572791926 -0.61072625061105723 -0.29045324317096288 -0.7437591574932324 0.62875499162006621 0.2866274318542158 0.49576963909054073 -0.38722349182104643 0.11307844463992188 -1.1206017643471207 0.72803251445291262 0.74651241509135824 -1.3960354065178768 0.47356285620465888 0.24561445472343021 0.33028016168780527 0.95180621673243637 1.229136166825042 1.2547213969655449 1.7213222465745481 1.6624001374732988 0.45830045582425899 -2.7983273565956641 -2.1413580223782192 -2.2331444746460263 -0.35681996060203131 1.1422197404253034 -0.83047149184856417 -1.4227595964059463 -2.2025402311319286 0.99429950101592857 1.4352987240316077 0.99243134575636471 1.6561797052652922 0.29209935610778914 2.2338011236901751 -1.8778825404466557 1.183529409334851 0.70771135871145074 0.85491674440400722 -3.6167769071014408 0.52424049434114217 2.350989508856828 -0.74001278883190347 -1.9359366635005948
 -0.013815599417506945 -0.34233460939873139 -0.98251626646486723 -0.4729426952536091 0.57934787756449302 -0.21921023645439328 -1.0850403074986221 0.14929458204619891 0.42144767849414061 -0.334251194006777 -0.24096976906356668 -0.39968867744762038 0.8831277385639591 0.73849908552481869 -0.20868225922284198 0.21102146071453537 0.81087451530029331 0.49944367520425625 0.16182798345904356 -0.15948349995313438 0.65023293257546599 1.6607802807347074 -0.18648896444335372 0.545474815309686 -0.89870659613542581 1.087929084216215 -0.90068721482975012 1.5674296427286736 0.051274013223645859 0.53988636136321155 0.39186147889989176 -0.54822742715079442 -0.45590464584531887 -0.62613541011318397 0.23573640922751982 -1.2305255519250484 1.0286546048226313 -0.029787553331818907 -0.4100534302679148 0.32259036584941325 1.0300743941170381 -0.40746371294129574 0.10393783204939767 0.94255181762552953 -0.14361751296973602 -0.5745224945308206 -0.73313858788917174 -0.097668498369806539 0.47442384287929829 -0.016526905415181502 0.4610783844809912 0.11330829460338648 0.536235038965031 -0.32542871389384975 1.0116757037226436 0.83078333581517749
 -0.093913689119639293 0.60465770596315882 0.45036895863195509 0.23244763518451567 0.29097653298753662 -0.79930222236300441 -0.073070834515606461 -0.58723405648901073 -0.88988551183667619 -0.78113588515747101 -1.347758654340298 0.71192919085268902 -0.35884550831898648 0.016338788851811035 -0.0029696542084231507 0.24340219107828887 1.0111292956580138 0.12538016600515811 0.74981710602273532 0.19645151676684508 0.36145015653107204 0.42773358762610342 -0.75797452934963971 0.67271093135400795 -0.13840180306127459 -0.82553885224324375 0.26557554517993986 -0.21285091622786143 -0.57724440076872874 -0.36017063889775147 -0.0080663731376271301 1.6392189079935073 0.064079013081364281 -0.36524679452115633 0.35865317175388028 1.0339354181574647 -0.40258960722866549 1.3360374706853524 -0.33674298197870939 0.020565644193028788 1.3144082914581838 -0.71639218890261691 1.1777105046033778 0.7907664702451952 0.11915456321353546 0.0065716819187954696 0.25402693137500765 -1.1387250878066786 0.4378529422550595 0.18938783534161424 0.4172541715515754 0.12510095843936295 0.88652650864049343 0.20607421661565636 -0.82478142983403258 -0.55854366127274069
 0.12017748457623965 0.29377905780038166 0.095273370053311005 -0.49082383764934323 -1.1210019171054313 0.54880197443771206 -0.66137112281280763 1.1010850338359133 0.59428594895726328 -0.0095236915386096785 1.1369392977662023 -0.012955251216028661 -0.26091457367673559 0.51513651093257429 -0.0050644685738449602 -0.97297257693392991 -0.31445787989348695 -1.1861191602759233 -0.20365388945263549 0.53246777849968985 -1.3901038576349825 -0.53547447639068457 0.60017455550573162 1.0571057503993637 0.47873728860767356 -0.35200258308584043 0.43637663076121808 -0.77928488627131942 0.18800245036810859 0.31851165498225387 -0.83933967993126701 -0.43617144772257704 -0.43290771500578867 0.97981280989933051 0.56072538135157046 -0.50291118466085505 -0.55230229848713419 -1.0667449805300511 -0.30177913000025997 -0.57344857453246867 -0.27343796698215789 -0.54111471081799323 -0.88083548602415451 -0.126804301210488 -0.67898491652714688 1.4448217476881526 -1.4008947984508351 1.0178099249892891 -1.3796801015528026 -0.98408467838163538 -1.3838930881854177 1.1483258255029718 -1.4128746022131164 -1.0507243617394553 0.057953633523996483 1.6286907758476077
 0.18277232324766191 0.043562045555819509 -0.039114166860830607 0.53083580233900685 -0.57916684575358246 0.092262443294843594 1.2081841293618325 0.55823431084241526 0.2572244554518508 -0.62194876344589833 0.66124328124839538 0.49649225238240147 -0.077186056326068175 -0.26301774765094416 0.18288163247641148 0.8151335373012919 -0.51941995953227627 -0.94920504708303988 -0.052013640133467404 -0.34275507187234761 0.89790285851641338 -0.29766877976447392 -0.09889514759977952 -0.024918190366365472 0.24191690833649845 -0.14116641691583967 -0.50352772164324267 -0.49202046814896894 -0.38808982451076818 -1.3099541034973869 -0.14899179634457169 0.60850627231148169 0.36186860269919008 -0.095112538521222978 -0.070232362545712218 1.4814079084953464 0.070622092312729576 0.73118466082576761 0.30317046890547761 -0.72654640507984503 0.4387480530222968 0.054231389764396926 -0.47165966634105311 -0.95976046712156926 0.14917733060517255 -0.034501330738617608 1.0558574997975716 0.28280675763216623 0.59936686886167501 0.1510080046178508 -0.14887973703012361 -0.021760196859778227 0.090088428767644044 -0.43296927167999505 -0.21820639283886881 0.057400795180882272
 -0.007895158234868133 -1.1704382775371933 -0.48273135228922209 -0.35881870717940528 0.43746047143677685 0.61241833825392078 0.41474396360624283 0.46180930133815451 0.12665156851643464 0.19239677633027005 1.0570555819994591 -1.4145201074533811 1.2043092537719347 0.14454738857776153 1.4086980145207684 -1.4650381520746145 0.52146968454495402 -0.94613086953215075 -0.75980250221110934 -0.29065090054115739 0.97452984392222042 -0.6992287145093431 -0.05143366095354987 0.14194420433798602 -0.34685348726351517 1.1891405313407228 -1.1397878059479591 -0.51853971313844516 -0.58636188720344506 0.37316492380146671 -0.071872706035272654 0.10729707145879971 1.5810327135304107 1.2550188743562272 -0.43760961095440487 -0.89369937388793508 1.5340621350670982 -1.3078952099571346 0.47220738238689214 0.36471370425875232 -0.87039717392903271 0.64562461682223704 -0.411286888997064 -0.52645514492735335 -0.84783492176861575 -0.92120414255925265 -0.2985629474828902 0.27482628321686725 0.56498545722531079 0.038880459413076468 -0.25851675971875787 0.85959836587241978 -1.4717390703641962 -0.70362824632745369 1.6888012338537388 0.46760233398791679
