# Created by Octave 6.2.0, Mon Sep 12 02:09:01 2022 GMT <unknown@LAPTOP-P0PV0581>
# name: Theta2
# type: matrix
# rows: 55
# columns: 56
 -0.17636078881824963 -0.37162364101962136 -0.59586155344943692 0.37834586429146982 0.026659431841318394 -0.67251031038991227 0.1763950819020268 -0.12961941801521634 -0.43137408156305967 -0.0075124224001291385 -0.0031005397139150172 -0.10295580936411805 -0.0038450984538938937 -0.095043419565684711 0.10531120270946838 -0.015503103979166636 0.00064101514559041601 0.17135204460365977 -0.30194743953041381 -0.84020428015709381 -0.31966251288544001 -0.10951407719742584 -0.55475512238248925 -0.50814274179080554 0.14597135127748376 -0.55052720342061967 0.079899729335066338 0.54561699932471175 -0.76679918667921687 0.22919043552379381 -0.0067400830990048729 -0.40015215765948842 -0.049739745658471918 -0.25909200805778265 -0.33511990885025073 0.046656958691803203 0.094979182463568138 -0.018106108177181418 0.37896049098472923 -0.21160531279168823 -0.30058096794947042 -0.06473254665102926 -0.034732248550842053 0.099279628361353831 -0.090107451564423485 0.28147976254590834 0.1861032962933814 0.22163083180943055 -0.1006143029784398 0.35906843192588611 -0.082730388736945021 0.070330318633389163 -0.068650417684424592 -0.39468032196719105 -0.2141676869983028 -0.48641548533246293
 -0.22651492705628151 -0.55937139988619922 -0.18679230083936013 0.34858923120184848 0.024277175952744135 0.10159130114743511 -0.056176547131724958 -0.32016278197747255 0.063919117243177045 -0.7764197495015569 -0.29291801526054267 1.178128778468043 0.024746032123447486 0.045052293437670698 0.016644720563081149 0.091024526662008928 -0.1455504234041386 0.79360770416275694 0.10667066298487241 -0.80747200254754847 -0.87884585797652726 -0.16702635945441563 0.59256725844502101 -0.10743051938982827 0.012767903279883825 0.10628692187276353 -0.052615675349578485 0.02960659475571344 0.22586978410441808 -0.12891751632877974 -0.084201888657257973 -0.30108928142804897 0.095531463436276443 -0.23703751078721563 -1.043541030043464 -0.22986626471995963 -0.74506351873744925 0.034748203109818257 -0.18192692407203781 -0.1203866972954766 -0.32558692441806653 0.10446874957037412 -0.92580356319985113 0.37825259812180373 -0.59826373451085857 0.042902678294859456 0.53810066671354206 -0.21313456780044923 0.013412013626366952 0.26267479071776362 0.073182691019400101 -0.49587554949620294 0.4085246188992584 -0.20593197522894291 0.19750654580099841 0.2002814339819507
 -0.15585356527876554 -0.11604227324220311 -0.50094894930237022 0.078267594451143258 0.0010472099834654244 -0.71364109167553424 -0.077233995146387069 0.15108118149578253 -0.082854693972763627 -0.19916225853834826 -0.022512055160704456 -0.48022628545924828 0.15651866491491198 0.061844264640798965 0.30470437087599272 0.010309611590780294 -0.01247744067188709 -0.12362691532772506 -0.3763496966731425 -0.57414894694970009 0.099283769806694261 -0.05433737603837091 -0.42125985193331994 -0.82692749787067499 -0.015109120088986844 -0.29923287808718496 9.8923107566244948e-05 0.11638395451596435 -0.64783812761845794 0.27151800350695837 0.045549356598754642 -0.025911174827947969 0.12520212026810296 0.09594084995114989 -0.23679636549055377 -0.25040055209972056 0.11535079494722295 0.20345463323473301 0.19792618658839681 -0.11637517755805885 -0.24295134651856679 -0.2098580755455898 0.27880470096442839 0.098242167043196132 -0.37156475044126963 0.21072583088758653 -0.076330356985070472 0.1702274493969641 -0.31936116813865784 0.42173009037896086 -0.41195688515861378 0.042549215803131202 0.24483233334905927 0.032080007086327141 -0.42755946397120603 -0.32366458625040578
 -0.035310009956328034 0.12812710767410598 -0.29066990361073219 -0.079932704876644015 -0.1640059101993879 -0.24930637224350879 -0.35350863179314368 0.31352362027848285 -0.56396469538422045 0.28771837408518192 0.23651713321935106 -0.35127164701574493 0.15036784780387905 -0.15611944601475586 0.002993031916247617 0.32151941993341876 -0.32384937111760609 -0.72673314538492884 -0.49715064587115254 0.33442594314621021 0.32585642102782802 -0.097587706318500209 -0.13078358355926711 -0.77410930461959437 -0.2680525491926003 -0.18550374152423221 0.10676634121282089 0.10455538776379918 -0.089583490854512518 0.45546797701682024 -0.10782371698635133 0.26682167439647836 -0.34312529127632718 -0.27175193753682086 0.46203141948409593 -0.059661438750914883 -0.1142892882686663 -0.22504796238736466 0.10837678891346543 -0.054363723709068112 0.15633897689449197 -0.099047378440161926 0.20293408079219369 -0.68332112951003809 -0.029985423854909224 0.15797231709003764 0.076566380488922378 0.12956919542665998 -0.3789124875218019 -0.10167320367122837 -0.62448808011614243 -0.037685823330031759 -0.44037661309880449 -0.066276236511365355 -0.40853341367752866 -0.35542337776352623
 -0.13110843829040059 0.37457796762328249 0.54488805670897356 -0.30557613374648729 0.36077223105677575 0.4751020467022305 0.060392423645736888 -0.18204331919328029 0.5516339546696245 -0.30704034649179274 0.11998202315422396 -0.20407854380227267 -0.2556914196242287 -0.17927789755366993 0.18405906947874109 -0.40288638555594486 0.015054310416036928 0.26819374883165392 0.64501317669212921 -0.13062095084757527 0.27715283799179413 -0.096224812315390151 0.12840349402092413 0.37841684940524767 -0.11425022099320441 0.39560743533927922 -0.013225211621632704 -0.43807218564982942 0.26780749006776522 -0.58146841256879067 -0.077537741270680638 -0.13504848599760472 0.013026550406293483 0.71501079799760869 -0.19609482944987155 0.18110507970364612 -0.15959254662460159 0.2521270852349925 -0.25820692494587538 0.12910627723428336 0.099337395567305642 0.039686951886579044 0.23955815309572465 0.16119041067760739 0.29257440586962719 -0.27124295564515438 -0.0044732589365568043 -0.19165135479613316 0.0048587322738004677 -0.11565352723106588 0.59667682040907322 -0.084033424150633557 0.050904914914862057 0.28043400331465101 0.43106782062433074 0.46026000430219699
 -0.074576082133831822 0.019636913534871566 0.46153436157308331 -0.35169116326132654 0.10385191511117164 0.25602310047428828 -0.012742831825296067 0.78787272413264253 0.216937934080038 0.040187336197571893 -0.29873284238038395 -0.029045406404466706 -0.081432646458349328 -0.35491141432311718 -0.13585756649768491 -0.12728243959830274 -0.12751827405469279 -0.44253954460694533 -0.6584342137460466 0.47469104009134788 -0.26338450415215253 -0.015681407830718887 0.28550112848303832 -0.44928181975029646 -0.37730784051406568 0.40459966082153581 -0.26477732900292161 -0.29702435034652436 0.33811681141636224 0.019864690365192481 0.1248466065201333 0.56377672391090317 0.27397931114833035 -0.34310465983815042 0.062799717806702932 -1.1248270086573999 0.25376344962304642 -0.20433951663443359 -0.1905535384410631 0.15021822770046861 0.35531249133424575 -0.17533563782387376 0.31045960862075539 -0.74096273108271549 0.31354150636193112 -0.075304882504502513 0.090558108338595913 0.0060402701774810667 -0.25195249307787082 -0.50545050929450475 -0.47752977989922618 -0.00059054121935762005 0.0049055263177609628 0.051459914570345024 -0.41893411219994808 0.51560774311835489
