# Created by Octave 6.2.0, Mon Sep 12 02:52:25 2022 GMT <unknown@LAPTOP-P0PV0581>
# name: Theta3
# type: matrix
# rows: 10
# columns: 36
 -0.52583559797909385 -0.49108421906154381 -1.8455952186152977 -4.4016144884774784 1.8688371907428407 -0.73179019051410343 -0.33892319137013466 -1.8307884425065175 -1.3222451032315115 3.7352313122002703 -1.260349014011189 0.40180021138890248 2.5258743571056663 -0.95961435725729261 2.7345761680816261 -0.50300789426352321 0.42893444916435064 0.5021253159662048 1.085463146898533 -0.48203483352135196 -0.68407588203298653 0.27392942420079541 -1.2444742344829498 1.0395161606768093 -1.795077056010641 0.90127977384614577 -0.98379699213488825 -0.54268681600386437 4.1142939196680315 -0.059789170913365677 0.65903812639780379 -0.65606065107979994 -1.2321751145532764 -1.3978977545341884 6.2519555480613747 -0.79680267733702304
 0.20880884985928636 -2.3811136102896038 0.032611449024169119 0.55096762270178157 -0.64520652774494081 -1.1509221707185462 2.051106928480269 1.0656625223470171 0.99722554187664014 -1.304267807488154 2.3795281631852161 -0.81422247896383715 -0.26748412618125839 -2.3123700905068469 1.7106398508248428 -0.5735901964405018 -0.81411467817860106 1.1110471527461088 -0.6886616931090872 2.0560433210232896 0.69387857953386356 -1.4185202929946779 2.0348879918256997 -1.6774840714931971 1.3256878747232042 -0.90249954549790512 -0.97033776643011449 0.8795046432439011 0.57078382967578967 -0.43380910651602078 -0.48532788662991994 -0.43235326672670066 -1.446290870767087 -0.012342038717218409 -0.086208974624405924 -0.94270806069735058
 0.35496793920782965 -1.5716102291064453 0.88618345295497325 -0.073997444886835614 -0.39921610609965152 1.0576511738615102 1.4144966792141667 -0.2221277442022174 1.1691122355079548 0.64955346444390771 -0.23363307858048749 -0.05033749942363993 -0.78873061342743123 -0.67618991784681615 2.7302496587250937 -1.3517678349902993 1.8687270195419634 -0.32658874787276077 0.10808279263854574 -1.3482370946412596 -0.10281524473783839 -2.7081415777124178 0.85904727126851532 -0.57965281945056746 0.86032723812770595 0.64643274973584752 -0.28030333223685605 -1.4518993315491286 0.60660220620147776 -0.068712047930181444 1.7130084973961661 -1.1345874196046597 -0.57830515792850556 -2.0651411771386079 2.8162902113666877 -0.23759179590124063
 -0.050502313336119896 3.7957120338975545 -1.3784411978711719 1.9306823387482097 -0.12760774491734322 1.3413149852624351 -1.8797637754156158 -0.78824380072554512 0.20293349112271072 -0.7152543466264919 -1.3266910568975527 -2.4542580362748621 -3.7723664787086117 2.8505688343043007 -1.3004676009677094 0.16816844653848248 -3.9082241204765942 0.77126969867783912 -0.41743741414501473 1.0753260032938687 -0.76591103767287372 2.929306546089085 -0.07110132110809729 0.99059403948065117 0.39290199336469162 -1.1233472498701402 1.412387665233781 1.6698447437221708 -2.23806038234286 0.84145229940287025 -0.37743970099844792 -0.74400123364674642 0.64136225355800103 0.80513206067076271 -3.4829261954900685 1.0024399787428937
 0.1865983931443293 -0.094918905404144771 1.9922435636165619 -0.59670036505052115 0.36734524077932429 1.285531438361365 0.23144407197843961 -0.21073898450882719 -0.84768600513621639 1.254120728769059 -0.10381813608041564 0.51868138579025092 0.55081876572218169 0.039224947497785642 -0.2524947060302879 1.2510344719603073 1.0623534188035739 0.17572904115017426 0.54669585085021632 -2.6736194215172366 0.15722927415125268 -1.1895759194579509 1.0516603188414175 -0.48529561301350194 -1.3968939245153575 -0.56309507999640551 0.47668050683945967 -0.30226908788761386 -0.25976600087085805 -0.027186024492795408 -0.010091910309268442 1.1827583931014634 0.97876576086937095 -0.1792728632552632 -0.026449112554164735 1.0787604289251318
 -0.079107619704061841 -0.65495120268352125 2.7873028874351546 1.4973888738771612 -2.3043183850634907 -2.7036578461075136 -0.86489699503609285 1.3379475357376467 -1.0115431394802226 0.13745428784293162 5.1284812261275041 -0.37543499850881223 1.9786659452589082 -0.12329351403763346 -0.50022140473130183 1.8346697573055581 -0.24718672118165985 2.4934087006763659 0.28727035195913175 -1.3021267728817678 -2.722312820923332 -1.6963294573602361 0.12853385706810427 0.87145474971478043 -2.1129251376091824 -1.28490055263182 0.16771350682900091 1.3942950052369356 0.83166035485505674 -2.5606081426002363 -2.0211731237400636 -0.49255085709408863 -0.28681004628097495 2.6104533512336499 -4.2351330612760885 2.0262909447481392
 1.0162274650739411 -0.35878604051735918 -1.1478472772009964 0.60135610275771811 0.072501694376403261 0.63322730978605002 -2.3608478671302771 0.99355220497132579 1.6403416986286941 -3.0706701340864613 -2.243255298911508 2.0235795981865423 1.5059720878577352 1.5915835204960627 -1.3052458019067419 -2.3957975913690017 0.63836769716975461 -3.0156340950978229 -1.3579867851652361 2.4053929552064726 1.4903469288661162 3.0535249841563061 -2.3003350523971875 2.0737873897558092 1.2124086297777656 1.9016904368382888 0.30118499486396072 -1.7634610248233615 -1.1733334744474659 3.5700687161910682 1.2575472762994337 1.3366313910900049 1.0352779090447313 -2.4558975446609308 1.4243042681982749 -1.4550924066344721
 -0.39149286597039579 0.42113909575568359 -2.491632700528482 -1.3844292914741687 0.58735014080976311 0.35140655418329891 1.5296195792900302 -0.31095799129074203 0.0040758703576277821 0.86393372305123484 -2.1182685593775252 -1.3796714151769849 -0.43171853079805789 -0.32477658860123026 1.6145097054436217 0.65853748305750437 0.5641358803040325 -0.76523136321983221 0.88298466542603893 -1.1123631688673368 0.61478081368393811 -0.56601309287545531 0.38012980173618904 -0.51041363861904132 0.02451203477536066 -0.057965737720064352 0.14811683612829971 1.8747148226965222 0.5061387659972153 0.41153990389048661 -0.75622527470371503 -1.4874867947773034 0.98454571276503333 0.053528579150897711 1.2526077119222219 -1.2495727434232176
 -0.20521190582469118 2.2070345794303505 -1.5165944146940891 1.6282227520888863 -0.156089967666171 0.44065604656089585 -1.9005849345192691 -0.64538142937505716 0.81648405854022021 0.18797369229173713 -2.8407397465696911 -1.5833294687054633 -1.3123466753116608 1.9832192428235149 -1.9294441738139438 0.88282525082604479 -1.6049605361738768 -1.1126579100903091 -0.83223531748047574 1.0162822542692023 0.58319623745851856 2.805814525718894 -0.77337681071531439 2.5471241571731698 1.6315409328600199 1.7047911071729944 0.28522732938197343 -0.35374719945581484 -1.0952023730529972 0.24292135686127903 -0.29768914690522869 0.46501535867675187 1.1488695798182258 0.593784333105011 -0.12478131577855861 -0.49189083296924135
 0.12930701486554036 -0.7521470992767102 2.534305207632833 0.25487655257057718 1.1995510137422474 -0.7649335475336585 2.0677839890998584 0.59605486074402825 -1.8055161876849892 -1.3577094219469283 2.4694667139664719 3.8920503940299098 -0.08014578069040787 -2.3386357367684547 -3.6685082913419467 -0.092131853508374204 1.7543869733349919 0.61481275952003556 0.43270481187092086 0.24650166023254419 1.1638279854988252 -1.4026866468872432 -0.0097773630538374838 -3.8849453979458337 -0.4462387042191916 -0.69713345199033994 -0.80621126615276351 -1.4067022444763693 -1.87410902924362 -1.6087154820252791 0.24669624083616329 1.700030392014874 -1.1970844872192705 1.8772262314897226 -3.7249767316467661 0.77668388899194729


