# Created by Octave 6.2.0, Mon Sep 12 00:55:00 2022 GMT <unknown@LAPTOP-P0PV0581>
# name: Theta3
# type: matrix
# rows: 10
# columns: 26
 -1.8783013321880573 2.7280558134742674 -0.10383289444359585 1.0587938207838359 -0.95035516789222485 -0.97541760615921247 1.1716886090582448 -1.1068802373828091 -1.2297940531596696 -0.29855595746659275 2.7593438262995678 0.61042692415129263 2.4337230704659394 1.4103346408840449 -2.3378124502454267 -1.9848156245900719 0.50087206029012277 -1.0423630277365838 2.4814495328478987 -0.95264112129743772 -2.5155943427960241 0.71726397233348316 -1.3217618070654764 1.0648685180390414 -0.59222460473652061 0.71880710981580531
 -0.57810571477680361 -0.38039624684919937 -1.8422239882817901 1.2689546795187079 -0.39962109305202159 -0.21021818849065657 1.1886702333355512 1.7847816105510566 0.30940080980650209 0.59373321460919692 1.1844090076533793 -0.11002722507522723 0.3239242877011787 1.4166984015334074 -1.41358373522473 1.2917636348491244 -0.86824966737979647 -0.96197134411074348 0.41709583883587875 -0.3291680456310031 0.27257742278709329 -0.52461254497930532 -1.6046568591496337 1.6464755637942707 -0.5987475797855577 0.12226497945798598
 0.43061097774100016 -1.335977635893308 1.1434854327692245 -0.63375035596046492 -0.93947024977699467 1.5752417250073747 -2.5000587175673727 -0.56394813177037961 -1.1941368121264799 0.61704535903553703 -0.85351333511838912 -0.40577605771958514 -1.8583689662720233 1.8484326232857613 1.3168594922632508 -0.73768960360442348 -1.6602000171645819 0.09605278410100071 -1.0466198385044536 0.6793925254624642 1.6129429354533982 -0.0025484268109416128 -0.71915012874792261 2.7809451888034604 -0.95875254506833141 0.64131935180836386
 0.38893253065197675 -0.5168445088537672 0.17137573612695423 0.088841358579434496 0.65436750145866884 0.40321541328460597 -0.77067252083571325 0.75019921475367368 3.6232436299420478 -1.0137996042068549 -1.1631794414476002 -1.4120027413804599 -1.4092122219641541 -3.3085030669662294 -0.7712533915727583 0.98416524858717491 2.4219642992135055 0.80545412307836239 -0.56420120987017586 -1.272980056906607 -1.2285443818114905 -1.1504653497289226 1.5966327699242995 -0.84124498132146186 1.111374444110613 0.71052349038045171
 0.49591446969608372 -0.43454126182998948 0.46705681459048676 -0.17584371167681082 0.27805812418379394 -0.15278767302049318 -0.36808756241516194 -0.80942977918035308 -0.46896986933544044 0.67417506956779738 -0.85851038467986984 0.29273531055180096 -0.31504599138209716 0.1495793773496743 2.3088405898989706 -0.33920944221017135 -0.81689961619914953 0.51807653699069833 -0.022454436620813568 1.7350534048235995 0.50941729415393344 1.3318262574088418 0.80724028671201864 -1.1297104952071444 -0.39133944469614318 -0.931240522057033
 0.035148002607490805 -1.592167182384602 -1.8172927737031135 -0.19052279708652767 3.3641510997528639 -2.3512825868866023 1.3396600927912812 -1.3998310512177172 -1.2034720863618056 -1.0883893717047854 -0.87085747674182556 -0.75238283752217694 1.9089910077882721 -1.3202986380431665 1.8493819364692978 1.4153960509827168 -1.0785471952411854 -0.22963608360155621 0.035879632992141385 1.1457836792846141 2.2334692605133015 -0.97529571071057719 -0.36308125689081744 0.66255520199707885 0.14077240071028646 -2.9329456934469946
 -0.3482186624047689 0.95546074612224285 0.90492012529098487 -1.6789051977467642 -2.4321883137950655 0.92781590757590027 -0.13430863306746421 1.7422145611304276 -0.13467192101783759 -1.0633789457032683 2.081974264188688 0.60484339660142938 -1.7928293654613197 1.1300683125152526 -1.9166998941264102 -0.20043637646238319 2.6009700170345962 0.67233198746477296 -0.70309345164318238 -0.31229126310223776 -0.68841416988386117 0.77115103855763512 0.53458642269224177 -0.81085407260456421 1.4876368388478622 2.849229847689251
 0.85328612918110103 -0.004366323649635539 1.6831893327815335 -0.25676707758852341 0.98443103313785518 -0.70128403609979362 -0.17629247531409628 -0.021209340390570632 0.80083058285203734 2.405358583615496 -0.94873347160586052 -1.7299298300379147 -0.18799911928103213 -1.3340869964246009 -0.61368091507014821 -1.5910030929351022 -0.05415264498576712 -0.93355727614146389 1.3795525687773194 0.26676944172764883 -0.21648488395370755 0.21158458380342141 -0.63434981743487651 0.39582207105959444 0.097466278411883114 -1.2235994466520772
 0.87358342692600399 0.16806869822219458 1.9617433484616318 -1.4775144444529247 -0.63475729486102084 1.4816352397435701 -1.6294930427800443 0.71748890347382777 2.1225886637643354 0.56877277043616581 0.99194594914365408 -1.0286879892925687 -1.1789628692631098 -1.9003134934351145 0.12995950515859622 -0.16133901994693675 0.608218612333149 0.2697910451256974 -1.0775719650230704 -0.56974448817735324 -0.22022476806588415 -1.9401873473135842 1.3919752638672389 -0.21292281400251856 1.6556265492051077 0.13780309944705599
 -0.27619007051302369 0.2736061111741368 -2.6736506472406618 1.8527341129979498 0.17209708333063711 0.21964600449568794 1.6216610843793073 -0.83725189532451805 -2.4089687988245378 -1.4333187819021411 -1.9372849140808064 3.9960887519334998 2.119053766398757 2.1525104324113324 1.7327168647482014 1.4596391086843221 -1.7776574442818269 0.53765294147397891 -0.98679461830404824 0.22222875279646997 0.2508719250967702 1.4707471757036714 0.24112114110922347 -3.329605470585951 -2.0084900724951806 -0.10734307264822623


