# Created by Octave 6.2.0, Mon Sep 12 02:52:25 2022 GMT <unknown@LAPTOP-P0PV0581>
# name: Theta2
# type: matrix
# rows: 35
# columns: 36
 0.19783397973633107 0.38041616826910729 1.3539786429957055 0.64709689320996355 0.80742211722274737 0.90150970378484219 -0.45241824254199325 -0.23880653083031392 -1.1353997366657516 1.3629481122643885 0.26010865088734669 -0.7580244619439076 0.050675742581389738 -0.032158508891372277 -1.500846673627259 0.25022492911599364 0.31537160324091684 -0.026386252464318322 0.35608651466461783 -0.85538848333620299 0.10302928062806881 -0.26856527584538803 1.3965371805069406 -0.55525173191704591 -0.00029864350010282685 0.99108160697007885 -0.083538779789691903 -1.0385770354177295 0.19055814047739722 1.0879610116862177 -0.9949971442850738 0.14562116250975671 -1.0722760507852314 -0.064508287947728893 0.21198491589220897 -0.11817245136885764
 0.072065189511496805 0.30511453538554634 -0.22440811415326184 -0.658779451097115 -0.17022890216605063 -0.24739046029465381 -0.82870998332852164 0.45225439302099052 0.010710182011067611 0.18175160564394807 -1.8102278852136722 -0.13131329860427871 0.75462181353957802 -0.092841255946482681 0.58509098308267871 0.48188758835458512 -1.0267720724680858 -0.76514565871082452 -0.8090066624233877 0.65344212923343903 0.20808057435197216 0.10884456591520114 1.0002652104173804 0.21169986000569405 -0.5213460622717927 0.83492043959860696 -0.60900517306119373 -0.60052990682738061 -0.092378641294268773 0.92369285732273798 1.3779141380025857 0.0049030959242650184 0.82099937127792044 0.077158925530886741 -0.37342030617537614 0.31058978333311366
 -0.082463925694805637 -0.11611445033814306 0.72526285901968768 1.8005789598556849 -0.91643529453447592 -0.21015720212680289 -0.58609630498296128 1.0245804033841051 -1.1942824873101303 -1.1125835297019409 -0.58663568153100765 0.06216847709019744 -0.97432310636704478 -0.19788633721283683 1.2940314770918502 -0.21740300279104982 -1.576380053762849 -0.0034683074838106334 0.80825864974714379 0.26311501478009497 -0.21390518985401427 -1.1153131651565855 1.6464630544381758 -0.32788134184991441 0.1811065054986519 -1.0569903281719855 0.98000262963455576 0.90730890548316212 -0.38117630750227965 0.32752007747364842 -0.8768081692327695 -0.28523579906558405 -0.51395728296567822 -0.15295692437673825 -0.2748426293040791 -1.1270558364496948
 0.084640699899167865 0.61711456199021497 0.49477736886908963 -0.43306120698222922 0.63512890886427942 0.73981444605082536 -0.79589966173062954 0.58123858986547261 -0.6955487228373145 0.21636833101024272 0.30630321777326414 0.6101688897985974 0.93389484089922059 -0.05318158511814855 -1.4700055901703104 0.10435457034247089 0.038117447804093312 0.49161224861286174 -1.3571775996395155 -1.6978142672251286 -0.0098017484980591815 -0.90028084380095441 0.717189413963495 -0.57596372364209214 -0.30289184469485853 2.0042875673391634 0.21416947322939606 -1.5849830570287993 0.39068489739713758 1.7347991799018792 -0.55850005105088318 0.20976432812081622 -0.16661786176672599 0.2221806719079806 0.42090401925276438 1.4402776896920084
 0.083208502774489268 -0.38783268738785137 -0.51334766644356422 -0.05505429360142939 -0.12516277866935688 -0.63342025711033823 0.19015578251847079 -1.4977188197978977 0.074235027594549419 0.2815026995077865 0.12663258484598372 -0.3735010416282229 -0.11716025515928996 0.38184973899864832 -0.18288877283816599 0.0011347565390816357 0.2317140825889866 -0.1604692849928239 1.0980379980555763 0.041170608309009156 -0.013496595557699274 0.67736835027961784 0.66166981477645004 1.0111873991266456 0.1893500571562185 -1.5159374849765506 -0.88994768096756682 0.33077582408278344 -0.22837031252120149 -0.8119263088359403 -0.59788403982937166 -0.11486537631002208 -0.79891307827930214 0.062311053760972845 0.22921809665777299 -0.93184123803716379
 -0.052820244434018226 -0.40206291362348628 -0.32444460455089164 -1.1084862287715942 -0.67031111725893011 0.48966637843652694 1.3794024644178695 -0.66292533106466145 0.38160091607431323 1.1169239978071441 0.76803805700661953 -0.46156152360408542 0.017338933069916542 0.15011712528782686 -0.73240476920946573 0.14921992679755663 1.1420384026231933 -0.84733732980181886 0.61125818005049326 1.9900499894131602 0.0041767582113147383 2.2612122631145932 -2.0488206423297788 0.0088830341015035744 -0.29922282942643713 -0.062019404229509814 -0.68146025642803254 1.5276492973973146 -0.43677140064239561 -2.0604417915360926 1.398157210121785 -0.29652956492230031 0.46468306958413297 -0.22051659732285267 -1.5717592170702861 -0.99926071317113896
 0.18552788201536782 0.62157391933277184 -0.487514354583307 -1.6884752526348288 -0.28519546317286998 0.19920800686937937 0.34862517618483851 0.029566322824273322 1.2719144658541017 0.44273835386810767 0.019604046169572745 -0.44698235200236752 -0.57078945187786212 0.4427921408180982 0.6794984043583141 0.43888913563178744 0.63157793196502099 -0.5966551260044296 0.44827598651318529 1.3907082594726132 0.26538633185093247 1.2292682462496221 -1.285505859705717 0.54250338976525259 0.1644788801935041 0.15916540420016931 0.27476528616999502 1.9410800601771969 -0.10062542894338861 -1.2083046869025653 1.7275614357472058 -0.25562187374229933 1.050296813547922 -0.38368888885731595 -1.0308438449007942 -0.62349420390665855
 -0.083778808596010057 1.0380694766094909 -0.07435270649079842 0.84207364784858307 0.73299070398143484 0.4201408455663917 0.026644282310808273 0.67125341629330104 0.46132359317896504 -0.64363352735084289 -0.083749410811364805 0.23157765843625808 -0.86870741611067548 0.26841091749409518 0.29508085118841493 0.19946987177875111 -0.49927129691404348 0.73616014033026467 -0.39977805956434381 -0.28525466414978223 0.0061262864929600052 -0.26489270458679648 2.140778551083411 0.29297757525694673 0.28427350559899323 -0.63047975077834661 0.44271713493429354 0.66395574870806151 -0.12749691484333481 -0.64559997754803855 -1.58718350096268 -0.16247575046435878 -0.67605517149266559 -0.44181386548617779 -0.24660543177338501 -0.30944387008696289
 -0.15613385658374287 0.045637314745371381 -0.24790637497915394 0.55316359413043514 0.90073070885211026 -0.78530459152928667 -0.94485106910298711 0.27824651198840317 -0.58602782103614082 -0.94601739960001774 -1.2073674098012657 1.8941180230467958 1.6505128798447455 -0.19641668990819161 -0.29342161717065746 -0.37964097914972328 -0.28251566361975011 1.5264220603512098 -1.3742650177827616 -1.5165995216859034 -0.095084426578419826 -1.377356145787404 1.3643565673702047 0.67302545738554564 -0.74900952079081151 0.84382196960169631 -0.25133684284255631 -2.0655298383784566 0.6730660383145205 1.8573859506933024 -0.9856525547874081 0.54625692045494367 -0.98438840898070334 0.0064065923051914971 1.1074766526189008 1.4602332261709665
 0.0019288509372862505 -0.36373463393334743 0.014021500203017814 -1.8744767021512541 0.08130687353460013 0.1914993046757911 0.49540709920558362 1.452028642210349 0.5358634936250406 -0.55706822992211369 0.34600382089137338 0.28350681559389512 0.38073622901269116 -0.53784046355460879 0.27767856261217733 -0.0062118303677666459 0.39163250739403188 -0.095609058619199674 -1.1183699835113796 -0.089336971705488905 -0.056826928646250913 -0.72243322814606492 -0.77129719335413827 -0.50198302135968509 -0.16540418712072763 1.6131546912005517 0.77490581555142912 -0.16101494284017207 0.20387575921492115 0.22729234401963416 1.0166129958479553 0.21975912370706613 1.1264133592388603 0.08648344070795809 -0.19559221581630082 0.5820528420559663
