# Created by Octave 6.2.0, Mon Sep 12 02:13:55 2022 GMT <unknown@LAPTOP-P0PV0581>
# name: Theta2
# type: matrix
# rows: 25
# columns: 26
 0.035623818986757032 0.84976005179284086 0.087590891794791084 1.6007146653197863 -0.69320521927195544 -0.96079278061215412 -0.10873382364212433 0.60502288470301324 -0.4291423270190996 0.049390508952355146 -0.28806452336642963 -0.92731793745246727 -0.50844925842546085 -0.26587822501581809 -0.0055220634640998044 0.065630082752841074 0.28520703354829541 -0.73494082434646957 0.45218150807859153 -0.68760838824069093 -0.28408059921546924 -0.4423428726205399 -0.047805273934848722 0.5609468836642959 -0.57893942191282288 -0.49847893923727332
 -0.22872285524587227 -0.43833787513791667 -0.64160540968717161 -0.53223655117055568 0.512275124459041 -0.83624585168140098 0.81821133780761368 -0.83310854220099295 -0.0012631596447091379 0.11697682877029802 0.72990516594039867 0.57088503645180411 0.52289493201799098 -0.046380141527525912 -0.52947630983588789 -0.17832607990258459 0.74442188017741651 0.96382749414808133 0.47908042369005222 0.1492836642721552 -0.23006094702425936 0.11104403466051722 -0.16335262822595345 0.75013045897886288 0.92592638357768875 -0.12925244066293876
 -0.19344820590752224 -0.29392952156763474 0.32565638692159943 -0.14039016749625727 0.72578651368595559 -0.56178966992579549 0.55173964197088232 -0.49216480518040662 1.1902251955169976 -0.075240511367626772 1.4337942069767848 -0.5324539347545586 -1.1217705281457726 -0.27943874018280068 -0.56960697203419441 0.1396892199466537 0.59183916310905937 1.7975398694386167 1.0815407724398607 -0.41582018529669551 -1.0816036880167423 -0.18421831669677979 0.46277811119140899 -1.0887454336228815 0.57785369409400056 0.9177316607932835
 -0.02805333491645939 0.076401787778440589 -0.11435202247361266 -1.2749244044022738 -1.764143789540191 1.9977586405419452 -0.90441029744969847 -0.5003308001859571 -0.070309569741848224 -0.07331780292204787 -0.016846439227247635 1.4769069094373131 -0.18382248881471625 0.38920383714992535 0.44600351724673448 0.16133379143853457 -0.18066120586702045 0.35312835108483448 -1.2832722084750632 0.075152832216983059 0.14839837393504371 0.29483939461514008 -0.40097533880667541 1.4471656733349041 -0.57688020837448029 -0.33968418063179229
 0.13677890091407391 1.8608603737362897 0.067494266571145073 -0.86879600474557261 0.36944045680401794 0.67023636071716663 -0.43904919352617938 0.16772772139800801 0.037733050153492029 -0.020594123039129185 1.0084921507917042 1.0672502309931937 -1.2654534124117118 0.25504110638318811 0.30933967265079554 0.24723759437706277 -0.78894248780710396 0.96349426881325184 -1.087829191524184 -0.25590392126107164 -0.7919256776572805 0.14365533619492382 -0.14274417021337257 -0.36090351581491636 -0.002749764229926047 0.075424442776482165
 -0.17906450775679342 0.11107320194528739 -1.2021640537713254 0.22974257873698933 0.44349102488706771 0.41844191326538838 0.46169203106829798 1.0572891595623082 -0.23592263183354692 -1.7009654910313132 -0.76235388411818461 -0.52768676996268771 0.9626810215307342 -0.030544836444699033 -0.040396047075087017 0.17455561036878825 -0.23683259416748717 -0.79487070790562808 0.83173610613244187 2.0054607296968943 -1.0389070465308574 -0.16412087487563379 0.47526086115460697 -0.88115540161303152 1.0450713424230116 0.14395470642565283
 -0.32108862946375272 -0.89432978413176656 0.055721637907098692 1.1988599618964504 -1.9805911319998983 1.078413721654524 -0.7119070768152872 0.49631475899538513 0.39700687182002165 -1.0028585360644346 0.49284794452304054 -1.2419577325190938 -0.67323144177890681 0.092205623683167343 0.13608440273482147 0.44582230696858222 0.23295463698466226 -0.9498744740977475 0.88201322172387464 0.9736741877485211 -0.93311131703370109 -0.55204510285371799 1.7872885578768118 -0.57911337836849153 -1.028071862922574 0.2238747617623881
 0.42500916818585177 0.57320935660090133 0.81836500653294963 0.95723063349880944 1.5795222774063882 -1.4289433271906566 -0.018531501938843842 -0.19614102564593591 -1.257179051680166 2.5050109239266392 -1.1264142359213627 2.5119246798359289 1.209621127457037 -0.00089512398547700713 -0.12449568196172617 -0.93278144444399347 -0.30743130423164422 0.86231606867158772 -0.80402314556903998 -0.45636100927763329 0.57290449481387395 1.2550481486625096 -1.0038388728109164 1.4048147164662135 0.68325923247832843 -0.19503341808494923
 0.09912828624301176 1.599672302815323 0.10489843226956919 1.0792633881507911 -0.37841063343713655 0.33828964655964816 -1.2791110533170424 0.38222571637143454 -0.23834975971273667 0.41000902210072449 0.74475177775405477 0.39279574375874199 -0.10989969152783086 -0.091008944124980437 0.72649526266306941 0.033874772364190203 -1.064801790886879 0.81116813232106999 -0.42343749904864081 0.045380325893478249 -1.4058732845775357 -0.17125707775983376 -0.26014184095783927 -0.053472515030411144 0.17388790933355031 0.087659586251222457
 -0.15375048818900722 0.49159157600293879 0.14933665768913995 0.6396663484153855 0.42802113940107422 -1.7451031805121082 0.36750417281650055 0.32224551927841605 -0.76934688142561658 0.53723175162916037 -0.83643076029311347 1.0726693639919855 0.43594342326159014 0.095399186682039575 0.083492072765724651 -0.71562805613457181 0.50622768157981546 -0.86740768838823645 0.7276314975043745 1.3931358031588821 1.2186640735807635 0.062831939124331729 0.050381819871691359 1.351277548531197 0.37055124836697917 -1.2618766229114127
 -0.035133946005729826 1.020772099796619 -0.9125354527958488 0.1483570457128876 -1.7243348408298576 0.035816136163250148 -0.34297817512449291 -0.38182466934986753 -0.59711429436249774 -0.026407569806930153 -0.51821880881382676 1.0773426056513498 0.9665681781766039 -0.013914717037347344 0.033025260751354382 -0.3771484139411736 -0.24981606972293113 0.66363594965051009 0.65464217668492064 -0.058867635703441307 -0.65026570091259794 0.068562862019278317 -0.68205077702731998 0.835541968322841 0.2929790046402298 -0.59297138785601367
 0.099236711836018288 -0.35727114786553515 0.92124658488333211 -1.0774775981467937 1.5544558942879612 1.1547446614031496 -0.50269904456969994 -0.24188178402392094 0.47445673223665302 -0.19169579015520627 1.2091479676051893 -1.1243848063017439 -0.87592140667691609 0.24502542965219565 0.43952399706873196 0.45415531466286263 -1.116519210049211 -0.24131473389017061 -0.95274850103933684 0.57963715759483903 -0.023127093185108215 -0.51072862872091562 0.8498837125816453 -1.64090591342856 -0.29850167823122736 0.71263057145895081
 -0.22935467390137587 0.22789933395624432 -0.045612834148534245 -1.7421942101601087 -1.2043850908311027 0.64826408414548886 0.46276705299252713 -0.8019767622209435 -0.93027500438338717 -0.75671569986146203 0.052651409458033406 0.64574163918020888 0.47868932018650101 -0.089026041866698755 -0.54853215944124278 -0.21482902102812815 -0.21512078451804104 0.29421323796713167 0.34009233340297318 0.24809440839800978 0.35754804047309707 0.37635350744781099 -0.38373077774704328 0.76391394313585359 0.33529004617657182 -0.46556274913408513
 0.41934164797044388 -0.11725542934312531 0.41610580435841904 0.45360383449246966 0.55251867690690215 0.26176385976478528 -0.48508528185013688 -0.19023187564037763 1.5631656267408027 1.4606502173595235 0.59031751392428233 0.39716646915033071 -0.578482492066414 0.23117617210514518 0.24791150763452935 -0.11778773383983367 0.46795769499655826 1.1433585569702007 -0.97152530204257836 -1.3536041552529225 0.35446931777204194 0.27180510755264592 0.20704801573922463 -0.0017011847047586817 -1.4619697075832838 0.39441946434842551
