# Created by Octave 6.2.0, Mon Sep 12 02:44:06 2022 GMT <unknown@LAPTOP-P0PV0581>
# name: Theta2
# type: matrix
# rows: 25
# columns: 26
 -0.27182561743940686 0.18581687335386621 -1.2029589390486797 -0.059353091195832312 -0.15522309569405213 -0.026131027939665527 0.89174215211100072 1.0543842818829068 0.12502326913041117 -1.4076420758702759 -0.63125152039179111 0.95600790449301609 -1.1564433312023112 -0.035779337586827831 0.5840733660567885 -0.83590073738905635 0.96564794443042656 -0.89640237697870173 0.58487426904462914 -0.24504334300119759 1.2857269320393481 -1.1303320681231306 1.0725068380348601 -0.16721863774474904 0.0089821593240431881 1.3991492977001483
 -0.11539828614339308 0.46232911406606114 -0.017247498450396678 -0.90930745002414393 -0.54101265525124853 0.6888854581597571 -0.85771495268479714 -1.16648289923094 -0.0068676222802879616 1.432942493078351 0.76709375194043139 -0.42633457310127798 -0.49194926022971858 0.81631857835614063 -1.6661377051097874 -0.90331117516063031 -0.47307635779433604 2.8007658961632411 0.09636869578328755 0.77663253503000307 0.016966957680063521 -0.063102897200665448 -1.4688337725111695 -0.67774802392049971 0.31197125464737435 1.0018524280687617
 -0.016248636379259673 -0.19335933860045146 0.86304384832512815 -0.15589484935952139 0.028143593613018106 -0.048103660622252589 0.27342039849750133 -0.068303882956109258 0.44962758333843533 1.3713620253612959 -0.22819617020468674 -1.8311091645980948 -0.18853835184719003 0.41407539600472942 -0.89877097470336642 -0.93859186587327725 -0.48820763297720654 -0.23681538242436825 0.46517493112683189 0.88765216406429781 -0.42494780252945041 -1.296626389852003 -0.37725801036393819 -0.5099710950612566 0.10375052111318424 0.6175735713359235
 -0.18413766032916748 0.53673432333458071 -0.74586372413842938 0.18637238240627832 -0.97178848149174391 -0.63003203734745705 -1.3960071150312858 -1.0885569236095554 -0.47558093128162271 -0.42929989802862667 0.77821813640572335 -0.78735904155418979 -0.14960119846092759 0.027915491098951771 0.13364167331415339 1.0839117843483461 -1.2129387315870477 -1.8277536403198915 -0.33872777531997589 -0.14255725739592351 -0.70835033360697119 0.10230828926370754 -0.40486863569278525 -0.77409849639823181 -0.23824183016102385 -0.96632184007015831
 0.089694426649253894 0.04239146325134556 0.42104194184554877 0.28402053498781332 -0.93916666286675576 -0.33919272641044834 -0.61774880469114479 0.52372932327759281 0.26957192063873991 0.53218470026459275 0.56251993254360289 -0.70033168872574736 1.1796202685185833 -0.14924648988282874 1.3995363239852425 0.46866746745710441 -1.274154004180164 -0.89568552803126045 -0.72598412691277814 0.1785511042948846 0.33181004801775882 0.59381699328756232 -0.32867002873735712 0.12283270125278863 0.24158808849221708 -0.8513687847415693
 -0.14857680019234262 -1.6790067355534477 -0.64660630995836277 -0.28180015864728108 1.2547369467210192 1.2017945823940306 0.95191331022635051 -0.77379229579545006 1.4982177902559233 -0.21751903461474459 -0.92860489781516076 -0.59983687252361462 0.020443818125850326 -0.39417176178078261 -1.3013595100844997 -0.3009511157716106 1.2802935760673038 1.1666934449599371 0.96827308358283071 -0.45745553856010257 0.7677240159035027 -0.6833204875762886 -0.11690190471835905 0.031048079212929396 -0.13614255882825099 2.3059883747116428
 -0.13718970381870457 -1.956576554079849 1.2212572339882115 -0.16245997854989647 0.24691842672224051 -0.82069323085426893 0.17089423678847349 0.96145532069880069 0.51303291269337981 -0.79704410739938103 -0.33810918934152007 -1.4927011150754288 3.1426751913256683 -1.6418832524170905 0.51005775807767118 0.95778382239236737 0.82153892633144399 -1.7553355581752184 -1.3342903535899948 -0.56330099710152159 -0.44808564449124572 -0.304996351924816 -0.32615886820441459 2.1447957787495047 -0.61610569332840359 -1.7908915249538984
 -0.27363922031596699 0.86211831844188747 1.4487255562463897 -0.5671304467313194 -1.8881337016061468 -2.7222953499464162 -0.79643814008907687 1.617299808750303 -2.4458558210785832 0.071911951422226963 0.32578140772385594 0.14518211557963151 2.7097914236888201 -0.95207054693804416 2.0651059153338065 -0.10142900811785655 0.23501374839819766 -1.6748099165561785 -2.4482306217105143 -0.38393909198139425 -0.24734370208824666 -0.10265183884837388 -1.1317045190816863 1.7766688874732195 0.1974877751588896 -2.9244942790452271
 -0.31995520197638061 0.33848663405968782 0.77934939448724661 -0.63553341481755532 -1.2107484137820632 -1.4133233790527855 -0.10543425493154021 1.1674832915694027 -1.6028496659849827 -0.12712427734674572 0.12986355348689796 -0.47981064754952296 1.1782513309426272 -0.62788621994454796 0.68542993144754361 -1.3556171805192665 0.43414627805448075 -0.57900212658879269 -1.6676772238267017 0.50664949773524903 -0.87844806715852231 -0.37340999494391419 -1.0877896565314435 0.16070846614983098 0.4009724376522838 -1.4165359145051126
 -0.13230579154784908 -0.62775390395789754 -1.1488945373990092 -0.27647724270408963 -0.25545976852102936 -0.6114911047171866 0.46907408449218913 0.32250538964541059 -0.12339616969382727 -1.1620468531251524 -0.75666781460384469 0.99387608307885378 0.65478351895585341 -0.29313316165126574 -0.36186301509629198 0.54664557635345012 1.2088416243561342 -0.14603112390390685 -0.8515208644079254 -0.40527139585669836 1.5702751332897789 -0.64734406063188654 0.073411766087632321 0.68558603315644084 -0.44910166262210327 0.73583242245123281
 0.0027388639528246141 1.6035482912108252 -0.65921445610746232 0.53872389432968304 -0.47950944909599658 -0.1086458656569895 -1.0695981362487492 0.71631238790497764 -1.4968120436075636 -1.2089399751910042 0.81543590405115718 1.3324361893318979 -1.1111030162081688 0.38569748536158943 -0.13277232462647912 0.47980169677092205 -1.4594056463408198 -1.077137603651096 -0.55589363419289073 0.30832960109616625 0.70483870329313658 -1.3271324282615942 1.0782696574086237 -0.81974124603968124 -1.0340879736087178 -1.3701966417837996
 -0.60802431279273006 -1.2528817039463931 -0.19155047276099119 -0.87462188920732375 0.0026090918581863198 1.9191866366325325 -0.46475242926506222 -1.6949272262325077 0.51014813581004803 -0.19587724617131885 -0.01765368815885868 -0.84716395655544718 0.60874363727129732 -0.80304967467359778 -0.90536383964463185 -0.6232087414715507 0.63291706951023585 2.6307960192023776 0.58676150475921585 -0.52035084258822339 0.016536247166904317 0.32634421790893581 -1.6806254328422827 0.14075679280214953 0.031795808655702855 1.0899326835348453
 -0.2063653150169773 -0.69741134826560147 -0.44690619504135448 -0.45600390159692006 -0.63165143595528384 0.74842723471946071 0.64233028120287761 0.47218648747159281 0.17688506628750345 -0.31634942990771614 0.51459952491029204 0.44210111544663994 0.10759210229443197 -0.57957239255472282 -0.29346792796625676 -0.066421044925573366 1.0451200199410928 1.3377413230831594 0.19743581698504112 -0.31523975995335141 0.38925228013537932 0.019025335335298911 -1.1465263841784699 0.68193354202592305 0.080344031512659397 1.7364417813038546
 0.054155979691512375 -0.38578915032448108 0.5546444390094436 0.51474766830221852 -0.044055398983176168 -1.4366406429661565 -1.3959939397504455 -0.44390939746904445 -0.2510861192164574 -0.24423070356953908 -0.3826419492021228 0.2863977621893472 -0.018703984413978077 -0.78502044285609296 0.31822311291759497 0.84899096685580711 -0.13406751031109002 -0.49663689146787876 0.66175856756988272 -1.296794178235311 -0.54969595991319309 0.84049463557971849 0.54211373813867991 1.5743410027983291 -0.91560244205428498 -1.0482241299832797
