# Created by Octave 6.2.0, Mon Sep 12 00:55:00 2022 GMT <unknown@LAPTOP-P0PV0581>
# name: Theta2
# type: matrix
# rows: 25
# columns: 26
 -0.18895785250872191 -0.54941757603377839 -1.5683798670476006 0.026376279066330256 -0.93355459010351194 -0.76343987740901464 1.1475242760088999 0.23751970536539621 -0.19922405749944663 -0.13596900900273043 -0.67672303793068322 0.13179874946353379 -2.4844477497601076 0.037180650221019497 0.66655644527778768 -0.81801168825520187 0.39468839282545842 -1.7970611285553511 0.93867492178574907 -0.80441326691127635 0.13439323598368444 -0.47257126740036481 0.064900044028071258 -1.756738136636365 2.3518253215558351 0.44193328724755582
 0.099438403715992468 -0.89254915184391903 0.33952975581670386 0.04613815110486643 -0.1243142975204924 1.0491685477183996 1.6593122941675944 1.6646875061141582 0.62686441087243849 -0.19345856576177312 -1.5510885207441358 -0.062711283587319366 -2.1484712595090492 1.2103376737426501 1.2393164867493962 -0.099922685462043581 0.65495008834899338 0.23343331425484004 0.053590428285270129 -1.9507733002577896 -0.091777993322758614 0.08260384587413705 1.5858859906746805 -1.5149791371600432 1.7135974139065311 -0.23608483530525146
 -0.04630836833766909 -0.079928013786560295 0.38215668474670023 0.63297207935022692 0.083824427050798275 0.69844018266774843 -0.63075548116009494 -0.12362669305082505 -0.28976713754673072 0.48123192805392273 0.59578022630490846 0.33219395115299499 0.23174847697315287 -0.76164104995435244 -0.13463639482921913 1.4620603148645048 -0.29810525196973914 0.31013559681087982 -1.091168826568065 1.0522630834091056 0.46963022215487821 -0.030729593508348925 0.032603329068564502 1.7995643093551814 -1.5539269335075407 0.83117211011077063
 -0.25841298680765601 0.42081161630978564 -0.62868701759176715 -2.3746852765474804 0.52492992043628051 -0.49448058494619901 -0.57657348285081889 -0.77969838062459462 0.258983052955364 0.77564329037306323 1.0302313529872966 -0.43359644863832841 0.58056401402206703 -0.16552801834495676 -0.94787797874523927 0.36182268757927405 0.095721835726928009 -1.4589480071737704 0.36221489545636559 0.63166228281590397 -0.34914832965535847 -0.21845479236688609 0.37005705460664523 -1.2320724117786854 -0.69312565214801436 -0.73070893014602145
 -0.073511712096572146 -0.85986869122296017 0.27952283241073206 0.82971167973826254 0.16547198653545739 1.0634876926023609 1.0430093517700856 0.66247514034409538 0.21514744642018285 0.13763757735464871 -1.1705548876776875 -0.18411910002345799 -1.0838077629705467 1.6337658089370792 0.061580902305942979 0.011608049392512195 0.25246637084009499 1.1573279692788314 0.5710423677692632 -0.77675338801899785 -0.39563395683759378 -0.25405033003178751 -0.38947565614621632 -1.5124150808049528 0.40253387637167748 -0.17020131760181517
 0.54719804476451395 0.96075002147811772 -0.13478506449470692 0.28168383292935179 0.32664404471107578 -1.2564948215667679 0.14805111593260509 -0.4445597036007628 -0.31468073045923306 -0.3567314424488795 0.14560449826496918 -0.22589346110812664 0.97178221887203475 -0.3671967011366562 -0.59522494190386099 0.24911266923133463 -0.40586916820556762 0.091250730819368131 0.50669008202199073 0.64058997333031287 -0.27182198289206611 0.068456846001872323 -0.83841025858697971 0.41527495760948546 0.62182797200447881 -0.48944191295956269
 -0.31263873206852488 1.8233242325190524 0.86922387810239066 1.0319015417169615 -0.70741360218496596 -0.74428992953651529 1.1567258156421747 -1.4018237063677674 -0.40166364055453219 -1.0598251720352598 0.24955155011596983 0.62394656504483237 1.1292395896140477 -1.1893305259169182 -0.37443593877027809 -2.2727434189979672 0.10259487821007149 0.68018005336500864 0.80134384293678163 -0.36930827605773719 -0.45741783060097907 -0.052854701406482865 -0.85721350189098322 1.0213325836143581 -0.65850718014353782 1.1323266641828309
 -0.1901357651282933 -2.0946512684425902 -0.94671441517292421 -1.1567785476970989 0.34897877807787714 0.15084082702052981 -1.9016427298235692 0.49270212329648555 0.22706748145450673 1.47223568291365 1.384072521641974 -0.44297641611585503 0.53920515136278258 0.45376705856746974 0.62626297489607641 0.85232398821120181 0.1274889268977385 -1.3267848390385444 -0.72953150095280839 1.6964622305655406 0.11982356015248243 0.3383160009428855 -0.0016186462688125925 -0.56458646413827951 -1.5600971955861875 -0.77471036874667298
 -0.39968121755937325 -0.068465334281225587 0.1176727526142138 0.25605086957416884 0.30980167186961838 0.44889813079675578 0.5091854659351005 0.41992201601459667 0.14461247141825279 0.20639241523654617 -0.59855754000026429 0.29765547056388408 0.12185915834795345 -0.69631315351683021 0.48571068009531304 -1.8051391432072816 1.0936938145140183 0.16647377262110835 0.13743056269027257 -1.0908494721080078 0.36356276955882133 -0.0015149726233294172 1.3398919757397454 -0.077003587977213045 -0.67444408953851531 0.71981534616995135
 0.098608497900298062 -0.35022059107674453 -0.72248954664501797 0.13385221395525493 0.01227734532661656 0.47497589112298222 2.2732372914323729 1.1055993501369308 0.25782590206648476 -1.0855632383518814 -0.23091573335572538 0.050046941317503431 -1.376818500414275 1.2395768424156954 1.1387089060343243 -1.9098540613940351 1.4198035444006298 -0.18057986483500835 1.6696261637290906 -1.283775666642484 -0.32014805569250149 0.11984106622779711 0.027890800869843649 -1.8275132208572036 0.15981409497999033 0.23217251031193692
 0.11018152388603257 2.4393174845531869 0.494299021342756 0.58246782634556005 -0.70699580688601216 -1.9945525363223577 0.020789175142425863 -1.3612422775837707 -0.66215804570977732 -1.0748615329937012 0.11304900560776822 -0.0042640219107657352 0.15757411766503954 -1.4236588431446957 -0.10066040914083842 0.010220869337901095 -1.0646240618350324 -0.68155242654626025 0.37849993367115259 -0.20167838884549374 -0.065110480132796772 -0.20385807002766701 -0.95275131297980242 0.039895231839937879 1.7903782349130914 0.76847569020411999
 -0.11888135819921654 2.392739422413158 -0.92722672234290149 -0.23598858211277321 -0.17220452619400156 -1.482475581290897 0.85913498841458469 -1.9541072021472841 -0.58962394059719481 -0.48452288611720101 0.15532661999583386 0.30290169962599106 -0.67498655884485559 -2.4369747784573161 -1.1840779063978977 -1.0781698023207849 -0.018225018529817165 -1.5220338341868285 0.73019922239148682 -0.19699402303367514 0.70384666442181598 -0.012425840921241613 0.011734656677548612 0.65703843995282984 1.4471285583507851 0.52753783067929683
 -0.28702583976174811 2.3456564533097972 0.52004626362324391 2.2477414762190913 -1.199982376949726 -0.35427388423606748 2.6367651239466112 -1.1507149248961646 -0.28889576703800812 -1.7951818601337985 -0.39755988056123881 0.80925264440986711 -0.64956051998307884 -1.6251937657352098 -0.56515501615171371 -2.3926579765481861 0.25173353943966809 0.64656243056236806 1.521128236415191 -1.1879302315203579 0.28073224104850197 -0.35251008565548531 -0.2245238693906681 1.3428333669664358 0.73566336271643484 2.0658322774584676
 -0.12706760528529126 0.86199620861585857 1.3550320632422024 -0.26630484629558138 0.89322842853359496 1.2407300501184122 0.61312981196497396 -0.58254569027306735 -0.86153117203941354 0.22170029514539008 -0.38314187666860527 -0.031107044797622226 0.42160865838646772 0.10795835854669232 -1.5821072849465829 -0.16426072567587399 -0.13434071138049802 0.32635835333450047 -0.12160722029022766 -0.30489493905946652 -0.55910458918564709 -0.011115751082500087 0.40365402875976569 -0.059516781991476995 -0.63273965364103057 -0.43678339566962376
