# Created by Octave 6.2.0, Mon Sep 12 02:34:06 2022 GMT <unknown@LAPTOP-P0PV0581>
# name: Theta2
# type: matrix
# rows: 25
# columns: 26
 -0.097524206204365055 0.30659640304670105 -0.72915075196619006 1.7401632396870284 0.20130448687558861 2.605467741000961 1.8138316930412772 0.91768020816667617 0.19487301719686173 -0.71019577347489671 1.6935190720635045 0.35971373155676017 0.70192537456182258 -0.019144298396375749 -0.58500894286977023 0.086764444266269697 1.1484435996988847 -0.59546253580952635 -0.876740612152071 0.6664671663158519 -0.1994197021189367 -0.38222555584177026 -0.44305303140370766 -0.085300867239667205 -0.26701170412504155 -0.21485350264410494
 -0.019811323801927887 -0.46870175017322729 0.67579475460239757 0.3437532945873697 -0.2346981909011443 0.26715319482051481 -0.3816239030646566 1.2188704591758761 0.0024841430365503026 0.10885090111201302 -0.31288846022097899 -0.70158691051153865 -0.42930999404474224 -0.34411220357565697 0.85416772512236772 -0.13597064563961855 -1.6682395896627562 -0.27350907927867585 0.12054634029087066 0.36283987794470163 -0.21010062224265408 0.16611110503997029 -0.3224688226429131 0.94024739365816357 0.04666035860987338 0.26842692515680305
 -0.55636863595376806 -0.26421266748628908 0.012647454139373635 1.5258757445868347 0.049300626639914247 0.72265703518730307 1.3901607872832116 2.2958322264442104 -0.59956013593841573 -0.70743113961110937 -0.13658973172942213 -0.59634972232607752 0.28813824102008168 0.14186738780979247 -0.088546819187662523 -0.35989293592065363 0.83046593258202372 0.41238284033538297 -1.1076303605109452 0.39765169366309316 -0.46294577082862898 0.64998692898198829 -0.47991524554093662 0.84289838671245643 -0.36097047502735252 -0.31968786817551209
 0.018847058948727652 0.84901092374192155 1.2653439128574295 -1.3491893328813838 -0.21620717486570878 -0.30990807155792405 -1.1884957776815988 -0.52009052143360235 -0.29983191088547712 1.0983538042340888 -1.2636068379233272 -1.0597660305092327 -0.37498153603880324 -0.30630593096552627 -0.45371721951406629 -0.17265072237150184 -0.75330181263946749 -0.23803358822649251 0.20896274493228464 0.0072232174782991213 -1.4368804515523648 -0.62545403901702579 0.40805098789742766 0.043622949075598556 0.024378848608638964 0.16884409427026625
 -0.38592869559946097 -0.62169119882909007 -1.0172823061319483 0.81515510037993344 -1.7098549029237224 -1.0747900633406218 0.13298446481844522 -0.45883843363125387 0.0090006149473356011 -0.31026248266272549 0.46562721640700433 -0.6518545675962899 0.87090168734674678 -0.70670116909623537 -0.82891806634095488 -0.74923382332751787 -2.1491800409388611 -0.5510956444824664 1.2839047993626225 -0.25739840127761243 0.1378678402543371 -0.31992755422835639 0.99773501479238513 0.48355143869384476 -1.1912086242087923 -1.236494175266228
 -0.28269266264402521 -1.2146364276515911 0.023616906774873776 1.4697073621089551 -0.39134687710126581 -0.465369728364883 -0.1317292290437776 1.7173378209157115 0.09317631978726168 0.18431089561074632 0.29646331434075907 -0.22899252364712744 0.8639368836917517 -0.055422263717124852 0.22912712105112279 -0.17848546568030271 -0.65898501058502479 -0.3274741163488869 0.065853841946556094 0.067485359047347621 1.9380089542973558 1.4974779795483406 1.0437180523687053 1.744098144626425 -0.9689323950762917 -1.1921788937167597
 -0.22720927281743222 0.065850932973037651 -0.82903511340427016 -1.092434814235959 0.52804194087689571 -1.4688281923746034 -2.3153837074048629 -1.3994464604094548 -0.16547184794904238 0.88557657168620862 0.10824239958200541 0.36833806469680663 -1.7884360952230403 0.16483016138488324 0.30195350196000958 -0.013351391991321019 -0.21294089111771294 -0.2722107388395647 1.5764284967920577 0.072896458721380772 0.88048095116277036 -1.3581056510732175 -0.75373114589869883 -1.5992538722278187 0.79481796812880989 0.71641837299820332
 -0.24899196802325152 -0.44983726035666599 1.0038938490096825 -1.9924883554049606 0.24766149337168356 -1.2338464698677365 -2.5520657002271605 -0.8058647189094601 -0.082560367292212014 1.3043101226150735 -2.7235843300607971 -0.12472544673266862 -1.4386960210112634 1.1633724454782952 0.049376012408016222 0.32435507206294573 2.1745348240229467 0.92148384124622718 -0.97656641966135094 -0.75777055401911486 0.88626805387181062 0.8947214720696921 0.03689444166467034 0.023063616262466041 0.93424928964502707 0.60948663395996172
 0.11463652892085573 -0.94005379798916888 -1.1564159428555936 1.0914669508492141 -0.2495828450278571 0.33363671763912994 0.78334251352080675 1.1963369818519913 0.12508509819537525 -1.3723356164964069 1.1631634486656468 -0.37498160237773481 -0.75043453954046901 -1.5271716911595377 1.9079214819854928 -0.24855776266875809 -1.5210814174599137 -0.51580326866540926 0.68801442121275702 0.8397955896264464 -0.032363065898037807 -0.40612513749440482 -1.5748544169006256 0.056017086737574856 -0.59562762105140477 -0.098584417342609684
 -0.44878526437713789 -0.26118845347057296 1.9429762767183947 -1.2087721418642239 -0.30257844417713214 -0.550156707647109 -0.89681696723865267 -0.17943564909242404 -0.080737684755298314 0.7944465700961526 -2.8533331255171879 1.6770828332711256 1.8180066478140442 -0.84819422302170966 -1.2919334905188529 -0.013335036441616391 -0.097920988697932212 1.6356455958614524 -2.0508361719476005 -1.8937377373111572 -0.94522473520092332 1.2379665094817311 1.7025963050822879 0.49750303071786445 1.123717004059398 0.18353773563295775
 -0.16182108586373667 -0.44092295906666784 -0.57851799277816651 1.1716167202834515 0.31638482428509995 -0.62385050495687455 -0.047649207618667082 -1.13012175522368 0.57419275674721015 -0.99041750696195896 1.527026869529875 -0.98753506931170854 0.77361050380122565 -0.47627321730589456 0.62345090828372018 -0.6540099148250631 -1.1496257015919591 -0.68388212405391824 1.3047330143865841 0.7402616608953837 0.50588296530237087 0.76399689640658086 0.99682642559410561 -0.78029311385139077 -0.70566590442904875 -2.3495502935192158
 -0.19629633500011154 -0.099277291574203785 -1.7519180643529468 1.0935690463858618 -1.2681952351915411 2.2475643203986144 1.6068106375241165 0.74472222101313501 0.10597444098518476 -1.58291899631565 2.4516681823590982 -0.9761274878749352 -0.82321944852477325 -1.7539670089815427 1.0952938994158201 -0.89872357040335338 -1.1689174516132972 -1.5830860209109399 0.8850012663839385 0.67024041465307527 -0.92467069439285798 -1.5769273188529862 -1.8223581387680829 -0.15687471174094988 -1.1092395284190069 -0.70148550193866643
 0.052580912446193818 0.21937499105213087 -1.4735415408488099 1.5600179210469831 0.078199416425828838 1.3017954186326639 1.3219251305927922 0.81323655880089851 0.63226756981811572 -1.6812754811545938 2.2575385248924427 -0.27455905104716632 0.91734902217142322 -0.99998007058616267 -0.016497167416062278 -1.1473192321784269 -0.043473585553851835 -1.4571394845881991 1.0822943773392022 0.13691863430685858 0.10474859137688618 -0.026969503311335619 -0.40121011843145543 0.36907456564161267 -1.4941960794731042 -1.5237581486508882
 0.086031155847322377 1.2418074791271112 -0.62612862417360771 -1.2978981717968219 1.4106298631838123 -1.8780827587038871 -1.5875493248589831 -1.8689668590045008 0.0020161297017602638 -0.93514439594719645 -0.62498064546291177 -0.35409891640409874 -1.2297759145301466 0.58617158427622817 0.63332051806827283 0.45596388625848677 0.89308109270012626 -0.44643548914932918 0.47808238609684545 -0.14903204018885602 -0.45642793994979175 -0.56436913747936102 -2.3488987947359399 -2.1458602314267288 0.57486826636448418 0.73275465913050941
