# Created by Octave 6.2.0, Mon Sep 12 02:42:25 2022 GMT <unknown@LAPTOP-P0PV0581>
# name: Theta2
# type: matrix
# rows: 35
# columns: 36
 0.14876864433647008 -0.0565994248060823 -0.33368577035871705 0.57336730191158491 -0.45664964039950368 0.034093013078313687 0.4920008494584967 -0.018328992711855323 0.15618617714471084 0.33219051735920191 0.38294636858250491 -0.3577825512498195 0.2003517852177486 -0.069304394814850526 -0.34552717649869119 -0.067275285558723738 -0.32279906827790605 0.48162230521450616 0.15453907781882262 -0.57744940224378583 -0.21941785915300938 -0.0050635996040609872 -0.2441326731493621 -0.44185875103161593 -0.2180354783450322 0.20897724992954642 -0.26214178989552894 -0.080019085582751934 0.32569123592168575 -0.41567793364381289 -0.074953814267340588 0.16163286306360383 0.20997263636752805 -0.51562438440208058 0.072301813362753153 0.2208021220785267
 0.031097116884290007 0.024563359192663788 0.16769708308907638 0.63866642200848778 0.31829234754202712 0.11681595644472478 0.50535452620953436 0.050056837938995423 -0.5844769184456251 -0.10098950463713843 0.88755131531590281 0.15089764380826987 -0.3048747001357579 -0.22593065919726638 0.28932831286963651 0.40102804311690704 0.21014803427306145 -0.053780929909288414 -0.49444022383977482 0.74937367190386839 0.20978224829946274 0.91400129319486545 0.13551007279675042 -0.29932852436072344 -0.31017860704796879 -0.085196690768799266 -0.43218937401324919 -0.35526692805257909 0.25026593238067896 0.14410571381875784 -0.79285866656016235 -0.044105900825246028 -0.33329835795738999 -0.33750348511036576 -0.47263454840491564 0.036103562655795514
 -0.26197624961976707 -0.19961584399358112 0.06768341097549313 -0.37791844894759125 -0.1030780997699179 0.13226562498789263 -0.30903446953663072 0.42311974061004237 -0.77273273420176125 0.14849265607687945 0.014566706119145248 0.33144663290420279 0.62628339526434895 -0.048083893808138135 0.069553567836519087 0.30193258501354536 -0.25043976284047653 -0.21690454625350458 -0.13019866129772362 -0.21783024260402942 -0.046492806421719692 0.13410308587787143 -0.013333301983942173 0.38385943586912208 -0.060613043163844055 0.27557246387193712 0.18333547363089112 0.57321029621421826 0.14438493396578206 0.85866093751261507 -0.29754966188401211 -0.20637819258799397 -0.44749448256917135 0.29187546978381629 0.59850825921176165 -0.25346410387218682
 -0.02404653865308189 -0.6592315609978483 -0.32191545448388642 -0.5032713379892223 -0.51761581272281376 0.18379016284603919 0.072706104638148847 -0.37050544376871269 -0.10909480925914197 -0.11203113754168945 -0.62690528981101135 0.30187405688916769 0.14049308090640095 -0.2356552530780216 0.20479751340894972 -0.30326717440285922 0.5408067877751529 -0.58395268681150847 0.10040582283268472 0.23616722107612467 0.48585570505137765 -0.51908288395631486 0.42779477221534001 0.9052807108141554 0.64068712752142365 -0.35941498677107347 0.49325492985564195 -0.68210439991111527 -0.84390990843029201 -0.25777307493224388 0.022945235633670718 -0.2939152957702264 0.3656824143982621 0.44765433187427617 0.53380769912265025 0.67366385624805636
 0.13909829862043685 -0.38360337668573691 -0.35615335655059549 0.45839194691247881 -0.33169266773669037 -0.21390444422162275 0.43367987388931839 -0.27849294815574982 -0.67729613648179043 0.23723986565070379 0.016691125803171718 0.301600710798761 -0.083880950994154366 -0.033696401954962166 -0.35764891726020831 -0.35706025296444982 0.4839828247139602 -0.51665759631446984 -0.40019035918168161 0.89423513097395491 0.28341819224730125 -0.039052922448843994 -0.066087216152414557 0.051467090670941178 -0.31729020541493913 -0.40175174952525139 0.13392030012425787 -0.25380614914419891 0.093124956945875886 -0.098517696702930729 -0.33292908913524843 0.30037035813043172 -0.29762930203045923 -0.14236506245742808 0.7370695661761324 0.34325868287505623
 -0.0082282687922542678 -0.62864953144524116 0.12072665944388811 0.1659655489876623 0.18899095275305508 -0.15426596720401095 0.47728843072955152 0.15339098546251387 -0.18092313971150703 0.063642043518056371 0.6182733250939273 0.0068730606605769354 -0.028438384069470767 0.095247059914549681 -0.08141654901030812 0.37607720380156962 -0.18310663628379306 0.13423556743031015 -0.063650044492736799 -0.01331600037889665 -0.073715699746510474 0.51647774222522436 0.30255710979331374 -0.10361044346671833 0.1361378883271098 -0.42373710508391049 -0.24302933929860276 -0.49888947480380819 0.067652967048011478 0.098005931149412959 -0.50502432382760443 -0.25831226486173431 0.37127163877870328 -0.11116463435932007 -1.0001106575868788 -0.52931940347643913
 0.038494481634870119 0.059082144112894398 0.19780156640624472 0.497063668235802 0.24160195662734721 0.017730565264393976 -0.46008468190327678 -0.30000531830374288 0.54290685159786678 -0.18101233659289898 -0.091962507073816854 -0.20415719847651961 -0.44259694569326058 -0.46526670242447526 0.26306595491540158 -0.6972626183543712 -0.12727132032282412 0.5610674188769228 -0.45946480493226555 0.13831974448006373 -0.21786984129401019 0.46735031897568047 -0.8384584617770221 -0.14521999822565362 -0.87030494747741571 0.28568078793141649 -0.32980137994089387 0.5825031249487983 0.88787461686269797 0.09689912603423495 -0.21973960776523793 0.36387642609789556 -0.1431633490803732 -0.96954716703110755 0.38445808884791666 -0.35243578815907245
 -0.032190974787500694 -0.50406130052143949 -0.29184226086304543 0.10224848005592262 -0.36318755509133777 -0.31946511227581742 0.33647577380436389 0.77088251915803552 -0.43080879748503936 0.57410733140798409 -0.033194004652016877 -0.13217580635529738 0.47885031482639034 0.040522400631833086 -0.25295775830281558 0.71834318416063125 -0.19724565689765786 -0.062041959920424765 0.27683473008454673 -0.80498964896551373 -0.22298049604026318 0.17974181832889954 -0.29855553507576571 -0.11324332755558694 -0.11675940292241478 0.15145572084136039 -0.41957125871272433 0.32287334075118107 0.61801818313980317 0.51211595908943974 0.22404090628331885 -0.033492711132308964 0.080612332014943888 -0.28047482631963766 -0.19337799469771055 -0.052346350925507809
 -0.089722133407888496 -0.31372777300484644 0.27585277588248958 -0.29061193055070561 0.33484810691160977 0.1524001331503915 0.42983794222526245 -0.60296349940160876 -0.14671333078535709 -0.20738042524015773 -0.2363882472572548 0.26186266311265777 0.031074690456948818 0.106424879482067 0.087743702689037709 -0.31789338379476334 0.79902585452547126 -0.45808732934039842 -0.08045929672127522 0.79857518704031738 0.33229865098359884 -0.29032771280607383 -0.028723961204468202 0.52081061432173426 0.059358714905914427 -0.22049071795961128 0.84781137122102257 -0.54737662692052946 -0.25560810895102271 0.053616113375706202 -0.16314283359942122 -0.32876099597681113 -0.16185823975250541 0.23612672124089329 0.7647480851931131 0.53229679144111031
 -0.12314551961422951 0.16942163801590099 0.032954203899001278 -0.56883443867934202 0.33545023013580355 0.37394119876945098 -0.69640235144596996 0.093210693590699931 -0.039305849401615169 0.044060207311379447 -0.3737254550249634 0.18953716046769065 0.29687672243738494 -0.041273021794766482 0.35207446924138419 0.26099149199385013 -0.030284634824111388 -0.14193056372339855 -0.30432557998786958 -0.004941524006319825 0.068061670544181066 0.20352237869270098 0.36999980318391784 -0.052578646934057206 -0.20671902603797343 0.18242528156364599 -0.12815786698373324 0.64054487224351209 0.1720922375386062 0.48339933360537141 0.5628749534829014 -0.0039998783997704044 -0.010784768537373495 0.40175880323718444 -0.17988945810908097 0.047437448769636993
