# Created by Octave 6.2.0, Mon Sep 12 01:48:44 2022 GMT <unknown@LAPTOP-P0PV0581>
# name: Theta3
# type: matrix
# rows: 10
# columns: 16
 -0.67011802681498023 1.208344840904142 3.4893505079042644 1.1265549099343062 -0.25887434026379841 -2.2374906775272723 1.8866411857676832 -2.9158425276622193 -0.98845901161482541 -2.1025598683546018 -2.5836223478558575 0.75403934793298977 -0.063508051229472243 -3.0987309202231197 2.1083089746617274 1.1464429388637336
 0.16500814540439218 1.2006827388441146 -0.18313255242928633 -1.0444416181792993 0.58457049393021665 -0.18142303603765894 0.6983529055542792 0.15740015058340831 -0.74424338441715032 -1.1812385264949692 1.0394172933236174 0.56400881454255403 -0.92978620925354671 -1.2108314697803721 0.88565238930140111 1.4534369630642832
 0.16175711988476829 0.11656890885986429 0.95371876863810268 1.3398541482524469 0.63457032027175009 0.99160656813510606 -1.350155872124148 -1.6231120045642315 -0.82751929168196081 -0.98791442398245277 -2.372653617482205 0.93916106034696201 1.2141713336251274 -0.40823495827173484 1.0589064966426818 -0.1979874929412721
 0.26303432318351117 -1.0581252724449599 -0.051287304085747991 -0.048045646981887374 1.0438485866955085 -1.0074956809850633 -0.66584955556316017 1.163914560350823 1.9895025380718396 1.0334096486111193 1.9737374731455355 -2.3636545404686871 -0.81822651918702727 0.60058232887562624 -2.3846966755899786 -0.62754112935836914
 0.32893711519570884 -0.15555014031358022 -0.56294176123806705 1.2074535562641941 -0.42731878071500201 0.55395990443436871 -0.78729964970174726 0.064066946528567578 -0.54394066515350192 0.1393671827783535 -1.5184538819338536 -0.074643638708275437 0.067564721985126072 2.2527435506790856 1.2160896879988503 0.27562172788428474
 -0.24330549329406739 -0.18336284207092382 -0.55474323486665711 -0.99009170861719809 0.021995865114928372 -2.1417438075680959 1.2286142913372982 0.35396774914116003 2.4674437076233788 -1.7508598874317909 1.435856089819211 0.0030371149998292915 -2.7802006813679792 1.1092485062568114 0.98027041430049489 0.33290616772311088
 -0.50863820666855819 -0.11135913125096253 -0.74886423913749489 -0.62132316218502581 -1.6440014290116902 0.92786835999028183 -0.26735413969485078 1.0624003418790677 -1.1781266222287559 1.6154257259447915 2.0599760738406681 2.0913177650739594 1.2505059557571907 -1.3817870029020132 -1.6289762843023561 -0.063028988280102977
 0.26376171007182087 0.38073994269421357 0.15494445215303226 0.056197872758095332 0.75824350701160381 1.564981968200974 -0.70568055563566423 -2.0236737123568855 -0.76319052012594135 -0.19088930675066243 0.10316974566371384 -1.0527233262452353 1.8688226627110121 -0.53199260640152068 -0.81634406783349234 0.60383852092190549
 0.059071394303842249 -0.69765420953980217 0.28106536073295274 0.17587467461512074 -0.12429836545161069 0.27391079714751326 -1.0924270806656287 1.2812119448404939 0.80542513394147963 1.8829727253530231 1.4102114099730971 -1.7397990698566366 1.0800845022701597 -0.26190726680694404 -1.9866044197969459 -1.0169954026542267
 0.091431001989641367 -1.0019623707360841 -3.1345446828436905 -1.1450608234328064 -0.37623427399769649 0.91676807220102885 0.93822780759829638 2.3848253273645326 -0.39385951830961868 1.2603289785797123 -1.3516965629598434 0.7650457229723352 -0.83600043385745215 2.5916723629989238 0.50976997358557075 -1.9883573633872684


