# Created by Octave 6.2.0, Mon Sep 12 02:34:20 2022 GMT <unknown@LAPTOP-P0PV0581>
# name: Theta2
# type: matrix
# rows: 15
# columns: 16
 -0.79981028772672336 0.064598768653213234 -0.94227618029625915 0.35246583690415717 1.5588949091761204 1.3507248064415212 0.64982461926800572 1.2840674883817149 -2.059707704396839 0.81139297837517455 0.70230237916980032 0.5326810840167252 -0.41562422491482526 0.93649826913098344 1.5128318949470765 -0.88379052785735446
 1.3523022162051754 -0.37974653863364305 1.4356682426628138 -0.72171722376035008 -0.22721941567418263 1.2323949708627162 -0.22902470869067434 -0.41236199931311079 0.74050678800276792 -2.2770875807137143 -0.0011244454533301603 0.51297166559647078 -0.63708783391913404 -1.7164249550642483 -1.1809503557763594 0.38643410127672989
 0.13774865173639331 0.68550550757606632 -0.62799924553387376 1.4024306192476683 0.70789678709902637 -3.0588262395394619 -1.2798201495097279 1.9827613959238515 3.4215709883257079 -1.8526128186181565 2.2420321853152769 -0.80773174675289383 -2.0903368159420612 0.33266169835456721 0.64568811400091131 -0.63315123027875819
 -0.12319462682327424 -0.52251734815216477 -0.39343188161860487 -0.57094438598453312 1.1613759233027576 0.054681230246120226 -0.6740737484491397 0.79143345849399027 0.30911624470075 0.41059340262552146 0.98708735147895676 0.59395725369818531 -0.73276038303326074 -2.508523759142026 0.49584579267330797 -0.33658356242093174
 0.38091228073256245 -0.33276324290151965 0.68267596470950298 0.040335265858245067 -0.93091057286971446 -0.33136336208226358 -0.52800081013823064 0.46911405348950064 0.14294117152938859 0.73233311563454884 -0.5581543392935393 -1.1070752638524226 -0.35712256186765173 -0.00034888988865610488 -2.1732263692616991 0.40203357024447384
 -0.19005420436855294 1.4700467122569381 -2.5251580455866871 0.68849100075406078 -3.1348438954039932 0.13677741806238783 -0.40642387767019461 -1.3004072862733227 0.1991015484609211 0.30084081267960666 -0.54164756905381162 1.2015360136634143 -1.2462066288430598 2.4191079191725491 0.30986463243069334 0.78928107185983154
 0.29368593585491132 0.1344648699866326 -0.42176918144643594 0.68930365467570986 -2.7815170651490169 0.68241906268516717 -1.7887773695111271 -3.4526298572513392 -4.8260451532984154 1.830413724572947 -2.9097533859321731 1.724745086835294 2.1524987421693549 0.067363356612965317 -1.0563558200062166 1.3875417086045911
 -0.62846699776562154 0.46372924191634352 -1.1768079181193012 -1.6952513904701785 0.011964026999944333 -1.220185575023792 0.39336876250535113 -0.30084154441428024 2.7850294287119048 0.070075123860318847 0.85316793655515277 -0.0920899994910198 0.61978637763131073 1.0774889991952681 2.8907372477694397 -0.24743174057344905
 -0.049519804916768856 -1.5169649102498843 2.6458549752584997 -0.83099076764652946 2.8508828267424824 -1.6480320216677797 -2.1664587410558473 2.347554326399393 2.5369176444199506 -4.588270365864429 0.7661816393525156 -2.1702327019423651 -0.64508321643334521 -3.5865834086560864 -0.65501817077424929 -1.4705945877562738
 -0.69589726791131501 0.59628667153428738 -1.4586535622139549 -0.50150215110380492 1.0710281176952159 0.48721559315084878 1.0934403757712765 -0.11877757528525412 -2.9299889708451641 1.9226960423195609 1.6640919498008455 1.6584189036921704 1.7253892428504272 1.7384648020636202 1.0328782680506461 0.24364281828794021
 0.1835816254073098 0.6639819610515143 -0.092690026674385487 0.74178203590926362 -0.96337389019454345 -2.3255732969482414 -0.2642157073281301 -0.25570248158211267 1.1596756862704363 0.3778364415412393 0.061425003914866515 -1.2625044284596498 0.26126399328687006 0.26772330363424146 -0.13844647721474043 0.37986668557966541
 0.42233729304869461 -1.4601293196360159 2.4494771538380347 -1.1837058117471047 -1.900357885746899 1.8394883843251553 -0.41011899290372072 -1.2601760588726325 -0.42617795936472314 -2.0565269951858709 -1.4113165007584005 -0.80078396636844151 1.1199880827144844 -1.383738208037026 -1.9907756324194912 0.24306530712048888
 0.28130156233839476 -1.1065703027065508 1.4235941982195277 0.92715254098833566 -2.4606107503687218 1.0798983627221617 0.97874768639678078 -2.2309000792675131 -0.57981617817543252 -0.64264866752808225 -1.7625211002481882 -0.97784571961130551 -0.67223805090782607 0.60913970493836522 -1.163710148649868 0.24192666411989561
 -0.44312122291218053 -0.8713520853716783 0.19140448760461115 -0.95846959720333591 2.2363329175720374 -0.61874535130744601 1.3949732454757715 0.95115236619501997 0.59289554230741726 0.042559492453086253 2.6697137375937947 -0.20240932125835315 1.0643884376637442 0.49048200560758343 2.1710223941733884 -0.28519854522995802
 -0.40518020763434454 0.88934516411375264 -1.1654887562883336 0.62227277216328414 1.1807270097112623 1.6690361591704783 1.5014382123306107 -0.20960933293992703 -2.12200843881865 1.5001030898721279 0.93087421531290238 2.3327307850891437 0.6458435609357559 2.1255409793024702 1.2813406328059058 0.37183044552349304


