# Created by Octave 6.2.0, Mon Sep 12 02:34:20 2022 GMT <unknown@LAPTOP-P0PV0581>
# name: Theta3
# type: matrix
# rows: 10
# columns: 16
 0.55264611150028686 -2.103348982401033 4.233368323466661 -2.6259138732649481 0.62374182132698386 -0.28001610652183484 0.18181509386497 3.0537927708192063 -3.4837070184975074 -0.34673817958042291 -3.2256054147391842 -1.9676517330440839 0.44808917862459768 3.5955760205355647 -1.3314880848890012 0.11549893193968869
 1.2107142091526446 -1.6643653504393059 1.1765586350389627 -2.742897215021991 1.919129888617146 -0.2954916266178137 -1.4764605121081038 3.1158447441510959 -0.77630651488925928 0.7427317418729229 0.25749678860103414 0.321741811214868 0.11056055379670054 0.047763591664950297 1.7348922417116535 -0.78513121714666223
 -0.10849004155729751 1.6046531131389135 -1.6871995215521747 -2.0986856158883436 0.58022366280230053 1.4741695016417495 0.5631258749392436 3.0643743209289633 -1.5967683022332333 -2.0416902489410909 0.67281319498363734 -1.9029967440066493 -1.145378464066106 0.76919155224280511 -0.70751798259602983 1.5679526948719251
 -0.0089712232036216946 -1.9005652187257216 2.3331846148213224 3.5604439468500937 0.35123345415436685 0.43879175896218187 0.85387568590223972 -4.4154403376106037 1.1786355552289887 2.404921880470265 -1.0040284523819494 0.84034700285865616 1.3298686786567326 -1.6785537381997138 -0.63907580505051698 -3.0514214227831977
 0.12812707672596971 2.1924135444792681 -2.9498116297018555 0.0076135739999346509 -0.40237079511670887 1.3198654991209147 -0.010890568028913307 1.0011895144625422 -0.84381939020541952 0.055738454523536485 1.1813231450051902 0.98945984921772523 -1.1775756967540185 -0.47270492870850217 -0.29618737105133425 1.375333010180402
 -0.033542401656552721 -0.47055042526622592 1.7824122256151431 1.8931362895890202 1.6142016771914516 -0.8878195232088012 -0.6121600327983745 -3.3140467050351758 -2.4617541279335557 2.3178074789224752 0.033240544491737453 -0.4868479112594607 -0.41301369124445902 -0.28000034168461219 0.030248015269456217 -0.11954447360121603
 0.063609472287883301 0.93968217495922879 -0.65227499998362104 -0.30885390678563235 -0.46132699117364839 -2.6070455087681439 0.79834923496505517 -2.8019622526949086 3.9755721690015009 -2.7788973571224682 0.11100545814146442 0.50065658416780989 1.9027899850095298 0.58284610174765505 0.58383896723359019 0.30220330743659274
 0.16786982793826244 -0.66998104987745721 1.6476878587967698 1.2541606725290777 -0.57394982721672672 0.13497619909384329 2.2011397653978837 1.0519220038536112 -1.1703935342120437 -0.52546139518306612 -0.51687799065108031 0.8297914478849564 -1.2235822645071595 1.1294032832841108 -0.65749792055502576 -0.01159411407295797
 -0.42757058415037852 -1.7550586957702334 1.0832100546223924 3.1756866535404189 -1.6474627645931987 -0.20814028233729756 0.95928202013956598 -3.3885936544242972 2.4873408857126997 -0.47247951009891959 -0.6463395821816339 0.17138226429832865 1.5231173236171562 -0.82641163342981749 0.88844230791507117 -0.27811930434734289
 -1.4087977333039345 3.6447239702403329 -7.0399226770081924 -2.1542365174155145 -1.7487813873449785 0.87294146601391864 -3.5481821279288766 2.7657194412733865 2.572756402483662 0.44530341470543883 3.0749884849429159 0.65382276936186501 -1.7770033244258039 -2.8420272860443059 0.17735259996136143 1.1262489681272663


