# Created by Octave 6.2.0, Mon Sep 12 02:51:06 2022 GMT <unknown@LAPTOP-P0PV0581>
# name: Theta3
# type: matrix
# rows: 10
# columns: 46
 -0.041724741243092237 0.01363006941532177 -0.30500440931073958 0.76910333192287339 -1.1747319098779156 -1.0324067252226758 -0.70192258454066836 -0.040990663851147011 -0.37422725420504238 -2.0035039749580439 -0.90350194792290783 -0.79083648784168803 -0.46574642887284723 -0.42382744280341539 0.62774935470774407 1.7922019077899836 -0.51797725667223327 0.15984140083355311 -0.93903807300201714 -0.98993423294184868 -0.63349634681595446 -0.36267648259165647 0.88253422724824027 -0.18891393801231371 0.18161208782199012 0.44851441727201896 1.0520520811547804 0.55635364817352562 -1.0922993315458691 1.7091406409307079 -0.0062014997912506519 -0.15062399205823185 -0.28552211716009729 0.064062670873777552 1.0471369439296712 0.47540887527155806 0.33991299254831753 0.34502524089773334 -0.91409192036586129 -0.77760445274828438 0.28254901377684544 0.35052851616679448 0.37707321760593127 -1.6493951023778661 1.5652392279218914 0.48480486989665605
 0.12708731430371523 0.68296733035187052 -0.21585632537044366 -0.078487106897703454 -0.44603015752821562 1.026910688226101 -0.70089834497562897 0.44214858190757456 -0.25768730064181977 0.083568368250031722 1.0754692103242645 0.43478410321664113 0.20835373097527329 0.75751325414596471 -0.1818433163133181 0.48211712597972906 0.62303823759021681 0.71110753676260097 -0.20176955251060968 -0.71198038890279747 0.17686302981535879 -0.63560005281717236 -0.50987950900412893 -0.52958373845109097 0.79726821267498849 0.59344559317126477 -0.0062269979207348501 0.33867535686321615 -1.019045009231909 -0.80463297349547458 -0.72858127049884569 -1.0151323101272356 0.36343476687726711 -0.59951809478440232 0.8482740496844422 0.3253087809645514 0.53582295950801206 -0.35819124667637897 -0.75459868900349747 -1.0020787967367002 -0.55111705532370125 0.075304996853529677 0.42755782621626842 -0.36270574760683344 1.3417267412156908 -0.73316274568824957
 0.13401758538485217 0.23733837447809128 0.15734551569685629 0.33143531172103996 1.0071481014107733 0.22605166704357754 -0.47095343495392383 0.31922164535811531 -0.45574887390135227 -0.88371717211811462 -0.19204746038994142 -0.37292892053413035 -1.547496530896415 -0.073953646394834524 1.5362238147129827 0.48375803927864591 0.49811865497729646 -1.2836069581242409 0.89185815891400499 -0.65153122088723037 0.33982407631231915 0.024777309378052188 -0.17817928804033406 -0.15327877992362821 -0.64869512073923996 -0.59253120817060623 -0.15359093881660849 0.14058820305148897 -0.35967848620318932 -0.48709984201270079 -0.11619989201218681 0.94156801982464622 -0.17127745733599606 0.20197224794603724 1.0568300428705457 0.040975385253608991 -0.11172218405925707 -0.30760288084844989 1.1386265749873898 0.7388737351366973 -0.68746581223847436 0.42465944884213935 0.14942302509841968 -0.035155591425678097 -0.03825067641652162 0.8968252830808755
 -0.056086521543967933 -0.92784841352035952 -0.54576497242226762 -0.48889631829436514 -0.35879058693939869 0.038477313369836244 0.48721098892580844 -0.48482139426047866 1.5048289042586187 0.90225700312488266 -0.34110531901772029 0.92231131686154577 0.84691018485680003 0.41511049446813231 -1.0622254852118531 -0.78601987740186174 0.063157443744086078 0.7761809697474602 -0.75668671514832719 0.20260761322266957 0.40781800285680991 0.27725859004942549 0.46459148178001169 -0.8974870484332238 -0.31672724546396502 -0.6060038306473492 -0.46729911414032627 -0.63089095951124619 0.82960695701503173 -0.032819903920215492 -0.42018413031880913 -0.96205029330220515 0.30860277203292458 -0.13676525616412102 -0.80613286980454513 0.38258278183283428 0.79056395809028268 1.2879206307009081 -0.17544944255677358 0.17204161860961195 1.1538803613241408 -1.3981426886150705 -0.38043524169594889 1.0277019145771111 -0.92063090015713944 -0.26528571343708718
 0.18289454221560372 0.34649596474459959 0.65165759815546631 0.34417675597659864 0.21998216089950767 -0.34837274491638509 0.66408339021659835 -0.2117405431787929 0.34065606555952505 0.24123133236308589 -0.26771379535841899 -0.25724525930998243 -0.15491104338567632 -0.34646247607310526 0.57830993308863177 -1.1182108660407106 -0.27071566970685373 -0.7221622489373769 0.56603339831314881 0.85904734789113602 -0.66958375530990422 0.82939415796563132 0.30232596525736349 1.2969078851287457 -0.73643891829704411 -0.14094753528027329 -0.79044594630719678 -0.36908384382416604 0.87258406533337607 -0.19214408210833511 0.84096420640711667 0.93709782219820437 0.43245369572321657 0.68556490953658256 -0.56704920290777983 -1.0657923947797767 -0.82073048335961407 0.50150226525513442 0.32587760645764802 -0.036002049385015375 -0.34446246682690745 0.1232759998805338 0.091809376302071394 -0.087100632792377342 -0.19259361032097805 1.0767470471939224
 -0.24116678696705252 0.17871149742584733 0.48919025906637598 -0.61990110137971655 0.15785809286031019 1.4095232626707785 0.92648079514208215 -0.88269564713276161 0.98632719373805877 0.54314952606275302 0.78801091948524959 0.38634581034613136 0.41527721101206055 0.530180245313154 0.64834033200437402 -0.60856997928377199 0.3137369749007366 0.7532752362185452 -0.71901274455541631 -0.47623462336791245 -1.2460019294159286 -0.31129710020552442 0.92395350904623319 -0.29595051598354161 0.035193578718990773 0.055006311868860944 -1.1849381930803633 0.94898878420518518 0.53746612780262593 0.46503152333682368 0.25844607413592624 -0.38434655799739392 -1.33072071618868 -0.44734014085217383 -0.67884242457909616 -0.69232229978083026 0.49898781896669925 0.41596244259286985 -0.63711534498404754 -0.41896000222323965 0.46301695601834952 -1.8807710415628587 0.28424221787218534 -0.83588688165264646 0.07928902085201707 0.086229459876307271
 -0.072404058502831409 -0.90790282507329545 -0.36917872367515897 0.1929457585964712 0.51828791535912921 -0.36976808252395549 -0.35640054586561559 0.45274008751342654 -0.65629200527771503 -0.12249511411117382 -0.66035674345125284 0.074303421356962773 0.17253024726560318 -0.60765029204492116 -1.0941619824823736 0.79721225166859477 0.46935650549874464 0.94136616934931538 1.0109467731310564 0.20526471372550911 1.236668087020617 0.12499139610619268 -0.15038264438318874 -0.7349631728438093 1.2842990791594422 -0.64317055260841705 0.83233877157585057 -0.34671311598699189 -1.1841103478842667 0.43844707672654054 -0.60317585807101182 -0.21424341985242895 1.0673363493157333 -0.45234911546787698 -0.85106079184312289 1.3368099203679176 -1.2628736619368417 -0.16383293553327472 0.85633141753963882 0.5202059267957061 -0.29136008802110103 0.58189445811492801 -0.76120404941852016 1.0053966781094925 0.10794240118779054 -0.5081711052105351
 0.11991753217359205 0.026516932731841837 -0.60322988825136814 0.71808074835939228 -1.0185399640473962 -0.67568327454272581 0.55496537026922688 0.68739706333954087 -0.2105204336896434 -0.042433954649604907 0.5019280922749817 -0.21247874689676657 0.018572905025459378 0.34667117081878696 -0.5357538844393015 0.31810122388661755 -0.69331147566477958 -0.88719168424220318 -0.79608969413277264 0.50069357553782734 -0.39543057732456888 -0.30386455016883712 -0.52047779769810376 1.1024553888068758 0.10616343417085633 0.42040932912314999 0.57775194863266843 -0.92459054152532871 0.48010283337637299 -0.40937785307142099 0.26645773355552338 0.76016434566724966 1.0306827312559135 0.14797172965642499 1.1176046839073734 -0.31520512420583052 0.9307285978720613 -1.0102988538238789 -0.56301893434824257 -0.52220477491175465 0.69220985852484385 0.44592692860566363 0.49061289196123575 -1.0826265185093069 -0.38352855195891378 0.20691412096409489
