# Created by Octave 6.2.0, Mon Sep 12 02:18:03 2022 GMT <unknown@LAPTOP-P0PV0581>
# name: Theta2
# type: matrix
# rows: 15
# columns: 16
 0.67327524682626849 -1.5015062310447909 0.64844716622316945 -0.0994723835549568 1.4231413293794579 -1.0116423112084763 0.075527174328940808 0.39911333254066617 0.14163947873517918 0.51946155470577904 0.62273578586030764 -0.044709914405242482 -1.6063742406164419 0.62063552304482206 -0.62699698962223516 0.11546450320889159
 0.22665823390801459 -0.21014366072144636 -0.72095309924177553 1.7601035865168082 -0.28057254599869652 0.93569448916609632 0.063371321437958858 -1.3863766950752907 -0.097074063134527669 -0.64753774169104861 1.4385902532837538 -1.4210095439741699 1.0255670859182333 -0.98060633147853682 0.27824543553811848 -0.78994532340530232
 -0.87895022783752785 -1.4835196411596683 -0.63947713995436573 0.59216914125672604 -0.77993871547959415 -1.5850492563109115 -0.39013513257427174 1.9928066654755205 0.2488023350317439 -0.069371588878487128 -0.96461683464789161 1.624406344358531 0.36470276936784141 1.7355318843998027 0.61555931650650275 1.6612851538394808
 0.30019074846086224 0.17965533265744749 1.3327750073254954 -0.78618095557477907 -1.4698447683711353 0.12545731939967311 -0.0032268415222710812 0.22258758797811648 -2.0910299851083991 -2.5628999769390499 0.058282227063566498 1.35297186733194 -0.20184420401413747 1.7986448455664112 2.0079315010777141 -0.14881369373328027
 0.64270828899172783 0.29604129029211335 0.14114567698035008 0.96506132911215115 0.9037786464438905 0.16007122902764587 0.32432809024537629 -1.3257310654707639 -1.2226773757344265 -1.7043995104629088 1.4307966527026088 -2.0203262318175308 -1.2509563187287209 0.10224218511773174 -1.5403775027180382 -1.8634193273309534
 -1.1348077082437686 2.218714091811365 -0.092256600511097145 0.96569969136634937 0.62629697095821979 -0.18871949276062655 -0.036632077404310688 0.22902274722348392 1.0796979138076412 1.4610150829171016 -1.1211114535354578 0.11109428557605498 -0.72982672564201279 0.8209971614131194 -1.4576129019187243 -1.2152061527610907
 -0.68572569011656437 -0.71272968084915922 -1.2039471231061032 1.4663615651942896 -1.1460047882988231 0.28555959658614205 -0.078725514162576324 -0.38550530409702127 1.264474300068589 1.4325249991608959 0.20885183897756265 -0.92673655198595251 2.3892382246641128 0.65057417239905813 0.087755413575886496 -0.20468600923142416
 0.99398901502002457 -1.8167917446183768 -0.33983108698916342 -0.44735320361445796 -1.5429371691996925 0.37977589666282768 -0.09232587079080673 -0.88095991115731076 -0.18756738695638583 -0.24548550675436387 0.87381299525506639 -2.2764170810261102 -0.60320656846611154 -1.1543722174802389 0.20771399477502134 -0.22832249368943161
 0.15146611496828297 -1.7649184227913868 -0.084551453451609457 -0.75461558800779216 -0.33644830954016552 -0.92455014033142902 0.24085319893993168 -1.2954997790228222 -0.85450255656665541 -1.5840236405739752 0.45427128900909025 -1.9134415299456233 -1.4001106607517848 -0.16519716157099007 -0.49309240705950697 -1.6492327905973292
 -0.75543113441417253 1.344686818873752 0.47268913888391129 -1.7951077324394713 1.7588329769701228 0.33276765624356469 0.17588902332931694 -0.10469104617289084 -1.2325523139849583 -0.21225893723172112 -1.3584061930151792 1.4003731084297486 0.28644945078758521 -0.89297694883657941 -0.65200174843085978 -0.68684971961647867
 0.11616947691252594 -2.6433521268454072 -0.87659723078511342 -1.1116601039347092 -0.69915868380147317 -1.4329191370954946 0.22907648316971477 -0.56260099988245682 -0.7145282333655979 -0.90039661993506914 0.32752161431870536 -1.1826951270617838 -0.99032450763511115 0.6446022697869016 -0.01694614072552587 -1.7605370108756908
 -0.79448636076412338 1.9996986093376965 0.10070312982521998 0.012290975839358866 0.21208380875975896 0.0083787765507560841 0.00038891640118558009 0.35641351129021892 0.92280277330235572 1.1096085387440664 -1.3173632399550719 -0.41970286555223607 -0.28047441752229374 -0.82435007852353537 0.10486031398911337 0.07426778540358632
 0.60113648883574333 -0.8980048398923991 1.7907564732494536 -1.9636307982123093 1.2804710479289956 -0.64853002782542757 0.19235260329463402 0.37490012482494134 -0.0068827795758722452 0.6294847431425703 -0.46485865424234113 -0.18341683938363984 -2.7682960261505709 -1.3538322613378126 -2.5853660401979974 1.8136084115973421
 0.35025682771853539 -1.2278870091932532 -0.39432586010572701 -1.3949891984082483 -1.0556132119644634 0.54742807065340571 -0.11495955095365933 -0.57910927824607961 0.1402779340658481 -0.1655138957173663 0.57046750662570889 0.4964040825100855 1.0167467382204483 -1.6735939509313285 0.10078220862313882 -0.0263195958738539
 0.37180823708061839 -1.4744616977488365 -0.41497812417726015 -0.90316562090477071 -0.89324936614229089 -0.11399689281065378 -0.17654711543285365 0.21119068330058319 -0.023482512227162217 -0.80977756675065915 -0.69332777777197496 -0.15243103494618848 0.27974238934396278 -0.34537448204438853 0.96733736908305568 0.53497624861093984


