# Created by Octave 6.2.0, Mon Sep 12 03:01:43 2022 GMT <unknown@LAPTOP-P0PV0581>
# name: Theta2
# type: matrix
# rows: 45
# columns: 46
 0.047181434870699222 0.41881847063030192 -0.053744228459383751 -0.5470596942352689 1.0366415646353804 -0.36407361549327238 0.30433197091633496 0.5623293336489027 0.68909721800967338 0.82698262463958772 -0.23318380767853869 0.37653285689366511 0.36961793673603793 -0.81151232945479201 -0.10096744120626948 -0.4247396056731082 -0.038152099614073079 0.21337807506287071 0.1691015762901793 -0.1236718130964706 -0.084727306575710204 -0.11495910646165813 0.030725138761358094 0.059964661816715094 -0.47177392117299816 0.26877310151063583 0.13630400592625178 -0.099031784826811117 0.10015115095670916 1.5034784440180888 0.44307278524117505 -0.064807284156563144 -0.81716093460711148 -0.54696651634056603 0.37303310752917046 -0.17353786391885767 -0.57565576856668088 -0.35943656842869681 0.19076508433174322 -0.1905581804989831 -0.39936968717426657 -0.055397727210962117 -0.54498851642641433 -0.9084292894350956 -0.67422012055838798 0.9008696383579613
 -0.17856524921432351 0.16842995060651092 -0.28247151121641001 0.0052966422430320943 0.21500963912124937 0.14461131209641392 0.32849004993497877 0.35341235332152565 -0.020724769832725618 0.46603638116320312 -0.25598215733666718 0.22137501369656515 0.16532907355430373 -0.39157816727883293 -0.16364278507574639 -0.079585369050439211 -0.29251696696301815 0.12656851109126271 -0.1220775894729095 -0.16129809981052295 -0.081357517768188004 -0.47048581450926497 0.58979935030423114 0.47719397610642106 -0.58356077962660524 -0.038821228957318897 0.42920954711929021 -1.1671362757479238 -0.94774614367340682 0.066569061596442131 -0.016769022549232172 -0.16237889615731402 -0.6949027074632439 -0.049595362562947484 0.23197863573554758 -0.40069265715643343 -0.30913121021874762 -0.51134598765582318 0.37640377265570751 -0.24890359229740236 0.078153378729362635 0.20322534074637483 -0.76819373560085624 -0.37189913020329401 -0.098210972019756385 0.33000481143400373
 -0.16863521836757772 -0.1468526250121725 0.74983737459499511 0.27825334161226661 -0.01600938927824766 -0.42605343945468022 -0.0055184802882427622 -0.59754251750410792 0.30047931417343421 -0.33234133952951139 0.33367957109626234 -0.97297226783400637 0.039097446760738633 -0.33682780831153025 0.046038990027379385 0.31384451702464827 -0.38590092437855172 -0.33795939643537865 0.011249257017781905 -0.081318029216406976 -0.043653536733857516 0.25074449370258467 -0.032234481691170984 -0.40637064678342771 0.59475727660667455 -0.10269338455451094 0.61109504599268805 0.88308975068746765 -0.61194413208833709 0.02593372903648785 -0.67288174531539946 -1.2810064246525728 0.26457444504737021 -0.10035220629836772 0.45681256311356316 0.89940143663683181 0.21747653651444582 0.42812954525701313 -0.026780374035044449 -0.11279800173934403 0.30817053916955794 -0.2063929711046783 0.42553146739884806 0.18013569079440248 -0.5015058857736957 -0.49235659615240412
 0.17212596657302123 0.072021362443099757 -0.1942936544372279 -0.21042387124349768 0.45698096618923845 0.37217933262379038 -0.24930509360220604 -0.2605849129162201 0.26069533392554939 0.18318788095635333 0.26060311555056698 -0.439427961694625 -0.012911671908098053 -0.21280054263588896 0.075380273574429862 -0.34694087986575889 0.58624418558975111 -0.1855667595168897 -0.57177900477614951 -0.52518348348928401 -0.12463274725203558 0.2195243063037681 -0.32007538472134645 -0.34386683914702282 0.75562950733285028 -0.034763965942687748 -0.2789938674869028 0.68491947199955427 -0.39725701894780746 -0.023967453664938101 -0.4613140297013027 -0.27755467824686875 -0.063844219711089875 -0.12500989901839307 0.027428109042440831 0.71812138404695547 -0.33684552595500444 0.17659977112684511 -0.15855614685136832 -0.068143558816634656 0.27380291524592992 0.031862600585384065 0.030091046333616062 0.12912842014879899 -0.60911898855046076 0.12811433261806021
 0.034238698498210061 -0.26775579087241547 -0.69103826996498408 -0.69664549100683082 0.13913496196183781 0.028654196515746654 -0.48528159569777746 -0.62793615232491129 0.7006964967574637 0.0022647412953103732 0.77078274712437345 -0.97936413497584573 -0.2795226271782042 -0.14177387769768843 -0.08055873181557964 -0.08957633154804015 0.79149367464344167 -0.55342848244224985 -1.0472772001516308 -0.39265385024265403 0.035654815225787673 0.039184982992499166 -0.87524891008999928 -0.43566507125540027 1.15905886415131 -0.16125630872813554 -1.2527438843833592 0.88064257139295199 0.21087447273899954 -0.69732907552853141 -0.26377404799208937 0.034269993487399328 1.0064578931768358 0.27762068848846622 0.010679198315026974 1.0615018032983212 -0.85725549893903985 0.4734587464729727 -0.036101316039680628 0.10639776471775872 0.40573954826329039 0.056227119684675371 -0.13082516242644013 0.098861109049777005 -0.75209994996177998 0.058674314813932253
 -0.1264544971623254 -0.47354706351223685 0.19997420204251512 0.49868973956485979 0.72654173076211048 -0.26121653756416668 -0.53553408638805622 -0.46620785967303807 0.92081181994825945 -0.25989043883451834 0.52727740755865715 -1.1791045738202421 -0.10631636638633667 0.24268244441323958 -0.17360766416712453 0.12466521891524329 0.34546193804038505 -0.64297058384240091 -0.57462559091517063 -0.21683845736181223 -0.049193279974653739 -0.17621143099783748 -0.33330139328774488 -0.43772260222460518 0.93209507607909692 -0.069805949830661698 0.02962101878177896 0.20454499241823723 -1.1182957096263058 -1.3676974696453621 -1.3496733273976476 -0.61394284758279638 1.0776356741752933 0.28976991260248619 0.24946843790067216 1.4986827201866011 -0.38837492359587844 0.71948977033261619 0.24151014988550018 0.17066540508892428 1.1767320462884061 -0.50459014319295981 -0.24920230756367193 -0.22683806672801471 -0.49042562890361424 -0.09352211327224462
 0.088804039062246973 0.3040985229007912 -0.10829366500399731 0.87288400552244905 0.1826016088606093 -0.2968955060385573 -0.12505498647173377 0.13937449265564331 0.011034179981541829 -0.5774951429285321 0.39315144968664167 -0.30865078025142711 -0.033131721151173334 -0.0019422539282203 -0.0042825963387843821 1.3648152519079617 -0.24309020902706743 -0.25327763306635243 0.18068922264317439 0.50826949966243473 -0.018303760616172303 -0.0093878542092194379 -0.14209583379424826 -0.1742148964080262 -0.17811426294513569 -0.26563055945395098 0.024444614027404766 0.34221823434204174 -0.22323800672602037 -1.1702037885256482 -0.039213817613088744 0.48901358864597511 0.03353842627899619 0.93777804261522857 -0.45142440783993448 0.19135872965763445 0.011369425612392549 -0.033306230000297539 -0.16801151085982868 0.31037763850256206 -0.28800901576103072 0.32026192180837498 0.17661365493581765 -0.27513809556538582 -0.025170752421500475 -0.3712959408978766
 -0.25186874068842613 -0.12878128363676591 -0.079277726966877099 0.59395215397186907 1.0404398936548855 0.11089776099932987 0.16148922766972845 0.43164960435122846 0.49882230224974028 0.20642564619313059 -0.36034831634649711 0.026818227128296179 0.24606245435799845 -1.1043277380511538 -0.063267113935789543 -0.22599613751401235 -0.43110164877236762 0.036530366065026007 -0.097243611936786947 -0.30736534202473575 -0.12264796081926126 -0.62926309765403077 1.0252623080620387 0.23349585192788941 -0.42126761895806369 0.056480347887722444 0.74377732042779987 -1.1725160991433818 -1.2441977756857825 0.1945824509732357 -0.81947430516000486 -0.53816245669148044 -0.47624499446075574 0.23593739445154083 0.33450119859894695 0.27519878524301278 0.062742780051268959 -0.20730516793987727 0.46643549614607144 -0.41391304955939473 0.83517094528702418 -0.08533898381456477 -0.58300450679096627 -0.49717998989798995 0.16592646399056035 0.40163249705162613
