# Created by Octave 6.2.0, Mon Sep 12 02:34:06 2022 GMT <unknown@LAPTOP-P0PV0581>
# name: Theta3
# type: matrix
# rows: 10
# columns: 26
 0.4379540735414364 -1.105686222423802 -0.76271976540445008 -2.2055118398634628 -0.49294239642140825 4.0714970459401796 0.5519578821192368 -2.7941548257905233 -1.7009161961633605 1.265572626654806 -2.9541705120751613 1.5299760980325809 4.4794634554589567 5.2218658684597443 -0.638153889628292 0.085919618353819241 2.0501695241789886 -1.9854465559643848 1.5212438784028217 1.6103886134506213 -0.15057076804849259 -6.6274793446422198 -1.6492280911871504 -4.2243877164266257 -1.9489043835497879 0.87609742626792397
 -0.10808255803969929 -1.5745303242547932 -1.0438836144471069 -1.2220152702802571 -0.02179859267687248 1.4590218860109772 -0.67775321997890936 -2.4259571188401883 -0.65672834584273487 -0.88962473542033493 3.9628472428504691 0.45240575917240711 -1.1261469966693485 1.9098547148460654 -2.2112013663988987 0.001942644325415217 0.017067906028463087 -0.1095144281298539 1.0906915660030174 3.7177777369066782 -1.618466904909815 0.28970046593287047 1.0402773278656785 -0.55135052236303639 0.71722086251930883 0.43072246222494465
 0.63318641402785036 -0.97340789176520937 -0.56129153561958778 0.087145795906009682 -0.50970203776027734 -0.60155466955517856 0.75857530525087569 0.38788311574934897 0.69023144337246889 -1.3396379938816658 -0.14408992993992009 3.9193422562332891 -3.1011428442206563 -0.80317773380401547 2.086098721378574 0.081781286843048556 -0.41062752469583913 0.63839015761028162 1.0264024736183317 0.12416128005021948 -2.3522603034280225 0.053160518547002218 -0.33373077563837666 2.5514684193845198 1.8834722139148774 -1.1021926816873364
 -0.80289146059985494 0.06563463171481744 1.3825669841822081 -0.14874083403572774 1.8086204224923619 0.64290133651746506 -1.2211930125961667 1.824677564326308 -1.6333665517100391 -0.43270161927997286 -0.8295043600301204 -1.0302715176268176 0.70862239275284344 -0.72444733630073199 1.2830981652707203 -1.0417633068604786 -1.7849100655520844 -0.7790269596958006 0.17494173443565483 0.064647938536996838 4.3358491799593306 2.6520401795759465 1.3731403349360056 -1.9008169264319625 -2.0872786150001117 -0.72105553749967699
 0.17865264712092618 0.25903112520710331 1.54434953281452 0.77678374292625452 0.051550295107657004 -1.4915567325109793 1.7633369918150676 1.311681849089344 1.63911895742475 0.63638085019725177 -1.3561824009716257 -0.12998116007883212 -0.507976906221557 -1.9506128087405747 1.2159172931447122 0.83671596901547862 1.074090289772812 -0.21628086455069886 0.32903824361072459 -2.9484124860266419 -0.72943335328836989 -0.28363135203850814 1.0917558572347017 1.8883440160582401 -0.49387080382713094 0.10414688429754616
 -0.24769193796089961 -0.81148960781882107 0.76797353480991448 -0.87764260968233843 0.18064064035030988 -0.47507171525193786 0.046374137083313817 0.61473444905610186 0.038351407419796181 1.8676251967235125 -0.80668983891722945 -1.8520780615274826 2.5465996887720674 0.44071591108175534 -0.72099501871075955 0.76647882607698403 0.98519653672951502 -2.6574708934013254 1.3310114302963378 1.6316789436895756 -1.0205110835672395 1.0045069318660855 1.3318133493225488 -1.6798638125237153 -0.34328923149985424 0.11688439468405007
 0.10426346399140979 2.1744111685123153 -1.0649972836715886 0.69509933917532307 -0.14306679994373594 -1.1583150731017546 -2.1064599205164902 0.4610876193943832 -0.63602711468852224 -0.91252037447918 2.3558735265021635 -1.9475074689673944 -0.14836953368725397 0.64846758631568868 -0.84392824615130624 -0.094445952800136873 1.694694346150319 2.7664101300986474 -4.3188001009973016 -1.7567130459397129 2.2514204323116864 1.0747100012630719 -1.195566028771514 2.6283169031639773 1.3493161950013659 -0.55643442597378967
 0.33657063366084772 1.5999767585567057 0.41331341744554123 -0.025411261138035591 -0.31006658883529881 -0.82206412291676478 0.81817860043658264 0.3531233909323076 1.453727485036902 -0.50522640344780589 -1.3958768146168292 0.12998348510287194 -0.02477784767268543 0.0069262715502120447 -0.64977678714743969 0.67260838215883068 -1.1327103460819217 0.63666321406883453 2.5437309436661484 -0.52420840591932039 -0.60154763822887058 0.1000559754840504 -2.701088064504511 -1.3200375823377521 -0.3950751482611437 0.1803591523372704
 -0.24090811083028024 2.7616012671753656 -0.75051290404171633 0.86060183528805956 0.64327393614323636 -0.83779687248887802 -1.2420961139088527 1.2288345716151186 0.83999458173156694 -0.55006082899302511 -1.9805434249407994 -1.2511747918223097 1.1650881272205527 -0.85545830337207407 0.63119660368896002 -0.3786642893174561 -1.1610443661925787 2.2063280448185769 -2.0461140270072624 -1.3369982266139182 3.1535815447958027 0.72413159870123045 -1.4543945418369375 0.39139052698348126 -0.19349721328322508 0.92027110215949426
 -0.16010430442176488 -2.4960692854576898 0.3341308737643518 2.2005226598165208 -1.3840528540080443 -0.9954542904395941 1.4930056311115985 -1.3009067006528869 0.059920296562216854 0.93319091490602146 3.3319953346155371 0.37584510182302722 -4.0617161217561435 -3.853131247268974 -0.02761290005537298 -1.0613023032899553 -1.46255348341749 -0.61069700235429925 -1.4169622295358015 -0.64222465272402096 -3.2033349138544818 1.2307162923125199 2.2381674834865484 2.3390739418602795 1.2797684669083509 -0.06943642974128221


