# Created by Octave 6.2.0, Mon Sep 12 02:38:47 2022 GMT <unknown@LAPTOP-P0PV0581>
# name: Theta2
# type: matrix
# rows: 55
# columns: 56
 0.12481691342733016 0.014553020716171504 0.00081644861429454947 -0.2165971695159542 -0.22055227816878226 0.10371729863473723 0.2424306076253615 -0.36337263200512332 0.032416563195098023 0.037895343419976142 0.058493751023465178 -0.13769237076562529 -0.049506997172819749 0.25161736482522706 0.17924448676523244 0.045879810511661102 -0.23262288092700981 0.3419263352096692 -0.053344495186138333 -0.043695399057630598 0.25124210162916921 0.24330620543283044 -0.40741288905066236 0.22740981934075558 0.25702656139320262 0.20171870555660404 0.043126042534839364 0.056643582774943746 -0.074928606290710853 -0.13375861533414485 -0.34969835718160769 -0.016638826095825031 0.22065003013038598 0.41006240426180329 0.32115748337144545 0.16188182897968362 0.32246312166881491 0.26958672489705043 -0.39874651138858619 -0.031845482626385722 -0.070088768026533924 -0.058706259778275934 -0.26993771229694274 0.22438167239346221 0.27100678085721169 0.025674316234564634 0.10528243012333335 -0.082954159127723734 0.29958938958477044 0.21819375082926284 -0.11040753724942781 0.040695428092952901 -0.098812414124855141 -0.23556302699783313 0.066043911024101162 0.32789037902014079
 -0.020072152804688288 0.37957896387243284 0.20109514001113285 -0.36640165743461139 -0.255733258383324 -0.019606428138042319 -0.078178646965390147 0.13833500336713203 0.045304988255818607 0.45121361661123344 0.24432341189057252 0.18329843432618148 -0.12169447543863184 0.24202656871918263 -0.13772669205513277 0.22433867841471067 -0.34975661517552686 0.1290128206308864 0.12611333201493566 -0.20378884088740998 0.25849118520040104 -0.30190901567992739 0.15634122954787358 -0.25081807228232933 0.5526287124685807 0.061409423833207681 0.35429903344566627 0.29118684876099166 0.35694593386399864 -0.17038053701726738 -0.13915045348115776 -0.15478110726275235 0.20467666364514975 0.22076447065500482 -0.024627686737486616 -0.44657592864712309 0.49443456998098906 0.017445606658106821 0.14535965892093258 -0.17034605255897547 -0.35061828549937313 0.0086098397595765885 0.31811433024761276 0.168619965463361 0.21871298763217151 0.039484870983768801 -0.0041843137123725596 0.0050373555439594776 0.14450055746636523 -0.036512778934540573 0.0074070872244029551 -0.29689233958402478 0.24567393323220293 -0.34194705708044459 0.054892508776889386 -0.0042426691785031169
 0.0018590898545998685 0.11612028854816911 0.010331139049275219 -0.29818054151302503 -0.51359186515265287 0.13256533865441594 -0.13738682809681566 0.04312325142989442 -0.12391578062886054 -0.18179837317443073 -0.146533105241275 -0.0067227754492582125 -0.50228553003300869 0.39615804332173571 -0.11870822195906074 0.24238500918375983 -0.20525037904018736 -0.30733147214674711 -0.040445624137921188 -0.32861454522254124 -0.1113924416522908 0.48155930376933048 -0.016933024213439875 -0.29913088089528328 0.11162827176385086 -0.22997195263289066 0.20381268700994803 -0.30172555591184508 0.038470145572555292 -0.29680046117363656 -0.14227636662501894 -0.039913723111954548 -0.34297643373441022 0.18670871131367461 -0.23981981809848837 -0.41134396057710332 -0.12494551971940432 0.067860092081907894 -0.15321742088849374 0.0605643578387519 -0.052209061324404012 -0.14775441153755045 0.18936023706819891 0.53542461473174863 0.0020939589877894569 -0.39986156904969394 0.27169080233409898 0.13011065685625001 0.17931925719745864 -0.16460499824359148 0.050558473287846052 0.21118741437287811 -0.063749026508833781 -0.62107035115212417 0.063428171228362654 0.31831399835757257
 -0.14875573870517875 -0.097901618503265772 0.26084211746457492 0.15838221931049826 -0.081211158016079379 0.12616666393338352 0.48959050843571478 -0.57296070350647466 -0.10050983578421703 0.23281933214305747 0.29359468495417557 -0.015018627091979608 0.13102308433023915 0.23961764831162516 0.35754301063082178 -0.1460743790320238 -0.01256810527790574 -0.29587875483794257 0.009911535330542157 0.10625150946408611 0.58219374520560951 0.013988727848393619 -0.53963597422322085 -0.0064017505836184655 0.11127063985355704 -0.083423592663265711 -0.28481347068104745 0.13338203817299946 -0.22350471414599515 0.099649297759069042 -0.17197610673236294 0.0022710345785343657 -0.25370998966778346 -0.12002419094910198 0.43211278697414829 -0.29242125008697795 0.29681997251631065 -0.036247538651967171 -0.0071137386039978974 0.14650586819414008 -0.10912441689198367 -0.23511435339228554 -0.30373280388404683 0.17963113361278929 0.4432033041472358 -0.028755291949866445 0.11081384458450545 -0.34047094927709431 0.1029158522048436 0.44076075189541797 -0.14639736286359609 0.089338794150463141 0.26949437137010235 -0.23317493998405067 0.24610974672496169 0.37370870318502469
 0.031472796590582802 0.53582022792552864 0.043541259589232766 0.25410183998827179 -0.2942891096076331 0.057793334010521891 -0.059041510335066015 0.39345011422502207 0.096401387520972173 0.08955298897916851 -0.26619817608701557 -0.12864954457775304 -0.24672963222770555 -0.14580683796705968 -0.21520861843941178 0.15726647025933174 0.088552721268859144 0.11435858286039852 -0.077947248435406152 -0.054473044838981736 -0.27168505273401439 -0.22383964607024923 0.23404796219598861 -0.16510614899717183 0.22998760202832758 0.042770215181572452 0.1540246885793865 -0.025027516753141622 0.21990573939554592 0.12143648205417598 0.22831236123678658 0.04081396760747201 0.1683755577899706 -0.18139727766478145 -0.062946765896444115 0.28094502859558407 -0.15575549895206145 -0.21337802561939065 -0.44853278309364308 -0.20456423637170351 0.053218036130437928 0.064409830863355874 0.34853652923216427 -0.28100947929323233 -0.32985404529516926 0.11012798070541059 -0.11244520122073179 0.023071395896834653 -0.24363573618639711 -0.26427198297263355 0.41590892056534617 -0.19878366830058508 -0.031883642882705905 0.23902748107417704 -0.079630616051196576 -0.2910641962050568
 -0.11727903876471228 0.032749760502896033 -0.0016322009531258381 0.5513280650369351 0.13525785120458841 -0.1367618379638858 0.36344412404213505 -0.16587477195262981 -0.096158077036355274 0.10789368426101403 0.22221937559886737 -0.26014873322971299 0.1574078927236624 -0.19060109299270669 0.19851732902861791 0.10922691892980477 0.50936360389378932 -0.22366700277320367 -0.093817035794689821 0.42062429276781932 0.093823672870227082 -0.38651453363473509 -0.25985511495841868 0.13974079174530196 -0.24788275017645739 -0.10850330572415832 0.017964507065340089 0.057932176808020534 -0.013010856327727612 0.07641852832953866 0.25171308484007066 0.17094363205292931 -0.15313135841515613 -0.39731924935269214 0.082962146284269192 0.062238808344332479 0.11166077616664326 -0.16109133177692239 -0.0028003091054339532 0.14541925916114726 -0.1703608975812711 -0.014045023554127477 0.0079381844078240081 -0.12264441517911191 0.14018099925413374 -0.32965503437515803 -0.27103260598942464 -0.059564654588353326 -0.32753178089814727 0.099999920256362909 0.0137726629730028 -0.1810270757734013 0.1580116421773762 0.46432962371033909 0.21955973517614863 -0.30147666550329261
