# Created by Octave 6.2.0, Mon Sep 12 02:54:53 2022 GMT <unknown@LAPTOP-P0PV0581>
# name: Theta2
# type: matrix
# rows: 55
# columns: 56
 -0.12994807870088559 -0.17510679176065799 0.020300721644897168 -0.084391984901146327 -0.28603163348823263 -0.66064207568814204 0.33848086863422622 -0.050349453981377301 0.42684561550656702 -0.10755073400888497 -0.21186490534699423 0.098579738569441147 -0.26711709375628856 -0.11261426442110856 0.33546763822337478 0.55389909476368693 0.049719854095700393 0.39908168867793314 0.23575798652209004 -0.36205506671425119 -0.22104933299770782 0.049888695178850688 0.4038313243102824 0.21190845712413961 0.32226293285468449 -0.41520927552376752 -0.042129940396358222 -0.037270329155579644 -0.026982850110453527 0.11714283704451565 -0.18131461682400643 0.080205472418374057 -0.17671893042874776 -0.23801160122136547 -0.10221394458698449 0.40771679829104407 -0.13306746929020727 0.56667640520774865 0.26119368410364702 0.091265697378943494 0.22585908760887199 0.04756270485352241 0.052294728740601058 -0.16033590759833324 -0.19374265379274469 0.14068416224507632 -0.12700103878487698 -0.27159680073368758 -0.053285080722548117 -0.089389634359880038 0.0039998954853530952 0.26720354644464528 0.18556455340827321 -0.43715097136858699 0.21823468570314467 0.21824091729799597
 -0.012433630765178798 -0.13598737644869938 0.15814465229951558 -0.088776362718275256 -0.027489929484175363 -0.097786222525908531 0.14872645032097495 0.29847639311553642 -0.25258428833427432 -0.30668722018581418 0.082129789389952121 -0.2957162598870316 0.2108893841281109 -0.13570794682280046 -0.04979442970032872 -0.080745274093272479 0.1901574081727421 -0.084606139724248797 -0.050916036670817788 0.4655147291204213 -0.3629784284732443 0.15756884710953828 0.14368247224571568 0.59691035266246661 -0.36028577033810388 0.31708240857739078 0.093407714455520943 0.45500965309000174 0.16233359328288188 0.28270948277185604 -0.10403562079452054 -0.35327506752547649 -0.12460914750985964 -0.11322039751578432 0.11269427891282383 0.056735172870923584 0.41121341844973774 -0.33898973628651841 -0.0078176865772913075 -0.069526525444659829 -0.47503701697711137 -0.011167157100672443 0.30564725048692792 -0.027669806804010159 0.028347977429140105 0.434391636498553 -0.066495631464010579 0.025735901644856118 -0.2302887056173489 0.31750361796479892 -0.0070593246135999882 0.5754027521752928 -0.13417399835848032 0.01785377811914967 -0.5201472869905196 0.24803261252951006
 0.069065762172718856 0.058677665420410856 -0.041777381428636143 -0.081952266667260229 0.058662725464377445 0.026440066472323186 -0.18602151408198733 -0.32738546432581017 -0.23414782785092672 -0.20262181489222267 0.11597112798215956 0.16548217994473954 0.019452845677735052 -0.016112286704059901 -0.15750551118176173 -0.11464816216598558 -0.093968649112086036 -0.079017373672695498 -0.1004502422816385 -0.039052163024115009 -0.1387776169598417 -0.03959096390636456 0.098270173527745003 -0.036018365415679682 -0.24465298280476502 0.17503531260420321 -0.13450141934429211 -0.11964736699905885 0.38921845083991979 -0.20856152626381494 -0.083934907570797593 -0.35350567113052178 0.38127861694714549 0.32887003423479594 -0.11920933277164238 -0.4431407536536256 -0.034351022602747312 -0.24543578808922617 -0.20152214731961732 0.42417245340948556 0.13629578279194657 0.34865159423291542 0.0048149825697013848 0.50901948583581724 0.079827279084466407 -0.21297051538033257 -0.16211254955520943 -0.010198991440762653 0.2773474073466396 0.015087332193012011 -0.0014711974438195059 -0.27920061184511968 0.04677884185745336 0.19743220466894049 -0.1575479061630676 0.060765411782024215
 0.093895560083795543 0.1897218199485077 0.021197942160873392 -0.24922686418486401 0.10811638259504479 0.05820459469140226 -0.090217870270242154 0.17049544456332488 0.014426467842764452 0.01801240834979646 0.17270859217986517 -0.2177472227180075 0.33413202107544432 -0.038362389893630472 -0.060153607656909386 -0.17281603280629404 0.051685858238653633 -0.19462304449280796 -0.066191619193791629 0.25208561007322983 0.21985764067684105 0.060099513971574148 0.031985552479454102 -0.090346490230788029 0.1155879471690643 0.4190331182334221 -0.047584346401473035 0.26351168822806381 -0.15209976744392406 -0.14181971627190434 -0.17229157502778569 -0.2397199194238735 0.004786043282504154 0.063902838103394172 0.23597852315861914 -0.099259114476556901 0.054835979623406236 -0.25757208729414399 0.09220350985046287 -0.095232809797551624 -0.38681520779300005 -0.23823890309500997 -0.20854684878902319 -0.031550495444446491 0.14768314700720872 0.11242792806452542 0.3407563709628923 -0.057432998237994186 -0.081923222744439972 0.19237270508163989 0.12851067300501917 0.016542905937366653 -0.46207328379280194 0.0088094039189300522 -0.26945008264661946 -0.044893785217969065
 -0.010641401433119349 0.061529935468041592 -0.0064701488571804917 -0.2523273267074137 -0.087704805398764699 -0.1702489385711074 0.017802772183203655 -0.2928187949029416 0.1535850687640864 0.42527352781070338 0.089683801874646418 -0.095383219246438375 -0.052439865233533993 0.22281751597210667 0.025997619195209317 0.24425099694739097 -0.28173835815387671 -0.26461526917469053 -0.034094882033584684 0.11458096976674795 0.4017568891833902 -0.057417119042821367 -0.27200618486747435 -0.27039526708368022 0.43593314552338547 0.22643096813102509 -0.092212339289182918 -0.12684308322840296 -0.30296392422927187 -0.13812296035045526 0.068702098829699951 0.04380508412157437 0.15484260847160836 -0.11583044594954256 0.070165880150028906 -0.045899963815224973 -0.037843200182024687 0.0015669400725685989 0.19713750312108061 -0.49712475486772534 0.04426227344547589 -0.33330018261087563 -0.43139771380545966 -0.080406737848971135 0.057595488712578122 -0.21177525392901556 0.25746211389095996 -0.18664102504334382 -0.10422928915399342 -0.13269803504103947 -0.078942527298986612 -0.20702329661962732 -0.20629984076366781 0.13189538295269765 0.28673084582065106 -0.23626174237157463
 0.064938118580194937 -0.10791472994486408 -0.26823736936132891 -0.21507027915752749 0.23819913364992365 0.1724771056474998 -0.028280281559877572 -0.2881495632077854 -0.16440573074126263 -0.053950999216914583 -0.090455010148886766 0.078773530697507144 0.23460942587614567 0.1002955195603718 -0.2466925487184172 0.23069620985350042 -0.041933634001057658 -0.31357517858750505 -0.072339313322690821 0.31024655054025152 0.12527112871234891 -0.069346471450183467 -0.18738168227002797 -0.069048612899884773 0.26973537069279269 0.17085024609028041 0.18883937777459114 -0.16499483398312964 -0.074151968305477212 -0.13066083869348905 -0.14834655376381112 -0.31968351410348606 0.36836273476196507 0.012474744157315039 -0.030589411547114382 0.13578539849499283 0.0063457236367918174 -0.21963214518098917 -0.048779422003121714 0.2382114915306294 -0.2530752577029981 0.23149093273135238 0.13348801477079006 0.0070120966190453304 0.18944522617490592 0.048792608731002794 0.13729738234893954 -0.45590613796365559 -0.049273738525585559 0.074849680630652546 0.14789657250301347 -0.091751350327301195 -0.26698571677827287 0.028200025408237576 -0.11814555356299461 -0.20645115302205602
