# Created by Octave 6.2.0, Mon Sep 12 02:42:25 2022 GMT <unknown@LAPTOP-P0PV0581>
# name: Theta3
# type: matrix
# rows: 10
# columns: 36
 -0.32716776520322555 0.23522616732977375 0.46202282163311942 -1.2388485076950051 -2.025521860994655 0.16852329944333413 0.35412924908300436 0.26518695267799935 -0.91165864125472551 0.41790044679378763 -0.64257260408591099 1.0798606420974783 0.075356422670057904 0.32042085762750988 -1.6597049990619774 1.355087068854417 0.6522629931372661 0.84950520969543175 0.96346349703012901 -0.36314756271005527 -0.10621932502082912 -1.8466501496867516 -1.9646596076823779 1.7003500464803389 -0.76405494029992982 1.5868785472458202 1.8821734878467449 0.022425962545220196 1.7823777373103828 -0.43104015842040361 -1.2627459036230664 1.1620780237067476 -1.148769226199081 -0.40102510723430157 -1.3227898889732899 -1.2561815189445902
 0.084891574806567671 -0.097696295651044956 0.38778102005991072 0.72166003316717897 -0.66184654459571102 0.39855176211843574 0.54246314343333335 0.16940048357328577 0.65688125276342046 0.19654491616607611 0.61134714647850974 -0.24983436016247992 -0.7747089577700278 0.43539394259778108 -0.40843811436164107 2.0901757529115828 -0.22594817640546155 -0.45146219755276468 0.12077545438169761 0.68606957352567943 0.64673930272157398 -0.38839332678683197 -1.0607101181456287 -0.55318147427722197 -0.42080522476668186 0.17105054285967028 0.12015858518669645 -0.42561178871165312 0.38781631006598499 1.4583175071669068 -1.1718712071171475 -0.22847960940221448 -0.97352812215579032 0.23390473368125239 0.41620077773227765 -0.493345857225855
 -0.036276496987094821 0.11942907096229813 -0.662315562105948 0.22532595302184469 -0.10745575378771959 -0.72745796837439236 -0.95669422846704477 0.87853107238230954 -0.71863378727081928 0.16256671381949284 0.17501292040317992 0.10910676023261233 1.592548579230878 0.6558981387472439 -0.33260657786003389 0.23319171151673038 0.050060972333238994 -1.3219835307084919 0.96230384923201262 1.0720865701954467 0.60085770702088437 -1.2112559206129856 -0.48643610950255423 0.82797991163598106 -0.471222828554064 0.04036457665775333 -0.15008060642053775 1.4299411202639845 -0.92656806082524101 -1.3704884467149165 -0.98140200224658924 -0.0085454116518646102 0.93746601551596298 -0.24256626660344985 0.60803293254991686 -1.1808169944493754
 0.12739965561417899 0.65950905154557127 0.39918749701653999 -0.46511547536771819 0.63725862050842541 -0.72959299090079288 1.5211114008023525 -0.48171465453026335 0.97361526883275251 -1.1329249263783099 -0.44679271110301017 -0.97487768293910004 -0.26805002998147387 -0.78497863438275206 1.1161039489397833 -1.0341405884278447 0.74991014453622995 0.056335736610015182 -0.65005765362996148 -1.3417036951693517 -1.0346248299209164 1.5121545128650864 1.1590039151449449 -0.13146284741746384 0.32390452811178122 0.11539418191909558 -0.48980393677247852 -1.3005694486816821 -0.22834500093882149 1.3361622683824834 0.28931675257272493 -0.3315552584830273 -0.72415905637724631 0.60718280118596868 -0.13713145477773553 0.93820646628158344
 0.26815578262947237 0.61914613106396643 -0.58158177689541291 -0.52353188908898185 1.3667734924691091 0.098900065471452941 -0.73835305113515526 -0.30232587604921846 -0.22654718653409217 0.92273441469902773 -0.40293306587420513 0.69870258796070017 0.33938560160637216 -0.13602637320119279 -0.11539699194648492 -0.54750347394417254 1.3931751116631486 -0.2556085374225659 -0.29972387362489467 0.43941080608440763 -0.24918421851390576 -0.3218379004372417 1.3851035398068696 0.38043642543898942 0.13702795542467458 -0.58687290573530193 -0.78858488892009704 0.073209616199702648 -0.57460561269008947 -1.6289429869930376 0.51865155425835208 -0.56665757071601086 1.7537197318492019 -0.49166024384116652 0.38846953800452733 -0.55718683246798262
 -0.12386889733151465 -1.4446728667028896 0.68232323035108522 -0.024268763829472021 -0.3416561294756591 -0.33999879689579066 0.77924340858716723 -0.88625029488301377 -0.564992118435094 0.083219856985864774 0.39084374299586544 0.73435497518272097 -0.91694680491507718 0.61344890326410151 0.42207396324608099 -1.074319487619416 0.56812135227932425 0.86416327726491293 -1.2229131647160558 0.8159972377717547 1.1627280598328402 0.97291290680850351 -0.19862181776180457 -0.62124922811542516 -0.75724383367053483 -0.86358330647043302 0.19491727058720507 -1.254788527022783 -0.36596172385127929 1.2483621563808274 -1.0471188262305164 0.23905315311492867 -0.62532001300212414 -0.89697211191244608 0.38942972153629835 0.84841617963916893
 -0.26388424555577644 0.24834501133809284 -0.092399785252322383 0.83172836095235381 -1.0356656632558083 -0.2089542822783457 -0.54056011375228685 0.7291565114445423 1.4964707182061228 -0.70233353104784269 0.34158661897822024 0.29946215583003261 -0.061088034285240789 0.056734833755461553 0.85028318742444287 0.45346422339220971 -1.7398478543148173 -0.56463094008990522 0.39659024938490378 0.29237241615295562 -1.2461563745724378 -0.16967065959223776 -0.13322235162246246 -2.1445285841021433 1.004434333663105 0.16699455652014239 0.0069038758529964229 1.1507401926793874 0.78606540657192459 0.26695366757461686 1.6956642092320333 1.09196833306899 0.48182664054265034 -1.4225354350478541 0.059431470456732707 0.057322631858044384
 0.37241991836465882 0.34086503679932811 -0.98793338487806392 0.029468770936867662 1.1557998466864969 0.52236182080520632 -0.69843166488812514 0.54709415272731621 -0.68419382795763672 0.79307978063686313 -0.94504121177099576 0.46012943169936726 0.4168235946315561 -0.7124809902231134 -0.14860252236915517 -0.32524489679629232 -0.88035664858164364 1.1842428054336569 0.49550015050210278 -0.65441055644750767 0.41836948631391152 0.40515818158951844 -0.9225303000172016 1.1981345513425667 0.22484717266770682 -0.0030927912529735385 0.68854857291832539 -0.31907286145630304 0.073848766392758572 -1.0028161424228752 -0.16043725730367434 -0.1185004408782826 -0.079717195640567229 1.5805141400935245 -0.57787757102132675 0.10426217411954997
 0.035535730092295062 0.044084788257052976 -0.42931163267746958 -0.61071932079742519 -0.22935277686237607 -0.7075633721602983 0.060384815841416313 -0.18720442821137359 0.25590872105670226 -1.5136835152117276 0.81239512104863465 -0.89788823927831385 1.0098077080428556 -0.52769265915568198 0.70476640191113993 -1.0169449052697901 -0.5758574656281632 -0.41294264197065006 0.888287744726458 -0.7229729048055471 -0.94398480779454574 0.69688678029703766 0.31363240215928401 -0.11157940471662349 1.3427685241995704 0.42230116857256195 0.41317850815161111 0.4304057567036868 -0.16400197220126744 0.93459444037631834 0.71324816708925454 0.40235916246177089 0.59133105299335009 0.30549046265248053 0.53547335874871815 0.71534138149488358
 -0.17700214788049795 -0.68265160959608917 0.78381970964615744 1.0788721796819916 1.1449860242018284 1.3887864559100582 -0.64675116373988373 -0.45693821266517309 -0.37474248215792655 0.45524601945361248 0.12361881534550777 -1.3722490412408597 -1.1759138918591472 0.41064214909834534 -0.48649370449545049 -0.090668959810185842 0.010410899261426649 -0.17093654376991435 -1.6872048494532748 -0.26435739248389245 0.360285825583955 0.7352822440388237 1.9257289475397263 -0.9660662179060866 -0.72841080443931994 -1.1929908442389039 -1.7737863138359611 -0.11601711752632553 -0.55486038221787537 -1.1068918880147716 1.5019782819379761 -1.7282246663724774 -0.085779588358519926 0.97718475239563396 -0.063712407630670195 0.53583025496577108


