# Created by Octave 6.2.0, Mon Sep 12 01:26:15 2022 GMT <unknown@LAPTOP-P0PV0581>
# name: Theta2
# type: matrix
# rows: 55
# columns: 56
 -0.031387605795000641 0.16349555556887344 0.1729060750665608 -0.35207338330360732 0.12426222524049921 0.35958820815281084 0.51390509292095832 -0.020311063019603733 -0.46986760479414014 -0.17180723301835782 0.41796225546973359 -0.58792662842691468 -0.11052280561202359 -0.16507761448629032 0.082600227951541649 0.0079859988024646288 0.27065475712424963 -0.080869372120996666 -0.21233102812534593 0.28607757402909656 0.070653462669680769 -0.11464226424471061 0.16547778292420143 0.3574997590450722 -0.22307773242745288 -0.38106589307743799 0.092697810050345067 0.28923035435132294 -0.15095397364765922 0.23298949530958912 -0.21896981355362635 -0.37397345821527866 -0.056766956803716004 -0.10342642040120804 0.28120729764070362 -0.29438773317902212 -0.085023399657120344 0.17506622372389805 0.3473847068064646 0.24704193932437141 -0.50136774200954004 -0.32268401776266947 -0.16034984870544139 0.68359739906015216 0.040323706448393344 0.4169850290430534 -0.74371666473121767 0.18656880117288061 -0.50165772536581166 -0.048747138656612253 -0.24754811582322361 -0.0096870197275345654 -0.73270433880900343 0.43089560749871114 0.66462307038154733 -0.27646198918122333
 -0.026486576306751646 -0.059188950138251102 -0.037845266519989651 0.37795251579120898 -0.83364025162269151 0.22118520191759075 -0.28341716558081437 -0.69285145465711273 -0.66068921192952279 -0.1893195804107487 -0.2587158910083151 0.29429903949155756 -0.23430762999068 -0.39043139062585147 -0.52141518393597863 -0.77350075540911056 0.14418292154076165 -0.23872276760415284 0.0076982167163516333 0.49657922563386164 0.50763250521139947 1.0994559844218188 -0.10849254341573186 0.53314665511879367 -0.17790947867015558 0.29318547238724929 -0.03451295775369765 -0.32639060701481959 -0.36447084674028246 0.53899574289522745 -0.5878816901602133 0.53852258904758055 -0.050975579990346145 -0.93934820630601279 -0.25819581458129631 0.28458165278362418 -0.28926733188044529 0.20612661310830302 0.18823581743604856 0.017971525351782702 -0.31296182839120934 0.073951951384319675 -0.014967597482909855 -0.43972972378930075 -0.75985763529379546 0.026948860477841983 0.30584602941739025 0.22697089002844412 0.0095950366451465138 0.23233155583279994 -0.23197566266883154 -0.42126259186988951 0.35312459625316683 -0.18207428884858307 -0.34299730971852188 -0.26935381204648023
 -0.09188124662010641 -0.14128647549951293 -0.0038799752370509205 -0.21932863336842517 0.25469126938610981 -0.4342581666524169 -0.25547724703068586 0.2872732230491859 0.70124776529324584 0.2082811956719145 0.038518882278730321 0.15290236154912706 0.22330717370865674 0.36941287263250439 0.39932415553143641 0.52775373119927194 -0.15793348361813292 0.012844555496441468 0.090806055564255181 -0.40874873804821749 -0.40621385205751925 -0.54992442080474857 -0.018893854355938274 -0.60118200917176301 0.0598720241260755 0.12699713299099666 -0.099871656188154995 0.16823527727485146 0.52312554579390769 -0.33091935296926378 0.24799005845757821 0.17175885236070021 0.02334161236948357 0.54163797069116904 -0.33880721133949132 -0.088387586906494023 0.024736006788712357 0.090424185411377242 -0.3836700743284811 0.18799318047632677 0.41208396579097661 0.21611105178576817 -0.095158240105977135 -0.37654943006980462 0.32237110778251293 0.074894505628425326 0.15907001086996714 -0.24772491652633477 0.47641027400122338 -0.20963720404432046 0.39808497351509281 0.44791179345135795 0.46019527959742201 -0.1189375385379798 -0.1508307090163668 0.061122599200244931
 -0.044707672760601995 -0.085250915430800711 0.2117647913204643 0.072585686581961517 0.2882207334664999 -0.049311060963954066 -0.18581113334500571 0.054116416173429986 0.45300246635476188 0.20890697439714007 0.17477213707378916 -0.038072590017402999 0.28533038679050848 0.47295150942537795 -0.064916037505150043 0.43694221986248077 -0.032463291992411714 -0.22710811990418509 -0.16519821428842241 -0.35438004538414258 -0.32458795570235371 -0.53095493912915848 0.23789822462889187 -0.41542900281868311 0.24991697158018486 -0.47336677413798339 -0.061181589259633316 -0.17655087155725813 0.26500003761576457 -0.12533551381803387 0.36776629791456839 -0.52239245689449554 -0.0098089476837777655 0.66937613346260882 -0.36012849073476538 -0.076772228026796285 -0.099873716959396189 -0.568565001665714 -0.37977999989749595 -0.17014223369236303 0.51745485735703822 -0.023318389911052836 -0.10615434556402836 -0.059258611911663685 0.27883503006169363 -0.2105878589273924 -0.050772156619311434 -0.17572447410208022 0.11207556539586459 0.19511143585355789 -0.37985858092275665 -0.23764676063489695 -0.092755115150625747 -0.17110751664727644 0.010969073854087115 -0.12911766344355219
 0.078857413185816211 0.1039627486074795 -0.30780931124998168 0.14735234255174703 0.065355609189254968 0.084668008362287717 -0.038305811066527813 0.018769092809090723 0.27514299863035691 0.14519400312712633 -0.21479244333528708 -0.19332300720684367 -0.22318215424906815 0.26355496358173125 -0.29102778901059878 -0.22903949610370972 0.24362036780082494 -0.52425474909102066 -0.37674425006725892 -0.38030845939618874 -0.084151600414305194 -0.05783928695622742 0.31674544793462606 -0.31553745614454204 0.25422679968947093 -0.12492522970629683 0.067093487262160065 -0.21817655431548036 0.3205393693999895 0.00044093190644896367 0.21778997222165333 -0.011995419614186018 -0.062263113647530913 0.32599231468622225 -0.28958199374955507 0.032361504481763954 0.2422491099754577 -0.20698542862545569 0.017711191203249949 -0.33050746110699275 0.51310998394057661 0.42539488877255233 -0.15949483559606706 0.12560973933052827 -0.0083451000502355027 -0.072979472934198292 0.39516263104507893 0.25470887226530742 -0.16960990587917593 0.075450507747584966 -0.39276580287683499 -0.16255798531576446 0.043230160287774579 -0.4414970366738214 -0.21115957540491723 -0.22810797230996602
 -0.10183269727565404 -0.021991478295871558 -0.066182550506907412 0.2490509852897379 0.46504308786882309 0.35260167605239517 0.13429628420686437 -0.54563366367346566 -0.0040854847436118851 0.39333083027548976 0.20457541730327142 -0.28183027161668106 -0.16298009367646857 0.39108128763530647 -0.12340602985262923 0.012641296360179756 0.10050751694402679 -0.49426872959970836 -0.2842967644881354 -0.24947384063645406 0.02733837535469541 -0.11052509126567683 0.52301640219086865 -0.12804092600178371 0.29040479121186052 -0.35024284418206564 -0.00018404429959014877 -0.084591480785818338 0.45831797174932737 0.46010054190734712 0.11666678124227252 -0.39504864211633561 -0.08726695213833098 0.47253962785748099 -0.05763912076814523 -0.19280634283632253 0.25215773939575803 -0.23469134287887269 -0.37989615443902131 0.14226159960549123 0.16614601644557386 0.21490790954755881 -0.12636880317213725 -0.013471091041231878 0.59392283050099093 -0.20822764528370544 -0.085068626655624188 0.34244149318588318 -0.25962322765272905 0.23458077310418088 -0.31094938868429683 -0.25225628512395432 -0.36734249986950718 -0.26587267244203777 0.28722913635294967 -0.85817647465230507
