# Created by Octave 6.2.0, Mon Sep 12 00:42:43 2022 GMT <unknown@LAPTOP-P0PV0581>
# name: Theta3
# type: matrix
# rows: 10
# columns: 16
 -0.33860472061783242 -0.6795535391276728 2.3482749178090994 -2.8278965298016265 -1.8164459231714092 -1.0628287501786882 3.114943493777496 1.2734651980687073 -0.098362081275663107 0.37702044009926661 -1.7313752388466497 0.24808121042242032 1.2594571236392547 -0.49762498030981783 -2.7916766031221725 1.7159552799397062
 0.52565167009972813 2.3623400590044419 -1.4997279212573105 0.76138445733202331 -1.3760269260021831 -1.2629754035970251 0.51348790479866036 0.70596655633195637 -1.1936410353798004 1.8071856386609007 0.36224866808726641 0.91285005954034781 -0.17407923722424745 -1.1097871648856736 0.017129046527116082 0.26520029757083663
 -0.048792619963547119 1.0510503732176362 -1.3318472076715542 -0.95628813790827816 1.5288615602157318 -1.1272394379809108 -0.34854382297633568 0.68522676597971155 0.40921425774905684 -0.42300480873261148 1.9048314167827249 1.1890178761128174 -0.90108303407725254 0.96578647353219482 -1.5565413414989464 0.73965570786212864
 -0.30185926501268079 0.44321832764277019 0.024360412486342277 1.7206058046157737 -0.89201919148671982 2.2991279122229487 -1.0789092488757579 -0.64597959683974093 2.0101751262707612 -0.88550953826243728 -1.9228908382881449 -1.2390650346653322 0.84011647757853036 -2.0001479233740098 1.0469000753997668 -0.95086183555855353
 0.40130180202746629 -1.1772803298330872 2.2917873913717042 -1.3044524048398707 1.0526162414612004 -0.41121502940133026 -0.1963303955558503 -0.27374020017048467 0.041617918229317527 -0.91516894398534621 -0.0068939608250165726 -0.35835884127819895 0.46383920650835581 1.6804249801715139 0.63470675867209658 0.046622632992127745
 0.47182263177586176 1.7134688214880731 1.324052692131072 -1.8320299588928421 0.21446954955283418 -2.0526144551437331 -1.1039720262630663 0.7627420275955793 0.460212790470721 0.63044260304326794 -1.9323446288292814 -1.7260997872146269 0.86692436380812787 -2.3760753720798418 2.303298045518547 -1.1111275908748239
 -0.059466747275382224 -1.8577731408637592 -1.6461215203961088 2.601924640657026 0.6250264490070242 1.6233234950333857 -0.15756259507931944 1.2617784781944645 -1.9983408265752711 -0.1319725751070015 1.4191150287985521 0.42113547120261308 -1.5731116407242669 0.49889334970586946 0.23984656755733086 -0.79404900060924111
 -0.50989233560466096 0.15735968202176559 1.4617561350651134 0.11334970435640729 -0.3577208370661073 0.57528015675142508 0.72601612809778637 -0.56746088366587721 1.113687433585882 -0.77204948986837807 -0.34595764267985268 2.2244613751082833 -0.23473360343860936 0.14432269817955126 -0.99963491120172576 1.5798772422306377
 -0.0046148678432962617 -1.1952058889167847 -1.080553199933225 2.4750814202340545 0.13994932267960422 2.065503118503818 -0.93814502492265239 -0.96083002076370638 1.0310675545359802 -1.9740510715598873 -0.17949566740465656 1.4514021121695413 0.10758772654159564 0.47311910815223263 -0.39736615799303521 -1.2693488808067721
 0.022175068511621404 -1.0235320131949452 -1.7589253067446537 -1.1427004535774841 1.0059837017652216 -0.72099361355140923 -0.69861250079276804 -2.1442396652143629 -1.7718674238763783 2.1843667777584912 2.3644369563578396 -2.7540249704581607 -0.36697100404534688 2.288853181048303 1.4550045777781038 -0.54280508242766667


