# Created by Octave 6.2.0, Mon Sep 12 03:01:43 2022 GMT <unknown@LAPTOP-P0PV0581>
# name: Theta3
# type: matrix
# rows: 10
# columns: 46
 -0.10732506077593156 -0.038935358368134908 -2.1629851055882021 -1.3544241958129828 -0.39944068525434029 0.7012532582135329 1.0792330512101362 -0.19957723301347857 -1.6117712318402602 -1.8991844356375234 1.6708823796023227 -2.0086334671854189 1.4845170262419638 1.2020185630123934 0.19499134923475039 1.8678296826540581 -0.48727184805713719 1.1952592217241109 2.4860908273794577 -1.0858850002371252 0.96227970941754937 2.0582019449134967 -2.1607475121300901 -0.69634417644278179 -0.29988647567158744 0.95296966145801709 -0.0031877905610402098 -0.3249775420105479 -0.32703679846792361 1.0258952170611932 1.2852135430007674 1.2703358562424893 1.8589956787934461 -0.064526701346954499 -1.3279348263423048 -0.7123197521530017 -0.11033729606015387 -2.7914276564820222 -3.3151248029104119 -0.73192155346897936 -0.71999238131149856 -0.4966940922676647 0.14250822867343876 2.9597672725741631 2.284667493662945 2.5958452456307013
 0.07197490192336993 0.0091885491059136033 -0.27801453407830057 -0.66441031160937158 0.86858075304582627 0.44136347896005335 0.75767746427585836 0.48229952597649711 0.71532152427167861 0.059957519449697565 1.9194753559471005 -1.7100653517249547 0.31905422969278807 0.26042298174576367 -0.75228445134903876 0.58820845730846805 -0.71503280517289547 1.0488348722330523 -0.82246025939672518 0.63841304520836883 0.1120465354861804 0.47207610685070922 0.54694235090597154 0.16040692780852928 -0.56776922606605551 -0.36706976334748137 0.12757782462260681 -0.011572377918438698 -0.043841622941781823 -0.12405021496135542 2.2244718174007558 0.11170761901067848 1.2464017512002705 0.43731871897004509 0.5952915988984423 1.5102748550653655 -0.66499189833726813 0.0042561318384118051 -0.68795198651808365 0.085406816072938027 -1.2672316077290098 -0.27053390625229667 -0.22205304702067669 -0.06434802371579075 -1.4863534114770818 2.0803853876467171
 0.16930429354772122 -1.3760325991277513 0.32046837453202182 -1.3697732101331788 -1.033807430880564 -0.39295602911495048 -1.472201986415886 0.32619318091001354 -1.0381754298626191 1.4872233925108787 -0.63818218805147042 -0.079706426789809492 -0.038507267848588531 -0.8476072920564468 -2.0175659422514163 0.11531729618001217 0.26090065311123306 -0.55998456066292335 1.6381342263972662 0.15917960600540018 0.23999952525096663 0.52909880608929294 -0.39745871183693754 -0.27290460611657597 0.62737415256077611 -0.92987203004955166 0.7032801691956907 1.4059403181484413 1.3973064038111247 0.8852886779094542 1.4342699428384365 -0.15391808990099076 1.118516823717032 0.28978512858509686 0.5114310447196746 -0.42710297409178277 -0.94517157007985708 0.46140210302310963 0.69997503814851558 0.31454686703500678 1.978644730977436 -0.80816519738899362 -1.1455562977857581 0.039958134647303169 -0.098792761585199312 -1.0897664474266155
 -0.18697481654676415 1.6745077179534651 0.41128444196983349 -0.047875238729072081 0.27167142421071766 -0.28083638184147219 1.4370538520396092 0.38157390064330765 0.89466050820746457 -1.3764054028864776 -0.27104349247567111 0.74662080035563283 0.17589671196750858 1.6291380205049051 1.5404638961912342 -0.41249845816589453 -0.17065337236548681 -0.63733598112856682 -1.5576431068081935 1.5033292539339396 0.023249440659526274 -1.3828229402835939 1.3292791238964188 -0.15008436224473859 -0.16574219780380833 -0.88976065142385785 -0.034163946986231514 0.57483568793090989 -1.7217624253556332 -1.0617382619648363 -1.1421828687282785 -0.30215336848368057 -0.68937011059065501 -1.5089464538032913 0.1273553232733784 -0.29834328464792209 0.051125649692765167 0.11212337306266865 0.12341880539144222 -0.64271613944574879 0.47956954702173737 -0.68681202403751984 1.2865600053771502 -0.97925014460002091 0.47780468544110749 -0.5955292792979805
 0.26647205293705978 -0.73259328284499048 0.97612001949851712 -0.66051357939532396 -0.76010559211192019 -0.11856193979483039 -1.0911745218687368 0.30629105086867481 -1.1444263292648558 1.0612125009462829 -0.73408293994163787 0.76584132179064424 -0.50442083977683083 -0.45092059060699419 -0.051060356839867455 -0.49825630564400142 0.94997707666917441 -0.0033250508490281971 1.0346992931329539 -1.3468721538323696 0.27441608662733719 -0.14116403192199523 0.27577458771465835 -0.15063724399473588 -0.14922686539832505 -0.69015374230396076 -0.69813303589915465 -0.99698949502456335 0.63514409205302014 0.20139483899640537 -0.62110911141440028 -0.33527508616058516 -0.8301973177928722 1.14172595289493 -0.71954987997089814 0.93918342128451637 0.30362664434012354 0.059156855790639458 1.3534434894147829 0.15898116351484526 0.45908964868561974 1.1571631756041196 -0.13451679645923795 0.20314328510895246 -0.017944142401870238 -0.74055300114445222
 0.025674872646646002 0.32925439841181015 0.69433664193242361 0.43544931734063413 0.1060256485924926 0.390773870888241 -1.4252224719076387 -0.40208799009300089 1.1104631687539561 0.40428701830018449 -0.30863934629221274 -0.19413066769573645 -0.33711123441341023 0.70386266019653554 0.24918382497792757 -0.042504280703756288 -0.81840235546450635 -0.081112218402588157 -1.7387521142986428 -1.3362766866823175 0.12999907021444848 -0.079109599556951044 -0.1221612594531637 2.591746590794441 0.23025291735282266 -0.024542156545912564 -1.3847220257095161 -1.3475739302408634 -0.56765399126997151 0.5834201547770641 0.13421520293458206 0.70031663138838207 -0.79437665485946762 1.6070926056265933 1.3984692936519498 0.40338816268929972 0.96814204825965766 1.0571321670518274 1.4397585294640121 -0.71029650933236965 0.066275671747723988 0.71104700285881794 -2.8196993127309855 0.25781094848306452 -0.84675520699857931 -0.69680610413604627
 0.15834404817241721 -0.17861750828968997 -1.0704912057432665 1.7780950944342468 1.3670302854237011 1.1075544281046765 1.0786931802161777 -1.8332487112482687 0.36333682573821496 -0.96692889816641658 -0.083080146214540601 0.51777772406197098 0.22137481925639721 -1.8825658604200903 -0.065103685943527584 -0.46385653434502738 1.3279426560371059 0.16928436232463506 -0.10463316138434953 1.1201489609700839 -0.75311809661906393 -0.74334569475847845 0.57392758413009615 -0.21871324527824337 1.0874844176012692 2.1439337577767463 0.14927169270374574 1.0175204650900678 1.4036499961907902 0.50008639274774569 -1.2342152152059114 0.12315570275739759 -0.28998135639334127 -1.0515198295402544 -1.3830029685360556 -0.79142449810927096 -0.35410274303177691 -0.56599597558816794 -2.330409344546243 -0.255706891450804 -0.20365884458868855 0.38027377357245001 1.5362201821131518 -0.20070787428690653 -0.30832382129948893 1.595449696011721
 -0.044968911438368099 -1.2239507480243919 0.23296077699256609 -0.5215676584097112 -0.016856705620024282 -1.269772323304355 -0.26846351497108123 0.44217637103954666 -0.73634867145147198 1.2912163492677653 -0.33863159158903289 1.0239557915966562 -0.61862401299954006 0.59263882122243172 1.08364969380883 -0.34305402137663604 -1.0295240912737817 -0.059578554390451531 0.79755784342041092 -0.67484918848509556 1.0612853514931704 -0.29699367896204087 -0.59919018114865163 -1.5580800984102616 -0.48344771008164827 -0.96790511903438303 0.94050301097301559 -0.7733795658448066 -0.47615252534523911 -0.79198052071101011 0.40928663874260007 -0.54824255035232083 -0.71882137356140863 -0.21960822527173746 1.0176060810696501 -0.69067650507713163 0.11751513741026158 0.058652140486270855 1.0961016839009123 1.1648583246619535 0.23951962999959095 -0.31174144781984703 0.41039155315996373 0.57108158533866427 0.87072092590704853 -0.17949492613960319
