# Created by Octave 6.2.0, Mon Sep 12 02:08:14 2022 GMT <unknown@LAPTOP-P0PV0581>
# name: Theta3
# type: matrix
# rows: 10
# columns: 46
 -0.2990296286654332 0.79977431485859307 -1.3460713757927223 1.0489071202995877 -0.54039229330206406 1.1921761996821441 0.77185226858702438 -0.21450887685873579 0.50120709826178877 0.35262890925017881 0.62316603185035402 0.15700563424641922 0.038576061526404186 -0.065746944451093761 -1.3410763692395904 -2.8840600610427098 -0.4263242409159898 -0.43371146676992539 -2.3777441654493225 0.26122161463388677 2.1645030934336127 0.52340557570989277 0.33546456861380325 0.12565347475761626 0.26009626963815868 -1.1600617751985083 -0.50215224451021723 -1.2662263149988406 0.78676609439817025 0.069445501860159992 -0.82290317704725136 0.69385813517670647 1.0556390510876572 -1.982463983563441 -2.8197739487953157 -1.333695235261082 -0.39568031619075239 0.84187840064738506 -0.58802714277233104 0.32814203210611459 0.66159007458241381 0.14052588658369952 0.41607972236910318 1.2336448173181664 -1.4420304685223169 -0.47587846420934488
 0.31281694914850422 0.97594667414593339 -1.2249319889547705 0.35121070392407383 0.73700987830031239 -1.4382406587659857 -0.28369321146279292 -1.451363069181558 0.058912820039193806 -0.36827532337040481 0.45272216451172614 0.21230906731838251 0.12583045166739781 0.53760182156462666 0.5731544422688325 -0.20644682198846948 0.18850368062769704 0.15342425287706635 -0.23115812068168662 -0.087806065730089547 0.84423846614253872 0.13031563951377467 0.47515724126428321 -0.051322806755618226 0.20658157384434084 0.48628342573865735 0.87732548851830472 1.610339894218018 -0.84818946451046506 1.4282913491206117 -0.10425999538623362 0.46826028802681363 -0.53810030837075429 -0.53479320969014055 0.28469772732761173 1.0149604084751316 0.81059580400072673 0.2110569317894421 -0.84738408672705445 -1.0445076270345643 0.89420354916096478 -0.80522014107054551 0.022968410477681687 1.43001430196671 0.40229991645450952 0.15067137996557953
 0.16630400362012279 -1.3891467546795011 0.35895723988703221 -0.72566360616802295 1.1153724885344314 -0.21621497350205221 0.55731010353670851 -0.56849938516215826 1.0279490460502576 -0.52951304806751121 0.90693489199387345 -0.78583213208055502 -0.19379767270363368 0.41424545857500433 -0.11293652684367052 1.0433992632149438 -0.76040927089980803 -0.41876715773075607 -1.1823909020366408 0.02663666328105968 0.18700159813775785 2.1698296933588614 -1.2504781528856206 -2.0732415951590579 1.6719532672539974 0.26842725520074801 0.37750561384275166 -0.064299967149438253 -1.2885650347642907 1.0228679835842212 -0.024479090108607965 0.21422906457918012 1.1326602053748858 -0.010920984910256878 0.91266506524184832 0.080835207033702422 -0.4876509445751761 0.35348837773256964 -1.289187585805416 0.05578090907117416 -0.28824287518084929 -0.69383017116603651 0.68074397947091159 0.93422891317238865 -0.44019400980671497 0.78961523515738008
 -0.14556917668788499 -0.2708884315633599 -0.82499584826755934 0.62042976838737718 -0.45973357687246436 -0.26312628639027164 0.79997863642657063 1.0146672857086327 -0.13983627662354373 0.067085284926990299 0.65931140081861928 -0.58885050727072052 0.025506419626366173 -1.9579751281755202 0.44855544322558827 0.1901508424722253 2.0063840876747827 -0.33533980193460244 1.3318178495055351 -0.1466268920574402 -0.39984342785799426 -1.3611539243481863 -0.032753383301123498 1.3070511458291987 -1.6341818700173587 0.31630741735730178 -0.45256365506338819 0.33433591041138455 0.31597566090465373 -1.6598676601228797 0.60336566238458422 -0.33816379351584774 -0.22428475110446572 0.370480931675439 0.69723623561635562 -0.72008394199423942 -0.8121927543017321 -0.029474246300025764 -0.62721997063810431 0.76484618126636672 0.86494290630647297 0.87445563937600257 -1.9411161113591602 -1.1233530261962634 1.4368020502508467 -0.10695528750011341
 0.070656753397602981 0.20000759876957752 1.6271358862309449 -0.22983318905365263 0.029820091086647703 0.69851460135048471 -0.29471391371141548 -0.34206909006950298 0.010443501318083295 0.3775856358877166 -0.14599190182679864 -0.83598667261840931 -0.38450725598298607 -0.1410283817907276 0.40904608529051517 1.6718967526938409 -0.72777900716449195 1.3336816037725294 -0.21397745596381132 -0.090293252734483867 -1.4764367223452719 -0.28766652399960507 0.27296472973012587 -0.33650413692375519 0.28403903570665195 -0.32168745055669595 -0.33643848434342566 -1.1161886076937892 0.60856394625156474 0.3475516614607283 -0.15678753133162265 -1.2026314314492457 0.51122608348579179 1.0831565253736917 0.14962182388526288 0.00090813011408379498 -0.43274926843842521 0.25955106188999583 -0.1562857323707767 0.38622835032021779 -1.3532955168576677 1.0602427339388629 -0.17823474314738078 0.13610214534931303 -0.34207197018039592 1.0907435583683918
 0.34093839637077 2.7011853328181323 -1.3911297369230928 1.5270228334074329 -0.9578995116114748 -1.9009782214442026 -1.3790017510575256 0.94865790141152351 0.58325263317833309 -0.077064276275628993 0.82579342122276522 0.55233321730543428 0.4135295366875702 -0.36949998360312586 -0.71036750715842256 -0.66318300337888136 -0.40666608336802679 0.41655090530889421 1.1556658894350134 0.0058970972369259255 -0.0045033547444336807 -1.1984353228664373 -0.11983448997738878 1.0686767044524541 -0.84638787426259698 0.85372535096239455 0.15196097871900247 0.46331737973377513 0.16612458694740012 0.58897895039103665 -0.42605593336112146 0.12961086740416239 -0.5416460345948747 0.28367860463245881 -0.31826957816223561 -0.70191789094349866 -0.64388055128384913 -0.11557398434907352 0.48274788803220642 -0.44299677525807735 -1.1668752067337556 0.22745069782471014 -0.66737477911488086 -0.62543135045012732 0.48582482391066656 0.41568064025549567
 -0.21078306454686832 -2.1234226357042645 1.6661813781915704 -0.83959019105747801 -1.1086215143333746 2.168568177778655 1.4887537887105924 0.12328309204948645 -0.74356572729844217 0.61319468423576196 -1.4942995815631877 1.0573522177392995 0.56675619589502857 1.2021828681688598 0.50675584080815239 -0.37663751902155851 0.0090090713705980804 -0.27994955884029304 -0.87291457584554022 -0.29817574389138513 0.016180236745179141 0.072864972866630712 0.10395510425883422 0.53849027144304862 -0.27484814541672509 -0.50156915276563174 -0.090286962406585125 -0.0025842485559448569 -1.1162010110171507 -1.7461982169213326 0.67284050605415424 0.72058611753293955 -0.85535798540113284 -0.29558398024985161 0.56592256342160396 -0.11214905982952086 0.93028708555936268 0.011205189066896798 0.72687787698642314 -0.080759142156997976 1.160629178298896 -0.086672065355749631 -0.25737455969787715 0.27597657782316776 0.30527583195999924 -0.56832581297029439
 -0.12085621778232025 0.1323852279871853 -0.52116727308944222 0.33577065300387932 0.91176042564801174 -0.12226929083403798 -0.45782241492752768 -0.97197070282986431 -0.57195905897097554 0.4760998950986331 0.17441866710862561 -0.81184490665437892 -0.28329631435429209 -0.62227752887635956 -0.49943768143208195 -0.50816955834770561 -0.55626422314491464 0.25581873887339984 0.85693356452331981 1.2019821994579372 0.98076645934724371 0.89107902982758957 0.85329139048929215 -0.96446035147822884 -0.21295836684049499 0.11117330951982399 -0.29478640744136875 -0.63403586519449739 0.4725538821245408 0.41430432404234857 1.4425044904106361 -0.32770463327573807 1.0386867508093318 -0.56347893954186234 -0.76578301305072716 0.62035732593321047 0.45850013406101153 -0.70694651918046336 0.46467009516704816 0.3195818061250264 -0.28506819229800728 0.075824765179963338 1.7257845574208295 -1.2935796827919475 -0.064660582622405011 -0.40074971391800102
