# Created by Octave 6.2.0, Mon Sep 12 02:35:58 2022 GMT <unknown@LAPTOP-P0PV0581>
# name: Theta3
# type: matrix
# rows: 10
# columns: 46
 -0.24122746660264494 -0.041009625319185533 0.5266379788944987 0.078163102694503592 1.5611239095996079 -1.1546366925328271 1.7784163784842768 0.16432321729676555 0.20265480157309865 -0.11110371869985865 0.64692977145289077 -0.46556913844103492 -0.80921739446803331 0.57639927419568704 1.5087348331878156 -0.82708781513230889 -1.5433117161880021 0.12749031807079789 -1.7029667111552611 0.50093219726347193 -0.72177546848278118 -0.29759789718657209 0.42540000496885705 0.43756707973446307 -0.18759212228893304 1.8500657293338312 -1.8732416906402849 -0.30351236810524362 -0.85970764053101967 -1.3719999489853689 -0.84558388190955724 -0.70397698466531122 1.902645617822216 1.0041255598669003 -1.0593582730216473 0.15670234420427609 1.997570634949936 -0.013153581787948076 0.67623788148632913 0.23921786860652286 -1.7755639197438406 0.51502464299159401 -1.0608453039692223 0.65058204131036756 0.48252951856580162 -1.5643231736866401
 0.031832368042898733 1.5565833169673771 -0.41821143925983978 -0.34845287288340443 -0.26405354971937955 -0.32875297181042562 -0.15666894880106269 -0.03264061780493055 -0.28259266618246892 -0.26796478133458923 0.12580672662234257 0.75787596653193812 -0.2136542614037735 0.68428469436161599 0.72920982632523657 0.3936247197393668 -1.0141116646514707 0.3438377660882308 0.21424851184748292 -0.030760347100198038 0.69527311616584275 0.30418125612563429 0.3092133857810595 -0.30447042278686554 -0.18452959061571378 0.11514370811906824 -1.3787632254579356 -0.54783731060645957 -1.3951273039035232 0.54784583723520774 0.79235125738596579 0.30001528322266879 0.60631862056894503 -0.68916224506635304 -0.47617973979083744 0.15943339863346914 -0.19463989908349605 -0.46522979629571931 0.10106067244788652 0.28790584177287371 -0.20683520778142481 -0.3210593037634466 1.811039858487945 -0.32246583902553511 0.97303766408685266 1.5677870364390059
 0.11181742001457505 -0.60628222821632449 -0.32239759347894348 1.1053991644266148 -0.58321527483611391 0.49288060875029416 0.042592270912344188 -1.1288171775385614 -0.23333158249054356 1.3770354165392065 0.17268600261748604 -0.35814031402199498 0.66876377418610555 -0.98435997441208511 0.69422468258141856 0.15117222329908789 -0.15351695110434257 -0.51116717199522876 0.39444589235832112 -0.38763516861983971 -2.147001346852123 0.31771756291261977 1.0627521094457348 0.81847315335849025 -0.85410164169887248 0.0810650806448526 0.55545392937092963 0.11695614394333155 -0.15756144249391163 0.25384583845038799 -0.72228489610418078 -0.15391045468248526 0.90577774871850592 -0.15952625116746583 -0.023890216643568062 -0.01645375441289065 -0.37555183984327939 -0.19434259369033269 0.044596617049762123 -0.70030108864954699 -0.37783592230026447 1.0329723743138959 0.01672019901681707 0.085914225935167149 1.3182217774377067 0.54778675875145455
 -0.033557733386338849 0.23286224438296566 -0.037553457843030581 -0.76148463226376295 0.0087433473797180472 0.92636194511953751 -0.082209718257233944 0.6865283677215247 0.19582877935792545 -0.92760356887353923 -0.46819641221397423 0.28333505731442665 -1.3282311590894165 -0.34300371828892356 -0.095087937095954631 0.11027882434254611 0.8738930614988516 -0.011779009069035727 0.20961188350406004 0.66441236588461894 0.063370276193008848 -0.27559193115829983 -1.4782610311135813 -0.73493892110006254 0.59620874264537027 -1.2367903348869274 0.87287786024438885 0.081202612416150149 1.0015833147040258 0.42923489199051301 0.16613002190394568 0.55778201566024355 -0.86810419591372323 -0.77204817855389996 -0.22041463076324375 1.0103552212485134 0.29931675906842276 0.79577320184065869 0.2819467111123552 1.6300935008293049 0.50309029221167356 0.027685799226893435 0.41498273570817185 -0.95709383614536792 -1.2686286135805356 -0.47600369107214197
 0.1099231155277279 -0.64699825195415539 1.0545710280675 0.58407923464083644 0.53701387636557829 0.27801954401999335 0.24999239487432262 -0.081351286340560866 0.21699713750019595 0.73619410097730964 -0.6936839256689904 0.26457065389335721 1.1279704369572825 0.26689869931243176 -1.018839342429622 -0.44667280654868396 -0.15597773477177942 -0.13822009843912667 -0.067933044590448688 -0.067595982174462402 -0.11058832750322412 -0.11623798713450144 0.74868104065005114 -0.0025992811773121794 1.0607610138801138 0.58935014715880452 0.489014002175785 0.65462665252236607 0.071159243510335604 0.023541444271500719 -0.68870826150292375 -0.1906286222352446 -0.37999533756549925 0.2207759580702561 0.1826287918485989 -0.92280473925515505 0.24685365465252557 0.19320472496467281 0.54033886603790027 -0.42933393853994684 -0.063478856383339485 -1.1990770083921722 -1.0119330787085452 0.16788082132335921 0.055800108985435311 -0.71341120271937386
 -0.17720842566678729 1.5504555892978678 1.1121569831954943 -0.83453360239783814 -0.35324304882646618 0.06702883125085099 1.1815429745537736 0.46965150954773288 0.22955223027198141 -1.0341477902458329 -0.3623225597615386 -0.1154314018703004 0.00033966456066414894 0.71313124331447642 0.32874784553150516 0.30213915825524901 0.46402919576390533 -0.90287209437497562 -1.406889044427887 1.0671287978519775 0.27442605703524209 0.37772878288715589 0.010157705637629995 -0.4250206324753491 0.79411985921582939 -2.4518386878930345 -0.58318359230465 0.094092637634932724 -0.44817261291224386 -1.0635132146492829 0.040029562832638484 0.23318417468405289 0.5901327400097498 -0.30254947352428202 0.26279588772308576 -0.69032972732679354 1.0214116026071878 -0.46360901983661468 1.0034096130037249 1.0762273207732793 -0.46566762517002375 -1.6455953615544703 1.3407603410987359 -0.55205920342549331 -0.13213929387751053 0.66787650087237593
 -0.11674512344093604 -0.81589136708354393 -1.1239051221467338 1.5475094018441282 -0.17999160894608815 -1.4591125292599836 -0.57985270479471129 0.90988748802907804 0.029861754895098409 -0.028042134006584903 -0.21149164304394516 -0.095365695913592785 -0.17803483737312814 -0.37098221199652365 -0.0046409465945054492 1.3199561114058433 0.1042665856858784 0.15682292529663827 0.23539118515881885 -1.2765792872737234 0.26631556204960422 -0.26933048540896803 0.10311991620364358 -0.11887574818853731 -0.72083086231836369 0.76389193467292293 0.66780004333868104 -0.035205105254573529 2.0624312888705059 0.31770557536626642 0.21515893280005183 -0.92985322620294897 -1.3313082795514981 0.23380370980755891 -0.42212302176828587 -0.30355390891631651 -1.3274404858919442 0.53579752084339005 0.65904931931324717 -1.1429963735884749 1.6292149290846638 1.6881047125881448 -0.58207673658944048 0.38288825870368626 -0.77078585239333075 -0.73104822102230671
 0.083611253934680968 -0.035405135529090526 -0.68581750871599989 -1.4401472612693491 0.089711492639040241 0.69603788568945024 -0.58061284656148671 -1.0781291019184629 -0.16450409506111766 0.44840687328393797 1.0383931627287162 0.17608863449316786 0.16472228381709192 -0.025833817907252428 -0.58211181678002155 -0.63962905868766684 0.33321697864926741 0.82372612761073172 0.43634482956832699 0.719576548496908 0.59159026432606288 -0.48112461107483134 0.35357191933193222 0.76769775992794742 -0.13569077160425114 1.3606328888038581 0.062432115443814939 -0.15720977046094858 -1.2842553873686937 0.0077930334470019767 0.18247472205044782 -0.087980251032153373 0.068685712625730824 0.40038370665080253 0.36683800139381589 0.81908528183201768 0.83561543628676982 -0.86826118598981217 -1.017317667616658 0.092000374621343528 -0.96624529451943963 -0.055301051296635935 -0.054700567279804095 0.34134623425109251 0.11109971629948584 -0.0040834408839258473
