# Created by Octave 6.2.0, Mon Sep 12 01:48:44 2022 GMT <unknown@LAPTOP-P0PV0581>
# name: Theta2
# type: matrix
# rows: 15
# columns: 16
 -0.27370834057846138 -0.12324164291122214 -0.15474442257625828 -0.55438083679573125 0.39673287802305252 -0.0052910225327610543 0.92311824976624168 0.24553194476647316 -0.61105033890811333 -0.63223346821858628 1.0982000985541922 -0.3224399234101693 0.69690296790361916 -1.5535189976380703 -0.8782384760363674 1.1686263322136698
 -0.026691765510429236 0.30383438045987032 0.80367140609621202 -0.72962250250701888 -2.3939133151154754 0.16970865980968128 -0.27636820066766382 0.33746567964050173 -1.0149053734405047 -0.077908614053990938 0.22066320848854884 0.55344629408162627 1.3072175374434265 -0.1905136955462457 -0.2105416008041007 1.3084625682079956
 0.090352075453150327 0.25141725149415761 -0.0650387517883146 -1.1136228378640505 -2.2043489776018292 -0.14068973893726128 -0.43840263647899164 -0.88970783901769124 0.20499705895430637 0.75115460725254757 -0.88393206647210509 0.16035680092538504 0.12133670216197212 1.3978596483531671 0.60068940848195485 0.25620455012935112
 0.084136740291001738 0.87453647140231894 1.1947214469779168 0.53843505478696885 1.9123643794901353 -0.013829253677368005 1.5869367090674149 2.069830100583455 -0.10705190376718458 -0.8484250801102674 -0.24287772542087088 -0.71987004338441907 0.57479742514281529 -1.5770942379661652 -0.62732064651905495 2.1763726160362435
 -0.054288224311290947 0.52590074625724637 -1.1412707674360878 -0.91154489224774493 0.067873893318422335 0.044505856358079868 0.6615899283329264 -0.44353913737237066 0.77754244999676203 -0.26680398263488153 1.0708082387736395 0.17510323528209357 -1.4444663184028055 1.5003849434123189 -0.10013520379345291 -0.96268079822098596
 -0.19366810581355917 -1.5039833527552668 0.39045266543949619 1.5778813743504869 1.7520123751965602 0.15872196856684323 1.7223917980113717 0.51133640394125002 -0.64878104397870173 -0.36065277948140484 0.01912517589062494 -0.96910602280309599 1.831434040690012 -1.4282864882535673 -1.283965958476101 0.032355622999199765
 0.47788763470530043 0.26566817804185483 -0.59597397696820875 1.0466583939860941 -1.5322642996192297 0.13101377674205802 -2.8650194255068784 -1.2868175645267226 0.90084451233416685 0.046337845129164404 -0.89446674306153229 0.9736638800029972 -1.0885429791047243 2.5643679254936753 1.9271330600819649 -3.2619301464292345
 -0.29075117543225593 -0.026190020564196049 1.5137448725373144 1.0426266271208211 0.79379685495873376 -0.18087823588339719 -1.2424179022716091 0.057619687275888794 0.13843860597903648 -0.61201373048158025 -2.6267255711139192 -0.67957333535015874 -0.069728933669291004 -0.048007592839547683 -0.48609296681726005 0.63858110467150142
 -0.019364539368020531 0.28874190286273954 0.038265821967563965 0.036349227492845068 -0.7801844297324505 -0.66052971720889586 -1.5613033188385927 0.046020189478004805 0.28788937614957294 -0.27951578920105496 -0.4930953829593418 0.64658569799588228 -0.4344336637462668 1.6898729750651369 1.9678462924180711 -1.6637349245175872
 -0.058051618367078263 0.38803341191108148 2.07015813382153 0.649540371433589 1.3242053822258992 0.3474636444867012 -2.5551735453924178 -0.5344810934923846 0.89112378431486827 -0.58375268412223469 -0.12713928416627779 1.1359192079998266 -1.5674757600726636 -0.69997185181031474 0.020988660701248094 0.30573489880582949
 0.24301923856116889 -0.66127026647901466 -1.6542102909033751 -0.31454363588509271 -0.1926182382249873 0.56837600852950476 -0.12296234957287014 -1.3381431844412026 -0.050315048997171492 1.3699117742924467 1.3390007382524245 1.8514870494007571 -0.35347018551658421 0.29984455647051145 -0.8849982732112589 -1.7820391315638011
 0.059291293586269569 -0.040931199050052255 0.91748343897036755 -1.6020995200638186 -1.8645810713263216 0.062620267172631944 -0.025531945894480764 -0.26412850486415107 0.2592789876209452 -0.024356841881419643 1.3594525068181464 -0.3607843638090053 -0.019990937390011784 2.1570723059483923 0.20144204220917475 -1.3844540983768083
 -0.16198644730062098 -0.22168780121943479 -2.0048938504971368 0.77801025059666551 1.0786330141395586 -0.15286112383969841 0.94743067835438144 0.4304227085334012 0.57619498666081348 0.1309225600074114 -2.1542708350910473 -0.9141678759418338 -1.3240122514386721 0.095894581553598132 0.29866121208368324 0.6264635673354354
 0.1135385205238091 -0.55300247930256852 -2.1048083260456276 -0.044820937135166335 1.2936688178686715 0.79481628468468357 1.9886754720509288 -0.63728226600121207 -0.26173988688346916 0.34892640796995683 -0.49625545145499661 -0.30119072823752113 0.8996645044299606 -1.8044840718808306 -1.4507458825832005 1.3935711552516077
 -0.047465159735196452 -0.046527104768293318 0.098327212419049417 -0.86059745762955198 -0.72421772710717203 -0.16511348292641487 0.14227919165053193 -0.52453816288995414 -0.4143953008832934 1.0715693210362927 0.83603650693214127 1.1801185458980468 -0.28082113843821493 -1.627053293057138 1.4860784431338443 1.106177854428781


