# Created by Octave 6.2.0, Mon Sep 12 02:24:33 2022 GMT <unknown@LAPTOP-P0PV0581>
# name: Theta2
# type: matrix
# rows: 35
# columns: 36
 0.13268525183703625 -0.061691323861742114 0.594278596279597 -0.86185547676576635 0.12600604925738726 0.38089499924964826 0.086808832519454177 -0.54141968620154723 0.75917467524182425 -0.11695832274335775 -0.26936728846099844 -0.47114318495594171 -0.60518843707856207 -0.0076418177218859438 -1.2085367426042546 -0.16962873213243321 0.4572741757312489 -0.20870771067314617 -0.11362311079910734 -0.8502864649366958 -0.32599256125143977 0.31879062418461618 -0.7362531117971427 0.29932797193998539 -0.0063752365925443203 0.90645218076622658 -0.83105739645551702 0.095862357447081104 -1.1230907805435064 0.83379436188504252 0.23970418410287456 -0.22844788440009234 0.53636705533880469 -0.02331932028686455 0.84063313328775402 0.098824023405257602
 -0.0083203286659326789 0.30004185140686335 -0.062349791411020691 -1.0744782815537801 0.65963251905213527 0.43044378813348488 0.03748201413070993 0.79492892619815647 -0.90990166732328615 -0.34080879200235636 -1.1054568036104753 0.46454276313539739 0.36843517281959065 -0.92266454044732027 -0.78514548855015975 -0.51132524116977396 0.19219722353744756 -0.0049870259110269049 0.98472334870532585 0.46535853513385189 0.16822032592515282 -0.39644386551063093 -0.37584887417754081 -0.27153621526297023 1.0281360585994657 0.58910609114205348 0.59404612057911788 -0.10993740627932935 -0.33414668474932591 -0.83388697000867062 -0.57142251542862754 0.23446766832696969 -0.86301161520387404 -0.37501377095718991 0.34731574251114644 0.048237122216919975
 -0.020929146540056866 0.47989880009890701 -0.4130612970835344 0.24023904601962262 0.048903508938003777 -0.20312540529270745 0.096580725020473074 0.82990708935473279 -0.78054109519725567 0.57728630831238992 0.41737994180631344 -0.23884087971655302 0.69813788262048471 -0.062389017755707862 0.5423515197676213 0.22679740991011477 0.25792622792249831 0.93106780235483 -0.28803850642393258 -0.15128412332304611 0.37984922480678679 0.55160045125549972 0.29364292799907488 -0.36053925922688634 -0.25318471173812063 -0.11664311967579166 -0.023132596612781289 -0.81844884876303803 0.76501236532434358 -0.17782382013262377 -0.063694109859753531 0.18495706241733673 0.025530101422894649 -0.28661440132197669 -0.93904685317612013 0.11349233567197939
 0.051962113243137792 0.032130133570930336 0.41235249113163908 0.52852234939172871 -0.075414195984877225 0.29750785149488396 0.034199425859031664 -0.062482751368113168 -0.033491698213332817 -0.19256093089620221 -0.75575820090726975 0.35808831245727596 0.13931819912944723 -0.21330152438231106 -0.34569647835545858 -0.30861780931199284 0.14435727895193509 -0.5395473809639747 -0.17971717212269839 0.040902511227717146 -0.097619878479306518 0.2299566758192905 0.217029309897838 0.10112186567735286 -0.30409037862834337 0.32672493227541949 0.24829605151170778 0.040487680007829117 -0.12506461400501823 0.11194887904454047 -0.34915805168642478 0.54096784909582341 -0.096290589508343183 0.22277606673154388 0.31823628652238112 -0.086201849856234886
 0.0061577233517926275 -0.043732143268372214 -0.08759198568850031 -0.69725239864286281 0.35372716547985555 -0.15196886420575931 -0.021269048926920216 0.19946191455854742 0.551352209909448 -0.93756677471655647 0.028679297677560604 0.079258696933789063 0.036035415638017224 -0.067814445559861561 -0.86151773547524502 0.040989744703577982 0.20032582411132507 -0.045737807259910904 0.47611619918017717 -0.12674687362086112 0.22575440929605597 -0.087592117865046781 -0.28661134828784318 0.17624848748232122 0.3853379075603553 0.044272520990891774 0.099466949212401207 0.11353824059357302 -0.62028504449929578 0.069367138252467347 -0.019711758710043221 -0.49992107891637388 0.024759217085720365 -0.33555560611948548 0.34029457282832243 0.14556225732705461
 0.14918965644567936 -0.43494378687614632 0.65463727282298412 0.35835700545218963 -0.012801489854500732 -0.19713125163518563 0.11291318595846259 -0.4332916898824366 0.33255488175951775 -0.092503561589999644 0.36287384478643575 0.90952979375938559 -0.12086993568828922 0.91989268810275437 -0.46585799897687208 0.089006373275571773 0.11504453560707498 -0.77163146285005213 -0.56877291766345661 0.30749416514059169 -0.18078307840743246 0.31618718975175647 -0.054287265728591071 -0.26861425084175217 -0.39177630737257574 -0.17349817741957835 -0.57009217740323359 -0.67571628327477362 0.11167589271335841 0.36166789386605253 0.18722315698052419 0.053373718550813652 0.29023113851663113 0.22306518598837169 0.41947697434399933 0.14137002258679113
 -0.095792123661967196 0.047621770803829774 -0.38297047157607783 -0.12574062684327961 -0.050601534765295469 -0.16401743698549026 -0.036360853052347979 -0.0083623192563845039 0.24019951487070618 0.28504245426666819 0.48227302747078388 -0.82472866696493408 0.38108811951494914 -0.43758035007461038 0.28386025185180103 0.046578384431861443 -0.19695172674017483 0.93521852449604992 0.23279615854266647 -0.51214477711510487 0.18527058355763693 0.13237121605931335 -0.25260015745683823 0.58958294247064325 0.033242039079924054 -0.12767499724007109 0.33665327162974534 0.15221036602727231 0.023053903282579884 0.68770165062016286 -0.10654747381170802 -0.59425178251827293 0.087488837870669314 -0.38858445979670475 -0.29523751247985924 -0.11955326266974171
 -0.035171088044004345 0.18986430508015523 -0.30557589820020853 0.25621828482772707 -0.13121418106371976 -0.086689047932998281 0.12591282294453915 -0.28878887605893133 0.23348119481049101 0.10728918053094173 0.37438528439079133 -0.85054088937077565 -0.11732912329924002 -0.10315604584188602 0.46345146906019641 -0.30095554415853504 -0.29249281280004513 0.55803942146974428 0.03153887476403025 -0.54445642420828944 -0.24710668535684771 0.044457161269956046 0.14644316806373195 0.37662378657907852 -0.14688398203512851 -0.25970156168291597 0.6522899546767752 0.51381562802671166 -0.094771544122806972 0.20623185425572044 -0.014088256922914422 -0.037178675167777703 0.081261379584541549 -0.062904846172713719 -0.48838031751799843 -0.023521109786579519
 0.08241110904967329 0.54323474337437028 -0.24245760407861278 -0.098710819758601201 0.2780716377321546 0.16168889226711211 -0.0031034358510232726 0.54796493450018091 0.37402044807560791 -1.1864277251271305 -0.86142891444602043 -0.15521326659928578 -0.38493325500734427 -0.3348287008779664 -0.55167142655621337 -0.94816972459774695 0.025172105291964456 0.081029535874273764 0.18526192260936208 0.30904981937068127 -0.35529865786435788 -0.48985316754872427 0.38403573251397971 -0.17023800203827905 -0.044664684522161859 0.18056808255484552 0.57344394600482518 0.60523784707891892 -0.73622353381832306 -0.31512551858522242 -0.6135895854815121 0.63869614221470428 -0.18883074005960593 -0.14186409404668188 -0.058475250057695785 -0.067422282104301928
 -0.18502526641855788 0.00093604032044395996 -0.049362032732564481 -0.097975823499423825 -0.17875036886692569 0.27017134289162381 -0.14292368075454831 0.42040263121878668 -0.8298040103343709 0.76103205852066891 0.21232212770253317 0.22429050887140603 0.48746514106928968 -0.35294754324749028 -0.10526480348541216 0.76980038966235498 0.13949732744785925 -0.21941986518007883 -0.30928527398046723 -0.026918284604450338 0.478467902770289 0.21377308973165876 0.0075424104109488126 -0.11489209886303679 -0.026471233090082282 0.067724143013594779 -0.45335387301522417 -0.27335380992412939 0.77925849109721856 0.47382653841228262 0.33825879899088906 -0.85367555519247296 0.0080762080392515426 0.031489885177221927 -0.049541818795544208 0.060437672485846021
