# Created by Octave 6.2.0, Mon Sep 12 02:13:55 2022 GMT <unknown@LAPTOP-P0PV0581>
# name: Theta3
# type: matrix
# rows: 10
# columns: 26
 -0.42615273364241385 -1.2858527431596856 0.48632810332894333 -0.72156208731253257 -0.1726536784769544 -2.3591869351747916 1.3232358242936573 -2.858698172143372 -0.072612650365894135 -2.3829825518682699 2.0134144867765338 0.26009276888893557 -0.057173460752176081 1.8182980392499097 -3.0857058699742379 1.1520697855351332 -1.7663946797641603 2.848660281709408 -0.083704814071224709 -2.1405130557536918 1.7687187380721452 -1.7586569457001824 1.2229223190167862 -0.0032728700508294463 -0.12245816216774312 0.74686774194170613
 -0.55541994519009219 1.169786885035925 -0.49790079018314859 -0.17432119253271824 -1.9830627902957401 1.6626734815708424 0.070581453807937705 -2.6626057144538264 0.27479494922050968 0.55967374164375105 1.4496459846677943 -0.016473417231786969 -0.3920594321312767 -0.33312936645875324 -0.064647397294889247 -0.11572809565148166 0.77745780755059923 0.58166438890538685 -1.3051934076111651 -0.73188655979502693 2.6256935281775213 0.047847713549065564 0.80253965587917997 0.21073754937321393 0.56095227358479027 -1.6229443280604117
 -0.028894578401420901 0.022337793134273257 2.4032171796520188 1.5585192098881313 -0.85645143689855729 -0.58018708136077679 0.22851840689262742 1.6150737397281891 -1.450641245763896 -1.0930062938021641 0.83220362953658245 -0.96482430772603556 -0.91979944904070521 -0.89884516882612642 1.371063104465885 -0.12738430134274042 0.73360676998429442 0.28081878147133443 0.79372341606235486 0.66374900697462924 -0.91432881330293803 -0.3418706828522845 0.0024129559364436579 -1.8540216790818449 2.1185614310411385 -1.5863944953895044
 0.21449885828051626 0.78712392118348751 -1.2360499315425626 -1.8682503265638115 1.4066277219017604 0.14866063826937909 -1.9472327694542961 -1.8844282342062064 1.5417124813593097 0.16672546977894953 0.30318500357681993 1.4123230235697497 -1.8540283927496775 0.68729645211088197 0.33501714368088387 -0.77655423475699459 1.1876727543761965 0.12061057384771376 -0.18752638197095031 0.97476297132184198 -0.14421954007562882 1.7912950914322159 -1.0796883569488824 0.49913633397107909 0.019550632574181648 0.44229748642028327
 0.30305606183141237 -0.70133532553742761 1.5947141986006923 1.4349602371513808 0.24603560949114772 -0.46855139609373658 1.1861508128537663 2.0843465881846726 -1.8784374212637038 0.56546339013579161 -1.2742245793055105 0.88216224534060284 -0.44278591114666577 -1.0640843298536107 1.3217462795370629 0.1207147358841522 0.66888006013335632 -1.4150319259008 1.9582391931601846 0.29181373493007695 -2.3647910309669413 0.12134812144963002 -0.24453501600884484 0.18232869394190296 -0.2646124784528131 1.047040045737496
 -0.23098982469083068 -1.0414552338340137 -0.052414401723592886 0.44658474281659122 1.4236196664541132 1.6322077777198396 -1.1996385854762326 -1.1957208829233339 0.2750419686864069 0.31825535835417024 -0.31040624566058755 0.86906464419240481 0.34730678883917415 2.4509158185939079 -0.060533903264253265 0.32430608306360142 0.4223809204907264 -1.5082637814039697 0.43902916792678515 -1.2373739120259515 0.33852457168765776 -1.2107980563601188 0.94475169755571731 0.7643296109049873 -1.5692621087413587 -1.3683442258654044
 0.24107039337507091 -0.10542414707388487 -1.367625890601883 0.11350211329554193 -1.4245560357241771 1.2821765176848798 -1.2364228067580374 -0.78895548031042395 2.4904182355931739 -0.089705226551605927 -1.5879230910472177 -1.9907728631607926 2.705088023999541 -1.0978321259250656 1.1748085650174551 0.35115148881559499 -0.67616207254354788 0.34655153146847018 -0.13970100763605797 1.7059328062266859 -1.3446120224255156 0.9563695263273726 -0.54981994489185959 -0.91170090071228593 1.2208597563263373 0.76778995368135472
 0.083942702883779807 1.1738048031186672 -0.39069943829646853 -1.2971855999666324 -0.45719200112488367 -0.41137733817403233 1.4081818620288389 1.490679157339408 -0.54115646761261094 0.76607605562756353 0.42533665333495085 1.297102132168052 -1.4953705806837472 0.29598116679101638 -1.8533113255417559 0.14271941345269207 0.15867375362446037 0.21786538997969485 -0.79461588523798876 0.56603599455138498 -0.27905902042976838 0.20971580291268296 0.11134441080795347 0.25921586373887839 0.19874214083173081 1.3432639972101099
 0.42419368778908934 0.74940274459198497 -1.2439403136439577 -1.7261250386123186 0.89787492565003968 -0.45930974751062587 -1.0561321778282744 1.4543857141052769 1.8528570347574813 0.19647671917688297 1.2456442994007355 -0.38699135239913701 0.44569682533582811 -0.47148963553591644 0.17232815196126428 -0.18707406550214786 -0.77050328478842789 -0.98455196710158466 -0.60901340226973755 1.5444225302442867 -1.3872844058358356 1.9341184099695279 -1.4762309396164421 -1.0839901611887754 0.87380311422026702 1.3732173665566285
 -0.21425873503636492 -0.83418530333712537 0.26415195437584016 2.2238049696209172 0.92762802906186492 -0.3287092818802887 1.2183070911188234 2.9022757057250588 -2.4760917440333512 0.86627413781242835 -2.8244936289976734 -0.84879594908256872 1.4285664466693426 -1.4023085634155015 0.87867099459062536 -0.69110578551630997 -0.74960998507540277 -0.35843308223517961 0.14403299283377285 -1.6332260934199669 1.2743731023987044 -1.8223010347871511 0.24452939684090308 1.6361665236193552 -2.6038771871808937 -1.0625420092881981


