# Created by Octave 6.2.0, Mon Sep 12 02:18:03 2022 GMT <unknown@LAPTOP-P0PV0581>
# name: Theta3
# type: matrix
# rows: 10
# columns: 16
 -1.161422424740034 -2.2468527682115949 1.8579417610130273 -1.062415323151394 1.7902523300810298 -0.49125750296402632 -3.6327701611290384 -0.91144754810558304 3.175992574257462 1.9128705627502494 -0.98525233653356259 1.6817308623964144 -0.93708888066441831 -1.5540733963745204 2.9727741931051503 0.39671567041178002
 0.44302459522399357 0.0056820331540620959 2.2718157839893034 1.0392943072939569 0.44792544952728125 0.50219983213356045 -0.88191658127621664 1.8099689492254158 -0.70071396688060883 0.39100479992118087 -0.65695315153370948 0.50440294812143072 -1.5945360610477333 -0.88028309391454707 0.14880527870771607 -1.6003791774508671
 -0.75431471687301777 -0.55508390277326536 0.91756204866487023 -1.1077822074884875 2.2686147145734807 4.3088148091104772 -0.1269208277773872 -1.7056203782964487 0.31529048562771061 -0.56506863104807314 0.29415906591093499 -1.302808364226909 0.60077949508642614 -0.4208399759438311 -2.1754650570439091 -0.83450391494091891
 -0.020791760422420005 2.7187493313136359 -2.2954362246062137 3.4607073901017116 -0.4010400726660972 -0.72972201289074279 0.86493216894178626 -1.1018531371946236 -1.2941207412715834 -0.3001098233925471 -1.6060901082234229 -1.1373630087818054 -0.9260457906479781 2.5184776136331335 -1.5775627163744619 -0.23381676398460946
 0.21104512686242205 -0.30587404996825329 -0.85333292528739524 -1.0211751054858094 1.2824678508277689 -0.11413653772869146 2.0559209434893893 -0.43212942778843683 -1.1005642126859794 -1.1554801302576154 1.6121396701814033 -1.3791819446000007 1.6452678077711802 -0.15238446140019413 -2.2625418037834781 1.314849983757614
 0.22957634218960044 -0.66775528689238572 -2.8119209690253859 3.3202700863222101 0.10404968976075162 -2.7898206211875345 0.2741664072914165 2.3628986576361704 -0.91741980008066792 -1.0058870527081276 -1.3545829071344577 1.3360160510355028 0.17385925238295033 -1.6272293027996929 0.57856465079424024 1.5357884783855817
 -0.047730429850731435 1.1755126775480012 -0.093649677667028045 -1.5748592343684558 -2.7009280643306965 2.5196737516662453 0.97932065520741141 -0.036160762386272034 1.751638020489201 -0.27542330346621496 -1.0986465309749878 -0.72303404851045339 -0.19596280402540556 3.1257839975103656 0.42859794750062868 -0.06906319096770959
 0.28849034347849528 -1.2046448044229738 0.17213796283519514 -1.5078532436186876 2.2029933871803564 -0.20858943192502558 -0.97507562055966224 -2.208059451061263 -0.61398399480818344 0.69162525473601466 3.1170235738649423 -0.55093142029060005 -0.56126437573211763 -1.1030009159040819 1.0583360472741485 0.58057340800196289
 1.1222340204362278 1.384509772559823 -0.99358620996787395 -0.78506031566420276 -1.9330546821741748 -1.235813705759726 -0.3327878175778245 -0.37411861808026775 -0.73381801621770648 -0.2401409240821426 0.26807069236123909 -0.55122141291611804 -0.43377874255955512 3.6698926668677898 1.0106992506162071 0.67571332050506105
 -0.23091099768189838 0.14803607149709416 1.5753081338058974 -0.7197495339305312 -3.2320875458087519 -1.5064970316319164 1.781531521211011 2.4375082785851885 0.053611811415609806 0.15281838300428727 0.48627960142798704 2.0127681373490875 2.3733159206179759 -3.639654792658682 -0.027262007016496548 -1.9673867995306034


