# Created by Octave 6.2.0, Mon Sep 12 01:36:46 2022 GMT <unknown@LAPTOP-P0PV0581>
# name: Theta3
# type: matrix
# rows: 10
# columns: 26
 0.094881727890803957 -2.1176001552720907 0.56818186301491924 -2.3278615494408772 -0.6517266271612393 0.0026174901056160104 0.82492325223349205 -0.012301764907408799 0.55248715595863118 0.48740853453406996 -0.4336406906227272 1.5357908188471086 -0.68477401976993701 0.62323533055479308 1.113229351109029 0.66395941157889027 0.076623151381356683 1.577739504135699 2.4815831584841916 -1.271980081876779 -1.5598430392863525 -0.89092895348916867 -0.7566849230738818 -1.3261463668015747 -0.51475952745820808 0.57379086495029352
 -0.069823806273874078 -1.348667165184352 0.73442332024680423 0.41512066848153956 -0.48106433082288813 -1.3113831936564035 0.35745120158400373 0.37961668167438634 -0.19909506558600171 -0.78278712369441594 -0.58879346876397287 0.21579205313352431 -1.2453802518078647 1.0850385733275223 -0.1236311657426953 0.095392474199740424 1.7590500924139885 0.69441417123591131 -1.3806832893920118 -1.7976930856610136 -0.60743875452331975 1.6651907869985958 1.2567706674438481 0.38678020212715891 0.67133273838111707 0.17179315982008572
 0.15513772367505965 -0.22859201325220099 0.48617127054273507 -0.044696313840275698 1.9909614126507056 0.90506675639156398 0.063269259943821363 0.32582110295070571 -0.40394440114808694 1.5890062264429365 -1.0575939628162989 -1.1423086557256632 0.53363512165956539 0.56487298295294441 0.61787546546587135 -2.0198972410330613 0.62804360440130069 0.89336747190900023 -0.54934333686232273 -0.7557460799354333 0.56700834388726307 -1.9073245217618888 -0.68071561929299318 -1.028709094250793 0.90786541500637952 1.4634576732564573
 -0.12026048560151564 1.465943533119457 -0.97804708473276813 -0.16036773628988982 -0.43158738583425338 -0.66421476452687478 -1.4416846745157297 -0.75997259938343864 1.7242315468625151 -0.51059583706567491 0.15902686988426723 0.83230144727789357 0.014204315606362511 -2.2234897890758134 -1.6221800684742884 1.6471942105191579 0.38622707629736347 -1.7910853023690154 0.35723392835618184 1.221722345741111 0.099951315567260945 -0.17134748449241946 -0.11790120784025786 1.5231191297424924 0.36744228492435194 0.30757708434735237
 0.37108488034802145 0.19576381711099466 0.063946994264906257 -0.079765610741781359 0.26931016095099508 0.59860439000428733 0.40637264508250898 0.4011817072913596 -0.52185260298378033 1.0544139882749817 1.1198162775781038 -1.2141935728819537 0.65179555485366003 0.042689712363116653 0.73551713305124733 -0.81166860302370381 -1.6320168560187955 0.5283909841788953 -0.44713347133444226 1.7072575801329046 -0.056648095058984257 0.82503172987310947 -1.0371014349092975 -0.045933842641695602 -1.1249459417987393 -0.39678861313501002
 -0.83085862444354186 -1.5427886377613089 0.10769892700857368 -0.49792950673494896 -1.707366930126174 -1.0688450592847281 1.2728628816049941 0.68118767760050103 1.4762316158733886 0.31510854283732692 1.9591392373081846 -0.62230911817694101 -2.6620035922811076 -0.57772786004475585 -1.3284921537292067 0.77578369340401421 -0.470397272303401 -0.97536626810081406 -0.094934663370169828 0.3199019397309309 -0.68290687237423164 1.2303049170042237 1.8394233334249381 0.92321327224194416 -0.72998132239418445 -0.098731339457322861
 0.60370404982833492 1.1457139568041839 -0.97212461296689479 1.1926705419797443 -0.27835794238195355 1.0686569456442265 -1.1846336647701061 1.4195057484983391 -0.89580461235859188 -1.8601102960377778 -1.4291187645718355 0.29137253499487414 2.2157444107838868 -1.0020900813216542 1.0041847579647567 0.15302769125224075 1.3065173015006244 -0.21051522947356949 2.0667700589176543 -0.49471857479149134 1.1022306198639349 -1.6368919357748677 -1.0324143504360621 -1.7194898955145104 -0.32488826702561652 0.30668873995340379
 0.11791178924847738 0.8575492990548309 0.17596305903232037 -0.40627307597938062 -0.21749096520192682 -0.64088657543305672 0.12994161700472312 -2.6515859798282202 -0.56572938237466153 0.99904202203346459 0.73542752508722653 0.27216709844309239 -1.1060626506574638 1.8462224319647165 0.7885515929247755 -0.21429698553508217 -0.55485043290715852 0.71666830535175952 -0.49066366570712688 0.33102965841606641 -0.91625154626781535 0.55857441850077505 -0.87403382481834679 0.79042186878654785 0.87712691472499715 -0.057763147958069076
 0.13348913031856216 1.3258755615371678 -1.0230225341265402 1.0993066259212787 0.30888080448792055 0.47140372353963211 -2.0681491307231532 -0.56951138090651487 0.23399301303183498 -0.27449266425309143 -1.3862652824220205 -0.10426749415926463 2.2014312270868501 -0.25559178617987538 0.021303144223752311 0.89145016657456577 1.002442017616568 -1.5144759600240696 0.19597990472127283 0.69032882740368706 0.38606681645310187 -1.7249286135018349 -1.0515587211540416 1.1605045889752796 0.6969345352660401 0.33718960070721438
 -0.49898436798810142 0.017718276544852068 0.76349339699121532 0.77651435038570049 1.2382291961412979 0.62028326745227724 1.5452427964604916 0.70734732319164118 -1.3815206191448097 -0.80032938391787622 1.0321318623479823 -0.22281591297075656 -0.0003867097255018834 -0.24166064104435847 -1.0861110962464464 -1.3679259706985532 -2.074139292007501 -0.00032161987114282843 -2.3852888139333364 0.15347098482661145 1.7066379074760072 2.1394735007876902 2.4962965809489015 -0.78093180191070255 -0.65138702833719497 -2.5700392091751256


