# Created by Octave 6.2.0, Mon Sep 12 01:48:48 2022 GMT <unknown@LAPTOP-P0PV0581>
# name: Theta2
# type: matrix
# rows: 35
# columns: 36
 0.20618807105928208 -0.35726557546567278 0.15093276296128846 0.55458968652432927 0.42176694062816694 -0.30075944184861869 0.26303655305228335 0.65723823533848813 0.29335563435644502 -0.24514890974245171 -0.10343779974269872 -0.45790014349359032 -0.44107553892831181 -0.75561768055021283 0.19191120078868412 0.87683828590326152 -0.2427478373375955 0.0046383829119859251 -0.49306631135085 -0.24605432949372841 -0.2496053052091905 0.16989121028905402 -0.10924386268130935 0.091475758476338861 -0.64487173285257227 -0.48573205463568658 0.24090418727440518 -0.40524204688386983 0.10740571773136376 -1.1120249111601277 -0.71874764499774269 0.12610275704713056 0.45968116563107719 -0.045148843683831458 0.33178257668322997 -0.13160037470391148
 -0.034020752781162449 0.61996635727497951 -0.23250230856878062 -0.22958337073943957 -0.45098934141616132 0.44571283630031311 -0.5768598348969709 -0.14436357676965469 0.055067248587505238 0.035125802513862402 0.6728932883407015 0.34114952891643141 0.0057237845052154415 0.37491286359481157 -0.39030833503857226 -0.46167330146316632 0.61922261702560955 -0.051881457302918703 0.28406564222211772 0.37132792467263448 0.24860178019797424 -0.44388442606223422 0.035231557067284612 -0.10511585534562423 0.66431753000660576 -0.088645971022873915 -0.36115196234062596 0.46740751720452184 -0.064108102066313732 0.68475694069985982 0.81989994093308916 -0.070606646368473455 0.18896948344816547 -0.10485154766871417 -0.42043444158639803 0.17361310446683306
 0.0421198299868746 -0.040396442392727924 -0.063357058540376987 0.0548718535885446 -0.46328757034586121 0.42325094183317302 0.17898524847156952 0.23744456820905563 -0.37189622666955147 0.022798258058993805 0.085220356459017946 -0.026137708563570627 -0.61639197596359396 0.75291410059455299 -0.39469971017120181 -0.20904874627055003 0.18023800266466122 0.12524094934755539 -0.023268312879481175 0.14227343624514327 -0.25190435689882112 0.2331835464825962 0.19556432157023143 -0.16331812198788953 0.10511878670290557 0.62503134139093164 -0.43589516225210667 0.45950009356828714 0.17244146745741606 0.80515086314421436 0.09518564800092616 -0.26755497552486068 0.10869749194988844 0.085785527823754718 0.002932317148639149 0.61465903388320564
 0.019056920272633011 0.35360503130078313 0.13492838385660408 0.17001461710590926 0.15802024282266569 -0.34590927638473956 -0.030663346002199297 0.1635783207504945 -0.69377548622424567 -0.28764972701686442 -0.030790902384810682 0.60281435348292256 -0.48931132269411565 0.092462100081514051 0.13794299520644307 -0.26754390961338664 0.1800359582016865 -0.41456449018108288 -0.049920688481832363 0.17102106351051552 -0.46777403919424054 0.11275575389212017 -0.02242532499313955 -0.31247858649433091 0.11353580831085613 0.40831413379591697 0.018637705475753989 -0.19447720180994371 0.015725132408986365 0.33851240994965298 0.2576707046560695 0.10094555085769291 0.30931546484503036 -0.28833133603237121 -0.040130594367545 0.17817534983737729
 0.084691652875465276 0.12156474096451877 0.1947904704008237 0.097670897003164531 0.37053750635701288 -0.35474168174014065 0.59171190338332735 -0.1359539799244647 -0.29867602902572576 0.059517215907780412 -0.52778762728841366 0.21031428150187417 -0.0066863350098332972 -0.17134625226820227 0.58619335628648028 0.43345188687640007 -0.22356342955693542 -0.40974795924368312 -0.17846415359704598 -0.39037664194871263 -0.48731751314398375 -0.018259666739155675 0.10252851806529963 -0.38750697600305273 -0.14982388290984103 0.24000725032438086 0.40495661663022597 -0.038211460076964084 0.055453681301457024 -0.10080078228413146 -0.23746704911538524 0.36752127975161542 0.1143767143328781 0.081460805407243 0.16748278966063276 -0.17164571576849558
 0.0060621852901892505 0.31777544991222045 0.48516039396377358 -0.35254429830581202 -0.56185729884996927 0.61990623507484577 0.035742381363204553 -0.62168867937384797 -0.5280144693626595 -0.2185079278282599 0.27032690098014828 0.65661964420685948 -0.51774163156840036 0.23577510273114671 -0.29059249332910236 -0.3335850961013917 0.42847111682250383 -0.27773955185951288 -0.18290279035514806 -0.047130055847611353 -0.58541096966256145 0.10105406400070104 0.23762150759671577 -0.19356756696915339 0.29534754197617386 0.041045299913147822 -0.78010082339145059 -0.055245290767253374 0.19186296787435075 0.11330541061475509 -0.0064554095998679475 -0.068772320483895769 0.51939495982933659 -0.12996427826886545 -1.0181672623251976 -0.45289324190930808
 -0.018526201049372467 0.27464801745803286 -0.36301843728555516 -0.078832764483065476 0.10666491598781778 0.10101490573482491 0.52198098098677348 0.21450434710258359 0.13444124818252484 -0.20245940057816753 -0.024248045941507514 -0.40193434240903719 -0.082276827309214512 -0.14091377646361331 -0.068025641620636068 0.085439691455835659 -0.22076252363798915 -0.20477047150509878 -0.45390763362946662 0.30087300738769773 -0.13632475956891452 0.0043251856587674482 0.17190422249930051 -0.19514881223291664 0.403083175878234 0.21924793289040559 0.27960823389081901 0.19394105818073423 0.084899127505801267 -0.1350713084397675 -0.20228986720648384 0.12806498168925723 0.50763321761427216 0.040767342635226751 0.24268470983832444 0.90615588320206009
 0.026281215378491523 -0.0082988725428020105 -0.48280826440106678 0.16091963270391371 0.14477979757092041 -0.28343398368377515 -0.64096999098533125 0.68821333316834477 1.2907371361461986 -0.090075872587806541 0.24842102893786 -0.8218438187728907 -0.12898211598718673 -0.37030964176241082 -0.15533007971105367 0.63149290587117124 0.11886013450581548 0.31833753893205163 0.14036278982801839 0.37685129032800946 1.003645171249562 -0.39413721896030685 -0.11460996165955957 0.52972440912873264 -0.1029821710897839 -0.87198785238549692 0.13488127131495734 0.42563062516289718 -0.17706698275022523 -0.17474498788355225 0.48609103956290534 -0.10276340760714066 -0.23488195830482969 -0.14738793721341914 0.36788272781871534 0.12408025327571459
 -0.012190696246831305 -0.46042503348178776 0.58108818563675446 0.29677807718680821 0.55952274723206374 -0.06167673622695069 0.32066368142707791 0.057207357233475094 -0.24479710947263911 -0.30857701209635491 -0.28648456851276732 0.13224630546983374 -0.13055710763329106 -0.59488965664065296 0.24435435288605709 0.43408196312604774 -0.41744865491642535 0.36051469443050005 -0.20716072391758789 0.084654119157118166 -0.22175168577472265 0.7967418582200243 -0.14023095943260705 0.51134536548580445 -0.18764606763968317 -0.085355274077186349 0.29215304696657624 -0.88858369087938105 0.039477228120470997 -1.0901477346359107 -0.67806006271064412 0.15934101244129359 0.20966382449525417 -0.10544208859542761 0.15271611995965609 -0.038803543850560784
 0.0059448301821702397 0.13360552452470814 0.28659257425730911 -0.031760691938119201 -0.11782682451328161 0.18519619235160351 0.24701006090252184 -0.7688306890187957 -1.1417703806619683 0.049798743879702005 0.22981012040741039 0.92717721039333989 0.53765917480170666 0.24272320972458064 0.18078550400652052 -0.89595827893000024 0.38361620615981101 -0.2014558243789431 0.03392848074304318 -0.26032279027867283 -0.95553244980369723 0.29539462497185731 0.11946576462644475 -0.16861098726210055 0.0014482184424483816 0.46356050766886775 0.10868697673054521 -0.82168041528002234 -0.014320520026091228 -0.1531711626660533 0.15764762479471911 -0.377004190113501 0.34818109828984589 -0.05024833530960067 -0.89063045569523425 -0.69173947182500983
