# Created by Octave 6.2.0, Mon Sep 12 03:06:15 2022 GMT <unknown@LAPTOP-P0PV0581>
# name: Theta3
# type: matrix
# rows: 10
# columns: 56
 -0.5899239051677464 2.2745491506826809 0.40363999149548224 0.18830188185675276 -1.1666974988367638 -1.1495388335322505 0.9936105822563559 1.1819789122186051 1.8077935785876214 -1.2061903995052277 -0.77690340494153831 -0.47297863864383427 1.4110829259120652 -1.0862204253900878 -2.3033865737136563 -0.81660338830131984 -1.5259321618992236 -0.77299234582779275 0.063822653337084367 -0.19958382223701981 -0.046001437508771656 1.261189545160569 -1.6098123647610569 -0.82444885460659845 0.10585646969936885 -0.35533633507724222 1.3582537815738522 -0.64300138421134034 0.86543895372119417 -1.6407413817739831 1.4004488681118035 -0.23145251341923478 -0.053288668914652823 -0.76763024754750586 -1.3058685407019641 1.495535232743602 -0.86433061968506475 2.2650840101713032 -1.626567895984425 -1.7045970197666971 -0.53468439967637571 0.091474048181412027 1.018612569690621 -0.79980348320869699 0.038760623666575747 -0.66301195749244957 -1.6315783414647242 0.68171419717871751 0.15630846034599186 -0.23952847080016268 0.042346824502493774 0.32910099202314247 -0.34969184418777138 -1.9709295543566332 1.8942500786169072 0.74941294052386698
 0.066359713691238664 1.6113286670347786 -0.12407544526174688 -0.7287399627188399 0.087075168158237154 -0.46710945474956383 1.1852054274376886 -0.054670384522995066 -0.4771305677865238 1.0834715201940071 -1.5377362569124657 -0.22352358822357452 1.0978406900085829 -0.58374439441717285 0.057835457928777201 -0.77947621109280374 0.28914415677962263 0.44847203818834824 0.85474712514848206 0.11406044444871147 -0.37190403405547484 0.37107799773919237 -0.28028007783836412 -0.37379011366739734 -0.20135257567085246 0.35974062811970148 -1.0220994161797943 0.21640337794197737 -1.0998234414761554 -0.58652441954144696 0.71556251476837307 -0.13125217795647617 0.10604965705273658 0.46987439722532842 0.54668213882371808 0.048624900577345857 -0.42834639355485593 0.89163844329281683 -0.1831730614506496 0.5786344258038626 0.13167724163411443 0.7728969001054864 -0.50801938740481178 0.4009666945442264 -0.056329565943499728 0.66806821447375397 -0.086722098574409101 -0.31339820544730096 0.49986858877655915 -0.67417985167984606 -0.23416975413786489 -0.38440002082150798 -0.36643650394985494 -0.91800016044882282 0.63509221159534501 0.85164781093789266
 -0.25793385742011388 0.54253896660089795 0.16068973675096679 -0.97361587849867626 0.40127965987772252 0.024041257992540088 0.2649417448942486 0.26451680000237571 0.46473127832575789 -0.33088043283001156 0.049351155175534331 -0.94708560016019594 -0.92615578229192697 0.061058453906125569 0.48846502429774441 -0.35172524054766408 1.1792290094346589 0.39225604184229323 1.3136149626629741 0.50908180188197916 -0.32728264925211148 -0.12806289562129097 0.7967736070900846 -0.93954413773405676 0.62887926694232521 -1.4196826275459795 -0.3112609387720745 0.014797532849988427 0.84640289761970167 -1.5486258838776805 -0.49492036651086901 -0.10173979829253491 -0.1330816411939347 -0.32310294989193472 0.88407384500779107 -0.61461248743419317 -0.60795018592846717 0.45242568558622398 -0.10308878047759314 0.99404929413306264 0.0088606938149810473 1.1574466792358042 0.93475002640588611 1.8892930122779055 -1.0275906502289167 -0.27346431893005402 0.24119475467394638 0.77864394281174854 -0.74819745533699777 -0.52586239008505264 -0.7066357904562911 -0.2792085572980999 0.90618114479555334 0.29501312121543422 0.59689041527861797 -0.76268351176408899
 0.20975305111687947 -0.76212826824887259 -0.83485284673965698 -0.73244760535913911 0.97521120605438127 0.42023896736638988 -0.084398095129699757 -0.8306489591969326 -0.40779954764898346 0.42159663615753368 -0.35259008495902827 0.80932982686440702 -0.65297138755468209 -0.61833493747092461 -0.17600247845745964 -0.05100689167871602 0.52433384930867744 -0.61977747711829034 -1.6019201934945004 0.031554162908049348 0.97968036922786839 -1.0341889365950443 -0.8852220334241564 0.76037316833740465 0.83120506288201657 -0.40120095094272329 0.71258762441551082 0.51039826662200216 -0.58763845188364683 0.85756953273622483 0.30882290248705713 0.13999504262140258 0.22209422825670433 -0.28654935919048258 0.048935059897695081 -0.29770654475645431 1.1657526087093026 -1.1388146016811755 1.3549462844489137 -0.22362329189705329 -0.5878349153015926 -0.47265823773384724 0.37840730068629252 0.41214764184159358 -0.012046137683124816 -0.52632536794607432 1.5259849461262196 -0.074900062297660483 0.71877942401148587 1.0401856049329343 -0.58565622001255579 0.62358583695640191 -0.6168614879549863 -0.12750984109344984 -0.2638476152414283 0.87777019057832073
 0.12961914087508777 -0.48361155616677404 -0.17583828027790929 0.32677531659720321 -0.29555035854150968 0.46230586709380683 -1.2045021557143174 0.70402580631821787 0.21377063205346974 0.68535011978152371 1.4542054100776181 0.55373720489388656 -0.67276202805697816 1.0134757089400142 0.70485460559583879 0.066782768849327157 0.35075109335449994 0.10636634442655657 0.47019001191809967 0.25325622779896079 0.28893441593289693 0.015998143901875331 1.0618758984376817 0.80747997504992597 0.28799770416913045 0.35676917297380201 -0.65196214945171116 -0.45547621589413539 0.71576113608470393 -0.057722360011908058 -0.34745120966664911 0.3566260709407475 0.15424155958655505 0.6803498180087324 -0.87970610111087399 -1.023186486424841 -0.41225540441981184 -0.14736081361336659 -0.2439457371677729 0.3885436706303112 0.6194076407787461 0.16043682938970907 -0.050401386974049181 0.08940155088038057 -0.74763604874855483 -0.14342375975047644 0.6779312701304312 0.76580517360665501 -0.34842671172168632 -0.381750410545802 0.39879226879688312 -0.67759285979064499 0.077069552166343716 1.4081927161567445 -0.42529446201954663 -0.80964022286714299
 0.085652368095551421 0.68193709146092307 -0.57544306875615026 0.18880261910946119 0.38686865142812671 -0.39284293974678719 0.46996324747662588 -1.7167371153981004 -0.24044066335639958 0.95918690513834259 -1.7439580403023993 0.81740338047884609 -1.0158568640654917 1.1259094629885777 0.57214031569822532 -0.18232635287282642 -0.38142857986018275 -1.1579179394018351 -0.48947709565167041 -0.45485494048032082 -0.55607251952285708 0.75097938736427283 0.97482365759012124 0.67424506131713724 -0.40364594456602404 0.31320247271329854 -1.901681397421104 -0.7562899896477121 -0.95331039885688496 0.28382090219508355 0.43163817370595614 0.55638420165197877 0.7112817418539007 0.83035835946870751 -0.42821167793964415 -0.11427630179482791 -0.45281386358724796 0.073192417281286448 0.612458290573904 0.52746895404228911 0.85279546733603284 -1.8235364246296875 -0.71933157724696295 -1.5121163775396993 1.3666163134450209 0.42916490678699432 0.18096731288385925 0.25354824236664136 0.60052450076383534 0.65304323420300747 1.1644186734346536 -0.34427064629786142 -1.2679916226456911 0.29881040223394612 -1.2207338315599774 0.66382272186826574
