# Created by Octave 6.2.0, Mon Sep 12 02:54:53 2022 GMT <unknown@LAPTOP-P0PV0581>
# name: Theta3
# type: matrix
# rows: 10
# columns: 56
 -0.14334351764786654 0.6618557620972787 0.6835692835311804 -0.54443016848347092 -0.32138027033365679 -0.63205693807675267 -0.72357302402022472 -0.2212550247420238 0.0017991521713083243 0.54501697492057577 0.16346868601731898 -0.1939324898534488 -0.068153148477842998 1.2835134548594838 -0.49181023200375495 -0.27943928612753949 0.99997800401735004 -0.24614470429114207 0.67003964247845116 0.73602294692674819 -0.7781498896345086 1.2059625654070618 -0.3522393507674258 -0.72952117343275791 -0.16183831677010754 0.14205162519572873 -0.76317223464460981 1.0171359925165477 -0.62532038196105211 -0.37578742060394926 -0.41761785053815548 -0.8423022780391709 -0.59757260684700164 -0.64110184043685836 0.1311299512938244 0.23593523484697157 0.90972879769956561 0.64189331828496687 0.82632681180365986 -0.50994497694792162 -1.1347138620903692 0.55371338555703986 -0.032716811158217299 0.56227360894004408 0.42088703440647662 -0.92566444041282891 0.14659982233671862 -0.53665856498909992 0.2544765994044641 0.2616653690403159 -0.23381187617910465 -0.34101123611470374 -0.19272575779030748 -0.50609316174021735 0.9995578366335035 0.085777933073510934
 0.17771596696649919 -0.56517198397835766 1.0514242945948493 -0.026894228891891522 0.77373863469157289 -0.17919551828193767 0.41088570257033019 0.43684002166210312 -0.68546496558138148 0.13499536075933491 -0.083853688573869739 0.49602827472709121 -0.456922906776982 -0.21700305496364095 0.74662342884591648 0.54607156546680646 0.74908956367009372 -0.57279238667604093 0.018384443973926145 0.16910296932392266 -0.25148750667654385 -0.67048356945682508 -0.2729595102052112 -0.56721659500085531 0.22917161872356895 0.77949703338987975 0.027409932195224366 -1.10697409107849 -0.42549553374372079 0.71694029790350766 -0.29829347136177031 -0.38918967474432736 -0.040737553825408571 -0.79154280985826775 -0.26389666684120483 -0.55350406703355137 -0.51899881264031289 0.84573785409240432 1.0757393034721472 -0.09784691828420343 -0.76752152068519597 0.91310617583325404 0.92174816581956931 1.013120831607885 0.16707614431600026 -0.56116997459096207 0.095702056721767709 0.0010949383042703337 -0.84099644845100385 -0.84967597264079975 -0.41221543299006375 0.85493958142360049 0.060874852831144868 0.73356156127050254 -0.55837897785973145 0.6330165581990741
 0.03379283151429445 -0.041272299028098217 -0.3733875127593248 -0.56058825523360389 -0.021978237627592854 0.096573688695992269 -0.57609348462859122 0.29126313969322948 -0.54114674525179363 -0.23628163997934543 -1.0889551843389327 0.97329222498334322 0.71076446128280824 -0.25836405454363282 0.71316194790801068 0.42145865602035365 -0.58210485958979807 1.0232754335679184 -0.44969541259295764 0.67287367829952671 0.14265962579808131 0.091773343129448126 -0.59997391780482245 -0.11605575584706777 0.91922762340347752 -0.6299354338951485 -0.26324787143861117 -0.3865224461579434 -0.13882181821523706 -0.65779073594822945 0.86954811765871964 -0.2855654648892344 0.68088370755813432 -0.78787651739281284 0.28251957795800292 0.45029658646340553 0.35033561411590686 1.0377559690741143 -0.2372016493826633 -0.79884400620843166 -0.24520737094424608 0.79247319205910571 -0.53842492991902069 0.58208348086974415 -1.3899311648105379 0.37382049834106112 0.99970276693697691 -0.25724547930248126 0.09905075587728919 -0.1181732612933323 -0.41461033188730112 0.28915016686655814 0.036275004590080435 -0.69512074006871893 1.183954660951124 0.57742168877187294
 0.030544066582263212 0.12833600213436411 -0.43989905909373606 0.84780014505919554 -0.38374488232178355 -0.66452133911048084 0.27039799980927409 0.30236589963590604 1.1593699625140226 -0.077931928741518691 0.31441700761738595 -1.4051794839651373 -0.94905776204332271 -0.096717369814323551 -0.18643551970330921 0.10283012211292474 0.10861057125303498 0.33723382845717392 0.43618557057342944 0.89387675909239239 0.25672337289039165 -0.48487343236950037 -0.31127783370076234 0.23040646831945724 -0.1836195437825609 0.3601147023118591 1.0008559416792755 0.38486740737171027 0.79655568521550979 0.84189222699120958 -1.1148147439686011 0.28523744590542793 -0.34140299995784923 -0.58102608688918633 -0.28022302110324665 -0.96457936818095824 -0.34597784212536831 -0.87823420638274863 -0.52533521966644248 0.2836931204206451 0.20718336538199889 -0.80819491251483266 0.071655686011563399 -1.4109802304815093 -0.61609447793493666 0.64006568997835078 0.15004083688350825 -0.7515829486827823 0.47921089175449921 -0.060289435553301879 0.97629188642408748 0.39777064889224301 -0.036303580140704519 -0.17542583589837313 -0.21994553391583158 0.23043415373041012
 0.21404107114802426 0.82826923443805367 -0.46244128906249155 -0.60121244301386301 -0.22368247397516447 0.21423325762292295 0.10917067469476817 -0.38696884525222314 0.29577024018400611 -0.45834362919823562 -0.62582381979946522 0.54791271385951223 0.69025453311629226 0.39129013744493379 -0.31293756010922308 -0.31215974418633485 -0.45014262120530996 0.61691848296971719 -0.28483308230385118 0.33188762929889737 0.064839748811351808 -0.43680937559778571 -0.25840926487896371 0.75632506432566815 -0.39865013263189147 -0.90068751203530417 0.13275810351241774 0.5638055235145375 0.5509961047177222 -0.37462144063714359 0.43943154816128122 0.65141851103257842 0.40821193047462145 1.1223845079609287 0.028591634397236509 1.4194820697434249 1.0766000155957867 -0.21815046290257609 -0.16426498789516422 -0.42756919100353274 0.48459391341733243 -0.50827524319301365 -0.18071646445060943 -0.40407420260159677 -0.19199536799077893 -0.29816426192565687 -0.04284419001438125 0.32510254472649913 -0.17170249582323283 1.0848851961246744 0.41121840598993376 -0.69787552771575379 0.70787113714487582 -1.0243565721275472 -0.56977323059163043 -0.10177869533393007
 0.013575357979371662 -0.86419932781378817 -0.33312162371188248 0.69169531897633207 -0.47626787720675801 -0.24423329179881609 0.0052304956723739551 -0.81803255464824698 0.42859022161546351 0.63289810471836894 0.61928217119908358 0.43627697451603131 0.79894020410054423 0.25546049389809078 -1.0962019157046887 0.6939104591708547 1.2723150066995106 -1.0610841850736308 -1.1891780211798637 0.26193931851536484 0.8011137693025272 -0.64654445176077047 -0.063912659323259111 1.306100239312689 -0.41566454178244794 0.54470459165485219 -0.015254879682722705 -0.22948055030961176 0.2199155099920227 0.37014495548519161 -0.86086799847657225 -0.55935422645759736 0.048671832397063318 -0.11772923369423584 -0.21670762160872636 -0.22836611257765377 0.39448666658004 -0.97627939083040083 -0.38650055998699911 -0.036044113575704854 -0.80803891635575553 -0.65328886983515888 1.2360997581454551 -0.61265421148990418 0.73530373227518409 -0.30241226240924879 -0.75600333830037536 -0.30679969429261905 -0.12843205464658797 0.2957666258350693 -0.015904104093378658 0.71439806971000497 1.0673229234659047 0.21585305011932504 -1.060203991846618 -0.30640254512897502
