# Created by Octave 6.2.0, Mon Sep 12 01:13:26 2022 GMT <unknown@LAPTOP-P0PV0581>
# name: Theta3
# type: matrix
# rows: 10
# columns: 16
 -0.97204406470368931 0.97417335194684862 1.4406486653269199 -1.3634048217020409 0.16719100193459899 -3.2820457037906632 -0.30832508050049495 1.104851165842075 2.6224826364736069 1.2079617710051258 0.39088793939694622 -2.3431414638474979 -0.49695096567747887 -0.88676029502289988 -2.5523539874155197 1.916623980516694
 0.37779547397007396 -0.14794531135774797 -2.3552066968716905 -1.3769135863971051 2.7043352541006143 -0.82653885322057485 -1.1319324427323896 -0.64831489178262081 -0.63126515592533972 -0.1755198540524322 1.980353578987424 1.1835273350074769 0.30992610509324159 0.026153574394668387 1.2823204568423017 -0.94894637707682827
 0.4670996952910979 -1.9299301707871499 0.73939599036356429 -1.5380526452480436 -0.10143933631001879 2.4876081900069198 0.55294232465793713 -2.316704300979072 -0.030914965782990529 1.6188241046695602 0.04580455830561167 -1.054585595113841 -2.015257644422523 -1.3503285558427605 1.620803485207458 0.67981571049742062
 -0.26008555158550428 1.583509943150466 -1.4794663772094379 3.0300129073843158 0.62086277372551479 1.5282645313529581 -0.55228519055043723 1.4787049561297949 -1.247552511727158 -1.9096817111287427 -1.1035589471385689 -0.96092273718760901 0.85022730114598444 1.5688174277024449 -1.3431599293051248 -2.4611885698760827
 -0.0060478739978397436 0.95771236593296993 2.7817512543052612 -0.20530627125399445 -0.28334450566265257 0.33354713826343635 -1.1309999925455556 -0.0083723937838554325 0.3881157792791694 2.2532574475847396 -1.9538766292268539 -1.3626460926080159 -1.2000085172273789 -0.84385121995170154 0.73635542043803426 -0.77057563461060175
 -0.97208030373951015 1.85645512131783 0.27435174181373623 2.6452793751668957 0.079193264296169963 -3.8485042068578501 -1.3615428667085077 1.4899811878215838 -1.135087997548506 -0.42297663562974569 1.0136747992726833 0.92141375692244432 0.42117812618556655 1.1441794654144828 0.54188709863780427 -1.2830336112581693
 0.80916972314852209 -2.3252472515612834 -0.64230625797860852 0.35206491309831828 -1.4590870981846535 1.9102158416449528 2.5597233182480497 -0.90406077392309703 -0.84055977103776391 -2.8229754995988601 -0.096129809067490218 0.42544966689005814 2.2645515006462413 0.92235036084999322 -0.83222032723715578 2.5401547169153029
 -0.11057164235515429 -1.0130016945741229 -1.1701563279412315 -1.4121576939345086 1.2855136256407038 1.2778452057500984 0.11952117284990471 -1.1855820188541271 1.5264443528240887 0.64120360350468253 1.952151389530882 0.040786085476564655 0.041451150130844508 0.26971617466096176 -0.4849874247000423 0.39010891378579909
 0.12084580428960734 0.21518919370033157 -0.15898726058277085 1.13854598921676 0.21953107570627176 3.0316084389751072 1.449698945430121 1.7715506572779851 -1.3996565232187566 -1.825634651472702 -1.0299849155032965 -1.0004503270179848 0.83083462954097043 -0.099631001305943684 -0.76447758515670416 -1.1430848423650193
 0.73703079301697527 -0.75664556223462875 0.57352372550000075 -1.4205075873984327 -2.9194658359315317 -2.623864342150072 -0.24302407382177058 -1.0547118238427486 1.0520300918109124 1.7347130707040666 -1.3737592671734773 4.2977014681943437 -0.87843391434321239 -0.63866991833292996 1.8211785545891355 1.021509289574233


