# Created by Octave 6.2.0, Mon Sep 12 03:06:15 2022 GMT <unknown@LAPTOP-P0PV0581>
# name: Theta2
# type: matrix
# rows: 55
# columns: 56
 -0.06096653157555805 0.13495085290071879 0.098838421391246184 -0.007235775599999628 -0.033879653455557261 0.35226750365916548 0.30087189779570556 -0.15178098820593361 0.036414352434849528 -0.82904227795608454 0.2333465060921657 0.46460953162263136 0.99574231594524021 -0.3055933597899827 -0.023891061044662969 0.17219861591547864 0.79655447790576417 -0.52964047147885918 0.0075230461700679365 -0.15094565652882072 0.44175658903056575 -0.97127983327230416 -0.51464917439527047 0.043298777540490808 0.40327444660354134 -0.69676450394415168 -0.084503827338235499 -0.30134184523951985 -0.39166585181299968 0.204940136596172 -0.089180092463561692 -0.19743316392969598 0.61151526903598363 -0.57602581494343974 0.19870669544756528 0.037877428364177505 0.90979010479103339 0.1458908970245735 0.38642751301929013 -0.69069248902910718 0.15808575541768813 0.16371281416443181 -0.43208517752607478 0.6611902657754849 0.14850309926466995 0.38272526172337584 0.053176037327512457 -0.063741321941988213 -0.33140821204921256 -0.60395330193204022 -0.047150079289991015 -0.26161655223359681 -0.23211009040769967 0.62623351822233231 -0.6169769108351576 0.16605147903204542
 0.026153202946981185 -0.041879139448424189 0.074347803547464453 -0.23247171855874071 -0.2780992454811308 0.059664519526411622 0.026675111920995486 0.12060117142118956 0.26726530534903292 0.073013219770055898 0.077757446692146931 0.030931584862913024 -0.29622040434245983 -0.14079088432646106 -0.31309662704879448 0.25778461690672938 0.19932830564223239 0.18209037868130235 -0.09964305323704703 0.097964083668746607 -0.28784304777313424 0.28108600232083625 -0.16725534274370601 -0.088204907948314773 0.098688395400446632 0.14670356535478976 -0.084374175218452946 0.0044292513162207834 0.25441723340787648 -0.054857597973054124 0.50473938708647059 0.10267235896254241 0.16095538538892618 0.19519292997327087 0.029901150755643206 -0.07955108971426314 -0.098170763626263507 -0.14221233901667948 -0.14115182068923032 -0.16729870412393669 0.23885917167879672 0.11525825125456021 -0.045200678793185851 -0.59712141750352254 0.07184407379498492 -0.30969223830636283 0.031671107597790765 -0.098967932795573046 0.5484358420775588 -0.49569957053592878 -0.20851116242833573 0.00035671852865799846 -0.10794698175041778 -0.47527968095234985 0.14147611666454005 -0.37180086391361145
 -0.019562562475897282 -0.009372665865654323 -0.032574766032196716 -0.018072054966739699 0.050306131662206224 0.46363398096672181 -0.076916591294239153 0.2121509609005385 0.20984273173987589 0.30021103754709039 -0.4830352176385197 -0.14699247914862743 -0.28552256842425827 -0.39434948176188406 0.14773879355697025 0.18977134212813054 0.36845550133476912 0.49791914103174034 -0.16710955250824586 -0.18783157282951388 -0.38060544943126917 -0.023900463269128484 0.36820264085838289 0.1863238425623201 0.11864419723581611 0.48560439800145039 -0.13371881120889009 0.041599288276758808 0.19533775267692177 0.23987790406685497 0.0013675221576443328 0.32848212001368698 -0.077083730502901446 -0.074189681465994653 -0.13636992319364649 0.27975890393531283 0.19585047008944095 -0.35195095918280828 0.10614624435522424 -0.21908771232090479 0.22359536587243689 -0.34049165070051357 -0.043052548355798109 -0.48700475976929253 0.0020121995653525808 -0.3860079830959538 0.4670131632401352 -0.05018005532970389 0.34195192125526075 0.10128807928817991 -0.14170341803864131 -0.19086501818729568 0.19754122819386802 -0.097010532840320657 -0.070235041258260023 -0.35165031123542778
 -0.050902108823362859 0.3195190469048661 0.014091776945304698 0.015334112267536381 0.049134481826677109 -0.16212892269767906 0.0028277124577046364 0.11103881175132138 -0.035705669275735361 -0.18009367312269395 0.021823943825692436 0.17175678877391762 0.17691601984449193 0.36500897547154548 0.11765794122065663 -0.22301878884782583 -0.16108850610210529 -0.61321791479180321 0.078902005853915935 0.058908864424066759 0.16695190716911421 0.038251737854313191 -0.23880500995802301 -0.059195074440652778 -0.12563694215949472 -0.38923324142869126 0.033758900849746705 -0.053810532790040153 -0.34205586101553898 -0.14416187039626882 -0.037119563063826765 -0.15863332068723424 0.050509468163565094 0.068432331134676838 -0.018168194729994567 -0.19476032335702162 -0.11009621199815484 0.11302719269301727 -0.25503698064503083 -0.083768199563410556 -0.07627083883972087 0.04932622468500051 -0.039588564544503893 0.11485807662469977 -0.011225832890584984 0.35193473867553138 0.025739015953385087 -0.11238556536608563 -0.46409100275886844 0.27567358014839077 0.18787352471527957 0.044032445938252736 -0.18365673734838803 0.18933870960847363 0.15685853636109306 0.16716287186658232
 0.054156160394212081 -0.25629400684651144 -0.23949845475058903 -0.19670672556720425 -0.24738205397491267 -0.72136046445231128 0.079342414040410925 -0.093515064359102257 0.13139152650033037 0.0043318636970842306 -0.00060889373783198106 -0.15458549615904116 -0.4027202027035115 -0.1283519920314998 0.0096877723653385657 0.057683642637564966 -0.25642882602027461 0.17919227928649298 0.20127086530495408 0.21392323211315692 0.079871637465608283 0.71311810674103138 -0.0063246892833687144 0.071756908974754036 -0.42326873297332823 0.17707051591746498 0.20313986571800555 -0.095916748311623945 0.075554407797456008 -0.47115050472342601 -0.071088720158193397 0.052020843080090258 -0.3451417419559713 0.1388372129916339 -0.20052438238160042 0.074728216673652578 -0.42645255610406257 0.065891853795456035 -0.15768607277046459 0.21274647315115955 -0.47145428771745135 0.039704532906288434 0.063644874880252653 -0.26788310611937521 -0.31590139281301033 -0.051494990561809582 -0.41751468000658187 -0.057390331065201382 0.30028180451466013 0.31014200000634018 0.19299719739370944 0.58344900874510242 -0.29891727033485971 -0.44621668953185778 0.26352437758771363 -0.01247068579973743
 0.10131266890763617 0.30920245596993601 0.065395791493777194 -0.12005383745181712 -0.034855979294302161 0.022518640725648569 0.18950231390707115 -0.16633130460589268 0.059712292047299192 -0.45093116738781841 -0.01827268371344181 0.21377590404458038 0.36785519325503507 0.1200114870744021 0.045105780756406394 -0.042533191772823116 0.34882704169626422 -0.6697133124619038 0.047057089420621423 -0.024967278522119565 0.15963576195084278 -0.064230334408731229 -0.23591419733890551 -0.31629262465387203 0.0035755025825202937 -0.5576057794236623 -0.49139453201335831 0.0083864721854898152 -0.38444412879317164 0.6981056136095215 0.16665642173441433 -0.16882238124472665 0.29286361343387135 -0.11215455073732716 0.12562463683161029 0.014305899975743944 0.31267937317785532 -0.084871714998941833 -0.026695350964408823 -0.45817723808535837 -0.091915089200927447 0.28198656159851881 -0.10917862033460989 0.16922478527056078 0.12321604934348299 0.29904217390077853 -0.040415540256267687 -0.068568744331495207 -0.21623225513741845 -0.28431156294967425 -0.040078077704106166 -0.073367609228870242 -0.21290600393775547 0.22218064544308841 -0.27534878798274032 0.27457825018983334
