# Created by Octave 6.2.0, Mon Sep 12 01:05:01 2022 GMT <unknown@LAPTOP-P0PV0581>
# name: Theta3
# type: matrix
# rows: 10
# columns: 36
 -0.36424704187332146 -1.458850899058034 -0.49930620009197763 -0.28573333402346474 -0.5237576748274142 0.53908045985067654 -0.88157591802374191 0.53274408533110007 -2.8254927057979593 0.86411178109818676 -1.157818969081351 0.36009200077319253 1.764314617554223 0.1506612758381721 -0.074460302543797374 -0.34314788505604449 -1.2084921385991272 -1.1061958704696193 0.35503163886746425 0.92033154933937977 1.3135835766225303 2.6913864332796726 -0.53996297225472434 0.17856959250479118 -0.011371365105690007 -0.63444147990243838 -0.24565727329019083 0.89165658616824817 -0.54838497138664777 -0.75448033085292843 1.0421333041340171 0.083648665866795133 -0.95090821937532088 0.30764844360449434 0.93511023402762317 0.61801410028628345
 0.13301099177802717 -0.35485170575316144 -0.86101041005707668 0.0081659021291174225 -0.65041396780463401 -0.16202231954173629 -1.316676403964145 0.71106708931325102 0.027726110477519401 -0.46186471796487644 0.33923080264014061 0.11170004989799572 1.0799764096591442 0.13487350450923519 -1.0633668764491342 1.4975023645267713 0.58548104438929005 0.43413736553184457 -1.1444737207896991 0.81786628447597176 -0.10431895702311163 0.19278534637331485 0.35038436662207445 0.43017941677419763 -0.48777909845620226 0.83431454101708746 0.62346721243794823 0.19743583968804845 0.52826381329724736 -0.70526889721792951 -0.63023352615585704 -0.50550701887640315 -0.85210740337354585 0.6006689555881658 1.3132444789483964 -0.00045954839817933152
 -0.17010921185958644 0.15381979754774927 -0.77832192934815159 1.8395446011353307 -0.19638095045234844 1.544405249508594 0.10018642471797104 -0.40913800634111619 -0.34211251928233599 -0.89071877104417008 -1.3055674768182979 0.36552801542614832 -0.64054041811020401 -0.031822067589400635 -0.27439857369069814 -0.37147661202502502 0.71594247242414821 -0.10167669839699063 -1.3286432249916231 1.5101536407866569 -0.59984827038957356 0.83182609243500294 0.40375185621009579 -0.079908658488622816 0.88399782073144939 0.2478019212943052 0.43742038691236801 -1.028566576554657 -0.76671941627666484 -0.7835299276408656 0.72063441659147609 -0.062757813112222199 0.61871964814060676 0.74934797903283124 1.2323488182418241 0.39321840246143475
 0.13982443051711041 0.64116967958953441 0.38807652536601611 -1.488847151584044 0.62749624199438958 -0.58905959017385778 -0.34122197431236823 0.29613472447458838 1.0711263904802388 0.030154709241426301 1.4997607374502775 0.61154976414059892 -1.4586740257042148 -0.24166202310309601 0.22027049443984276 -1.532305570113401 0.73753311019147505 0.58088098306482916 1.3448561260541585 -0.88666911369708112 -0.03261979295760295 -0.8701399751239387 1.2087316392151508 -1.8806542161903628 -0.9853324435687435 -1.039819727160137 0.2119547142364048 0.9052020552244936 -0.1321743968289156 0.28477733385576587 -1.093003764159179 0.41101702177167754 1.3232257170923691 -0.59807660687143283 -1.2857065824770402 -0.22801095988191586
 0.21113153211703672 0.76894772607179018 0.98928174659088242 0.15529417772403858 0.23079809225523257 0.40436167558197095 1.2528359892870036 0.34919857161535189 -0.46373032577166684 -0.11007802822194536 -1.1703983675114307 -0.02955116102389873 -0.25221615066825559 0.36330516326462531 0.71837890458486042 -0.44166602997697119 -0.44171893483707386 0.47681662829556304 -0.33499433400337181 -0.41508568323327283 -0.43191518671455187 -0.16292172306175698 0.14410583503035376 0.32079754974319075 1.1705386792908825 0.092592760122348128 -0.38839144134500836 -1.514674233729697 0.10406055316265256 0.61724773988921211 0.33890448318660288 -0.0054125283476936072 0.35192206735018394 -0.91906848930979812 -0.89606928526782381 1.0387701504785725
 0.1834960430386387 -0.83620673220831254 1.3760801340428004 -0.56482649512741767 -1.3303004431572161 -1.0080629080429611 0.16603330986481488 -0.24364556087501416 -0.43687485432590517 -0.90010407349998223 0.060655240708678684 -0.079134857590807225 -0.34204898564003633 1.7638592401507502 0.18142467911399515 1.4090674347649852 -0.53425326659315819 0.73950885915024667 0.11543970172958139 -0.58813388654152488 0.77257819071661626 -0.043893359734895186 0.98611882377818494 -0.57455711296409329 0.13249846556927325 0.6176357996589743 0.47606146466306243 0.41507716605100881 1.063813858418118 0.92832850774354159 -1.2603641249408939 -0.87658205724946137 -0.67457644205204903 -1.0601690091733018 -1.115975571906022 -0.22474128783660849
 -0.12161910460224354 -0.18435755855932262 -0.14198795537744399 0.98532109703368076 1.4373604828166233 -0.22961206130052023 -1.1237694670925111 -1.5865536216929239 1.8607464103052658 1.1410146132058328 0.74169169310311589 -1.3589817193579714 0.77518746833174235 -1.2781272325698083 -0.58184049191095233 -0.3506262401679327 -1.0406595408458434 0.1696629785651618 1.1139144235100364 0.48110238538474326 -0.093145283930417003 -0.82998188422957586 -1.1034010414448769 0.20495164390832901 -0.37759854489184175 -0.21383528893208173 -0.5641991769417396 0.76605370621075508 -0.81634190853732869 -0.11062926740653659 0.82058345009433165 1.0969078442801232 -0.29411659260564732 0.75768834540304031 0.65343989058581164 -1.7549743290830124
 0.057125551355159496 0.44027708322131198 0.48416794576157918 -1.1075758099390931 0.98479138084625095 0.6806635767392113 0.99873818410538007 0.67563804575945685 -0.94490126893983217 -1.0437184187870778 0.58732252649542971 -0.42488206904322251 0.11517931021430043 -0.43595951613336537 0.67443849153896385 -0.039034872537551502 0.47710790574021833 -0.44848330766182204 -1.1481084424178587 0.24197295861906767 0.78261215830348474 0.049300453145985634 -0.021317388568457354 1.3539875917576305 -1.527162899151111 -0.31577426745562348 -1.0231412310391721 -0.42662865743491146 -0.022781577000123003 -0.27819297652648062 0.5336358141826979 -0.68437733411346802 -0.6609131928444737 0.17369392444230228 -0.66140099644883488 1.0686051132279157
 0.028629745393498229 0.30599745933315931 -0.29548482809211407 -0.15740903654704008 1.08416815344595 0.64316918824588232 0.011116902704096314 -1.1647761857666501 0.48910157048645547 1.0235223738516503 1.3370625776330096 0.46314553611517462 -0.59149473921271811 -0.42770894937026449 -0.029386625935755258 -1.5490535413187347 0.41549669640059383 -1.065336472416367 1.488469607682454 -0.54049222140476161 -0.22966449141441636 -0.97427866379430728 -0.76169956184074095 -0.31444967683649688 -0.19177823410360853 -0.75328321357018013 0.69241528203413893 0.56787376433749781 -0.14810044124144886 0.32104672384480365 0.47160087483009328 0.93610791363110302 0.50630351294529041 0.26032184312413409 -0.42330774868390547 -0.85611722241946686
 0.10069587832903673 0.4565367181327199 -1.1684313023340589 0.57973292177080959 -1.3424086487102913 -1.8773503746790632 1.2737136564024236 0.71486366127583201 1.8630722701238847 0.36632506731865749 -0.92416159540253451 -0.25882147908907338 -0.23770997722302678 -0.071927582925971539 0.2822594805061957 1.7181686012874833 -0.10261360051061345 0.51020818089005038 -0.55922569614007822 -1.1172919898538196 -1.5274810247459318 -0.78301406472148416 -1.0810438266603215 0.44838357551031577 1.2623938169927587 0.95214585942072627 -0.31848026238885702 -0.54937549073256176 0.6517214931818136 0.10918110876919235 -0.62378232601226202 -0.4790420905121231 0.61972298475761978 -0.22833810860603471 -0.022140673607775472 -0.2879787154953613


