# Created by Octave 6.2.0, Mon Sep 12 01:24:19 2022 GMT <unknown@LAPTOP-P0PV0581>
# name: Theta2
# type: matrix
# rows: 45
# columns: 46
 -0.05826418755109334 -0.21838859137191369 -0.40036015933976243 0.45609920114723707 -0.5651917801494778 0.054033112333827224 -0.56378099841252738 -0.004075644223590357 0.31591608942520077 -0.3071338727630486 0.38883076785045634 -0.0064829124255893289 0.37579257332080923 0.0047818041346457006 0.14220676409498617 -0.053932248001955362 0.162060632743142 0.43576565234682385 0.0031299031599559043 0.33736633357602941 -0.14700487871694054 -0.1168319512630361 0.042524802137647533 -0.021531237199267791 -0.050447306149390629 0.005468890426360366 -0.25980877799362767 -0.42280120377796898 -0.79084170573496837 -0.13848423402056959 0.057731701957607622 0.32979078539486895 0.16826553628279695 -0.47414745862878938 0.064155301493269881 -0.090503499350791217 -0.12836186676380451 -0.78852458062524333 0.080462770845499992 0.90291891023751958 -0.020881815661370387 0.46415104704781462 -0.24555147921625747 -0.42158112856544289 0.15585234820404176 -0.072556247669783622
 -0.11223214012095048 -0.13253212948754436 0.16372658278882177 -0.22298007071576489 -0.11358906385069997 0.22388011394781887 -0.21951370826861294 -0.17310525102783805 0.087467896931698139 0.16994890990672123 0.13159359741320201 -0.058411735635233622 0.29335520653985991 0.32525808993133493 0.44124470431690427 -0.083859729938539129 0.67779875234396803 -0.028034149484683354 -0.32615631019180552 -0.22682201851598796 -0.032107246954418994 0.18653318928827253 -0.077038529590118532 0.10765808121122354 -0.31724229821042693 -0.16860301795885982 -0.39418020679821275 -0.32466446212996714 0.055573086726063224 -0.26752774897081893 0.22111055111546846 0.27938427008724137 0.28430150774633067 0.01988619436912608 -0.19359887601729073 -0.033335399058643252 -0.19241234760969966 0.0069697998255516804 -0.15537575998857106 0.18321242087606465 -0.43337651762100932 0.082277747812856433 -0.26172855295807168 -0.45676235716554875 -0.069855635622388335 0.021087279111866641
 0.1238853216226668 -0.62142363089300634 0.51502570495345712 -0.5507982730425528 0.2226654703453802 -0.11738058946998037 0.13461058088674738 0.49679280145988602 -0.018200248395330926 -0.12461503000865823 -0.10431236380188014 0.20856498491303369 -0.42367953099959221 0.13960704029820709 -0.34328558814830723 0.034929653848739348 -0.25954467709052598 -0.36561618062308776 -0.2083359856140975 0.024934377029939125 0.031006675974223342 0.19146684833736732 0.23909959369847761 0.2443821335405813 0.25994304762960535 0.22286678241811222 -0.03777583281609518 0.7006721247261356 0.1476344879513814 0.082923953161443298 -0.023816731431565544 -0.36230870046138075 -0.11679564632398465 -0.077262663067331899 -0.38901966502286289 0.035863856477166431 0.29319304663097634 0.08033404120274229 0.11431478628853853 -0.57693380379823866 -0.37494374555803506 -0.016036925192059733 0.000226399326974497 -0.12494922100272315 0.16564521650800235 0.17399190790877858
 0.10730622355770307 -0.24596685272471275 -0.24035816941699553 0.3659087000452208 0.035090003611894023 -0.36542905278466237 -0.031486692049305501 0.44586945137956918 0.14235259409978168 -0.2238597563014699 0.27130108877181369 -0.19124304981041357 -0.11052182257600104 0.0050815621847833921 -0.36966343894866399 -0.083881304668615778 0.12777424298022294 -0.051849015602560417 -0.13211321681011573 0.33803314230089676 0.091861959695561907 -0.050964528150593158 0.09502468006446213 -0.14137836276161062 0.3727193217206623 -0.062963435173611818 -0.29186840041672568 -0.011958287204768901 -0.48227946005654354 0.44099329012206523 0.29959743637346919 0.47025845900251945 -0.095013182097079082 -0.6449928539165185 -0.010168142720970235 -0.079972012539606119 0.23327135226844245 -0.61993496157056294 0.33282363828610956 0.27598089681208338 0.22572167513995903 0.22375304711882865 0.14650671615384114 0.1340988206447826 0.286566189725663 0.13281416699646392
 -0.035931713404247598 -0.10437966608703723 -0.14246138947740231 0.06396587712885185 0.55235373348655525 0.33535535472996136 -0.5210197064113149 0.13052376579140287 -0.41749250377990599 -0.19769272886057368 0.50755685179249321 -0.68049936719229098 -0.30833769082097562 -0.087650012925357457 -0.23977688906154215 -0.21925157383937721 -0.33704419422454596 -0.22571178777484913 -0.25709930940669024 0.18967269337276496 0.46983611901843803 0.2145648139398264 0.023988359808987357 -0.1464757357106076 -0.31985487965699549 -0.065107732293686285 -0.2627850482900535 0.33045832701913147 -0.14062972055959008 -0.068283860675979136 -0.08109693416219893 -0.0010058675291887787 0.11850303931931196 -0.58951072786859759 -0.50807502362299584 0.15134166603996321 -0.047984448826673652 -0.25354239663973299 0.16066791583411213 0.09750178777055285 0.0026734645057976294 0.048764420630867326 -0.524899051310738 0.054870562244223715 0.20973966058431578 -0.035910187185454183
 0.14875182656663025 -0.35898592020292669 0.18990668922936102 -0.39032896901971958 0.088989927658340934 0.11025969816122896 -0.16924818180533557 0.14142089476332639 -0.21163468974120048 -0.42364180806119495 0.44134349495523456 0.10077496045018246 -0.20154434051090669 0.066130127267647373 -0.27073659334333411 -0.3066327585533713 0.0077978387670959983 -0.076351910802542569 -0.58110123931861313 0.2419306984961935 0.04969827726302823 0.2415264088832757 -0.074905944114813397 0.020398382681659135 -0.056322250505562513 0.15373736025558538 -0.66760264257595603 0.19980092324400239 -0.048869493425633764 -0.21013369028817641 -0.082589079676478647 -0.048960358089979103 0.15806255004212066 0.018011212916102939 -0.41473079143876801 -0.095843838225242048 0.05500251040604253 -0.07689187627734291 -0.20608107770263676 0.22905168939221954 -0.31929558979849643 0.067210680153279967 -0.19828221430250534 -0.28193630761094368 0.35042031588469685 0.15873077444507441
 -0.19781925299635394 -0.27046920726092616 -0.056268833623072265 -0.04461562381375711 -0.054841924698519812 0.29532891752256907 0.19818950796440701 -0.11980134210989747 0.022505941127275001 -0.34827309716445953 0.035576252113906442 0.46755296668816093 -0.072589217673661013 -0.4456008805068743 0.10896558030381993 0.14331571618369462 -0.18448221625437386 0.37865553050904988 0.40868354131237272 0.15752592927668016 -0.18561769701406775 -0.17666764436466306 -0.052058515462487236 0.58841967360846525 0.11986679827225144 -0.16205808711989034 0.22390105447527789 0.56939884931474816 -0.032807856108869125 0.054643381657867258 -0.41439581497640443 0.093007657603964969 -0.10793270860045587 0.43217500251664132 0.1029972504866036 0.044146851377119919 0.035471611251406798 0.017223641178659113 -0.39387789060837469 0.11441675005576767 0.061467167123861181 -0.17881331999132705 0.011012451708505532 -0.078693447804254288 0.18104338071703413 -0.083904218194160579
 0.025492127872240564 -0.40171935386077551 0.63411579641788995 -0.11783308390615345 0.12106814622547214 -0.21064245046932886 0.55860335022226326 -0.16988007572835714 -0.21019336859144686 0.090397453697742922 -0.62067982487305051 0.42128395444183847 0.38466204626227585 -0.14435859433207165 0.057399735608582247 0.00323970860821707 -0.33199237590209085 -0.27145973647183547 0.00071304049495244759 -0.44884215766190416 -0.30109152408491091 -0.15087992169589981 0.081466151205708909 0.15742860516232651 0.38049994140240695 -0.082888927502346041 0.127370127897698 0.11154565693166223 0.96794525360857686 -0.079947048299798151 -0.094926944199189581 -0.43604475879383475 -0.29346192396194115 0.43330176826941352 -0.31980677932162888 0.049139273809236078 -0.20067142991835774 0.75507253477092295 -0.5036319974409823 -0.39770446520011721 0.54372930923792229 -0.04632721876346358 0.34632315556813842 -0.11740109498828588 -0.10196530960985008 -0.03590809007008143
