# Created by Octave 6.2.0, Mon Sep 12 02:35:58 2022 GMT <unknown@LAPTOP-P0PV0581>
# name: Theta2
# type: matrix
# rows: 45
# columns: 46
 0.17745124280164562 -0.20041714385203532 -0.012740456663959926 0.25706746766512012 -0.12123063916752669 -0.29806177521068744 0.037203825641157491 0.43062865607640988 -0.29050416154391201 -0.48085321430411093 -0.23837704958607045 -0.39526448295989186 -0.016397141599616586 -0.092792528959142487 0.087911633418378737 0.010990222276592731 0.18714994149007799 -0.29611908621463023 -0.0054432273561751694 0.69755872075060754 -0.063589361435842359 -0.98384613287015266 -0.14083589434294574 -0.39311610277313075 0.17156819174207869 0.55491285958072645 -0.56291440142034255 -0.081488483341999859 -0.10587088818034297 -0.57156453744552349 -0.023451905665940603 -0.28140746921757681 -0.50909165619993901 0.28936977914331047 0.21726435722881943 0.3207004252279767 -0.25203306600288594 -0.064517892276921382 -0.32045779399483709 -0.1919024048580999 -0.16743322362742069 -0.16510192331068735 -0.062738326887602544 0.055585048649066028 0.041731810594952033 0.5624929535363874
 0.099517647739394949 -0.61710105071830912 0.17404644217740298 -0.63919984597655299 -0.34207168173075514 0.075282493084091823 0.02593470070836517 0.13059601025017059 0.29812881371092526 -0.11774019148453174 -0.38978295722307077 0.1413926840006263 -0.0048532024055677331 -0.19858433206028955 -0.17933888816384813 -0.11214943102677419 0.41060415344490131 -0.092389382204254966 -0.091439673848598288 0.36262415049885566 -0.0053269092141633445 -0.081916063646500309 0.20377839041785251 -0.555137347148426 0.39865244938616762 0.0027721360934616075 0.52767785687970481 -0.0028985962211356148 -0.33999962256775912 0.020599312150463775 0.31116617428411675 -0.54368131820664145 0.22909969164425026 0.073410230842058749 -0.030415540080832387 -0.077603835349009748 -0.053442233078342602 -0.29175277291878959 -0.47289325319229347 -0.076169049383242385 0.78236429929819395 -0.33257738073424764 -0.081338423047893196 0.7060181108374719 -0.30466628898740766 0.33904407462350195
 0.099602525589070054 0.10746052173418465 0.12432711931317324 -0.63266072305160082 0.44711819524725865 -0.17715053721935015 -0.22151521082611886 -0.28785106727029197 0.4958453508563021 1.176250347488065 0.54448775419762308 -0.11666542461382498 -0.3902396389513485 0.46889063523357521 0.033928797880450071 -0.48414482453732266 0.33894330152444702 0.16596494257909244 -0.19969226346081481 -0.22628012275914902 -0.10399257551620046 0.072296250746055474 0.33889883623864869 0.26115496859440873 -0.41167601308442919 -0.5142812461904106 -0.61663148683051094 -0.0037593610526656311 0.20516875490782643 0.22844694146044878 0.54983138558311051 0.22837123708503101 0.18906355263068853 -0.5056028870088457 0.37139477483914402 0.08727362900708667 0.25628519734864236 0.53609252440822819 0.80006027853519002 0.094237922783269923 0.57895210902089234 -0.68738935905699383 0.3889061818480315 0.056675245912474331 0.28548551127936889 -0.39979868633188231
 0.091527488760756476 -0.32457911444301751 0.28844012763741178 -0.18146981174263777 -0.11892653600747378 0.22027843420851098 -0.4872958971239405 -0.2913767557879347 0.0060418369725798249 -0.3394888133307899 0.47625322339315129 0.23793934185804752 -0.33660509041120723 -0.33572981843076405 0.22169076856547223 -0.032289626997830813 0.52558559492323442 0.040122895746413569 -0.39096195504735876 0.47985975402025277 -0.36380707363042519 -0.46728184908853743 0.54354160994375844 -0.40932041127253949 -0.21403309063009571 -0.21014341165319267 -0.33819981230597573 -0.557042089964499 0.028968783386684363 -0.30881382468145258 0.0961153091207574 -0.49893474192283921 0.24727913459828565 -0.38653364591303496 -0.049274764660123281 0.070808116430808019 0.16587794733060307 0.20758259279655519 0.30644499123608149 -0.037572348528074388 0.2745418230722424 0.18903440315553122 0.99480129295576858 0.018310576455967228 -0.045277036570323129 0.097285917411842171
 -0.019173005707698948 -0.36893649851426297 -0.14833889608912632 0.24301770854287874 -0.5557540681505464 0.39460154502959582 0.3186799593050898 0.28132011835554493 0.17788284460890158 -0.43291231359025556 -0.43384080450854118 0.40646294829022711 0.28026787145974297 -0.38111133965613864 -0.28754459110080349 0.11478306039358199 0.10178529591049706 -0.36220265899255871 0.28770370991014116 -0.088829207064859139 0.16195563891670198 -0.13579435857870592 0.10088921144706507 0.0039046295146798579 0.17689050717439717 -0.013900123273579737 0.22985553069901621 0.25923754360089929 -0.29877127980992402 -0.02629267812630608 -0.12440632018362814 0.079139105710106766 0.074310849720006941 0.31888802938133048 -0.10279527070048108 -0.15928186511442824 0.45435771245593526 -0.65575155289386278 -0.75343053651992686 0.064375471522108013 -0.26323072040175638 0.43052503674778042 -0.60798383019937685 0.0006110273534942291 -0.43417520175242719 -0.14325387980880128
 0.096441113110573726 -0.17054293403444787 0.13176632558612758 -0.43508768068877429 -0.044073146788349719 0.389744799145675 -0.48804541509203953 0.26700004176254605 0.16286476488548443 0.13386626192478465 0.099806303254673684 -0.13626815875059411 -0.21280592682209509 -0.27085106706722767 -0.064550759442407554 -0.27431366305921367 0.57469933821082486 -0.13295079924871978 -0.37889129896088414 0.75600199117860534 -0.22091477469932982 -0.70786579226770308 0.62245258622921529 -0.54929474658991784 0.07676203870189599 -0.31938620067936502 -0.48371122897776897 -0.21344698938293463 -0.044188343799441678 -0.22695619204258496 0.3141855819800452 -0.23770786341508046 -0.25255203299409734 0.13773932508118328 0.22344077422213579 0.31372731432740508 0.50050891048428803 0.12687679466537025 0.16453331037261634 -0.069790704096840406 0.28353978629689075 -0.15529439637032311 0.4832448013054626 0.49062615797280001 0.21961960171637665 0.077361363068136513
 0.16392943632174881 0.13922829989125227 0.31240119246705234 -0.1105035977329956 0.3071262456876872 -0.42010855996743185 -0.17721266617700215 0.072517659071192814 -0.11956038129531044 0.038748690347130493 0.74039697768819579 -0.21524934666716625 -0.082862871504134725 0.58347490562169135 0.35165530039116905 0.070310610567256696 -0.27198376632636073 0.53225483537549378 -0.075056426584142619 0.040073126920785331 0.025148318511787521 -0.16016780212690501 -0.003069544444938288 -0.48292961391068223 -0.27128802018744941 0.14727791069207655 0.31345884738163254 0.40763536853877264 0.12923342534204041 0.016070019105796248 0.063115307261489284 -0.070091997616577736 0.44473004026769314 0.22466516651273985 -0.05808577147383974 0.020816723638570591 -0.22401493730364719 0.29824270180350648 0.67960927401576865 0.025955668733272888 0.37401074293094227 -0.073637204673455151 0.49864114157536038 -0.15794513669962035 0.42390098629227102 0.22044993837204194
 -0.012804562859325587 0.17188525122417775 -0.014786604082833629 -0.052761273269467328 0.064637650363954663 0.056682628009762093 0.10586770265076839 -0.0025296796390440043 -0.053447239672001524 -0.003977518860859848 0.30820675506646988 -0.21203479530136132 0.0018286215478949242 -0.32384169812077163 -0.34361580853491536 0.029719203633621152 -0.30472491340305707 0.34757514176823878 0.029129195618586807 0.33606366277111199 0.11353247340566605 -0.069384137928980835 0.35811629834457959 -0.3283857560848466 -0.066947248170813448 -0.47654337879258024 0.50094503706884652 0.33671304512413758 0.32663560342367731 0.044240180396384665 0.048220597445356547 0.0039240496318172042 0.14797500469997918 0.35859553665913446 -0.12902393149486655 -0.023124256496974385 0.15357725199545327 -0.13447707666083722 0.066639232562042766 -0.070151140479280102 0.12337830087615292 0.078883281333907207 -0.12540542575139907 -0.0094595795865889277 -0.10650822868419901 0.18026767045923225
