# Created by Octave 6.2.0, Sun Sep 11 01:57:57 2022 GMT <unknown@LAPTOP-P0PV0581>
# name: Theta2
# type: matrix
# rows: 55
# columns: 56
 -0.0048962879374268853 0.003399845233026519 0.01248515160514586 -0.085598633559666362 0.091477756069308788 0.12315001134591867 0.07930048458365889 -0.099130942809940031 -0.095885976752818028 -0.12579595761351786 -0.10096348914839218 -0.10264361851964331 0.010160519499362504 0.04905347358750977 -0.020255771148034313 0.022751259527661029 0.0096321920088899907 -0.07451086616868316 0.057548031814371417 0.0056728139732524444 0.0983324833916987 -0.071074224088515089 -0.046039196170283382 -0.037333171400515432 -0.13502363734617731 -0.082124652074566665 -0.029825138086408024 0.092914088277630258 0.026172947284421631 -0.081812389324721374 0.11815562947172545 -0.053285220952048198 -0.17607861216450019 -0.13323994462431682 0.021340935714646965 0.051401096981090993 -0.026346254877719265 0.10116828337541414 -0.038581582219625037 -0.10799257540806104 0.037149925861420643 0.059675980059070675 0.040657512487515229 0.074099297076638482 -0.13702971284504906 -0.0083954713404694962 -0.087391787952130706 0.11063799877822114 0.040807201281150451 -0.033374100877982739 -0.1589018110449788 0.068118134059265464 0.092806089960690827 0.088941763822270092 0.021508026715582738 -0.082314840928115057
 -0.013769668440666944 -0.07844727816719016 -0.017739442524529487 -0.042722342040410782 -0.0038084374861425464 -0.029718045460648188 0.089894678897399438 -0.082084081306847537 0.013954527795452851 -0.055378197482619601 -0.0097067284203155857 0.063885623966274771 -0.041558219821652892 -0.099894673713935248 -0.023092955670908178 0.072469436573697851 -0.14827419697540259 -0.10304143726285135 0.065528343700170966 -0.066813895347243427 -0.089947663858279722 -0.16812533281754433 -0.085994318825826949 -0.015149031814443447 -0.02666372176936729 0.0037202818540253728 0.08554871846871813 -0.084279053628347464 -0.066402651140108293 0.068535862692073707 0.055549286361798733 0.05465425322704158 -0.084243914663433492 0.011060876761660773 -0.0029560173241714024 -0.15665321813144023 0.096513733579648042 -0.10567303930042884 -0.032658118944072029 -0.039724728247878351 0.064684413485514625 -0.0034516108057749883 -0.047526643220706148 0.019178943610570317 -0.091284007055965691 0.017583306192779084 -0.088156890519492589 0.020590878089471416 -0.072395549768518003 -0.011880662049788333 0.027359059394607532 -0.10927051503228917 -0.10076227463030295 0.0077022082968306793 -0.17465605896368933 0.014521415238686889
 -0.0018191822787435093 0.05597859887502326 0.10320504245359682 0.001325041192541013 0.10155788850099846 -0.11102786694896617 -0.086250403053338975 0.086050262420003618 0.10945844651623177 0.045803266538464622 -0.13771842284493538 -0.049765801708524085 -0.12701856997353772 -0.061951482092909071 -0.048886338082744882 -0.037982900084432968 -0.090449460056453795 0.067837311324443081 -0.081157854801004944 0.057731296367777497 0.089804656128288626 0.056241578184325194 -0.11807571634616701 0.018764920239283861 -0.067227210775821417 0.057521887363612044 -0.066117341369142421 -0.077907264692012604 0.12388460378694689 0.05607542664809171 -0.008936379121309436 0.060586834859282429 -0.06855656748295369 -0.1603815452519734 -0.060551262339558404 -0.077716337194919313 -0.076000193907060337 0.049296312053678425 -0.064508841975190676 0.040512476771674369 0.049094641040563824 0.00036879234594935846 -0.006982759956658216 -0.0055857627556041298 0.12119539463487046 -0.064460110006741317 -0.03504068103602382 0.11593061987769368 -0.001449945424776116 -0.080530213346731716 0.036720210827315768 0.071165869791384076 -0.12108572467934653 -0.0052986318305871345 -0.13113320788707894 -0.11562896724215704
 0.038336213539018948 -0.076913302620533294 -0.10086646137321974 0.034686616942555266 0.10157703222492745 -0.15535162488585588 -0.13432538887764445 0.11093431601451732 0.034314434136088229 0.0011933980274572 0.012925898147207323 0.1360129746153815 0.018136865247610726 -0.024764482750544287 0.04752201347478037 -0.033745496528837335 -0.086573916580166416 0.088736202220995999 0.02537568620354445 -6.6955809380883332e-05 -0.05214094537073459 -0.16656900099782707 0.037241451031499 0.024799209839303615 -0.093655092052805963 0.034805418962365643 0.093796699874372322 -0.1601371474859393 -0.019306148070709111 -0.015695880947195234 -0.11916478241616091 -0.047892201748530747 -0.024696229379997756 0.056971736060102071 0.0027465178534052058 0.13908310387817824 -0.082195639308383917 0.028642506182099604 -0.15942251410632427 -0.085086233096876102 0.024533716386184415 -0.038488808223201304 -0.10786356362582809 0.006076469034598928 -0.0058122784017237486 -0.039778155490801388 -0.15004489956820422 -0.066301871666090265 0.06915837421334739 -0.015941981864532204 0.031667516412983147 -0.11545559957505677 -0.042376392735194848 0.10082625632823138 -0.0036513809475895182 0.031340995145201146
 -0.068675978001571353 -0.084762533359319339 0.075894916813139493 -0.12379526295196039 -0.018375200204502437 0.14759548801109593 -0.08345873963582566 -0.010032114171953195 -0.1238529819976445 0.046274591158666091 -0.010955187901045191 0.072642080689079125 -0.040230291503092853 0.0039299152851012117 0.064671462186254761 -0.091073238306811327 -0.10510553515661622 -0.018961476855920679 -0.022870973780079296 -0.13514444746875987 -0.015483830861711163 -0.028398276097884999 0.034519214296773196 -0.0031707899273201636 -0.092622613901276254 -0.087075942677070237 -0.15404073948243538 -0.095662174505569783 0.011091200571960278 0.016031877600580446 -0.023809846814835209 0.016483973806675694 0.1638052760998667 -0.074614390124259647 0.0045349149650140809 0.045995520215465949 0.020894847722223591 0.050026166359779245 0.098795638097609412 0.009158989869191992 -0.049671809727540137 -0.09215040163391458 0.12407972393424833 0.057650964478912721 -0.14106934715447181 -0.10381906962862067 0.044906807870471799 0.017347971063571863 -0.062084862328555986 0.03127495188551474 0.073523445461896458 0.056850457204723578 0.018311708992425152 -0.10831130680959795 0.01243400177884034 -0.14099387212630518
 0.0036735460147030701 0.029433051707567343 0.016646336627719766 -0.025346098499707554 0.061346355798208851 -0.023740661697779813 0.034899410939267204 -0.070021676320637674 0.088874352501704015 0.012308136508998192 0.025762369483538414 0.028768894411723693 -0.16192692518056698 -0.046945825234485317 -0.0058438506191803817 0.11651226829327015 -0.021533066410986516 0.077847397774948549 -0.064933749575636954 -0.050243713609176781 -0.070410338352203755 -0.15116797344418451 -0.013817814271485753 0.03077347068357723 0.060474813308138607 -0.080827353025672691 -0.0052459152169650122 -0.098323466901894432 -0.068096225718156919 -0.088475409781211795 -0.097663529478630939 0.035829631166254851 -0.033920781299988774 -0.13299156493098477 -0.090760149535626625 -0.13014626658320028 -0.068855504430557865 -0.096639836663081027 0.010250246807205359 0.043344924460894496 -0.037002161196995745 0.039291078632748673 -0.0040982020988740873 0.10590970939600555 -0.09366808043489798 -0.034548644170921232 0.026931732330913116 0.10679791810049211 0.12620428163697514 0.00064767947422688895 -0.10103671707507535 -0.072475880863434053 -0.10482717815215126 0.00037551549733511253 -0.14550530267959516 -0.013500772859459382
