# Created by Octave 6.2.0, Sun Sep 11 00:31:33 2022 GMT <unknown@LAPTOP-P0PV0581>
# name: Theta2
# type: matrix
# rows: 35
# columns: 36
 0.063262336186536039 -0.081089384863914024 -0.083989305503487072 -0.12109270054955019 -0.035521172183023024 -0.026828137336173497 0.13713960918766033 -0.082915790375485882 -0.092484010015718085 0.04034550703058306 0.041634918047004144 -0.037143189668085247 -0.074208234911053522 -0.12634839449436544 -0.0056574776325606126 -0.066769903916609363 -0.0033613702818352325 0.090082712578341329 -0.095927405378558053 -0.035378811156606835 -0.0095948296351844251 0.09663267859648049 -0.046140387771129554 -0.13559694202096131 -0.025138127742149585 0.066179811348449441 -0.092900641221859592 -0.00094156830997265903 0.073009138441516935 -0.027817824370939385 0.060080796323126968 -0.071564897889055012 -0.016575379627219829 0.080988617320168751 0.11553423739796873 -0.090590755173096157
 -0.046671914380332635 0.083882560695422936 -0.25593496176252911 0.069457520983366661 -0.031400934022281578 -0.058495301391522411 0.044406563699287888 0.1441738605038986 -0.055406675846337836 -0.28451665286907174 0.12560541450545384 -0.11989159880889945 0.04619348344349828 -0.38742762455982754 -0.024871783026844299 0.011773469350442128 -0.12740264388878461 0.033824094075819551 0.040892801205368194 -0.22344479206523651 0.066259275968561321 0.070470398343885007 -0.12422586413423167 0.15663835338324322 0.029046225661237747 0.13539239225798655 -0.017860856453318145 -0.072852048035994363 0.041330641758837716 -0.0062894363781961331 0.10103513484445634 -0.042164036135353217 0.037491956772116308 0.017400328541237128 0.0063347132278351488 0.082146784127527531
 -0.11856696655213809 0.077014894784821306 -0.13946688563419021 0.0038441572457040491 -0.064560687650681514 -0.036692826904313108 -0.14025950327663297 0.080344882107997229 -0.048500206145499922 -0.14028456677477938 0.064153545755466349 0.053826441798515708 -0.045696761684300188 0.014253568157570081 0.085881977930858375 0.055090184829206655 -0.030430051303405353 0.070065103264279921 -0.047141429804643573 -0.073921110500327653 0.11468685721158892 -0.11344011037650101 -0.099588579156164481 0.011119919025632726 -0.068641387297360731 -0.081739306175435927 -0.12623677943586908 -0.065578867904327223 -0.0066220267417006875 0.0053053620445665459 -0.057360713752623291 -0.022608679073241718 -0.026039854982870599 -0.071350299313144391 0.093254905542657293 0.10076992879441667
 -0.035225297810960926 0.080216503270746697 -0.076539560677874194 -0.035155879855758222 0.053934497019124887 0.057597500504218989 0.1055465491032614 -0.0356723444261604 -0.037862398927583751 -0.091100159939188685 0.086167686174079924 -0.087580846483339581 0.079388754509423731 -0.068921703876733353 0.090718074146092606 -0.13492187857882582 0.11750215080094703 0.11771261791283272 0.032789234210637945 0.032075116612120369 -0.067929392481738571 0.063973320597495373 -0.12960279876082176 0.077119376249188992 0.071272740586045616 -0.035287131928543353 -0.080381875613422388 0.021518185473994478 -0.11053489437769688 -0.074968295091397297 0.023251723892587377 0.078801407197492082 -0.057062000394671158 0.088821545906603114 0.015364695137999847 -0.027329780458661912
 0.093046349671967829 0.020003234349068207 0.023713567747294113 0.048279188236443324 0.010612705981721227 -0.076900942065738401 -0.022929468491929353 -0.0046061419927269096 -0.050184695112634396 -0.12621118157580047 -0.02362111179983864 -0.098300793724971441 -0.10537483439787244 -0.1514649181851245 -0.058094367372473442 -0.13376225517987056 -0.060861705845615829 0.035599111986587981 0.079073002375980722 -0.23502747397161688 -0.14391122794055314 0.082310064525906099 -0.35665096900241783 -0.0092561437701851323 -0.041179592640638585 -0.10843582472866653 -0.026855094994996304 -0.11310633731552348 -0.0059433323557038023 -0.026544865680586113 -0.019658712419082042 0.009016360958030151 -0.0098791048776496714 -0.031786791272092815 -0.027464893745694687 0.0054462250551770017
 0.020670459680074461 -0.085361364916612295 -0.062124624297302755 -0.069458164690533342 0.030929858994894047 0.060954300212415664 -0.080442988019867614 0.069670197078739921 0.045363034884913368 0.028212757678382702 -0.11852470562505238 -0.032494798539723188 -0.12436629121791687 -0.001356741039467587 -0.083746475424050698 -0.12887652740607802 0.0053569574762817075 0.0059381980361397097 -0.19727967573669258 0.045181855044873348 -0.19353415312416072 -0.011834220922420221 0.049942162488685479 0.10689992721832803 -0.0541023385543003 -0.054737100421965716 0.048848221084706198 0.13686008752186257 -0.04140839566585066 -0.07906772045097725 -0.088073345362728733 -0.085139719082531998 0.06222239331529502 0.091335905428727576 -0.050587158490002664 0.041150599772050107
 0.014292921071864454 -0.04830594374997297 0.013153876230391093 0.059116675284404147 -0.12515567911512521 -0.014116357436538421 -0.0048140500489524977 0.10987340205051203 0.0027857190898659696 -0.035701458316708796 0.096455227977495547 0.029668595201811976 -0.038026166543446503 0.015997872819295818 -0.08778136549249968 -0.0019724240402331479 -0.070991349470357498 0.076316547745862495 0.13554844457287482 -0.063232685684171966 -0.12211567738074003 -0.034172063323782087 0.025232840114060181 0.13464455496776642 0.04360216974430129 -0.1481872521910427 -0.093731023492687263 -0.025454663864751897 -0.006561278410737348 0.087883772159700474 -0.099047729593665063 0.028957658371120496 0.14808777278734295 0.019914590986466692 -0.022407099603351785 0.13823694541630879
 -0.065767947875158009 -0.053446099724317138 -0.0046109688369995808 0.081504250142959048 -0.064436308557927133 -0.091204293311687862 0.0097906729893980499 -0.070031200619117398 -0.055149604208395014 -0.071912415551364031 0.15891960312344788 -0.032850398292321344 -0.036425157551430276 -0.0039978641959310555 0.069883492441748421 0.0034324420978113228 0.073693259601161812 -0.0066268070423014325 0.060965468159295738 -0.033772627007916362 -0.029909918164511634 -0.064605115421738746 0.12712510421337997 0.087863013630789452 -0.032658162218882979 -0.047249314906292264 0.073934698196953322 -0.0019517610739708193 0.010223195766012152 0.0011718162234142871 -0.077903123521647522 -0.13261965033411829 0.10177681358615519 -0.16625931038407063 -0.044418215643360182 -0.06309434629217664
 -0.078712046072235017 -0.010333953451854817 -0.34986826096753376 0.0060655587078961718 0.13686472217680709 -0.024440695366858091 0.10459909582935943 0.08062255431903495 -0.12018951227657586 -0.16925767293972457 0.080769680247116366 -0.12111201665541953 -0.067522536111937079 -0.28786468959655209 0.0026492942823462557 -0.054087729268868075 -0.13475065070970502 0.015400791133752104 -0.077717886600247976 -0.29834356528232348 -0.0018159973630793927 0.094455458703888384 -0.12253530023825464 -0.049126613086962249 -0.099658616790933935 -0.025744073123622254 -0.032957295676623186 0.016252737084542397 -0.1091306020784959 -0.12509981783094309 0.041827447371664397 -0.076254785332077968 0.06706754022796009 0.023915259976915054 0.043597375063981723 0.12106688172883778
 -0.034815074653794777 0.016998918541407584 -0.020156958508576697 0.062482052205537569 0.043942625381004762 -0.075854214787149335 -0.098094692600954339 -0.085686442255080389 0.0047464113832333182 -0.027465531702038481 -0.10870276979096456 0.01693040076858926 -0.034368287392540102 -0.059586913376465156 -0.015171861281564719 0.055779497997414086 -0.068304328037804687 -0.072450014707247004 -0.059932759510349591 -0.074778385820758381 0.026026014627339125 0.058727175480320026 -0.093083739596944604 -0.1025391717039298 0.00058529431513609093 -0.14512499011081373 -0.13963379151761052 -0.053122179316159542 -0.039504597597252875 -0.13920311766725782 -0.0053345572153723972 -0.11170488516522438 0.021815060224334985 0.044814277854486349 -0.095802468233707999 -0.16414106882012591
