# Created by Octave 6.2.0, Sun Sep 11 01:37:57 2022 GMT <unknown@LAPTOP-P0PV0581>
# name: Theta2
# type: matrix
# rows: 45
# columns: 46
 -0.053810934761025414 -0.046884004708270727 0.031245329057754245 0.012494084771667892 0.11072724010497464 0.030521362982014823 0.081357129358190297 0.049282708722339183 0.054433253790203119 0.095790721383957306 0.03671824041781236 0.062446833906068727 -0.092763618030737793 -0.037104171532789255 -0.090195032212917053 -0.072217405763837297 -0.056058299541847711 0.015383779996773013 0.052397112465982769 -0.11576272688753433 0.065086172872887232 0.060478387832925758 -0.064989415030208081 -0.025631305218232165 -0.13835373429318745 0.036613656169040498 0.053216744400190641 -0.030160684240030135 -0.0033690507093407855 0.046815347092536846 -0.018821912636369904 -0.051345942530875856 0.016775535482673246 -0.10212195026178537 0.094937134656721739 -0.039709213183328866 -0.023564530296141611 0.076815013939911081 0.029737045889224836 -0.083137876315317744 0.0042920301459273358 -0.089664694905423933 -0.12200035950106972 -0.10166183709578254 0.057122027910601197 0.087899621446359516
 -0.050222000099524405 -0.07334129324170148 0.0037641374341593399 0.065409728910059861 0.12276981179505048 -0.032976648964822268 -0.10178075020690433 -0.10242220167880677 0.061486676095253767 -0.10161926358710793 -0.058684035775198935 0.12959330759963025 -0.0070384490622244188 -0.02798476414837613 -0.073086380086996638 -0.0084481517697481412 0.074914593235157506 -0.10446362797063484 -0.0092992956079433215 -0.053286753526084835 0.028986400994548599 0.035952052850341053 -0.064486329802360159 0.093422834708948799 0.024360343521819511 0.11333746265472754 0.067396827737164114 0.06495923792219567 0.025030979784296244 0.14097561899897509 0.043467703646389522 -0.070365977480139161 0.067193515650539618 -0.089480887316556207 -0.046854631549273822 0.085916314200257082 0.050585107471218263 -0.10115331653063035 -0.013678191512145933 -0.073081545232308212 -0.076934782718136474 -0.051335810741790354 0.018750105576236905 0.062554544020796299 0.0059975412943233481 -0.007655715024956245
 0.034148390775358785 -0.086570041465905079 -0.10804034323096344 -0.10533257260009589 0.020724703703154091 -0.11442734599657488 0.09552802684139626 -0.10980624660717349 -0.066105414176948721 0.090265865259507236 -0.12395042986575683 -0.055046581698387928 0.036390498824446504 0.051663532057323901 -0.10463841524540098 -0.025785999413833197 -0.084872160445731218 0.024433751756438717 0.080319206087186401 0.02341681743942059 0.073286601594030887 0.052642390402237692 -0.090911138550373916 -0.08439558185890958 -0.09636079080372878 -0.046803996286165925 -0.016764780223151476 0.087098999513326822 -0.032848505004869015 -0.026714203137521809 0.0046822293937764234 -0.057045387072783282 -0.055826695068013972 -0.0016867771329206051 0.001621628885764535 0.016129024375889943 -0.070415262428185701 0.032918881806412892 0.0066460585893530237 -0.09984036891415933 -0.0029819904482191154 0.044043675824971221 -0.010340423030762649 -0.067130177051465081 0.054105167074833128 -0.075974150972928312
 0.045231337518928473 0.055661935936669377 -0.11738723457017544 -0.033848740163185752 -0.092179813641487057 0.067190368219772229 0.088296567598411424 -0.058422607607795184 -0.051375051064228697 -0.065777473185138935 0.020896106799083349 -0.086887193620504261 -0.10175426372180123 0.057718395112347463 0.062302360046903017 0.070560928967031769 0.0090777289759569404 -0.11140910420974712 -0.060558136129447326 -0.020724761521961562 -0.092101226552091547 -0.052246238737612784 0.059933163559052108 0.032754476455280276 -0.085773069014666845 -0.11497528366177076 0.031452341380985925 -0.019638671809979413 0.052949499025722317 -0.051348579790277779 0.067237960698031049 -0.035045908440169062 0.028925077126721099 -0.12475897477353107 0.0439797285598316 -0.0036377724776149333 -0.040109340737542284 -0.072170100085619512 0.017874048026121421 0.10306557820472399 -0.005370540916188514 -0.066813877093777715 0.027947782400841566 -0.088427669529334924 -0.04973944897165903 0.080466720757852883
 -0.036570243707934103 -0.055110313690094274 0.090124620528148972 -0.017783133565547622 0.048413078798740954 0.055798283605153966 0.0087865281836016773 0.015951545789387237 0.0041130994543857541 0.097855217437488345 0.10787947512501039 0.089688833920081132 0.067746154747026402 -0.16374891584155427 0.046294774083385136 -0.045317228814095452 0.01228949853470813 0.038681315025955926 0.097265907595680157 0.029741708112168214 -0.07560842019890221 0.082559918356766543 0.051358001506411004 0.0012703052022310644 -0.01389666248451032 0.085151376747542654 0.036503103888944323 0.019084545305631785 0.066001048620863548 0.034399035045293888 -0.030237709741157321 0.12796924978692137 -0.1030108938895246 0.049605044090319045 -0.079649669063572334 0.029318934777174174 0.065188920970444458 -0.059816797543665583 0.046797478128383682 0.025315550945421084 -0.073184170199222312 -0.060618328259820241 -0.02953429840933532 0.024798040087822482 -0.067461949042677896 0.0053252110741756654
 0.050785102815682312 -0.010447299230376867 -0.0048179049217891654 0.045488913740991864 -0.074016849002183555 -0.011125013994347326 0.061933294977696222 0.013886347012521243 0.12355953792070769 0.10429267463200087 -0.0092005453169477815 -0.10886283818111689 0.015692969920196354 -0.064910062325357926 0.071165562376477892 0.060823282109207559 -0.021353964168841423 -0.094749675777885206 0.050885300579196657 -0.017719847990111736 0.11497736060168869 0.00030042573317277488 0.026889856983177807 0.019881724202052104 -0.086220481675604976 -0.077710576163207798 -0.15276250356759707 -0.032154686642202057 0.010256171716838187 0.045190414068769079 -0.013357320009772102 -0.06268697814697391 -0.030685944477061251 0.083676289299340262 0.098968911878979715 -0.00064146977863367054 0.014999646583724432 0.083934201172223513 0.026541711850450945 0.094549682213635827 -0.021688938780918463 0.035104280406634478 -0.05055479889152413 -0.011198360947157681 0.01799898385748977 0.040425153607192905
 -0.037710145936664635 -0.064350352365128496 -0.060145415749728551 -0.085777998207029776 0.059059403831659689 -0.046386368639189247 0.086533292024409139 0.023303306248084698 -0.065927540104550666 -0.088163203467279669 0.044842321780294826 0.077087999320837403 -0.02145006208663635 -0.1288321240249384 0.044300819636807202 0.064192607039175009 -0.10240640671755119 -0.022703351555630896 -0.017242608187166573 0.02073802802864768 -0.015592757448147684 0.068588924320671499 -0.031885309038428351 -0.11331944912142883 -0.10833500490003971 0.043013266584031082 -0.030232719062556961 0.0050215713865290256 -0.080827359368345356 -0.022158861361861838 0.016433137696279319 -0.042739471278998534 0.0046408576742134099 -0.096833153905297828 0.090887242666828141 -0.028656318017272153 0.023141239841316722 -0.067966069260875422 0.10109195765861956 0.084059044119015366 -0.11621060035512842 0.070686059616811667 0.015868233806140483 0.1081336884243712 0.016014897358050381 -0.099373361619346789
