# Created by Octave 6.2.0, Sun Sep 11 01:37:57 2022 GMT <unknown@LAPTOP-P0PV0581>
# name: Theta3
# type: matrix
# rows: 10
# columns: 46
 0.07038488464936106 -0.011012265265592047 0.030298292598770721 -0.026377128693453135 -0.042466344085444502 -0.026873758022254678 -0.0094666444575141236 0.032521478170759614 0.0060148222109048678 -0.06301916922838241 0.10936019777263269 0.033513247845809072 -0.084736189928623418 0.036786153587874716 0.060859418151956189 0.0011949650729070243 -0.03790828540536291 0.084977440809090449 -0.03760561867663767 -0.06948941775952247 -0.021130975225836433 0.0064640664768560504 -0.018168001678004357 0.03772053746667002 0.0780211991715027 0.082935715844313695 -0.07309439352941223 -0.040247666646509209 0.008646592804656985 -0.075105884666974848 0.039339134215573321 0.066853630677240539 -0.10959058697143707 -0.015023607354888844 0.09434611868170939 -0.087459060600267188 -0.042348613732422005 0.069484984019081028 0.0050123593256835965 0.037160002293116924 0.036426196750855538 0.037472235946860687 0.032347922972208121 -0.086138496496157527 -0.025635717801880731 -0.031813761889460168
 -0.076921409298695481 -0.11800206325377845 -0.027552697383031684 -0.11366993311623474 -0.068337099609729307 0.04951624567399919 0.026889393369311402 0.04866071465388528 0.004657699743144352 -0.01272800434814737 -0.020606490482563328 0.02336366536649636 0.021202548134332345 0.061627097077940528 0.014251475650094415 0.012650700220356144 0.05374450398351472 -0.0057275794876726783 -0.0029085527581357647 -0.0016308307875186271 -0.05690470700700738 0.026547326998041437 -0.099411076069221713 0.065411352692226796 -0.072373121788315495 0.022810655620865632 0.023854861395603121 -0.09135621207123 0.03385255391085315 0.046327011227706223 -0.019262380807670766 -0.01058963597276096 0.030015085493567548 0.11170299566909668 0.0041474452332035559 0.045455439698892139 -0.00074474520492918809 0.00058041120095625595 -0.018103152882876266 -0.01513133356229736 0.031907517265147782 0.088316415770992987 0.018506552857844083 0.10036512243884096 -0.05618078731549736 0.085332482979724178
 0.095515251442611054 0.064646894739952485 0.053101072416526118 0.088390173544811601 -0.097860641478543078 0.025908972109988548 -0.0213229405765804 -0.043107325040829092 -0.046155625542870643 -0.046569944301633429 0.0121079947273198 0.035420851534130229 -0.012439195496621354 -0.006338736172167376 -0.032459401221767124 0.0049923387642414009 0.077220441368186926 0.027676574218407145 -0.076216841506248009 0.0019581926684772081 -0.040001421008681148 0.10085427657351191 -0.072696764566791694 0.01279987832401013 0.021002674975412933 0.044412868589389053 0.0018939468146807498 -0.039205817250664646 -0.024002785200240871 0.042148052483179745 0.01459172666389278 0.038132406432677839 0.04411499467805844 0.022953087911938602 0.065256646086624223 0.11002940697412217 0.023334519055442138 0.028804887623794802 -0.078337106317041008 0.025124188595606053 -0.03657260303444114 0.004150210253896623 -0.017072014634223445 0.05851178353209064 -0.0068547033857627475 -0.019446167761973457
 -0.025848762477319705 -0.042249695419235872 0.063138816895439806 0.041806830546093826 -0.043168467914957528 -0.047279655187065769 0.060374164502512803 0.043888183863505736 -0.010009464210886507 0.038609928998203112 0.053306321135550352 -0.020850403719984669 0.045075866593484407 -0.1167639462631731 -0.019568945497030425 -0.010284797599293233 0.045677219318303611 -0.077859441994692052 0.023587910131100707 -0.0049598467188287131 0.027100007810179943 -0.09881900475905904 -0.058449123070087372 -0.059319111751780319 0.054606880497990597 0.017363185371406669 0.037201334686664173 0.017274006463211821 0.0012629068260593991 -0.057560382380509312 -0.0147291932714424 0.056959020113121067 0.0026313416973695134 -0.0002201324775985802 -0.0051973309692578415 0.048746395566348619 0.043255530737305189 -0.053248400013828669 -0.096038451185493146 -0.079808002746733789 -0.051611181025853888 -0.05054161617460981 0.056563046940903194 -0.078885885629002922 -0.030674539081893284 0.07141481865771232
 0.086760493350469689 -0.027752829841029458 0.033049044545268295 -0.074840004745221192 -0.096268646445131598 0.00094404773314167199 0.006523370227024863 0.073176608302997631 0.046924915486601625 -0.051525189458343626 0.00025474598092204586 -0.051272486975077115 0.0088180219210941841 0.042188560700028577 -0.013353220305182911 0.030384891889918858 -0.0027108813514448216 -0.0096573029363944182 -0.084361374190818253 0.070229282320402084 -0.02294127720400433 0.047562975462612879 0.014230941010277956 0.033614526547957914 -0.078695843415015801 -0.042219058891127995 -0.019790062756241501 0.019088628956358298 0.059535501566820165 0.058274955680450949 -0.05395933175022876 0.024873969225687024 0.026854143747041335 -0.077146873848656566 0.092732765887455104 0.095940884060655041 -0.026437581007653935 0.063793497198204971 -0.047694436625586263 0.039056393301071649 0.0047190255918080643 0.050658685245616515 -0.043349644097577897 0.0063229838831850918 -0.025226999176357384 0.024951489275334509
 -0.097891699382814473 -0.049457827091538842 -0.026284933154066076 0.039717746052871622 -0.020159492035931474 -0.041411790405564308 0.067152176827965496 0.022448835634429242 -3.45450169585279e-05 -0.017785107350175335 -0.07142990753484664 0.013638117068547865 -0.025174455187609301 -0.070720894655651109 -0.013150145203727728 0.016324375979180569 -0.023437978466094751 0.028289084905048317 0.034052765371622232 0.06591170424382907 0.0019924323972269307 0.0032690063266173899 -0.056642800119297718 -0.023395326050562257 -0.060519738525103887 0.0091057573936471695 0.027573585265222987 -0.060112316250200359 0.026337579578842658 0.041363960717263809 -0.005652484650292066 0.0089639162092708807 0.10416496176960559 0.069587754029453552 6.7641482324485539e-05 -0.095316626361812803 0.059314838312803403 0.013653647253464725 0.0047706339881414756 -0.020744478217291414 0.037625143357936167 0.078479419463373334 -0.072156051646806579 0.0016521567605148567 -0.033088100607703799 -0.02303568845977504
 0.091537624392744377 -0.01574004949187105 0.0048268702155349645 -0.015721092895479252 -0.046205053127850705 0.071567115330924719 -0.0014827782205445636 0.10488580812252681 -0.072359046602900434 -0.023915118133137535 -0.074054126428746966 0.012067532564835221 -0.022194665715954395 0.076943095093697372 0.037366734631749207 -0.054106047765345791 0.041081664371648216 -0.065493511553579242 0.018759590749663241 0.0089993951805899322 -0.010307486936834989 0.032809562461072625 -0.003243321882094286 -0.020449788348601859 -0.07301436621094437 -0.0030921386701611522 0.022910403537565498 0.055244382066958454 -0.0021512031534360789 0.013395029833949017 -0.0018934306839064601 0.003610797174566539 -0.054751124128471371 0.076329006045429817 -0.016411639635956227 0.043059616415893925 -0.00094233325469386404 -0.0096705148952991992 0.046615578006596693 0.030187078656469295 -0.015274425787321431 -0.026366309567404732 0.019116962436523385 0.022207483084970274 0.010587805259636046 -0.050252724384699993
