# Created by Octave 6.2.0, Sun Sep 11 00:29:18 2022 GMT <unknown@LAPTOP-P0PV0581>
# name: Theta3
# type: matrix
# rows: 10
# columns: 26
 -0.08468465108928197 0.062587713298812825 0.079893089631580427 0.038931836157017508 -0.060682715676003633 0.034917799239072331 -0.002821682548535479 -0.035514832395624377 0.057482401479097431 0.042736798000218817 0.090068504978539715 0.0063080320459483336 0.030745453983529809 0.16255077574019697 0.076167398400165079 -0.018983725488764158 -0.072010972107724919 0.027685346144099988 -0.069517059125059857 0.016180189145668943 -0.010595040382169886 -0.085456264555620734 0.05867949134409934 -0.010967762498974713 -0.034448272095241005 -0.028416472426423301
 -0.069493584993882904 0.079754569169706219 -0.10354130916622141 0.029317038181140734 0.12823246552251352 0.090383852805107245 -0.11099948271930442 -0.053562034863364562 -0.039200777348247472 0.056438022966613148 0.010915987867260413 0.0731203784487785 -0.018392578770021876 0.11741359898394442 -0.035510120070545 -0.061884771804773732 0.0005321689402466676 -0.075288481155568215 0.16209382314100707 -0.050255000905602323 0.10056593375191895 -0.13494172017448849 0.0049797270671910311 -0.096569376916271682 0.061442490934039286 0.0094512165021195856
 -0.07437660564743015 -0.025097780146157021 0.076645129280479396 0.039548740770455962 -0.093422436479125737 -0.00073710498550770001 0.065150857220478642 -0.092102989890708128 0.00069586654641920476 0.012685728442351578 -0.048295176648476996 0.0083468044283612208 -0.055944177199050517 -0.030431466740230381 -0.028654929572870299 -0.091592255178388815 -0.14800846074501073 -0.037156806906501069 0.086838723295429146 0.02510717951316779 0.038656086176128791 0.058775499625547588 0.10147185802256732 -0.082856398427559333 0.071641505138219541 -0.015881852425872405
 -0.10973000033485562 -0.037558090867420776 -0.10294966549895045 0.11187706608928004 -0.0858361199766495 0.036088801741592125 -0.055464497905422488 0.067919088869087332 0.050073293013591452 -0.12293788348677996 0.0014427033520223959 0.081725642750101163 -0.062502996214795298 -0.07112260966053098 -9.679696389552431e-05 0.00074403685356453134 0.083485170296767441 -0.021083850682596963 -0.040708498825423364 0.029865537234772057 -0.035822927865813994 0.053275233351307696 -0.022322787851589629 -0.11782649386413419 -0.041610723984819006 0.0093925831288382399
 0.097275146094533277 0.0036117576947725855 -0.092841073915213429 -0.043678944955987384 0.078110859747926767 -0.06066005734446505 0.11765778653024 -0.040857931214356574 -0.03260010101499175 0.085454809329797168 -0.065067170119771783 -0.010727399655399305 -0.043832584521123145 0.023458175453216872 0.042614518984659365 0.024792421232243868 0.044893180428180836 -0.013527375409840375 0.028335147322602439 -0.040089688776223854 -0.10237631215264166 -0.0052132276121962268 0.1297245818992688 -0.12429508711156037 -0.040329082748659296 -0.022943397096600499
 0.0053476451016147182 0.0015298303923775441 0.069556644789829342 -0.0044244252756693294 0.040576554938692007 0.17939364987309483 0.029755741637842288 -0.02327196499453868 -0.017966853158154453 0.073410378984435851 0.1674547357274227 0.082351267461955591 -0.045790809116781211 0.11431538971298652 0.021590080018974927 0.12459350795485148 0.035041294676763562 0.067311300817910841 0.016299417719823892 -0.013996605740050806 0.13224702882063771 0.05728703833330856 -0.032113651622142962 0.029789229727649982 -0.017764838840243762 -0.042339335044434039
 0.064915977258232754 0.063306773980857697 -0.01226202256290714 0.091465881487223191 0.039081728974352817 -0.088933271018486831 -0.012299911312299181 0.04542115652594949 0.050197878974182195 -0.11230145317940811 0.036193227891701277 0.011065342874291119 -0.0047468446748792871 -0.065084555586604476 -0.094728636976171676 -0.0396723868400412 0.026859723865524682 -0.040283999205874284 0.031931808851518362 0.10139421334599745 0.018701147333088506 -0.0053949822987815182 0.014550303355527934 -0.12621198496353916 0.018209682344297585 0.12098326616188433
 -0.15683430120243402 0.036481844142129474 -0.039957312197396178 0.020254254650648298 -0.017222930179071397 -0.12323539551111228 0.020843745884373245 0.05106193054739061 -0.092914783907536783 -0.0014282008295998618 0.11916119516117811 -0.028776751522535542 -0.088414281180258208 0.025570113191782595 0.072221901389106752 -0.0021351154540804628 0.053750039719234859 -0.075212763857992734 0.046013242973470189 0.031491749445879506 0.04933918087958844 -0.067933083358532778 -0.01475746638725608 -0.047678389721338726 0.0079897222443664224 -0.052378162058613932
 0.093761771583027481 -0.10330225256218148 -0.036105638583523593 -0.070104433799566365 -0.10321661748827198 -0.06240376300425212 -0.0038344259609659668 0.049554919095482201 0.033751295622068495 -0.16952656407650107 -0.15491676535129176 -0.07488598914859762 -0.070615917418610438 0.094630672586638015 -0.010693917108194477 -0.041440947559309715 -0.14133427342743135 -0.055612907679331615 -0.028444236460571121 -0.0076810019969303662 -0.035440159171042582 -0.041868119009702595 0.044261558073503314 -0.051275387131519759 -0.028292842593579844 -0.04960733114094025
 0.078278574359923969 0.13166988994683268 0.04593390581938684 -0.046114752631450283 0.08456315275732823 0.071306230868468948 0.11118001323606272 -0.043907419355503186 -0.0735635901493224 -0.0045704609117496317 -0.016797496278931907 0.014370509623134634 -0.046735192331100663 -0.034710548310385607 -0.069265385034013541 0.10182956513678311 0.074540164649760543 -0.12443864738933691 0.020394756022067227 0.033175374948554819 -0.05920351601822231 0.11132433114833104 -0.052592243775315704 -0.05069179032167094 0.028376549775057047 -0.020772988947916148


