# Created by Octave 6.2.0, Sun Sep 11 00:27:22 2022 GMT <unknown@LAPTOP-P0PV0581>
# name: Theta2
# type: matrix
# rows: 15
# columns: 16
 0.048493033721899996 0.030557359069785902 -0.025787795607954168 -0.16520205310515249 0.058309471115500409 -0.045934288749195459 -0.027613779939725115 -0.038019873989899318 -0.28317159278737392 0.097108294907374451 -0.13964249998520914 0.023885190379586075 -0.094107670255764234 -0.033790883320863253 0.073193726052055014 0.028150286529046106
 0.0039829564030920443 -0.016219118063464221 0.11388703084343914 -0.047569046402443596 -0.16238652879933771 0.014298839542713016 0.011623142059043953 0.089182896650126839 0.06156480275930961 0.050950541004414818 -0.11563722428336849 -0.041519373551658648 -0.095030856497427582 0.0030686630523162981 0.10703606582383152 0.023251163697614721
 0.10564120605314734 -0.087382087275201747 -0.0014850284706782581 -0.0062770458403089554 0.076880137739339952 0.0056626754451460665 -0.11543671334741624 0.10586734599364971 0.039251056926149441 -0.013762648936656534 0.050634352931549623 -0.1180403173774001 0.10152706535299774 0.020437107335969696 -0.0525329350447271 0.033926100721475602
 0.0037243608998609266 0.042241825675923994 -0.02945925587069953 0.088212947291360505 0.1116854905846415 -0.011016311881407439 -0.020593570306040664 0.045689518293743556 -0.06480496391642003 -0.091355536552405761 0.036007877583313017 0.10233265432159108 -0.11231891010068094 -0.00099053537599621926 -0.08524628606120481 -0.090598373690650824
 -0.11874491447963438 -0.021673462761137376 -0.050814528038659872 0.076831665929806545 -0.00065233727111983493 0.049565981249441046 0.089693272245487898 0.077359281222804249 0.12247308164439512 -0.39835651915632075 -0.0077544589666059573 -0.12075966605390968 -0.29084380997432718 0.020695072307676678 0.079215626219143534 -0.08212977558839997
 -0.069892726889152851 -0.14763065834602057 0.092193378227425293 -0.052679915739733428 0.027928999112564926 -0.069410115315089629 -0.016925970793595729 -0.067721423341330231 -0.18583324848630919 -0.067838201100390474 0.096345498014427891 0.039898054550635539 -0.12706572009207265 -0.10715238271032264 0.10130167154606878 -0.041579769295230946
 0.053096498870462916 0.091654022111242919 0.066582644152039516 -0.032582476047280436 0.013866917024286426 -0.060040606210065184 0.03345677455837464 -0.020735809800371766 -0.063108262235148885 0.17709248869840494 0.089341747233841584 -0.0036929069468687988 -0.07207371510937742 0.044235218931899405 0.030310724013536527 -0.20151368851042142
 0.059636146462149799 -0.092217229765333822 0.032533724720096129 -0.057206971209672337 0.017444016756449885 -0.018944488069798222 -0.045264132254117115 0.029972797468086378 -0.076755160752312618 0.11521374830992408 -0.077714663292322725 -0.15227086918991353 0.041241054711798279 -0.062852468187750254 -0.025798107087769466 -0.093992410359082415
 -0.006190365518646994 -0.10882935303959831 -0.105978374559782 -0.16188372774349624 0.14142063999510585 0.11866891042742969 -0.072380692749997838 -0.16226519875127404 -0.16784851524392358 -0.081530869061038791 -0.0072029108677335585 -0.10434758269387939 -0.061004656612252128 0.021230740346655872 -0.061121157120919749 -0.082097394825649497
 -0.021431053466052011 -0.012632615642026968 -0.033918250360601955 -0.17312576995665058 -0.06279922293765193 0.093326381527777794 0.090405523898551873 -0.12908622787362053 -0.16446145970179882 -0.10620795481255758 0.098791471089724858 -0.1635166916401298 -0.029478863026778917 -0.087477184910058015 0.080836990326300928 -0.0037145052440607741
 -0.051656792811756336 0.02190270279866367 -0.1522257350943379 -0.19170109277128189 0.019733299676545666 -0.036980505643866603 -0.0040203327053192741 -0.10776447167170906 -0.074755949229940749 0.01504104263912295 0.022323490297605407 -0.11168030828562636 -0.022615986676801817 -0.11833691922831957 0.022670931554851406 0.081921831507811113
 -0.081483247299438136 0.091213476635952612 -0.091552977756758525 -0.06113799650321701 -0.048221946481478754 -0.11059781973562612 0.10814059828122066 0.011442260452556724 -0.0074335706137491388 0.0028361655096470293 -0.12281157316777 0.015755924297471205 0.061642528102939263 -0.11051783052307976 0.087825215905675616 -0.027313521726033432
 -0.017481477850643121 -0.063596585181752166 -0.0093687688972685732 0.10744728691784561 -0.0041649709057969709 -0.039932822611736064 0.0035212368701535747 -0.0019340382518824547 0.077300283397327987 -0.21309117213513973 0.046623651562559834 -0.1696586946362322 -0.083260431884647296 -0.11044554855528417 0.098782232739517292 -0.029271515237405787
 0.07828763304159099 0.034083402148087034 -0.081398825612996079 -0.0054972227814318077 0.047837679468592909 -0.18762797441454079 -0.011650289407407765 0.01772659502084931 -0.090497511389549867 -0.0032342151225115048 -0.09514778520266938 0.050054842386740954 0.057079422699057462 -0.13504177019576138 0.051789066372136199 -0.060069074333657331
 -0.047429592259714756 -0.016684593732698504 0.14326550747100453 0.027575900243557404 -0.081226083531799373 0.0065764481830513808 -0.04865764452605581 -0.043698633512857084 0.0106250730051939 -0.03361499499601555 0.07294158356113907 0.000595967564408189 0.011700970278900973 0.12847344063980962 0.024592242638950792 0.037522656976289849


