# Created by Octave 6.2.0, Sun Sep 11 01:24:22 2022 GMT <unknown@LAPTOP-P0PV0581>
# name: Theta3
# type: matrix
# rows: 10
# columns: 16
 -0.074450624328460585 0.069279261654482713 -0.0080234385000165047 0.13272549351686333 -0.017249301415354898 0.02792873773476208 -0.055482459376558151 0.027798386632247148 -0.033920115083522877 0.0036833956582620637 -0.0073749679213448742 0.037657457514535211 -0.12134381919868406 -0.0055596538723378846 -0.0046851004947644779 0.013686761709621277
 -0.091917853882930028 0.06637195089917719 -0.013659457217356185 -0.07199464429409963 0.027842464595273286 0.14365559942101788 0.001163814392489594 0.030328486297540948 -0.0833165538308695 -0.00030110307643334294 -0.0071953847784008967 -0.0049617810890479827 0.030681968767934512 0.048500627657230913 0.019317988516921587 -0.032360593436421774
 -0.074004182790050832 -0.050351069874656866 -0.079954896562037345 -0.038855749502493792 0.0082672249375089126 0.087975914163368904 -0.0051373024173857456 -0.11000054532007879 0.014392443394026021 0.0040669375464248503 0.024135720950390124 -0.018825177281410338 0.0037222664854943636 -0.0067676861559802627 0.14925592071084784 0.089896449644918747
 0.10270531336014876 0.060042270676042862 0.044719084639222084 -0.02646713216730354 -0.00082846045955200284 -0.06731810538635688 -0.0015642299563025145 -0.0065290153036275849 0.063805297670010835 0.017019942419238997 -0.077591137582392861 0.017581546269027311 0.099479856894010565 -0.12067085507439164 0.14466315153667147 -0.023905016309598834
 0.043673764312183019 0.041805522588520598 0.12057527757531929 0.07720907324957281 0.043547149482259469 -0.088584248584969078 -0.0070010552994964276 -0.15324546016022322 0.0039755836647969098 0.017810866271162986 -0.027268542852353764 0.093540482993900206 0.019214236617964672 0.080747956725725489 0.0263241768867605 0.036151470098184611
 0.084624758893077759 -0.072036699657767003 0.15874964976223682 0.023577752541376985 0.17864241341654002 0.0057048610176503017 0.081074399450824911 -0.069386123135430286 -0.015853139075324617 -0.10524101862078777 -0.098446967071656663 0.026930583865597865 0.035563272923628986 0.053411099238227608 0.11710692384992609 -0.062095099990491995
 -0.088539655719739582 -0.037795747818165568 0.10826754230552463 -0.0096060858345199448 -0.035141581281572291 0.10100047520127191 -0.077617046906739567 0.0095016029423105382 -0.078519574480993073 0.096842060648781175 0.056168914630309659 0.018064714092467661 0.00028670296268774686 -0.033307891199235898 -0.015529288890110206 -0.0098092976250458135
 -0.12551254072047979 -0.017655803869754634 -0.054749076720217289 -0.0046606788332979399 0.020418013952802898 0.0046460982021649649 -0.040189018106561843 -0.057035288900275434 0.094125971404836847 -0.090507839144722949 -0.0034757111227503687 0.010520168578362533 0.022004426270723871 0.008226373466169383 0.017115925945276209 -0.0023168426962002402
 -0.014567669332400135 0.032039207101216771 -0.003006850430247105 0.075609631861317195 -0.040236751317526569 -0.092848961417910852 0.029076228455197511 -0.025294873295525842 0.084038395126620452 -0.0017787730051281364 0.043669740611924364 -0.11563921746373336 0.083985505206605471 -0.11670796274837091 0.036285202505755079 -0.015709513212528566
 -0.070142691287458314 0.042160856609556693 -0.014305915421737611 -0.10439246852891498 0.052993187573264822 -0.081493059910787979 0.11500890697483403 -0.072121782886561903 -0.080307534787824403 -0.05957544005800984 -0.045112140567824269 -0.022373289881045533 0.018387165806190361 0.039893946798866375 -0.087000720160605699 -0.10759451291767132


