# Created by Octave 6.2.0, Sun Sep 11 00:51:29 2022 GMT <unknown@LAPTOP-P0PV0581>
# name: Theta2
# type: matrix
# rows: 35
# columns: 36
 -0.030528063050135074 -0.053949813110626292 -0.049146279605701594 -0.021415215653490242 0.052701284699301812 -0.1316072483074778 0.10556445842757962 -0.19100550794457946 0.056856893245466354 -0.040660059362261296 -0.10602414773583452 -0.15064049313299177 0.030564237200494553 0.022191409967247951 0.042313797683175176 0.017740725737384819 -0.11426748946101753 -0.052835172056801452 0.068369303073871596 0.031661153829871148 0.034363240540231876 -0.052465192509636896 0.0084532576489475455 0.078101163867737328 -0.12636485262992778 0.08418492887702711 -0.049202789638248971 -0.13070470561085024 0.063400273515843084 -0.0018357448253075168 0.15911516971321513 -0.0023088675340116288 0.074496848354952877 0.14314496241001998 -0.0058601703950620929 -0.067405819611780035
 -0.034264261263583409 0.05400919675425532 -0.028214065124388205 0.047923463920038031 -0.016173124201766986 0.11391433829288763 -0.070018855381055387 -0.077717414255433964 0.077010000275808496 -0.047570168445792552 -0.046227261397752961 -0.003069736719717075 -0.10981219514034828 -0.027876263316302479 0.055254911345020877 -0.12340513137371562 -0.17527083729481951 0.012131863333648506 0.064134515876304768 -0.030729269364788658 0.083152761814820994 -0.04456428420916865 0.060060791938822702 0.070710280291759089 0.12955811295517147 0.037499007872242369 0.06249921787624043 -0.086276257422027325 0.048300404958143382 -0.038984778876947672 0.095094016389984048 -0.0065085499251179577 -0.026526998402290981 -0.011827400623799795 -0.088934875989502227 -0.15596827964999604
 -0.10850306930591551 -0.019170720954353199 -0.016497525898911489 -0.11330856276490799 0.059726824158127224 0.038856484711655821 0.074523443048227306 0.0013508607546926026 0.041353246954879887 -0.077299699958974316 0.12504485707389579 -0.037055709420505172 -0.1530184752470721 0.049886654196368632 0.01503634366285736 0.0075741005118165478 -0.060941171437888936 -0.053420243099847504 -0.083317391092058213 -0.05696544952072443 0.023082534934513173 0.16710972062556617 0.059961644686707539 -0.015956305320626418 0.16486282776411901 -0.052056223338244674 -0.17348143832591278 0.022396826676217767 -5.4070053160701931e-05 -0.066160494030018349 -0.02977841742785698 -0.14261095969777257 -0.11679054855268003 0.08428261516261587 0.1328674911329665 0.0054948268623606434
 0.091246194186917262 -0.038676051615882868 -0.12039721689520928 0.05508076572097486 0.10815768418497515 -0.1434090626900125 -0.16397442309223362 0.022644589108383163 0.059701223357286531 0.0080740078402827559 -0.042487340077279848 -0.17039905117604021 0.018198693585299852 -0.077786623440193783 0.09958201351261424 -0.064726423291627991 -0.10832542556721488 -0.058766705554229373 0.10819151558797262 0.068932299740977712 0.042857966028889118 0.019376264604280793 0.016728454827403601 -0.022971419878087887 0.087667028414372558 0.060903149209869251 -0.01988003518308825 -0.13839808282306928 -0.068647291700140112 -0.023387287918632066 -0.009606665697779666 -0.026124136556694415 0.025300929631477894 0.082908225274646682 -0.17535192375628239 -0.037322949268743223
 0.012225739848603558 -0.048562409944661253 -0.077495247933073788 -0.12379815427631581 -0.16425152401890533 -0.10180127796895204 -0.2077350001647946 -0.061556978300754954 -0.031507983824709263 0.053313680189995868 -0.082468559983464251 -0.0074292317533125032 0.064568834541540873 -0.09390784620080489 -0.082523771341795268 -0.040369570009931743 -0.06144655320146402 0.059259849999055272 -0.014678343335616517 0.0028112700465342077 0.0484768038929995 -0.087655763125286487 -0.0068304080619092569 -0.024354909088592381 -0.037919935645935876 -0.044994084546905483 -0.093870268405563492 -0.0440696759551929 0.011876626147995391 -0.06805705876281655 -0.059779075104901547 -0.05144238625825405 -0.016629868383595831 -0.033770334152439678 -0.16864301183054217 -0.0067383174080085113
 -0.0014669941100377629 0.0062239174416733887 -0.11983925729804018 -0.061001716951562319 -0.10346321839159156 -0.36506773839894147 0.058105542583838037 -0.024444352541155932 0.016345836816169235 -0.0074956676120498883 0.072114813763269642 -0.023065481489246094 0.17712465892731818 0.015614285621443532 0.07226122965519946 0.035103395753014875 0.055128095378014684 -0.035286334494757238 -0.0048456567594540451 0.021044834514601179 0.065696864094112448 0.027877435865367901 -0.016974201187349238 0.086936257150465032 0.019913066059023779 -0.02114932563909605 -0.093575256368345766 0.018416784961654321 0.087028524145755307 -0.15170731100625484 -0.042014801112121698 0.053054975457662384 0.075430091383481793 0.056942789340069404 -0.01795462756507199 -0.025948809223148069
 0.017060973672875877 -0.062001661259283997 -0.0043028806137714402 -0.1517355297531586 0.038112556624823095 -0.073664783915623033 -0.059950807759355525 -0.070229108746170887 0.024406226687394703 -0.073637705982921284 0.054105786456475152 0.061061099944114849 0.022375895911957447 -0.0011853988162983157 -0.0551986043953386 -0.10504679181561788 0.14526953944819557 0.11749082103532109 0.067166726258632875 0.02043850413217236 0.11906069929613276 -0.12919934316058396 0.067017110224872195 0.085987647259361241 0.012461134605293233 0.061115641511794667 0.010029220438473724 0.080418338864290756 0.070686772811493381 0.012879486586806951 -0.093066354518767644 0.034487141801094072 -0.025951934575038645 -0.07396143828407245 -0.025986196732448577 0.0074394711817037584
 -0.073585362579967312 0.036100647015134081 0.06480607775280732 -0.0070207330025711476 0.10442618678411052 -0.21383808972737117 0.19434647645864259 -0.049560001678099763 0.045319724133084327 -0.066242624838920489 0.041743071892404178 0.022081326571749407 -0.19220133128405267 -0.028046450445643408 0.11193116012304234 -0.10808931979023349 0.092366082533074156 0.062081576912257269 0.062944826422577635 -0.013696261834891104 -0.20475146957694601 -0.028329616352185633 -0.0099203161074921473 -0.081897556312745756 -0.062212019767827878 -0.067150541458320431 0.08849325350665567 -0.0774093644463974 0.058318345089362421 0.12961879375857296 0.040597551149822525 -0.00089820859657422562 -0.17625071500120376 0.16254957126872557 -0.17979969179948629 0.029285301944986058
 0.057286008386799113 -0.0095263563610155401 0.0035353666720989141 0.061629057205080787 0.096282779107026151 -0.05618016021093155 -0.1511560999922871 -0.085426425858440819 -0.098682889438132596 0.055966168126475493 -0.087169772192497857 -0.15157423793141542 0.072940350955219252 -0.00049096379881148893 0.14807845267648118 0.12366197320364103 0.0085086827992146667 -0.15506032568337924 -0.065827188746434825 -0.00022202131191806208 0.12481530126850172 -0.064590512342799541 -0.074654415786621631 -0.08728513144598278 -0.043833889833114023 -0.12684811754834097 0.071974389143033793 0.031874786221002704 0.029541814180663449 0.017385781956999934 0.13378023963191846 0.034867749207121136 0.097104257307459224 0.0065186040212625897 -0.041464809938651169 -0.1582490692626092
 -0.087101980795874862 0.056901372822533929 0.15428235424176462 0.11557767747147332 0.11683169691702304 -0.039201326581678034 -0.034472628518433968 -0.013102508339348075 -0.059377622450699448 -0.015247967535212983 0.032068766736173683 0.048458630604699834 0.019392447562820995 0.01060980016492412 0.20195173335178496 -0.062446751365252726 -0.079832144700119331 -0.087841661314504257 -0.082414918848273733 -0.0016973508372423065 -0.038408384781178903 -0.11570393392300551 0.072925408760982607 0.039105586025176227 0.0049028138505538563 0.10589955591266052 -0.14112214599629344 -0.055084879320953697 0.058700425396748968 -0.15288112708947735 -0.046485361947299214 -0.097763162471848936 0.0053908460526840901 0.14526398571664365 -0.09382957439886587 -0.037316292676541532
