# Created by Octave 6.2.0, Sun Sep 11 00:54:50 2022 GMT <unknown@LAPTOP-P0PV0581>
# name: Theta3
# type: matrix
# rows: 10
# columns: 46
 -0.059802402475263618 0.087874025410950768 0.08704199614530013 0.058822261989328523 -0.057719295298363872 -0.027148678154333663 0.027616337523284542 0.079932157180910068 -0.01079129309393031 -0.075355696152229951 0.047075526728037088 0.032689892150195562 -0.031927200571530645 0.10319488331071404 0.10086107864118263 0.088771614045224254 0.091181954299525539 -0.025972106231579896 0.096265547452716815 -0.040552204667969168 -0.033898447863802812 0.065953036326367606 -0.084219187590109587 -0.079995103353161387 0.041561571513626057 0.087421484561796603 -0.051996917416235432 -0.077439606025445959 -0.13446187211718622 0.053786158954745263 -0.077659797573886247 0.077490766133870181 -0.11596094281184582 -0.0043661581579360308 -0.024362561146364915 0.0046518319973260754 -0.013341746872232794 0.070864947562203046 -0.0092848362837213341 0.13416799700269086 -0.087975012997308338 -0.05182314487687481 -0.076553785286808021 0.0067430441113555091 0.11205821760545122 -0.16184160114887675
 0.1395895378030014 -0.055411551296043637 0.14748158478894027 -0.092786684966481375 0.039404291780993882 -0.02231077603743508 -0.082963831375158559 0.040161683315450641 -0.097857011779644662 0.06251317615378757 0.18861409853162533 0.036890838932916517 0.046065582244414476 -0.027874658238818482 -0.09213453674759689 0.026183405064753435 -0.15359520141723057 -0.026206037301149704 -0.0088829769145085339 -0.018231595738610239 -0.050289789923854987 0.063113928084020332 0.00010220409187999154 0.10059671244134481 -0.049725317641482185 0.087143904472633218 -0.14744579481971384 0.042914567476813111 -0.029745958458593656 0.0073462513370845797 0.002350209780415793 0.13157131071566147 0.0028139286974971545 0.078499726240199602 0.074366298390212096 0.034292483006167697 0.080327837525563925 -0.00087901493107588838 0.0047623649128307327 -0.00032511572056110428 -0.15121428000800841 0.096454816863482729 0.023022040619720154 -0.011165683204137807 0.13635827427042285 0.028887340859441783
 -0.11597288351892757 0.093414839261287116 0.068781730695858953 0.082782348186895213 0.13585244251611001 -0.051207802316585387 0.076003544015525379 0.012511389314427942 -0.026365611312466009 0.02982406798400021 -0.22688145017385933 -0.19959477853506302 -0.1080064680837319 0.094645514403348965 -0.16909964345233711 -0.077013197885251725 0.086043499050656905 0.063902563674989712 -0.057824231327774214 0.021512494171669644 0.0884188832585667 0.097355908300907845 -0.18449439583996302 -0.17706652360706179 -0.039827958955135828 0.016626240992007466 -0.040105818517581625 -0.12335212577550429 0.075801481132251977 -0.034720618203382028 0.068779180735399348 0.022658438454922668 -0.040200531618788164 0.0059906691441344619 -0.071642521841650222 -0.096158713216265429 0.025237945895851408 -0.011800338939206224 -0.05589556101495094 -0.095534954602423131 -0.040536669902327446 0.054500368817959832 -0.14169616537335908 -0.069088391450475503 0.075316256489509945 -0.02126137871244662
 0.079990560694378418 -0.025972209282603683 0.027584161778355234 -0.01873141583154686 0.050922168475020041 0.12271237821202514 -0.056773242479709919 0.17313225928298112 0.078074828521041445 -0.16016328091225274 -0.0016873784103535697 0.15245390075516521 -0.015575334011855886 0.11215961783589207 -0.0042491216836473018 -0.024453979388302381 0.031588801872815597 -0.017900533562690352 0.059997162828377561 -0.11298197515239271 0.041583557022917279 -0.049353358958620114 -0.0012524128502795098 0.0048722232944390072 0.071110687788441165 0.089633660409938351 -0.028729340231412191 0.13124602921488981 -0.04851736942631453 -0.079839716072844083 0.02558987542485917 0.16066728554836951 -0.05170704925381734 0.12791415917476429 0.035607902579653253 -0.019194295675640353 -0.080406153164883226 -0.0055655546628909638 0.018613863208330774 0.040371894378943056 0.078026840237109388 -0.11223705105596511 -0.076595381042078206 0.023525281216442432 -0.020079756240849921 0.10842762514700013
 0.059923762899186918 0.055717383628840475 0.053553464675011354 -0.093176377071776645 -0.13350472908849725 0.0019771133901098584 -0.15257970255519901 0.018580507415884288 -0.016867194876928102 0.024331688166475771 -0.15508119621900424 -0.0089628319779960913 -0.030116941450625948 -0.044301381697132235 0.050824294956303619 -0.062576374905979684 -0.031729023171301704 0.085192588784570616 -0.17992473141214774 0.098568178631758444 0.078075791479835899 0.0014043369340041361 0.066897485180047997 -0.13972738851458122 -0.028858253982477995 -0.11889598987518671 0.058885595333499942 0.0098199303289535304 0.083508209336065772 0.062341373773096884 -0.092350804917493395 -0.15246316405468735 0.11439131293057365 0.046031106568140315 0.031917169156025375 -0.13187749293644252 0.043548560600971786 0.10386882255047555 -0.021671870882584838 0.041343367552436165 0.058472205084696749 0.088385005404551922 -0.07965720864557263 -0.073326502249035308 0.038957094567934065 -0.1262657396434376
 0.052752259936444515 -0.10060207284549375 -0.0215678155506847 0.082504688873754617 -0.061079185770134894 -0.046596933655137292 0.071313770136237353 0.019089428037057623 -0.060320936715883913 -0.086129585873326267 -0.063002778305875362 0.020094654797378275 -0.023992726716148622 0.12346835198771654 0.032182822559138478 -0.082639777625083455 0.14605369918828048 0.037927136911202773 -0.072468890540617475 0.13356751595275651 -0.18858925037103144 -0.01926556085756637 0.096994856057610573 0.12223171348690544 -0.098129071995500916 0.043104047663393014 0.023987154672530514 0.047818361818164873 -0.0098884433179578235 -0.092266592413286136 -0.032997753839549518 0.039805949675543149 -0.003638639936008142 -0.041455775576972456 0.0011847489175152764 0.0041702579613951416 -0.0015902253231134533 0.11061681478317979 -0.032682565750885441 0.047929339400559191 0.025427766250419818 0.10499781374011198 -0.026284512125395114 0.12415919529874264 0.027293270512755353 -0.055777003972135003
 -0.12458542725825374 -0.00091800285135504257 -0.038268044859325299 -0.0060348281204921179 0.086311957961178035 -0.031028587000470332 0.035349610410613921 -0.0096450525128301511 0.02065033164833055 0.039661090427305139 0.040269390078267193 -0.072168417842690458 -0.0090259056582077911 0.13249267345042806 0.011990579677812831 -0.091571416065489339 0.025556111552461739 0.0019403641353351445 -0.094295319909513703 -0.05333689234146486 -0.05296298548278703 -0.023105490794912524 0.09759590956550418 -0.019139743330356295 0.11583151785518506 0.067112510754418417 -0.039290589118520458 0.14971102846395065 0.14007572650141698 0.11212898671805661 0.074422804808859877 0.15306219296933762 0.010787679342763749 -0.18544050327308281 0.017571146200006819 -0.0062216778669978087 -0.040501740185274908 -0.14300205729205076 0.075974639281899459 0.0086310910341031548 0.046543110278147108 0.04410132980524889 -0.022768850672381918 -0.063997733346088492 0.13557494839722242 0.11463685556417848
 -0.051989807388894561 -0.22472210662596676 -0.026400420868049737 -0.0021627655737960073 -0.010308986682501778 0.065727786278642578 0.039197598839412796 0.037212240928900596 0.06904529877110252 -0.028717102470614323 -0.18233700255260341 -0.12786485057943109 -0.11494825812609391 -0.14804249943987874 0.087752799399018241 0.08315973512503716 -0.16582899641966437 0.13507524497139686 0.1042463515504929 0.00093036240938640369 -0.056679185868897565 -0.025952471192924507 -0.15374221098203869 0.051031063568233587 -0.092826707889507601 -0.02972784670995593 -0.032063625279851356 -0.079812528097692848 -0.090945053511441984 -0.0072545226531651116 0.029562136770927408 -0.0010527038064589837 0.097288604420769018 0.0028876427880124783 -0.080019417879451937 -0.086252510121537049 -0.12376174052665624 -0.047362878456678907 -0.14337806906552067 0.051131104560922763 0.042366069759029679 0.068524025880232584 -0.06674104849992625 -0.057408673655251735 0.0263116267519224 0.052367731565430745
