# Created by Octave 6.2.0, Sun Sep 11 01:32:45 2022 GMT <unknown@LAPTOP-P0PV0581>
# name: Theta3
# type: matrix
# rows: 10
# columns: 36
 0.097588204469202647 -0.0054496400693455878 -0.040009472998000978 0.13987874474804304 0.015023172655643728 -0.049274509427354299 -0.050105690596534226 0.034807483110227487 -0.0011886877745486528 -0.15883162190207867 0.078142749316058344 0.013830523930515856 -0.10034881439799877 -0.030042256352339761 0.0078024086367929251 -0.11795640004488443 0.085138769310067822 0.11718509196360707 -0.11580224852405757 -0.090564272684870731 0.0099649942812066825 -0.031035332894226858 0.066827074658796559 0.037478021777848584 -0.098430764559916603 0.11515921498981077 -0.1303474032388531 -0.10317045182838878 0.025963667861927262 -0.1682759661828018 -0.067544390796358933 0.13100655792845739 -0.14344011879095336 -0.0016252248889905697 0.0033378352546872803 -0.048366432712569907
 -0.091293272695526395 -0.035222668282906322 -0.035728963766646089 -0.031780736036434672 0.078928737286889872 0.025855955293345039 -0.099777275257211848 -0.061387807197622199 -0.080110157795521594 -0.065435681957638644 0.12639508555964862 -0.13330534626948434 0.11513331359014763 0.045969233659972054 0.10028652089621959 -0.050214080847490822 -0.046641302942897263 0.13404839057091045 -0.0054663379823983614 0.2240075087376035 -0.033298059341954997 0.0045291083027661251 -0.091149514261292114 0.023418054353708286 -0.024083035757891127 -0.17690400785852672 -0.078008019724609384 0.01640083618751682 0.019210962007987567 -0.011683216994111494 0.042224269594180117 0.045730488395335729 -0.05793312435372712 -0.050236958732124741 0.039927846782244501 0.078802609524956976
 -0.12778878870626278 -0.080406927869577149 -0.035694853602861405 -0.050088071710206399 0.11175483757361987 0.10847580628648668 -0.051526367145694439 -0.082792431774256742 -0.12139735534793247 -0.026389065925763917 -0.098568602987970044 0.022845594591559968 -0.043320108511411722 -0.11215519489418342 -0.14613612057847877 -0.10461689941931518 0.10028292407832014 0.060683524358773881 0.0086089725759604958 0.0098015661009503291 -0.076951836289669492 0.085690662854915209 0.22165156329698735 0.062436111143418592 -0.046437923757377791 -0.10367166276763604 0.15590932639381291 -0.021899869576044804 -0.0212014449241263 -0.07901184776166835 0.21829360288062133 -0.12263967134616668 -0.10518084860668993 -0.051173654699115882 0.070873753147654581 0.011371006246481897
 0.07141220152417925 -0.12497934212097266 0.13003310839810647 -0.10125917093528468 0.049626710626597653 -0.04212928148892945 0.13446109875415513 0.034232185150438604 0.20213354489467247 -0.035308755013575721 0.17436563144051018 -0.037771987879593918 -0.055527615836208223 -0.17003202311596596 0.039813785676995436 0.0099504224463992912 -0.12590246269013297 0.049350368238972334 -0.07658318738284739 0.065193435120139032 -0.018460626993666587 -0.085959458852781279 0.046797186313724377 -0.12976565840272528 -0.051826975599932774 0.072637844815849159 -0.0054841810860395022 -0.09989396361449529 -0.019974691874122517 0.00042972807539631554 -0.10408938768240804 0.082492876539406707 0.1813376542290179 0.059345243592877087 0.042491067312074166 -0.01178964225044243
 0.038112636757171491 0.0029695620174851937 -0.070042624769127967 0.1907463534529579 -0.091527686845076811 0.094333871519212908 -0.0074428781321666899 -0.03689988870392992 -0.11635895373522709 0.086618646773934785 -0.055581534638174973 0.10636860220059778 -0.076089634582780827 -0.056899434888612099 -0.033185525501761778 0.053270931611159103 0.024480081126217253 -0.062570820209312511 -0.084855325849833685 -0.061111733280911726 0.10714167075086661 -0.11289338878796229 -0.050941148091412626 -0.053234000172373799 0.010393431327554903 -0.17128279750809083 0.2103380538971332 -0.012178347650581445 -0.066588803266345961 0.10593363442729654 -0.087447492443160871 -0.10339549292054281 -0.036794866767677431 0.011761832401434963 -0.15684925886493789 -0.14126826987153968
 -0.067709514327319364 -0.1371339900650724 0.023207741420593887 0.0159745877196594 0.014914221182351235 -0.097073977021165783 0.06918891922087235 0.038420056371533895 -0.057100966172555813 0.040349022920954589 0.061731663275202055 -0.050600542457711319 0.044393177593016621 -0.10666669320221503 0.064945404664076847 0.1024558067574185 -0.019947508645026167 -0.043138791021565086 0.13551587538407928 0.070502737674407942 -0.097514354561624578 -0.06192706276698709 -0.14559058542544051 0.076429447011676158 -0.0011106272696839159 -0.04628793741976471 -0.10038852240641184 0.022010001896489627 -0.07769268271706932 0.032728134705348341 -0.09271905647176544 -0.056132544374862973 -0.13500958674369487 -0.1060561151597898 0.064998145938599997 -0.14707101125733538
 -0.047391105822065453 -0.041069361350844533 -0.11664362339449549 -0.085229864586788509 0.12581274941110279 -0.0098827280292114964 0.037163037421238075 0.1004855605143767 0.009773095424460464 0.085769841160920096 -0.13987940515685229 -0.18453404189417649 0.066520620810347222 0.15607205550037098 0.19252707526512325 -0.04052828129001753 0.09532557065532013 0.094865512082889361 0.019344762827485651 -0.11744984149460337 0.34404845661533956 -0.039236909226625129 0.045634456705265815 0.089755166571291428 -0.0090521571011224558 0.04872667841890347 -0.043972424709390376 0.0021082794283883801 0.15919137943389092 0.010569152981352451 -0.13635114982794527 0.090924199501953781 0.021868279824473418 -0.11331794836480157 -0.13554868783745797 0.065518537237946387
 0.052838853389078393 0.015197055643636994 0.034447625011132119 -0.039108940047619174 -0.021083400661452603 -0.029086773409567935 -0.044615403331522432 0.018304780841045754 -0.031168175022101948 -0.22763747887611452 -0.010448376611798571 0.1074824498255216 -0.012768188063909768 -0.07560547150470516 -0.027197793547245167 -0.094632691441983163 0.018011434465436321 -0.14604151468016471 0.067493276484769854 -0.075161628078178527 -0.06492026010668521 0.13896077291715714 -0.042377708854523084 -0.088518121230928198 -0.033724463113000751 -0.070499968320366313 0.0013044718591093359 0.086590172866396156 -7.3633171138990442e-06 -0.11046890500578942 -0.13917508398085265 -0.091006808151965574 0.0075882867324594504 -0.14224350450700196 -0.051974713066320205 -0.0073766492070730704
 -0.054603422458016575 -0.032734183143515005 0.05470055109377954 -0.014709340137176386 -0.18249185935938486 0.033943848763254528 -0.14593689151414896 0.12953031431718498 0.18445660342746503 -0.058290551258642985 -0.16080662881850957 0.15388609972445713 -0.05866256012036089 -0.079501552645022011 0.005194147616558736 -0.040331193336874051 -0.11054006151473379 0.013902302869125279 -0.06689510566152497 0.077715045087014198 -0.073846099148417665 0.13767527884904732 -0.062968562909383921 0.21280319860842431 0.013580569192216278 0.07441076697160949 0.053050750154396892 -0.13832069659580337 0.069583512201135192 -0.054239822994270187 -0.037268275117153672 -0.13538454346250187 0.1087155757941292 0.27293768921419848 -0.0025830027449833619 0.0041315442989170621
 -0.098647773294376476 -0.059072689169189813 0.019268575973415969 -0.098980366282700641 -0.010440926503367084 -0.080505898384730601 0.0034028810952059113 0.031424893866024553 -0.027726532787904028 0.10950542131623874 0.031121229446616001 -0.17809278031484277 -0.064314948911715131 0.076430608249578452 -0.045204101879913139 0.1359086485554119 -0.045210486261211331 0.0070390965769152429 0.0093410179615186547 0.0020355825265280774 -0.0036885577899328902 0.10210013166682931 0.052801141024031502 0.086513066915616874 -0.05842056126532047 -0.034533177018769276 -0.11734470885470513 -0.060636930704749133 -0.0073996169325902927 0.03537198302121191 0.13519564699961109 -0.11850405234920501 -0.11876405830808476 -0.068364650915099037 -0.040923740480545846 -0.050409139520884841


