# Created by Octave 6.2.0, Sun Sep 11 00:46:09 2022 GMT <unknown@LAPTOP-P0PV0581>
# name: Theta2
# type: matrix
# rows: 15
# columns: 16
 0.077935514309092582 -0.036878262379281539 -0.20130849056483244 0.054380093469593022 0.012156542157660077 -0.024335260583655791 0.10662169343473651 -0.068111886874408625 -0.0024578383438165364 0.02204667049822984 0.044427541983107721 -0.12817375251324617 0.070532156146656949 0.0039663322475001483 0.026961360502625861 -0.080669555909615373
 -0.035346580627922286 -0.022491167835262886 0.031231191575595982 -0.06976424670703972 -0.052678945357884789 -0.043204900372973969 -0.0141489196901385 -0.040067037991728456 -0.0076491269443580753 -0.0060870626788816651 0.034110953097997991 0.019200238163432234 -0.1002281231780712 0.061482852733654128 -0.025743256463222817 0.11031310880521333
 0.02076505385802932 -0.15691173494397817 -0.071303685794465457 0.027188297622799496 -0.010050629630428656 -0.0029675273399324778 -0.044438519247789569 0.045741355802635199 -0.10877345837056658 -0.085378490209609151 0.10078160154015588 -0.027162457619054912 0.039073980711620819 -0.004397198162945779 0.069575430727073798 0.10339235967130476
 0.080682744736908438 0.026890236313753806 -0.15334504679363004 -0.020840181910412342 -0.06208716108537015 0.026534948999460101 -0.095806964400325323 0.071051474108450988 0.086648568904630074 -0.17288661562484817 0.049499217307596766 -0.039166419833944796 0.059763815988180168 -0.053575288305258588 -0.053723636975404325 -0.021031984877595333
 -0.066283542413631658 -0.1258374728542235 0.037876403314147544 -0.058973127356364563 0.0016418610715697778 0.084522089973142714 0.13516815901676527 0.059637261022885808 -0.025583141716188928 0.045007255428393615 0.0038913650933445035 0.063867812409614588 -0.096062939498725172 -0.060467335855227511 0.0097777417386197985 -0.01530058270632588
 -0.11180854334558336 -0.01652510933007733 -0.079540147487432405 -0.087021866858900121 -0.070364747050993784 0.080640570663732744 0.052046146559369656 -0.051768683510859136 -0.18554904872939865 -0.15302149192407685 0.027523738563106775 -0.195858941123184 -0.055247750482988967 -0.11644293183333958 0.065675825421824971 -0.077866615227764821
 0.046221817573912242 -0.12812891585370859 -0.0237786443237771 -0.014576765944256468 -0.12663884896003655 0.083078771322410469 0.011636637176524238 -0.00078686782445554259 -0.0032837735365557489 0.0098808206721264918 0.048897846947286092 -0.014763114840739748 0.019235399586921081 0.055351823350828673 0.1154852173557542 -0.043228446171513654
 -0.032425414562481707 -0.0053109846790877603 -0.017318876909501863 -0.17610365379029475 0.050453953275462739 -0.085166889747723726 0.098400749801549808 0.07992858626294555 0.039838420202997993 0.10473796721185454 0.029793668330356685 -0.10938660042143381 -0.097170204072765665 -0.076337496838668376 0.087907465716285285 0.07167775930447115
 0.076082401296042573 0.0039453103743933718 0.056579889538331284 0.060325159599595897 0.01425739780788338 0.061442345335848254 -0.11191750018849138 -0.028737314062075515 -0.080235241845714469 0.028121895120642112 0.021625988977436943 -0.12852923534612745 -0.11813205865087904 -0.01621419717832082 -0.07744394375684012 0.06336259483079526
 -0.10594064351269326 -0.014546689293507938 0.0034543852227881065 0.0094216732079020604 0.017975378062993836 0.040697034566921531 -0.032818700746924064 -0.095182583463302425 -0.097187566927402297 -0.06469437209889449 -0.0099212119675996593 -0.30104529038954875 0.055033690437898325 -0.19566539157859308 -0.078835654666780081 -0.0070496027188963074
 -0.037734035332069621 -0.0075464092956313011 0.061708067442485789 0.090909653380613173 0.034999420223767223 -0.028889046016551768 -0.10630302173342283 0.093049512328889084 0.00020617968390251895 0.014631586686840772 0.075498451764910463 0.044605697627600444 0.03514194668411303 -0.073108441007858432 0.051603982373251631 -0.1014497740112399
 -0.1175920112486939 -0.11992062674991555 -0.0094335319308830705 -0.23774184999862419 0.059695385639061516 -0.18655577042194918 -0.20888670120579636 -0.13027980181001778 -0.15818009858691806 0.13355725246861333 -0.10505313953264543 -0.21872393024228254 0.01593059630177919 0.085014444199632569 -0.15186625071750476 -0.054754143751954039
 -0.0067021296695563455 0.11686248735176909 0.066527076378479905 -0.0326195447215731 0.019025174763823195 -0.037089490820278889 -0.015019254225404496 -0.08454978524409007 -0.050586189066140763 -0.06353093003848681 0.054585795795665713 0.029511220594110397 0.0098972105148291533 0.07417994031545895 0.037473850748894415 -0.034067299580026932
 0.093201238667705757 0.041829941929304795 -0.03225217455947163 0.013842575610388513 -0.085302982837523425 -0.026691730032251306 0.11950616308450254 0.0064161062997811361 -0.032383482949103599 0.017395437754260525 -0.086493115066682225 0.0016031540662258827 -0.0036088717180832119 0.02229737788604573 -0.062326423743066024 0.10029420663068508
 0.081943304245518628 -0.045298461139315502 0.079092373166139457 -0.06834411944882049 0.059173921332424176 -0.23848466721150202 0.090497554437933156 -0.1442613553772088 -0.06337069261231161 0.07391410108703092 0.084428955080429566 0.0033975396713997207 -0.038631963543184426 0.027746840493093335 -0.082030744721795681 0.012848665237745929


