# Created by Octave 6.2.0, Sun Sep 11 01:15:59 2022 GMT <unknown@LAPTOP-P0PV0581>
# name: Theta2
# type: matrix
# rows: 45
# columns: 46
 -0.1051401380009347 0.009408296005325242 -0.12379562384746939 0.066890522485759607 -0.067516278798338838 0.060540596488185411 -0.063434703348357477 0.038380164691463249 0.0062566336496161874 -0.12747573601090065 -0.12531973163563659 -0.014996784103606055 0.036372728051225871 -0.046234792065854381 0.080936197717207253 0.039695834701518704 -0.018419153327846528 0.1079653752480999 -0.010770582037176899 -0.10694219956522773 -0.012514138206610279 0.016782054012378637 -0.05247749276352532 -0.10931627448043837 -0.041858276795315535 -0.07040026433741732 -0.021206663391848905 0.0815725253554105 0.11527978753576842 0.012844780507011485 0.048564099141213089 -0.014179372311530599 0.084903133179749526 0.04918889284449264 -0.117229828002377 -0.046026420839400256 0.040071992097243637 -0.11707851034676642 -0.075420773613052564 0.032710726109743897 0.0018057209761709631 -0.16642904077816775 0.0025292178121978366 -0.11640750869453591 -0.089306208364078932 -0.075290834207637172
 -0.024178106877335539 -0.13443631340538287 -0.033617709534592394 -0.049345739240427976 -0.17535835010945236 0.060666025643431647 -0.11005067573218114 -0.0026743609797517365 0.038983000099253297 -0.030082483768202769 0.010108984557027634 -0.11744824830152385 0.0075494072273183041 0.015329855835681049 -0.05440020111384071 -0.047585429742490554 0.07161962054195975 0.0014657614757789719 0.06359810286279928 0.017712012342470079 -0.093706919326618093 -0.012957944223558242 0.1115368864150442 0.074327006559298484 0.10842556729963131 0.031033935318118714 -0.05303877443670485 -0.0036267403181400879 0.070654770246400614 -0.03121053212092776 -0.058145961445633582 0.034736463011116193 -0.019332490364689505 0.067323066960652489 -0.21787975692466377 0.012153095049011279 -0.09322419977507615 0.042987918178515883 0.078289487194936003 -0.072853933949204572 -0.14114396793478687 0.024555831743358313 -0.12036998661995732 0.096724034318229027 0.074589378457222674 -0.088670281710529292
 -0.064834327763358138 0.041193565448681378 0.014742898903634278 -0.018898366797538778 0.010179623316689274 -0.087572224996510128 0.020423415402066377 -0.11374887825646889 0.0042428067138015413 -0.073319176168127165 0.063090307640060891 -0.16717768745059952 -0.064402494766887822 -0.093034077151826391 0.019726076949786786 -0.10742762526905686 -0.10138853128268561 -0.0068971592281025854 -0.010645420132080124 -0.024930625252934564 -0.020547286008363259 -0.057239421590373034 0.073375126974082938 -0.056525752994153737 -0.0075844360821140508 -0.090031602523758913 -0.095991659897797968 0.035542580318774823 -0.084969299104049142 0.094683712847504403 -0.060756090432650477 0.022749299235752429 -0.092602577632426394 0.10588889873049435 0.068778907787535384 -0.035645797390884852 -0.074496696365455792 -0.078930414674491328 -0.089364919486802794 0.078234406557321903 -0.017002607234113128 0.057602388959675344 -0.045950896381742906 0.056910095229248475 -0.06756243752285461 -0.08815377689346536
 0.047307483379444314 -0.050860986978324002 -0.0242835172334325 0.0087277130941477432 -0.034192666145190106 0.075036167608461851 -0.073994299380697029 -0.0044762175730126601 -0.084542319711478256 0.085630125609517257 -0.15930316475703268 -0.094095606749715802 -0.066198065856332297 -0.025594958360367865 -0.10929232794984339 -0.057334594186702344 -0.0030869509430999161 -0.075708542196364276 -0.07028335134160478 0.071312186904965796 0.011899325521426876 0.072444931968203882 0.01400267156842871 0.017721793453647248 0.0091082699224865771 0.062331925802183989 0.10061063918989722 -0.05390936633186412 0.00063506804036392805 0.10774186244514625 -0.010591785689073541 0.030885166683869533 0.060746382668486594 0.098504994015959094 -0.00017587503882069222 -0.085080767924557849 -0.1245480109597803 -0.11569578406371059 -0.092196185261127064 0.010571221795071887 -0.09470771396506196 0.034306455022010005 -0.035458104837620762 -0.09121126657959501 0.019660378447758642 0.0079486953916274999
 0.034623778585393013 -0.027388267414423361 -0.024520663884401203 -0.14647996060086119 0.0018776701218450804 -0.062670221446647412 0.045711004651779338 -0.048472389979157218 0.061537611303629329 -0.14030033021576704 -0.044692224541094318 -0.052876318732373029 0.044004425359842322 0.014235921021947141 0.031443080970045237 0.065457674594992549 -0.089311467965197913 0.044952034603159295 -0.10160663816274706 -0.075095758756243566 -0.0016979716332197632 -0.12910903334009366 -0.080718214054495557 -0.08720289495981777 0.063028807817738203 0.081045129854629111 0.029435024546839564 -0.031728699355961787 0.011431588348913583 -0.045360025099510856 0.058040248026801716 0.071021184184767355 -0.06438097158635625 -0.049899492007502613 0.050807689380531249 0.10174648546487437 -0.064339592246672309 0.042594429492039128 0.045189440638282542 0.033454932524785805 -0.034887379557049819 -0.068696499436541436 -0.043341422279336302 -0.10235436593039517 -0.015336736500906396 0.0022294085774239962
 0.10400301540982895 -0.080393919596168539 0.011707538608414787 0.10938034806788356 -0.015691318127420903 0.084313300999249177 0.0031087502191637739 0.047706713626014363 -0.0083246145230561272 -0.089496680206229223 -0.09469289393208917 0.093350180332759561 -0.058207606881793057 0.082025559177835994 -0.066786078537123886 -0.036334272259312267 -0.058965665886620944 0.02593790672057247 -0.013355622162071227 -0.039535088304143526 -0.11381553029373902 -0.028455170422068025 -0.018897029221427598 0.11985344959855795 -0.017251033338743824 0.038642678377512188 -0.009728287640783222 0.037477115208871599 0.02453846576074311 -0.10497398394933082 -0.002553341680622627 0.04604685972492388 -0.11105655245486436 0.032909669719116512 -0.11890972056348721 0.008381356227223526 0.088822823035589873 -0.036005214432622321 0.021949601019677162 0.06942096255704272 -0.048785739968774548 0.12014734930955703 -0.044658149364326979 0.039684248356555256 -0.11318126180703095 0.0020268379244580714
 0.11836503536983475 0.0037535656842232167 0.0028237879249680235 -0.011753698647782458 -0.037683753562114876 -0.12181639102691187 -0.097296150738847925 -0.1320803604358326 -0.095701608114330802 -0.062054449788819133 -0.017093310552071233 -0.11404367998280947 0.057028634781823538 -0.074759711235330081 -0.10906429826582145 -0.13070925401714517 -0.05695603809040397 -0.042348026796407562 0.036687264010773178 0.0023711855573919386 0.11634553823112308 0.028728228442508819 0.060336398494179801 -0.081762440715695453 0.040961035405772131 0.073691381782369253 -0.041620224979500922 0.0088944529589329649 -0.017197868144546491 0.098663955407327128 0.055583546377512762 0.022856677819214938 -0.054193749020982625 0.003514043406584818 0.10858933217237217 -0.13759452402512326 0.073494847540418892 0.0015047407482052528 0.0088825143703539517 -0.059537202537300611 0.043849898333174708 0.053879408513148264 -0.035625030866070988 -0.014043415125673751 -0.032729601261161714 0.058966252957770013
