# Created by Octave 6.2.0, Sun Sep 11 01:50:51 2022 GMT <unknown@LAPTOP-P0PV0581>
# name: Theta3
# type: matrix
# rows: 10
# columns: 36
 -0.10404606783024671 0.062985608550575875 0.1156377461102617 0.11014835295339107 0.016590526815308048 -0.12806823492097053 0.078946295125477614 0.03363845801364175 -0.075503455060281235 0.011280148410730908 0.072190047892828388 -0.047840207404840664 -0.10174585801852033 -0.075212242760727355 0.010040115320409264 0.072361577821825229 -0.048983313233130953 -0.072079550428432893 0.059019225678600309 -0.10485745116831827 -0.065599327709575217 -0.024321356372648224 0.039895437146580122 -0.049860459063738691 0.083694648084639015 -0.039854321861195315 0.14117369378965508 0.070130411516666671 -0.00086604977358604508 0.11027962830830194 0.03697554892057435 0.013265816367220329 -0.10975095171786581 -0.10705712167670388 0.10492078397720968 -0.028869840151242651
 -0.063123685733800589 0.14327801655438835 -0.022055973178467251 0.083825824677708188 0.057149427923394315 -0.047242569915277408 0.061672365179023345 -0.049253414107117241 0.016971470713993957 0.094270546781236739 0.084525160301161237 -0.020757532858199316 -0.04789605847942377 -0.053123762116899648 -0.22795183438992486 0.054403781418076898 0.037700159623308679 0.1765665035186629 -0.029953391789797237 -0.079432934291191581 -0.033092283165412351 -0.10752235668678113 0.02811173583373253 0.064126948308908263 0.08309884290713053 -0.12950595469228382 -0.044050092397385859 0.0029673503153586733 -0.090186370275553041 -0.032711633187656672 0.021350718338650425 0.098020040107099846 -0.018678229998775879 -0.044246415771714148 -0.075316986323083077 -0.063014752377747618
 0.016798233369724816 -0.099044756663272643 -0.11212362837514223 -0.030609652498410696 0.021204907074075706 0.04536643962336312 -0.022381517128310695 -0.057622303573234994 -0.086594450111187424 -0.0038224237936891961 -0.018987146291764161 0.069945191926482131 -0.077092548732008853 -0.045400025731115748 -0.031349136044723599 0.061086221299759304 -0.0055331337254664438 -0.079703784322129184 0.057975934549391664 -0.018725528720583508 -0.026431299124114474 -0.051519039902135806 -0.034103602584161251 0.0049747557675238994 0.095522442054527201 0.06193226007617491 0.10609911665144094 0.034653464292158931 0.078916146191715386 -0.034814274935192055 0.06300672011158423 -0.001748032385291622 -0.12052162081781238 0.066615341451593424 -0.0024438157843811661 -0.11477000773405618
 -0.0076125476294149038 0.018750373058922878 0.18983273877443688 0.0039402465944836321 -0.031051935000232123 0.0038359919913347725 -0.054347457736555013 0.013505778084453388 -0.037000230390595433 -0.15712961889350885 -0.023512757945235479 -0.069298708612398841 0.10353676884103208 -0.034805582267908822 0.055247546749661321 0.0071948084166244281 0.062942967736424049 -0.11057068253179983 -0.12381412616060916 -0.052586191448627057 0.078469978646563715 -0.058205447345291358 0.0035598252785733037 -0.063322579755776723 0.0019017806656959979 -0.030500348513717458 0.092353308657487657 0.11078454632007415 -0.011702460095376573 -0.10387643623195558 0.041196658702256223 -0.14835841645049611 -0.012991784108308525 0.036611944901183559 -0.13068735200847151 0.047341595780637492
 -0.028449012860957201 -0.025395903735608495 -0.15361580616656936 -0.022177929173080445 0.013905820784877017 -0.0666129775079327 -0.053614258721710849 -0.014951777508213811 -0.012871760902797891 -0.093199128544063703 0.045647307443871722 0.011611825254500144 -0.089971185330478529 0.093695878934532392 0.055907243660500691 0.048059041249986431 -0.09455988201861408 -0.083324387456842244 0.11008141165664206 0.10458067182616826 0.0088756789209672102 -0.032588013079979425 0.050779812353212224 -0.067846264702801529 -0.039943326035231146 0.17593160655104975 -0.07630287954745231 0.086399058551501789 -0.13262886634522048 0.013082810840345689 -0.10330040549291568 0.0016433801897982857 0.024164796850524663 -0.10251639019731761 0.16533097967628618 0.034157462271333795
 -0.095043341853910987 0.11549442355703994 -0.089354440937095575 0.0006827279155475327 0.029427320616868095 -0.068131379690920923 -0.065799975086833246 0.084517066378549249 0.090827688990593167 -0.010819021471011112 0.031556393900103077 0.0025216244883521752 0.087297200067772501 0.045197225687084439 0.025465738024130255 -0.14429384540202672 0.072126260473936873 -0.0087322594003124733 0.019325120059647195 0.16246873364317216 -0.071674998970764112 0.048421162595482348 -0.10763963954746106 -0.020066716345126519 0.01674769253835141 0.0041428299730542299 0.16682560932605206 0.036957047980397742 -0.029043939632821151 0.078335014169138725 -0.070725426570582131 -0.062978722296497314 0.057259334691653979 0.004322515264725494 0.045051011012691787 -0.03104084654489216
 -0.13227923714651893 0.16386319306185723 0.0085321551453836578 -0.0062874050955617194 0.051250426707106791 -0.075833046971970769 0.018018134289265127 -0.03120148994005411 -0.047294004584535691 0.0055517367878103506 0.01870632206924416 -0.0043218296745675816 -0.028654387733002756 -0.035701530993842351 0.013712356662286188 0.14626709241617591 -0.059159184528370198 -0.10958274310762199 -0.073170024098638389 -0.02904527915247478 -0.00051220151150129759 -0.10836160511737025 0.026546754485088201 -0.010598944828129613 -0.064101617260054672 0.060640519438381821 0.015813252430335777 -0.080203429772476825 0.10758273670250806 -0.070479410299848624 -0.0055054007214870859 -0.041660422476963478 -0.077646729596175704 0.0043231920285198367 0.034818513749553415 0.0096254950595327186
 -0.039346589353423951 -0.15786097176743757 -0.032571867137786294 0.044134174127377745 -0.026940693265711177 0.093573878971166105 -0.018735416464031662 -0.043493662178682169 0.065919130846457188 0.032197541752715914 0.049499948588592559 0.036357839249008032 0.054042963833988253 0.036539694262836236 -0.0017031146156562429 -0.016968676735750702 -0.016987012843653219 -0.11032043820610699 -0.028944739247386664 0.066456817883090907 -0.015896599790471554 -0.0058472309320476423 -0.095728037746125511 -0.085945222802258414 -0.045807270970800604 -0.0065586485959039081 0.021896636783809667 0.0038102646308244221 -0.00041348364331477756 -0.040901251821781621 0.013592747429167771 -0.026443440462966789 -0.0048737505633928103 -0.050305633499228786 0.020721108404328174 0.038336676585929867
 -0.030779902514311754 -0.020673337785589125 0.0051707548412065797 -0.01557610544010524 -0.12300980829374462 0.072271647649631218 -0.058420655804339798 0.038498197059262454 -0.033036261505492014 -0.15113134382461685 -0.041838410612882543 0.13239370316184343 -0.011587294874560589 0.071373117475101749 0.01806128384588581 0.034769873955901837 0.016771975077334987 0.048573124023096138 0.014458497328136397 0.041221519494129368 0.0035326468252561334 0.079293718605083913 -0.010415905783056489 -0.18947972567998728 -0.071239646708576826 0.011185988414340417 -0.1023583805323363 0.021660766053890598 0.0091766017019123142 -0.082532280707643707 -0.046084611384312316 -0.13577109805872278 -0.17482913410608353 0.087284416718603153 -0.088924143438447623 -0.13788035297148535
 -0.050388373417423658 0.036467339554992068 -0.063458091298534705 0.056688845597782117 0.040003863779230889 -0.011138502654315964 0.12509589515383926 0.014811603234389636 0.10729027845717241 -7.9526917258379993e-05 -0.13152781390181612 -0.048653355021932056 0.05826769054668833 -0.045976268751139047 0.012712684437305907 0.048102762176194434 0.13405814266236971 0.039078973871739517 -0.0370112172600634 0.022507377189310656 0.062177123062866227 -0.0077725498735626676 -0.027981724920540855 -0.0033925230941201593 0.0097077230108028878 -0.0035781821345655614 -0.091563321754178501 0.04716074037197629 -0.038046929792906609 0.0099294851858854529 -0.091439010564524539 -0.17109573217834631 0.032589045737886568 0.10330216661493349 -0.020603526874370049 -0.041776425584818998


