# Created by Octave 6.2.0, Sun Sep 11 00:29:18 2022 GMT <unknown@LAPTOP-P0PV0581>
# name: Theta2
# type: matrix
# rows: 25
# columns: 26
 0.023428273255585386 -0.11836193042368273 -0.068510182613008994 0.023647042865832774 -0.015236857825864874 -0.014218168885635514 -0.020110314622151172 -0.016123649569230958 -0.14115210807734688 0.085915304970871076 -0.12852599568739323 0.083089629822576547 -0.10446187809156893 0.084523728030247672 -0.14412714890272108 -0.084576597430496891 0.020932690333260222 -0.04435939568624462 -0.07575039523829856 -0.13262985582780268 0.060123621611275088 0.055806964474131693 0.027649919459953518 0.0060816307517431584 -0.099444616199783467 -0.041433562801052211
 -0.069556569361864856 -0.11092419341875694 -0.083056640129398687 0.029931244435038317 -0.089689678054875141 -0.065293945664781222 -0.024382949218926427 0.026671253057435979 -0.06252507125348776 -0.061004713771967652 -0.15639332405043754 -0.095125369137009599 0.074908268182786938 -0.054889415997356375 0.08899970159528986 0.090848889784669096 0.030168396419526979 -0.013660818001629393 0.0020944173611851381 -0.11354991668079586 -0.09228051643261645 -0.037437238947886246 -0.043451490824462119 -0.13878363783743683 -0.08698680736401708 -0.076346548603226733
 0.053435154975598642 0.037425217545320168 -0.027075317574164374 0.077886932067768658 0.10508266818731726 -0.10734839181618429 -0.032328350698127326 -0.10670772269037167 -0.040421436906300685 -0.12251469810274394 -0.058883110971733446 0.098862518174534342 0.0048067128969074679 -0.037984452369028573 -0.055826420332983906 0.0087328049965742695 -0.057678695192829657 -0.012617089622141328 0.030722441512752878 -0.080737984215118935 0.10107477399807996 -0.040589136090351773 -0.039799316920624307 0.017691974491633625 -0.013834493173572399 -0.0074740383950257557
 0.037951634817279922 -0.011594392343517401 -0.13426531549143214 0.00040659182760457329 -0.039951141288255144 0.041627590947198902 -0.0056453522976116031 -0.046288258552213517 -0.015789365078428562 0.083897703132320506 0.012342209541090618 -0.041831422870820326 0.030301890316060197 0.0077495933109801816 -0.040952117462408837 0.11641321600666656 0.11645745925483393 -0.033666615794062618 0.18765682042564613 -0.17831539108111841 -0.10621137133078272 0.099418049688400068 -0.048450917014274404 0.041694423233654729 -0.10254968663580534 -0.094735077625253225
 -0.10007202154691927 -0.052500001501437479 -0.17695421201504702 0.081587039884307655 0.06231038860128963 -0.12210287104214114 0.072345910067843869 -0.021833166779871103 0.058466511248296299 0.065235476792058683 0.031408869003642634 0.083299742708954738 0.00096168442944299839 0.028693270151474888 -0.12581287699514326 0.051243387394452493 0.025802213528378699 0.0048345419765888605 -0.086543323499005564 -0.18018721685449662 0.0015794058642416438 -0.0027264114854040314 -0.027924457909455507 -0.035206876481716665 0.11862509008971395 0.068515033934650138
 -0.048623776221586708 0.095225102424559088 0.0089739986097323865 -0.071847824454490894 0.11987955224329659 0.050250593433920236 -0.074504380541829243 -0.065187868404497334 -0.048148062805947245 0.052873784812029312 -0.095847892001936122 -0.025266714166965912 0.0071044837691406808 0.035478269274309616 -0.057642841906298183 0.064982576593607774 0.014290867165151842 0.20749462849940489 -0.006472912899131265 -0.08411915289204927 0.034791175445874033 0.0094304565662560388 -0.028308339371557033 -0.007563200714810616 0.0066602847987838965 0.034000045264861611
 0.0048138851592917477 0.055283726297709335 -0.0056490768070525796 -0.11622306604696823 -0.041659249541160494 -0.059776360059137855 -0.037058186003161186 -0.090240828063197692 -0.095293314765130879 0.016953057242544024 0.061045632612992159 0.033944516688770382 0.0094022111746354456 0.04905741707400528 0.038404431590946191 0.0042979813708985421 -0.047159449190376991 0.013371025439745629 -0.13096122056379692 -0.055852407699050005 -0.028226380141816228 -2.5581615584252461e-06 -0.016709247464969688 0.018846537029258956 -0.0057353858651493714 0.070042510637357849
 -0.10592303588664401 -0.06651724913504943 0.021326942802796036 -0.0060785041381066192 -0.039740806583462469 0.068918189874537544 0.055340854960135313 -0.0086692253308471925 -0.12902088375165643 0.13678600825720946 -0.0015965819470118768 0.11041666425627525 0.075400149970585376 0.08319632605343448 0.076907124919132722 -0.064268474719374941 -0.052434912792219721 0.024028761741548017 0.027130438439389188 -0.065546782101944867 0.10003318203448659 -0.0041430588169143398 -0.054176283183997663 -0.06155176501507921 -0.069663351957987979 0.039447315947627321
 0.016213176545075647 0.055421694633730242 -0.18452685330161478 -0.001943627925522213 -0.013039171967326573 -0.074227961969394476 0.019171843670164213 -0.083459732002140047 -0.084123076765746374 -0.0050146870736369363 -0.041995926824605484 0.016702265830736873 0.071067951876308211 0.079138697223935559 -0.11303837284774469 -0.088732808345931696 0.12808342539580281 0.071644860893834372 0.042875814822463693 0.03624989671372314 0.071312802540512921 -0.014463254230471491 -0.10487948367454278 0.058478103690146555 -0.054515668907263698 0.0029997603072331228
 0.079781654255500961 -0.049011953217904081 -0.20386374371497085 0.0011231560431138202 -0.019448824994662533 -0.061116750050853 -0.0023305034667336789 0.085219347481883603 -0.22278540407212638 0.0016792779242482986 -0.055182790590468801 -0.11124460408685985 -0.1248458384476988 -0.0054634129490452816 -0.089716765865195336 0.084262091521070892 -0.048114268319712078 -0.081069529564549034 0.00011571466385301356 -0.074549750041677201 -0.010998703385876515 -0.14789632248537837 -0.14654028643388606 -0.016613616686956999 -0.067640541761697953 -0.026824210636040902
 0.066642526386273881 0.11484788104873601 -0.094022087934650792 -0.029780109447379566 -0.030112589547857605 0.024489624763978403 0.014205200477850304 -0.03599304444418519 0.070793091360984842 -0.055834742795092721 0.078077651050848754 0.0072949317964865002 0.047671322130858729 -0.059169026718581638 0.023310246339893256 0.020713011002893088 0.0026213907513248196 -0.076059320667380623 -0.019988384785073181 -0.0054554311845483828 0.017297463190296191 -0.074825869361711067 0.018282881865037355 -0.069031105472791787 -0.0014901167378187829 0.048239600321834011
 0.01531640862814727 -0.15842380022082805 0.010989422542821483 -0.021135422035314873 0.08162179512345312 -0.10465044394695169 0.057212687541763452 -0.079974476374758144 0.083175329494289144 -0.031410205520587445 0.039587653382883503 0.091785556881279193 0.0022684287952673618 0.073438792803095912 -0.092751029881790223 0.086134235673166457 0.10633731269946757 0.020778201246021297 0.017192049928053042 0.092568065930468679 0.084800813108982034 0.0025627723064284989 -0.12170720371265889 0.0076350808373061079 -0.080323419081773859 -0.029809262941508201
 -0.0303566307516847 -0.16069786481391257 -0.093716983261779019 -0.022365767074037757 -0.015240869226968091 0.023019002989070354 0.033371639198716323 0.082369618011814152 -0.025073111441256846 0.10235685582614117 0.02534333065939658 -0.10074180048872021 -0.090611800192032035 -0.06869917720695369 -0.034306465096689991 0.039030758821018446 -0.069982521052423807 -0.074502698485444857 -0.042392342674172433 0.022532989814253692 -0.029732693978634737 -0.12997973807514929 -0.1346341456325458 0.0015228744354833306 0.050039472169835966 0.034656279388001913
 -0.069951830582514363 0.071875987701445695 -0.055337779424842984 0.026754642511383989 0.073588774883571698 -0.016916682001030001 -0.0029309054672228686 0.025705526153467492 -0.069273036947155531 0.04898646890178722 -0.0027460543120877159 -0.062022048785025249 -0.045383737682376774 -0.057475273341968038 -0.0034749747457972239 0.11639536636827903 0.050206664581356947 -0.083577490989080835 -0.091965649083489892 0.09242573272014587 0.018179934304623464 -0.070986964083137274 -0.013528195290970879 0.061796457028461038 0.0050021100411897857 0.075251260583863097
