# Created by Octave 6.2.0, Sun Sep 11 00:31:33 2022 GMT <unknown@LAPTOP-P0PV0581>
# name: Theta3
# type: matrix
# rows: 10
# columns: 36
 -0.10516658168277691 0.0072699922139682601 0.060463680088815412 0.085750599980457268 0.056194578988794992 -0.22405391729852267 -0.1702545255798614 -0.064961148821389522 0.078464004691414221 0.001449108447531337 0.056909918152731345 0.04915843840800261 -0.018615855047782525 -0.079593769592221808 -0.036726023210387697 -0.040711934980678675 0.029494695488461228 -0.14359180160191923 -0.014091652480117433 -0.068605346233291745 0.037893629837053806 -0.050942322438972003 0.046156415015089595 0.03381988417356243 -0.059387778127158689 -0.15372744117186637 -0.076035189636775191 -0.033635818006113025 0.035723294878149667 -0.060520587271293794 0.022041347339262517 0.034413933297647775 0.014992184611746597 -0.15546209864764274 -0.053235587137509165 -0.50197429346790334
 0.0016485874254776657 -0.045437141443759585 -0.10583847125728174 0.14941811699286559 -0.044910364449517202 -0.08862318115869891 0.011323875149072774 0.021534898178592072 -0.031364358321820641 -0.10226635357657955 -0.0065738385612438546 -0.10545755737511781 -0.084134257011357627 0.038948780573582385 -0.066809008161604594 -0.030345244558601114 -0.084103761371888394 0.023774089791001655 -0.1679413292727763 -0.041270999485569185 0.11366762086056394 0.10329816595628358 0.016746892883107652 -0.058846250500267053 -0.018947759458755653 0.083016328200171449 0.070911399241544437 -0.053281231503477647 0.054538128906904328 -0.091036042832274941 -0.074531393561652684 -0.087581232856250496 0.05832729066818991 0.14928305074937004 0.039794336912467303 0.13774737511078505
 0.037744690815239096 -0.087157584441506716 0.070541502898257488 -0.1003839417341937 -0.068545316588171867 0.083641825849611481 0.10330764547856455 0.015354926165300679 0.14183910707195183 0.067492718711154309 -0.072255447743208842 -0.11640596217048822 0.025371047551803982 -0.06447500044483076 -0.032664422786251472 0.12778074820922974 -0.0094995174711077473 -0.012392172796687353 -0.036425736993415996 0.04218785437592007 0.02530475300938631 0.042892854099156365 -0.1752857166280265 -0.098979998816310172 -0.10112534192505837 -0.048975844804707687 0.04282711144387609 -0.11387580679538115 -0.08376119659646529 -0.12009313275949324 -0.073364171038056439 -0.047662857570303592 0.065614175990108853 0.056060325549397057 -0.059014509552627367 0.3504020100278547
 -0.0069127131785142477 0.06536108748074658 -0.0093158378315639449 0.12698130891067172 -0.084213043672536569 0.082982582890863979 -0.062136355130975193 -0.0060743435353335963 0.030479411659521189 0.081097825011218566 -0.059885344431900953 -0.022230779028240461 0.037484187486632688 0.11423838070765835 -0.0039254257419185585 0.047895695968743789 0.093686334623814455 -0.0059852178013398774 -0.20587383635933665 -0.014887147916592881 -0.047278707096577686 -0.067689673225697605 0.039534417302987901 0.22763136380502483 0.10175522835259011 -0.040611131180432504 -0.17353784042466475 -0.046740866198772248 0.057131967262695198 -0.069572634873615563 0.083084535051784134 0.043454912599858106 -0.0089395082495666977 0.073107987957347687 0.020435650321226261 0.08620486180585929
 0.071067777687701547 -0.0063509116581730264 -0.043447768538162221 0.05765497672601063 0.065125193782411453 0.020547336641729939 -0.065038546470769967 0.058962424784189969 0.065652953993482935 -0.15017473052649197 0.099341873157897054 0.010057505252839294 -0.024914393025537447 -0.078710001806578181 -0.063587870681246744 0.023444489850617502 -0.011006962257405604 0.040287569838068256 0.020205422910289608 0.073185389242451146 -0.027589848238489582 -0.038710593851197503 -0.020811846470654583 -0.13094886770085967 0.037609351529913425 0.11471392920823968 0.094764269357141634 -0.21870107629988234 0.078477562589161928 -0.024682339451895491 0.0050951981779097733 0.031976072866859856 0.14318623926686425 0.028901744421444671 0.093132628403697432 0.18280081099820203
 -0.13483748482483937 0.040242341343487718 0.11135538645746211 -0.059291889841166984 -0.050558227114284739 -0.10274232264728964 -0.029456495998474115 0.15159531332776222 -0.030606096344322521 -0.09387337428423026 -0.058777563194071257 0.017451405316044083 0.083294643831269125 0.0099249452764124078 0.076249760233263103 -0.029700625435011892 0.060128172282127273 0.022625699404373013 0.12971794251975019 -0.10055517012545367 -0.0094136809808697593 -0.060352455785926289 0.0018367038435251569 -0.05205647449374752 -0.053484507425856809 0.10282039616000473 0.0059451003079708711 0.010548866840184523 0.067804489444949698 -0.014601304834662409 0.096057051151221456 -0.077883511294010457 0.11515186746191283 -0.038826469533068862 0.016660032380299478 0.029419312239049714
 -0.026917538976118843 0.047141594240829435 -0.17211994817379928 0.042454698684841814 0.0046659472440665293 0.026245487907152993 0.12004140572888423 0.03656877002879326 -0.053589069297374572 -0.013179192800484584 0.044562264667954474 -0.013919020546767674 0.055598813828364096 0.058661938499635406 0.021952594814190769 0.070287681464378027 -0.05314038732750484 0.019038898169871192 0.0027743023740469854 0.144884039541228 0.02955721722373595 0.11927889763698514 -0.0078269583383561367 -0.043944015814166189 -0.028942011940784242 -0.069829607399253882 -0.17425661334722323 0.022929379792602629 -0.053402326591791678 -0.062789995396301104 0.013811323820230226 -0.035875536271775102 -0.074759378118263983 -0.055329737071406017 -0.12840959108123856 -0.033523181970972656
 -0.13843980460719141 0.0020075772652385819 -0.0079764386412449467 0.066046974860622359 -0.025516894794141886 -0.0012055697498358265 0.043490750119972603 -0.0521258646754717 -0.029978709662616829 0.081192037372403714 -0.018571123467466422 -0.047642770888979252 0.0048140655574029998 -0.0072966015582052908 -0.041764317251984304 -0.061451342174799008 0.029630520333234545 -0.0096954420047259109 0.038339859544566326 -0.057505566111395352 -0.002978537384688386 -0.019576642347862223 -0.083701052535619005 0.076711413156511796 0.050423778978713425 0.021525576633335188 -0.036471101615926774 -0.087881783987642487 0.06032977777736663 -0.076967467392170988 -0.024440355247399532 -0.073951229517165762 0.11257752751075994 -0.013427413661350546 0.097816560467309216 -0.015794747556607529
 0.00080307758539285997 0.20091047075452481 0.025688947678959299 -0.033655772257848757 -0.058583017940872444 0.023230005142320254 0.0055236605416015307 -0.13134393252395271 -0.0028564702080931858 0.1002353823382254 0.16626503974118456 -0.071777412533616886 0.12122499401120714 -0.029980596551076804 0.019834706957908343 -0.010083409566497807 0.061614456780270645 -0.10947851874245335 -0.033869928852972679 0.12265358907542674 -0.033760141431193248 -0.031623802439561012 0.025940572938867295 0.093035491147618443 -0.089068767026799112 -0.11533962128244681 0.013781209696156706 0.024039976183297316 -0.091537033706907064 -0.021462587258633786 -0.064067885323810331 -0.090577743124970217 0.015893462665018034 -0.061623088206093489 -0.055553346339076312 0.024135907195447091
 -0.098586448238889762 0.10231904724913132 0.0011874434680043059 0.0021656951356489205 0.042475008852149887 0.0077883684750223283 0.024861725140498829 -0.014488794745072047 -0.084101069887760033 0.081057194659143558 -0.088782715618487357 -0.039653658544859804 -0.0099238247713721028 0.073752658611915461 0.099164040027902287 0.096093731749613304 -0.073770460264375892 -0.039249808609263415 -0.019300668176661172 -0.05983693941688964 0.070223986150121598 -0.017463310380607517 0.045204730214871307 0.082823848924495083 0.10023966148059904 -0.087508526092340652 -0.10836293242130675 0.11369445232600449 0.14860628032045778 0.019373855546630004 0.071152752566198185 -0.081429783849420456 0.11797234358349996 0.040944178382617005 0.059155207788861991 0.047947343960701182


