# Created by Octave 6.2.0, Sun Sep 11 01:42:37 2022 GMT <unknown@LAPTOP-P0PV0581>
# name: Theta3
# type: matrix
# rows: 10
# columns: 56
 0.10633931581127297 0.013725609218285638 -0.094180555656178763 0.0020464872351578451 -0.056972077434819829 -0.081906127360292749 0.13954670683632384 -0.082109934283780189 -0.11520930390118543 -0.11291510048326144 0.055908667877592286 0.010345021060986625 -0.091572366252236373 -0.0023512560520762373 0.056186726546243577 0.042150431306373963 0.028615975540295078 -0.12543275394066394 0.21081394773584602 -0.12115244755598727 0.035039488173885101 -0.068346426398698035 -0.0041399747898413688 0.019395031196076693 -0.036748652737126061 -0.086434038874186894 0.12219987380723929 0.019742921998648272 0.011984873037245247 -0.15619256642275409 0.015078779295829734 0.043111692002399456 0.10373350588254715 -0.079314979105793729 0.016711787100166749 0.066492989188070881 -0.14445950935825674 0.10828906207209159 -0.071036490510648018 0.066249831486842728 0.029126846920636131 0.098336835834983025 -0.017253802297851929 -0.067705854422310627 0.055765889786447531 0.049320147999260211 -0.075497960864928576 -0.012165091685931334 0.087021418737418782 0.093543139942387735 0.018202549475014859 -0.057390540373162401 -0.0032049212736371883 -0.10881190519512551 0.023178574181603576 0.02376114008889979
 0.11770461289906634 -0.014230230490146092 -0.0083630856565941221 -0.065448535586506276 -0.14969023520025337 0.0085531698856268421 -0.052131161243258721 -0.085514636853299228 0.011583659927603811 -0.20696548264646122 0.023133948891488513 0.062009702620649886 0.041427713145735456 0.13008547647256946 -0.19142341433245835 0.09392182327479387 0.18896736773317158 0.066187026036607921 -0.0074988003385996291 -0.14277477681868475 -0.14901141122525446 -0.071837966298862313 0.069521819291519307 -0.055875853914456132 0.19558227580548052 -0.073288023613849382 0.12032769838847132 0.10697433425118208 -0.070286002295664354 -0.090276383519694747 0.052690665427657768 -0.0055730514491718827 -0.089783328439204266 -0.075466106160921545 0.038915989208175517 -0.1153407046322564 -0.0030049980892650047 0.073706739735165241 -0.04057681379502498 -0.0020988627321378108 -0.13964215899805321 0.031155906419677977 -0.042071131113364274 -0.074001118134545726 -0.032617386987313209 0.0095086675669603053 -0.088545342489577947 -0.0015812447253742365 -0.024191239874714322 0.0057824460193940854 -0.096493703875061204 -0.023663282891048385 0.18653377076868388 0.057289780496031159 -0.0080266297817255926 -0.073506881828348677
 -0.12548586363646508 -0.095600276296084308 -0.065242533944117456 0.040499115861985326 -0.056186196709413883 0.16133119912325744 -0.0048143268992198859 -0.077310839606823042 -0.023992442331035164 0.17452980572161031 0.063775665476266161 0.0064640573069064304 0.014130620027163289 0.017532863640266315 -0.11712655774928989 0.015834998202594833 0.0486731392364394 0.046065846006170363 -0.066013192835781401 0.015334276256510062 -0.0056467744343707531 -0.074171043548912768 0.039019716039959275 -0.088449822341952325 0.0070989655375845286 0.055693580354590516 -0.073299600704615608 0.020203200359156397 -0.14099327196870332 -0.021827474687372173 0.013433118516582529 0.1202064741364693 -0.003651848243834915 0.027304106397699594 0.051106310433885013 -0.0066430084679917163 -0.080625630806143364 -0.033211286929251141 0.025625798719039538 0.0089862405943161045 0.075503905561613308 -0.11478977757291892 0.076897606197123533 -0.098329939109889714 0.058299093844569272 -0.11197419926921455 -0.010813452653430151 -0.087023054619752335 -0.20052477913735781 -0.19147919348196626 -0.047454300740993854 -0.050973077547943134 -0.18925628275398398 -0.13958621144582833 0.13912723049976061 0.12059868054218047
 0.096458299955502522 0.048687706819474041 0.022168130824047796 -0.038257226288105739 0.032750714149758206 -0.094716550969177499 0.09672958759643499 0.089082593381540981 0.037389440866136069 -0.076606791194929982 -0.028448285299345885 -0.041004224833660473 0.009054860536185495 -0.058647474314246745 -0.076233488820609929 0.11622515012583452 -0.058801850309639386 -0.13091630899442305 0.10143464714140159 0.051978062597685122 0.055442747303508635 0.051536425946712233 -0.15916848647269952 0.073636358171418739 0.060382988058289552 0.13642793589607238 -0.098070201829180803 -0.048407909279961553 0.14951622474135526 -0.046218438122225362 -0.061793856830584443 -0.036049998011765796 0.0043236145271844835 -0.060848822597396879 -0.13217763526678608 0.17754761986151435 -0.050354672358100497 -0.012577280697939746 0.094985238096612662 0.057193765098961985 -0.11135274999554648 -0.069720656647078993 -0.059917571915697382 0.059610430429690289 -0.058664846396852752 0.079329820342644339 0.076534189643217912 0.033171905333692998 -0.019883206485577096 -0.026651117600000024 0.027579284377630499 -0.072528672187090054 0.10042101829849531 -0.061147714480204465 -0.11637807123074188 -0.019357747613473496
 0.028619220438708466 0.067468005872788117 -0.069114659184556018 0.048632999933939804 0.09746002527083418 -0.049013852638583683 0.081003587205109903 -0.08738169429130524 0.0076973819451846845 -0.12446961755619047 -0.051616261411452341 0.06440821704480211 -0.087803007660729862 -0.12928639467565411 0.1520386832034242 0.018452686587788526 -0.22031214301038071 0.11991081871194204 0.03375990057219893 0.18606403821496986 -0.016361735725075262 -0.010990356366695099 -0.098187897917946243 -0.081181978396961188 -0.1195317304473623 0.095943356587381276 -0.036288411880362019 -0.14280014882276607 -0.024560094088698258 -0.082230847249299382 0.091209509750492482 -0.098642658951629478 0.10408007500419179 0.11318899233793983 -0.0077854950023297153 0.050908078257854816 0.091962577066865794 0.087862612318510835 -0.10970777811092194 0.098715463053251365 0.0049237252933071775 0.09644656768949661 0.10690774306823804 -0.062718061431412009 0.095788555277600454 0.018936998994823623 0.01658825466905187 0.13681761639650319 -0.11586201521577379 0.11189461229195645 -0.069618303425596592 0.020587722407276285 0.083298040901742421 0.023930500696419325 -0.024442044197225597 0.051764747607446364
 -0.0977564692620672 0.019638365345989096 -0.10660858973796827 -0.14690540688478343 0.012827339007856436 0.073836353485656078 0.014547195652601768 0.0774022212435449 0.12118736432741836 0.075639209327596296 -0.021845602446122717 0.026040134144624496 -0.10226954822511816 0.0054913216618193931 0.020274050023069222 -0.091463617747476786 -0.045243617023985279 0.043915793666931463 0.022805809702482058 0.094676169770152058 0.011538011556371375 -0.09265305653952717 -0.1028134846125584 -0.016521457744807556 -0.13340538899554297 -0.10976498246254625 -0.015598689148368332 -0.12970876684300225 0.12322398024078089 -0.0096358922208127171 0.12647472488574721 -0.0057372452165438247 0.0062283851942429875 0.11050737297571182 -0.11532789152338621 0.1483533543538903 -0.097246844155792295 -0.066091112814899391 0.027933853664891671 0.040126859854955205 -0.039971811640947048 -0.048762525037664088 -0.13385368891595581 0.16671684427996611 0.060029582187356545 -0.1280145908642972 0.014089806715459355 0.0011034008419226954 0.077357881062284126 0.10223042304380206 -0.021813922378740296 0.11636752742944542 0.1054351851248377 0.075125642034956724 -0.089476349926663951 -0.11518388157837023
