# Created by Octave 6.2.0, Sun Sep 11 00:58:35 2022 GMT <unknown@LAPTOP-P0PV0581>
# name: Theta2
# type: matrix
# rows: 55
# columns: 56
 -0.11761865377011126 0.084339669918968144 -0.092038359890358509 0.093363866095556247 0.087143773327112678 -0.11143495823334168 -0.03165016418114603 0.011674306665386562 -0.091756106645980842 -0.018005687846607055 -0.053228219415751614 0.055402390955597104 0.079646310740718818 -0.02387763405908019 0.03174455201459802 -0.10970617277162603 0.015852600730918619 -0.091494820216170128 -0.039437724049674001 0.11997811836506828 0.081771717894408236 -0.051187490058293914 -0.12959366018408619 0.02142251215294845 -0.11545061522345741 0.05717670056974334 -0.051542624618667786 0.0076040125474509364 -0.018543801044747215 0.046109550741575613 0.033894978277850124 -0.066463710133418993 -0.096038162590436918 -0.030388792816469432 0.061561117797645483 -0.013351182450825776 0.02903507432299831 -0.0044183830720895588 -0.011789916862392832 -0.0080582323864167912 -0.10490879574344253 0.10844646070375102 0.024575263629345843 -0.072863175813047562 0.10558857641033895 -0.084769062610504112 -0.0089058480926671214 -0.0061285576544832443 0.013641675311072875 0.079196835791849732 -0.056428720777422441 -0.014303112953635733 -0.10485690446357263 -0.084804802661543027 0.070856523269728924 -0.050530419139099114
 -0.01572262278990913 -0.044623442083615406 0.081203800988100205 -0.020243126873478939 0.030383636895601567 0.028919877734484824 0.045539831977016186 0.065042614156214471 -0.0098922673081537557 -0.069730806351309266 0.052211744871979111 -0.070053293886973789 -0.004079014839447428 0.13064788391759585 -0.1335743151596919 -0.074291096849578991 0.065855912276469836 -0.0014695059805172152 0.056697862718325047 -0.072471009177652632 -0.10224289443352465 -0.02978776010244585 0.0099878980868380006 0.071646115892303477 -0.075606664871998769 0.020572829370417892 0.045946224216280675 0.070513010139178781 0.0942570072469055 -0.072435774481019191 0.01538477176410738 0.1178372636901152 -0.14576360216456158 0.098091479957439512 0.13700161770851368 0.027019281524468988 0.056535876065965197 0.02883492179412657 -0.048377812341075625 0.074539181494900686 0.10146303329003065 -0.011314570584893465 0.056612670355151287 0.040439416973134933 -0.00038252583112169451 0.0065367679135173171 0.04729981689344185 0.0052812359698575133 -0.037080070926308439 -0.012562776464300929 -0.067408768434435787 0.037846897578163535 -0.030816354079314302 0.038783979296455828 0.030782592999581339 0.095457560503104125
 0.017363134012560049 0.095864788057007488 -0.028816924822617846 0.016333567390476519 -0.13309823474782143 0.032113298497746967 0.033646672279692244 -0.0028670495650389913 -0.032637291818334413 -0.10476327329563923 -0.012799711617739176 0.054738725005581225 -0.02018974652526774 -0.041313542673317015 0.063764373612534633 -0.026318328601001615 0.094996970627273525 0.054456805259029996 -0.031034557926331467 -0.046084911442125287 -0.048150678289311723 -0.015433307309569861 0.024055892975300575 -0.11006893235463107 -0.054965224605629671 0.050007772452071858 0.043204328309621114 -0.048712310531587318 -0.043381175234223412 -0.089666784821293671 -0.011565000369363381 -0.10410024290874913 0.1025601532360403 0.017789574567943535 -0.035784480334256637 0.03517890730958563 0.0023526573346329895 -0.080632129763054061 0.011486865466918095 0.025731702868231166 0.075044436657898561 -0.037854233757201275 -0.11743806524252463 0.091589109334066998 0.011988114163502523 0.035809678321541992 0.1285850008176628 -0.029325730252235872 0.047391819997938407 0.10591816445926243 0.024368864607261072 0.12418314393923939 0.075457982743058608 0.066234492176660081 0.01152455351325375 0.038675633526355252
 -0.057093234736569583 -0.078453822337576265 0.02063883489031439 0.082612703748941571 0.058076706044117618 -0.015855754950377964 -0.0064999850701348907 0.017483051311155708 -0.14935213626615129 0.079691086834838928 0.022833386452310069 -0.071210423528108371 0.041871465140151658 -0.10362155465397362 0.011403557202214641 0.10113136289992188 0.096162945841096165 -0.032974532420825445 0.063911385743708637 -0.05758692194014476 0.1260372455839352 0.067666065228748504 -0.13459404522571136 -0.039170985212913512 -0.0072170166732476448 0.043874542891008998 -0.0019167168905118805 -0.024138567046521293 -0.072748891145353226 0.11400162505025574 0.090186646208212359 -0.019139039205683477 -0.06628173946597482 0.1106781206717824 -0.017661125063543497 -0.071947357494441908 0.038138021369573435 0.013034714192707719 -0.12633961025066034 -0.041457720424929241 0.10056875295100533 0.0095241751145489703 -0.1158113849878544 0.034289117008620758 0.030832513979461414 0.053213682876171231 -0.036541659722430161 -0.048156670137397342 0.074066525855965432 0.08991446773063326 0.070478177670778616 -0.11267794942856613 0.094284435337182601 0.071517892456695778 0.03401621901742849 -0.098613131914356847
 0.018083361554381103 0.093139060690278525 0.021999479800525187 -0.061987612268735795 -0.13143641548623738 0.063620841494833422 0.018949819411997634 0.04748469847330767 -0.047214932910002415 0.077028220259467844 -0.08859607956981598 -0.00067139270184415293 0.0056285995703405029 0.015557083511277901 -0.091063842862331892 -0.042224689857219479 -0.071768954078945096 -0.056091189004677168 -0.059133774700441427 -0.027752737970982981 0.016955542230713043 -0.02969543482739017 0.011533806180170664 0.041853735286632998 -0.0098163091854356014 0.027263003324403304 0.10252557187417009 0.057623862855871184 0.024802957119711581 0.066793787509949437 -0.018019857306563334 0.063019168439058401 0.01706937393595076 -0.056349913947649044 0.12373518006400196 -0.038635349201042155 -0.08355090188605957 0.06562163603713192 0.14846358865530973 0.11986204635421395 0.020064756425990898 0.001099601753510983 -0.047508760438942609 0.068408355063742543 -0.08034592939246997 -0.037656245071447436 0.0034323105791132812 0.12455207837407266 -0.017891413574231383 -0.073194263066784573 0.056596732929729734 0.084759398748279216 0.03508744249333149 -8.2556123025575635e-05 0.010620608604437096 0.011066603014032211
 -0.023668864321032684 0.027119097927853265 0.010781264719158893 -0.074656737575689414 -0.10158340336682455 -0.0061418063190882806 0.090523652768667098 0.081686306834085842 0.057491266905924689 0.046196140369605322 0.093080002280326424 0.019695169004705415 0.04212192142060199 0.06888572651158513 0.033330510908278273 -0.048509976934672384 0.10109799569453776 -0.12753122150715773 -0.064074062444366559 0.02739342581632092 0.0015471679821017028 0.10680498619100853 0.089941394875560868 0.038486144049915065 -0.10289769630137618 -0.13334328102073445 -0.010618258856975623 0.01788348322509907 -0.01503957544613598 -0.14686455980321231 -0.081669668304875404 -0.034772403675119037 -0.033005952143362764 0.02214194448920926 0.067801475430501856 -0.057900524723227348 0.0072908392262206398 0.08382034348477406 -0.00038696706571704975 0.039262439742989423 0.05948490507197108 0.01401531011957334 -0.084115848831306669 0.057090949389091185 -0.12322440536700895 -0.026730439269331465 -0.010380599894872533 -0.10789202515975634 0.074082139650526319 0.021008853554506286 0.12452579120562636 -0.017497576866042388 -0.10659471751582843 0.084084643300860434 0.067331721283319657 0.072697567456919826
