# Created by Octave 6.2.0, Sun Sep 11 01:47:21 2022 GMT <unknown@LAPTOP-P0PV0581>
# name: Theta2
# type: matrix
# rows: 25
# columns: 26
 -0.085664705405974123 0.046339011882662789 0.060074782737434343 -0.24156905037403065 -0.017761613422319213 -0.04520095038883444 -0.072849263096550002 0.094572588934091761 -0.16943702014552331 -0.03982824547796552 0.11368647367728719 0.1306614804760951 -0.064925850652086697 -0.10358851253785645 -0.084749984329654915 -0.04047888213686783 0.062510364358636591 -0.010335282753096059 -0.024316634987410664 -0.086437417425897153 0.00020472160458984173 -0.12827798969038284 0.026808373593584137 0.014342220891757445 -0.06631920993189673 -0.065558740589097247
 0.097038008795011205 -0.057992201894193657 0.011218034773715125 -0.098029748239387954 -0.082312190440455429 -0.12042990519709523 -0.087576590131220364 -0.055604523514363846 0.037530699995083142 -0.069857856032162782 0.067217083104239059 -0.12335003000531833 0.045445564955666144 -0.11928333728115334 -0.048247101451256026 0.051868462046405758 0.067242187234689915 -0.18451886084909472 0.045545523340445336 -0.001658609202530398 0.028156721765067051 -0.015531396745231893 0.0826893591737137 -0.018397985186360898 -0.12007310160257062 0.022153637758025289
 -0.00028063593087593737 -0.040226722264656671 -0.092155975176102231 0.029543925050361047 0.11268132206798363 0.068657533622089761 -0.091404807462028115 0.12121992382694069 0.066876455761656739 0.15827929957492956 0.0094622603673052939 -0.099084721428954387 0.10764969985248715 -0.032843830863823337 -0.11043776000002165 -0.027418811523009033 0.04886102376288759 0.0051438954575578951 0.012061354064126822 -0.16515657385248184 -0.050396716574394207 -0.040360600467559613 0.00044036218071842929 -0.021572781836437901 0.031755921929425696 -0.01699419017813586
 -0.026946304436152018 -0.097260904900939429 0.068604868840887137 -0.030995401300366501 0.015162850000001636 -0.054996261443140813 0.10552169906032124 -0.095656136898741542 -0.055409870107374699 -0.050202634345076554 -0.10334205798792954 -0.019718384833664979 0.047990471487155684 0.093621605984162221 -0.083173982455592613 -0.041424951721030973 0.098076423498314899 0.043028877113083473 -0.090163343482343714 -0.034419554681167815 0.089657536355945686 0.031594234389943111 -0.043000759506806763 -0.083531417308151293 -0.040316903489495966 -0.065316468155455637
 0.1147901896403024 0.03394152949431252 -0.12801630436244957 0.049123395809470678 0.082821792692172519 0.043039917792078462 -0.098328955221317349 -0.1352751074827053 0.026178729649644617 -0.011639470225578768 -0.057704452779598764 -0.063178794348156792 -0.0024062495681905103 -0.068037138618373169 -0.10206884274090232 -0.027259965892032501 0.069189945602424863 0.11849454213390503 -0.039129519850940202 -0.13794606023385123 -0.00033600972252205224 -0.028569561425335295 0.01922656259637856 -0.089456634898342421 -0.034126266866289126 0.05883557616410183
 0.065239246562480993 0.037877536197059601 0.035406531204406469 -0.10536832375572458 -0.10451019198869856 -0.097445743990803815 -0.028435265371820954 0.050622026700435363 -0.097816734346577353 0.13630516703949475 0.027740843267556634 -0.039160832991887183 -0.039030670891543572 0.14573095975269329 -0.16274804035204768 0.041435451536285493 -0.0073968247339180017 0.0013307940213106082 0.0037173372365171733 -0.11720810060560576 0.087274831404570388 0.03411571311703377 -0.25015250429581642 -0.015978522011631777 0.033296768545059856 -0.069524478858380284
 -0.048356112804257452 -0.011253265175995045 -0.010363605214068383 -0.0046903555847782885 -0.1303556409680518 -0.058082030496993085 -0.093183067646931073 8.1731899436079822e-05 0.036035954997785648 0.021731179599960748 -0.018119632528667766 0.027277642458020161 0.003155894083635149 -0.080081208119053962 -0.016938354326489345 0.092704774016532265 -0.081147227911371231 -0.023082375602724452 -0.05324906512341087 0.080882872711818571 0.090523508630969224 0.030094266602403771 0.070949318034966041 -0.015470557574752684 0.063468473886263352 0.0044245717531140602
 0.081241315867242175 0.1452823662389498 0.0061425957978920838 -0.05053063607578176 -0.010554485860312331 -0.1631121330483985 0.019601145068708973 -0.010953259028484234 -0.15457623620061589 -0.024412890099855766 0.026141735112747994 -0.02101254193122221 -0.10753091838830411 0.014323859612761119 -0.14957128637784817 -0.087315548317457928 0.0030294604011122418 -0.040903915592991592 -0.024004071681495629 0.0040986926069149342 0.0079913936435360641 0.038615955599608669 -0.16588235276830146 0.090572038516089498 -0.041845611296755694 0.0093379634057606103
 -0.10113681567651209 0.045803679310300091 -0.010575504642536961 -0.042042367469145095 0.0094419234592077635 -0.17434766238850125 -0.10957345918011654 0.018883722284670206 0.025054048460413987 0.063016612784816892 -0.046376260439981172 -0.031431633479972597 -0.17303847424498495 -0.044729913280464453 -0.034356616906132467 -0.055177356093473656 -0.2336715498052257 -0.0068406175202608008 0.0019979044356689337 -0.04870673063913248 -0.098632371195199089 0.047719919777705802 -0.034808562956825419 -0.010968397901925339 0.014893406510470745 0.020094075228336693
 0.084996361966314798 -0.017246959307112602 -0.10193236251057831 -0.08270192485832023 -0.030861055609451547 -0.15200129711271654 -0.010547715192628152 -0.035894437371083866 0.1029708679606785 0.091419047077662782 -0.0094208347660300583 0.031585199106965597 -0.0078877565195833721 0.11483028946548791 0.038892207844369364 0.0077792643245577203 0.031312209730898315 -0.1271415322246271 0.10094656976367705 -0.11032962634947042 -0.18783373175305629 -0.064791045278597151 -0.0055973303380776 0.0092368838212742305 0.0042125409271389289 -0.032191938863434341
 -0.11744731101923267 -0.025099700771174023 -0.030937708192827922 -0.014492204062648614 -0.059852099225582073 0.017760095455561786 0.046508934679311921 -0.13860764689463423 -0.013178613991554792 0.079197759043437774 0.024052378554906939 0.060997783753507576 -0.11765087231855401 -0.072109650086211674 0.026511825649716422 -0.009987855550533135 -0.036814345187330996 -0.037514163231023821 0.0059706850109473098 0.088309172596520755 -0.11785533525360696 0.11863992959333861 0.12843889489642296 0.13972015741148999 -0.029400435520690535 -0.10977216645244629
 0.075962292747857624 -0.027929795223519318 0.047880245542023608 0.00011030657768277847 -0.047631412248314714 0.037846291470894348 0.056398647664265687 0.041634103384921885 -0.10027056105853348 -0.077998688949148687 -0.11318774872134016 -0.017138187408807154 0.076472604610653971 0.09014988499555078 -0.0598852162195984 0.11342340714550364 0.042956716542465558 0.12724643351342982 0.0034059688192511644 -0.1138300208695773 -0.083328203990594166 0.074920707734863604 0.042748347381856164 0.010839373699482303 0.029008188540035611 0.012187701620168334
 0.057497848337049892 -0.00290644957272995 -0.12684062488810396 -0.12572065795674631 0.081492390622522948 -0.032331486619122447 0.017852168296941664 0.027676709112235832 -0.21528103700595347 0.032291465486257373 0.016603195295749468 0.057583427427181054 -0.012546688969362887 -0.021402698215989762 -0.14589288246333151 -0.05469614628091006 -0.10323711008389801 0.097988110838869769 -0.11646853745094557 -0.10190923529474115 -0.075768463111774986 -0.12384685626398168 -0.10611438870742024 0.19158042123912558 -0.097743369806377628 -0.040180702559276443
 0.0041302859847778843 -0.12379093970937935 -0.13017104284783787 0.056117616839682104 0.062472122860353245 -0.060038519731744754 0.073357457680472388 -0.076765512534102728 -0.086433627823690712 -0.025859681279136786 0.099412886255939137 0.10178422325616551 0.08351445448045855 0.048496042051355735 0.14909474854804583 -0.013013261047508129 -0.11248918027826244 0.054110801759172954 -0.038084408606466322 -0.0046056924951967037 -0.012187723537254933 -0.07450613194708583 -0.0036961313940421896 -0.093839482204719299 -0.023421573804819153 0.00032104742447482967
