# Created by Octave 6.2.0, Sun Sep 11 01:47:21 2022 GMT <unknown@LAPTOP-P0PV0581>
# name: Theta3
# type: matrix
# rows: 10
# columns: 26
 -0.10704391200250381 -0.092011754306226143 0.020443185177538972 -0.042684055331033297 -0.013119250658587638 0.064955228053320782 0.08428385184912715 0.014198761212127093 0.1696025975542893 0.0058608366333154794 -0.092362812674349593 0.013781241199333142 -0.052859873372889506 -0.055035972555970869 0.052371685144654602 -0.059815107697088962 0.010443513922467122 0.0093512403078183266 0.068431532485864394 0.17098698580651511 0.077234443239556638 0.046158166769882873 -0.073491544075668325 0.022100631795839525 0.0019394803903236071 -0.025231627292434024
 0.092726806253590283 0.15424963869596239 -0.01552918804997654 -0.099671830428281413 0.00013133177848257535 0.11320535279350577 0.15430067888450349 0.031642355676712329 -0.003493554338916554 -0.10659206773273297 -0.078869277974006585 -0.032166150954067149 -0.015091204972898018 -0.0014942960612604739 0.02564447514589379 0.029731388269714224 0.042766099879061582 0.066620658800319851 0.015694437633312297 0.048738080786793397 -0.13297345357868476 -0.18554692117130853 0.029068380714950246 0.0060219685312607992 0.062286998055772452 -0.0047838782747085433
 -0.09499537814388638 0.11845412739076754 -0.034743717458779237 -0.021798773231808968 -0.034896270811893004 0.060066367830740028 0.05205250291164637 -8.8495036339540967e-05 0.026291715079107745 -0.0065472819653987387 0.071527104126854479 0.03244065255867136 -0.033800053257559796 -0.054227154837227294 0.035037902541380936 0.08037803660602888 -0.074104130016557829 0.051896790606845551 -0.045689553481126924 -0.06359884437837765 0.012650773334760786 -0.12514053084428453 0.077452172641334582 -0.0019308126534215635 -0.018407873036926349 -0.0099729851310596234
 -0.077777729750571345 0.01179615042487049 -0.095833621212071909 -0.12724859232807664 -0.073357378416214342 -0.0082405831264917087 -0.0051808144081521637 0.061367459814311187 0.04025280538826697 0.0082545161147224468 0.014115026360499588 -0.017653845297812418 -0.03007999243665228 0.038929770705279726 -0.049455284663179444 0.090233005794526797 0.06811334704419561 -0.14296047923490685 0.049745178001450507 -0.073766338918247257 0.083995023054030005 -0.0587073079638748 -0.039016296452884701 -0.07099116707465343 0.13267959734187451 -0.060001501518661134
 0.1209142493060774 0.078625474458601782 0.11419327017464428 0.0053649103742456914 -0.036509736628349922 0.06899323275476428 0.0353110539686773 -0.0061739996884565837 0.13732063999607219 -0.20731287525921063 0.096386118344254895 0.051841515621698961 0.035902656235717353 -0.053966621396059566 -0.0012986586096863384 -0.070134216249556736 0.099963378794404784 -0.047341898985634699 -0.043943891085036858 0.048007987473126228 -0.026068839768448707 0.099527763333327385 -0.20588027694641237 0.13636339774932546 0.040271094953733384 0.15594658128073199
 -0.086014756916265783 0.047939827622356192 0.11026442358013169 -0.12404765131377861 -0.029379008083667352 0.013831433354660578 0.03803384683110838 0.027179358094039683 0.0049394658661937292 0.056300474803976701 -0.11759071924641973 0.006850118777388072 0.11400862526613004 -0.03914650016919359 -0.082981870889244747 0.0075004821909977204 -0.047096291749347902 -0.11275825275620543 -0.1158827822460216 -0.018769623787348717 -0.010451064715215907 -0.08757402574836308 0.12742256455015777 0.07528542890746405 -0.06056179071486819 -0.00801034944555651
 -0.0091508313853953457 0.087624689741299708 -0.10216350925645903 -0.06680503130753436 -0.019864344769710291 0.074451753501265219 0.013915159416272201 -0.061395373563827134 0.0092417130489825892 -0.095377967809661415 -0.055133768658032059 0.10490433835690326 -0.044220119241879144 0.074449963695654306 0.075806170675300613 0.032161974485842376 -0.061619137011458297 0.031024354061705766 0.061372776833920763 0.027532367276906462 0.026414114164598188 -0.19708317550914198 -0.18237101812254142 0.049487956313261847 -0.051244974489023654 -0.0017389168902601326
 -0.089851355561387417 -0.024825662578160969 0.070420095722290812 -0.077292141412565879 -0.08192648579275856 -0.0085979499098955744 -0.20597495990000109 0.012435708113756669 -0.016589323880157623 0.047224774598907004 -0.049478083309567641 -0.015780339451605604 0.03820578103604886 0.086766145121255939 0.013294624027914004 0.084892329554315332 -0.064560660386842869 0.010618763078783323 0.032918511886582444 -0.0570502599868686 -0.099858955224069096 0.098280519055085933 0.15514384410947171 0.035761792329644312 0.0056979992786060241 0.066201743856740269
 0.060196877000290201 0.01095915779014388 0.0016078392671363896 -0.11461695953786315 0.04372695084552701 0.10321663848665094 -0.0011143236946263022 0.07828308172291415 -0.016370557664574469 -0.059204774761581536 0.086550830850285157 -0.022313397078159155 -0.070773165692396833 -0.074635823324763706 0.085414910460164625 0.027766291854900413 0.011845225610142568 -0.0510883476145194 -0.020579236578947099 -0.037111608030054366 0.12838248985442202 0.14428023975392471 0.013217025924765674 -0.14119026935335871 0.041149861353961342 0.053513335273659063
 -0.13060095377086753 -0.1347186137155173 -0.024421968316016004 -0.17085707108526049 0.023152740349692912 0.082987638283391604 -0.17898334453169124 -0.032508862963549746 -0.023365182919773381 0.012193822075676255 -0.12279111180327312 0.020520699505364472 -0.0042659950564113537 -0.29945119935093267 -0.05419660535223482 -0.043136403022831137 0.10962671737820059 -0.027058538602314212 0.025316039049324897 -0.091844091597356264 -0.18371030158050974 -0.048280887255071799 -0.015082739254327541 0.026273604776189098 -0.10804590698809829 0.028504864357350605


