# Created by Octave 6.2.0, Sun Sep 11 01:28:29 2022 GMT <unknown@LAPTOP-P0PV0581>
# name: Theta2
# type: matrix
# rows: 25
# columns: 26
 0.10484071813789191 -0.27025422623282963 -0.08055245981989223 -0.094874753616981902 -0.0014483777834531134 -0.094060416830241675 -0.00039113304313373557 0.068808638282048196 -0.027456084411062502 -0.029805332800917586 -0.069659308059995428 0.054836690339148862 -0.081357607933253376 0.014636412273267296 0.063619570324002728 -0.07317822674201338 -0.099131524965748813 0.15782747008181688 0.10964700288523041 -0.020341586009708836 -0.061534019369495527 -0.13217482876400552 -0.036486183817177373 0.023095903576529107 -0.0013977019009658088 -0.10694085186559502
 -0.08013197981332304 -0.082614759512552358 -1.8762468898628605e-05 0.049639779388971822 -0.021091118882382496 0.16698268402226188 -0.043614465298760327 -0.066635954038627154 -0.035811068826337569 0.011626333687440236 -0.090928905595574525 0.036834153371835932 0.055183211144646471 -0.14747129591388825 -0.085760894044017585 -0.053873508553871519 0.02466926662089652 -0.0086938196956267561 -0.0014191204763848667 0.12893615974345299 -0.016930637434151526 -0.088951976505381752 0.021762208515517682 0.027223104753653922 -0.0064341905527346309 -0.10083285462719037
 0.036728820130934439 -0.22353768395542511 -0.0090196844534955606 -0.0069389550029459388 -0.13091504186518108 -0.0062254492429085172 -0.26808429339653839 -0.021736931198015091 0.071272877283033539 -0.042856419146953449 -0.087298310287138109 -0.01696662921880206 -0.11194382192590847 -0.008893309601692316 -0.059197413642613994 -0.052255831101392737 0.061891187017565193 -0.040475798383225382 -0.12083997015347189 -0.11480533729893916 -0.012466018095588935 -0.21195216925044344 -0.13337744814402083 -0.024155885719971498 -0.06400653446731 -0.018481456012529707
 0.044073065157763013 0.02272693075661127 0.070116934511462226 0.15310725288892763 0.084951897508044757 0.043665724128215858 0.030921851734014339 0.022660502542979351 0.14749498929202404 0.0022980407874357927 0.048111956108554156 -0.054277709615168597 0.014696814061890509 0.11400438799021546 0.0050616940243570713 0.0096155311094097157 0.078784424559193114 0.0064916915906880193 -0.089262468363153713 0.057864221064979793 0.11963042434658482 -0.013692299136278121 0.05777911543388102 0.029679463554289055 0.0084430078027567194 -0.20175774492963724
 0.11203905259729216 -0.051504426996378513 -0.076828037783909037 -0.078146289324364945 -0.10619053325612694 -0.012701372014219555 0.047119850808676284 -0.020138717392488355 0.098937646155757508 0.0014249031152218585 -0.080244938308520183 0.033446180753685918 0.062451530551747507 -0.01561786390601142 -0.18745435738664584 0.060776188667863981 0.095981459761248888 -0.10050722672458048 -0.0011500896779454602 0.034393353809262096 -0.0041246191565785205 -0.048393276097597047 0.035106365943235456 0.15434215927635822 0.082277680873162132 -0.054767344744549876
 0.10283677103320338 -0.13713306565558248 -0.078792608956753274 -0.16124459306710326 -0.13936694372174113 -0.03079261894029604 0.020321656453919947 0.081936003966603221 -0.075825871890870353 -0.053563599083358587 -0.04007653577853762 0.070715632438731482 -0.05242520116769029 0.01515425996380586 -0.096896843029259161 0.0027044392300817756 -0.010209950652616663 0.015105368328540635 -0.12741982842767771 -0.041550368615033965 0.056360647761775115 -0.087808692411755748 0.0013192897404367024 -0.13109133191023636 0.036184733970284204 -0.023528486773032934
 -0.1204266378344117 -0.20153075325188155 -0.095545808741669666 -0.075249881649635558 0.0015072469264897999 0.031355212018145825 -0.013111761550489997 0.069291440930812728 0.019923579832348343 0.09128144486382346 0.077324246057366361 -0.053313445742833622 0.036910370635608758 -0.012174094230208425 0.038575808828179542 -0.027269506460397275 -0.0096521632373438686 0.017455374704014641 0.05952837604791518 0.097669214495996928 -0.019480650735089106 -0.18642261505444591 -0.11240035731685206 -0.062280085409208229 -0.079361670673092854 -0.0068932976506284015
 -0.052116095893251238 -0.097185139656194547 -0.059637509325933785 -0.13431296773322951 -0.071996882685643679 0.060869124722419461 0.0064924122937045766 0.016530397555302445 -0.057881715550049562 0.091623658007532222 0.023987377350643543 -0.023752192920510052 -0.038726149782870638 -0.10875223361430911 -0.092412082677232277 -0.019088567903972765 -0.073717146969742839 -0.030606501105440914 0.059828357571041775 -0.18310609667574249 0.10387662421313087 -0.0021406532486421617 0.030113131334525482 -0.14262849127327679 0.04495483416893914 -0.038702252001420238
 -0.025785799648242493 -0.025256799599682245 0.16069107193766841 -0.083165404196422751 -0.0028235344613225201 -0.039732652360998003 -0.055478086424843302 0.055062320700220414 -0.018051260808904072 -0.059655376871928747 0.055003312515482294 0.084858307585686896 -0.1306802807897392 0.078155385354656368 -0.075429141537937783 0.029921783358453979 -0.046737805100692933 -0.088713908989970572 -0.042460399800467737 0.14236216536905219 0.0088101803211460897 -0.18706093102512597 -0.074331626659327785 0.036857766442811288 -0.033178774517407056 -0.093819317720997553
 -0.10126666724476588 -0.19491805321586231 -0.032093552022370492 -0.15742918851814661 -0.10609116636744799 -0.082113409585043901 -0.11547847188565794 0.0048865510840103111 0.091703310541578958 -0.058495702107009606 0.027591017726972481 -0.1050266003766672 -0.060137499070566112 -0.0063594345129038424 -0.035933833882975261 -0.11353198361458193 -0.064637444509509312 -0.067052455311027853 -0.10525718153015287 0.01466053787958109 -0.11926202123245803 -0.23823335468421858 -0.018497549743250043 -0.11483527558449921 -0.088264400889472128 0.060233232422489187
 0.035285909245514273 -0.14514773724799523 0.020652858854119303 0.027760757465554273 -0.14100010528280282 0.10414371967646889 0.056941387932724789 -0.091162383350973916 -0.093299498604265355 0.11333533127751595 -0.073214655016090438 -0.087158710455293498 -0.088367456646380363 -0.011963315337195177 0.018955359261118996 0.024703302995327411 -0.15212030234126811 -0.045254998785259459 0.077309389990077651 0.096534963561558926 0.081938645738780236 -0.061266136995619419 -6.2241317355470058e-05 0.073156640995038366 0.035523295470283718 0.034256260015063808
 0.016666239169047289 0.033947503221787509 -0.027516298470136299 0.027527746218870108 -0.028655212094698783 -0.1601638140268449 0.15608287832434845 0.033906375957921023 -0.10260273286009337 -0.08612727357860385 0.13966742621779837 0.037824210270010976 -0.1086750602759461 -0.055942594563846058 -0.042164056629607045 0.0022499004448279228 0.054372214848214667 -0.012209223328694653 -0.010689287566145945 0.0081015011894509416 -0.022637137372313966 -0.004320708176684237 0.011527807158101958 -0.13871349635634611 -0.17767444518301032 -0.021522283327224348
 0.018476291034043177 -0.071703815999092452 0.12134161244282173 0.057670207759745018 -0.02609103723035211 -0.037887636466002905 -0.090354659378333591 0.096976200587635342 -0.067376218975747942 0.021923247823460591 -0.067872332055830487 -0.054615859009127812 0.038091782896558228 -0.081289676829310709 -0.092468054528603877 -0.07069391690651014 0.10385534354071267 0.033426312323934462 -0.0011298821197624875 0.13206700364302892 0.090984268185370712 0.07614308119959548 0.020529756347877369 -0.066901034521951189 -0.077164869279353912 0.10470493152163798
 0.018623884513392346 0.012131079205117936 -0.06325313283135256 -0.13000221479149246 -0.13432845368604335 -0.013563506251814135 -0.1585442732601475 0.027264611061653416 -0.026013363618447964 -0.11055662225389343 0.0032034724388501326 0.11630777293435914 -0.027696894445506076 -0.094129582319496488 0.070861630251135926 -0.036723884457869442 0.079267957868951813 0.0076398699092712283 -0.045500779124167286 -0.07664391153769351 0.035019059168807105 -0.24599168116076983 0.036809186476025865 0.06800341261552896 -0.054240258559601962 0.011974273105259255
