# Created by Octave 6.2.0, Sun Sep 11 00:27:22 2022 GMT <unknown@LAPTOP-P0PV0581>
# name: Theta3
# type: matrix
# rows: 10
# columns: 16
 -0.014134064569604721 0.10921738854220776 0.018736634019901176 0.00010302248279825376 0.0095287515460433653 0.016657750287661605 -0.055602334165733215 0.054459290518376606 0.021393261389382506 0.051044550632025898 0.022070986662834434 0.085508321300667309 -0.026133843142982716 0.078800166242113237 -0.069381708428943964 0.0051983411748468111
 -0.10839525105910665 0.056236258852843758 0.055160340048589419 0.034821556690670746 0.021597547165095338 0.010810301429761646 0.22170549797192582 -0.051506832514758849 0.091229486548031979 -0.0025643830597351955 0.084014815911119797 -0.083805965057948822 0.056921888090149128 -0.078821146561626754 -0.070825132324143544 0.036620105747736012
 -0.14275000297685331 -0.018606692716376837 0.06971463229566903 0.00042869752774034835 0.010650634715188874 -0.027407482388705776 -0.11562312299203739 0.061667648021868623 0.13305271721544917 -0.11919379886970632 -0.0013715005746791824 -0.034831346198885518 0.0054001156167985294 0.065830163557050098 -0.07839002543097269 -0.044498388616316407
 0.042936573174727842 0.094422475312332083 -0.036342270787010744 -0.074438301543165178 -0.036029913557552314 0.048550641204101283 0.0262118577711517 0.0078528206827221513 0.052960042829468569 0.07528608409026831 0.11698680018695677 -0.025979576362211872 -0.013384537934703216 0.10249377931388921 0.15020016512982681 0.063668613516878247
 0.11375058083625768 -0.05412815581179916 -0.068389032990028895 -0.087561962402022228 0.019683315672368105 -0.026798097647674629 0.13682203575477581 0.1150015881489584 -0.14838145170697692 -0.057129466511014977 -0.020142623643095988 0.10979047185541388 -0.025795630670576671 -0.10078306786253122 -0.061646996804364119 0.029805964990026267
 -0.11875054598219566 0.034217243024652337 -0.070824074503222825 -0.14407377573037081 -0.12386230385773525 0.11571616442278236 -0.0044625750769465332 -0.0067770793208787646 -0.030428464494448349 0.11431814382868252 0.036239795013457254 0.050135460275085211 0.1305264675728201 -0.15692034749992864 -0.11879058840389686 0.073363224904132426
 -0.075846480478691913 0.11688530751595635 -0.014305627027185335 0.05408881178959396 0.082579309992595579 0.16977147602231657 0.07715794370373745 -0.058032287647532446 0.14781112533896848 0.12973405207415412 -0.081737086225829605 -0.14450644298425691 0.021947231089450878 0.046544688275067442 -0.023445230873485483 -0.053774426816406172
 0.079412176552355537 0.0086302199924259606 0.019435980265055743 -0.083673934085270699 0.0046441136275742357 -0.4674364087067589 0.015318228064447976 -0.035617405613238916 0.048312208203546023 0.081849314219869379 -0.0042618951389521648 -0.069521973189486191 -0.061119614718399738 -0.12475281491731323 -0.10584314317488361 -0.10887802392700383
 0.0032043772682662872 0.075367243233308526 -0.047374392688366358 -0.027835164712804863 -0.024870476436973526 0.067505085322644848 -0.0177511082324526 0.061699863980989283 0.017453971316481631 -0.16819701213463445 -0.13271159275040009 -0.075501268228354568 -0.16157613060495463 0.15404768913778699 0.11509618750930652 -0.0239485961534554
 -0.12464874153916539 -0.29437117408384567 -0.13121170164657925 -0.078501027274042581 -0.059016208710301832 0.13155148824395554 -0.10839723385606909 -0.071922381069755847 -0.053695578722359187 -0.17343319414098538 -0.14012678838977607 -0.13311699398114868 0.0059163761631740993 0.10626790088540562 -0.096746697506426838 -0.019097083207354114


