# Created by Octave 6.2.0, Sun Sep 11 00:51:29 2022 GMT <unknown@LAPTOP-P0PV0581>
# name: Theta3
# type: matrix
# rows: 10
# columns: 36
 0.03133802261159991 -0.104915788319111 0.010799624041165655 0.0084911703836819848 0.00086981359029053161 0.10054905974866109 -0.044141244243438037 0.0077517958821503308 0.28199608121635023 -0.10223449028654387 0.14125086932709416 -0.10144993640733264 0.13550948483782677 0.033993253938092167 0.021265504945930817 -0.08487570649044103 0.12365260663373066 0.039424672361124624 0.13233079157019864 -0.078857452598671163 -0.12087928368198549 0.056605760334659028 -0.17134487288704905 0.08526814536399771 0.014372680011635042 -0.10149969559503567 -0.29424338478614526 -0.19073856659085792 -0.12913211835213334 -0.29649979819457783 -0.028585251213224788 -0.10839772983540515 0.053575222628414888 0.10392683374478738 -0.17697635793975341 0.015519844347388175
 0.053031819810366455 0.050777428153841432 -0.0045242865659737572 0.038896636823456641 0.097994560833807254 -0.052652471467884709 -0.093414079757866503 0.053588805099839334 -0.16946807615791423 0.011677689727450067 -0.089657558434166354 -0.18633057571932324 0.10043213869481503 -0.18034259763513447 0.18190549416160867 0.17894787257572409 -0.15068846769823716 -0.1136056432132642 0.16801900682257961 -0.073577249569083611 -0.14232293421259581 -0.070241464152935293 -0.1430024669483024 0.089728169288029708 0.19333109596462403 -0.1024154828435911 0.099361590132327912 0.084395503512160949 -0.11980105038791161 0.090430049806006274 -0.088266470305244107 -0.037268961885654366 0.024567873718395996 0.097115156185882845 0.14224370566141795 0.049822323404274275
 0.114817261113535 -0.054063482740758013 -0.028562098545708375 0.048853192831926032 0.037293763152792592 -0.040535758312721631 -0.0037435650127930109 -0.080981003601527352 0.038654665879919239 -0.14844032815203378 -0.13206489513335129 -0.33145970049640028 0.058722684066914096 0.0018669387315357743 0.042862780831204893 -0.069084991106402829 -0.096747524329609605 -0.15149667863496213 0.074036417938343257 -0.11208335327473455 0.071913379995281981 0.19838212574364936 0.0094117888128780938 0.12091554571963668 -0.048578400462342852 0.18848338550311541 0.0032485338445058928 0.037763244681664095 0.019773651208384063 0.26966561733750205 0.12610499671185577 0.095003688979786852 -0.078568944771181995 -0.071925504787572619 -0.072526166318514274 0.19009000788847616
 0.06905664745775715 0.068956911318663869 -0.14696808703277295 0.14588657229907345 -0.018245559620633591 0.081680195427699845 0.11560001072411973 0.003916153994256307 0.091626344367114657 -0.13578170349576701 0.024108965931747876 0.18091926522733601 -0.13994761408173234 0.15857600820763726 -0.068663261187349958 0.15899116668882585 -0.12358662760097328 -0.09626698131363863 -0.028761405398345603 0.072770978803397043 -0.16709539288958444 -0.03049694151628185 -0.055554160864476697 0.15464346618390534 -0.19404983458265485 -0.15068745258154331 0.043888923008643443 -0.19127613508996619 0.037824563325161514 0.15165649645935653 -0.18078345781242436 -0.019915656905296335 0.056345846554288939 -0.17846847460881377 0.017632568239997939 0.15891560008830666
 -0.078954050714298452 0.012022010245810419 -0.18677102637860338 -0.12381468458624868 0.14076640353418443 -0.1240196034432506 0.24241704844725687 -0.048377179761223348 0.05441522540247011 -0.23762221438048331 -0.08617406069078315 0.026903348642247027 0.1727540440836865 0.011100143023208033 0.048139012462839588 -0.035105892425978322 0.08672366135250073 0.072760809277289742 0.0012577904563117576 -0.050290548133321837 0.055896206459604081 -0.051316620079599133 0.18535106906283655 0.052116812612396431 -0.097190426013929951 0.015868620399935137 -0.060552299363620908 0.049095332853368402 -0.19342108943015826 0.078164784776399474 -0.029123004319886677 -0.061444067886866821 -0.0050910968557266378 0.11759453563491211 0.10675486794785136 0.2104193025201134
 -0.11539158536269245 -0.0043215168206196869 -0.1705071794448699 -0.21723978817728568 -0.067767633180957271 -0.035493108880350281 -0.0043355433498050979 0.066114822266065562 -0.22127754430625038 0.14447010953503417 0.11796387161407719 0.12093817421896885 -0.020164336348276631 0.029178707470925071 -0.13556980335864544 0.16084248069902662 -0.012691552272633778 0.052601822834727308 -0.1340930679864894 0.078322936818863903 0.17348985812999512 -0.11083961273811876 -0.081150206825400625 0.020589320585138928 0.0074845422891124166 0.15023751374178171 0.0027156002054540729 0.17141684106008367 -0.069685095005651648 -0.16157913232973944 -0.23899662663900764 -0.053808742848433386 -0.041423118764523717 0.062325449448692644 0.12198410499104963 -0.25257732445973463
 -0.052209956036593605 -0.17858047491334189 -0.029816973784840928 -0.029523006843745453 -0.11121345557887879 -0.13882369643932657 0.09233392358931676 -0.098559581925422857 -0.053076528919248786 0.051135991301182848 0.091010767427581088 0.034764785219567294 -0.2425776444485008 0.18298353814843907 -0.05496141079955158 -0.089419765485265867 0.10237978273984145 0.067797274936401558 0.035815201788218128 -0.01148898796509071 -0.20621952191944462 -0.071594287220388422 0.11983120158714816 -0.11704488250444452 0.1061219068042407 0.051156732883980573 0.12048347729265803 -0.031664926521876725 0.26313683201502347 -0.058102293731440324 0.029193708539304798 0.18332437606492602 0.21585849636293375 0.069663758602731107 -0.0003895123554541435 0.12670773881356309
 -0.051283927082802279 0.06571411634548141 0.014281747088952492 -0.11877796519402303 0.13879444732217075 0.25760882384422318 -0.069398598901720177 0.016506553920357329 0.13014983109367903 -0.028885612883669694 -0.091356701809198457 -0.050627636171316243 0.099354518715902854 0.047267193412964766 -0.1552743775032733 -0.27114948055274191 -0.14044173255039816 0.069876952736995637 -0.14160750955146983 0.021620231266514835 -0.024023759021146625 -0.12534623761881727 0.058118784441098865 0.064247135970340069 -0.058903209963811272 -0.1246442941370353 0.10744271626646777 -0.061476633030944208 -0.05357560202047814 0.27160685842500937 -0.098021494381418606 -0.31069768113487645 -0.13790106466033292 -0.15654029424116186 0.11227974463755198 0.0098715310398972637
 0.0183033565471044 0.14151431774022502 0.13569366679274084 -0.032209038038970156 -0.14309209131065842 0.024514965177849009 -0.25097724083617262 0.15648168724542164 0.014472957329519759 -0.039648203860764557 -0.14342925468710827 0.1274334432103168 -0.086861251689953595 0.15560572415424076 -0.041333054436608584 -0.16698622306676936 -0.079653460527200959 0.030006130422595725 -0.0028006227201575811 0.07789661743020608 0.09570960386596862 0.063187141695831797 -0.015290939847348715 -0.18003393027985171 -0.0209097636348369 -0.2569399609682036 -0.078936437375789106 -0.073101199693191399 0.16524396529718868 0.049634644506229529 0.13404305802101607 0.23856564801495694 -0.19194922501038167 0.057745567276752771 0.099821586077554439 0.086816432167065166
 -0.015352204703514194 -0.0056761012177822274 -0.10250885505760403 -0.031317029289928813 -0.04125916293958224 -0.0046329503076580096 -0.055654440008969186 -0.1330657757724335 -0.078287324819490384 0.22741859871794551 -0.059337584140131364 -0.026927741008544438 -0.078199645134869711 0.17903830387895378 0.1568431637132931 0.086690377673867822 -0.07873625575545555 0.018214522750649192 -0.10580056591630908 -0.013497203104122186 0.097525681730509989 0.013003260346808002 0.086774979940695593 0.043190324338950134 -0.076216969408867741 -0.22426046376880263 0.12001284748197452 0.12651281263076442 0.052057153684321532 -0.15127862685336274 -0.027068818114556997 0.14833641620505544 0.15934166026804922 0.094448049728690975 0.059065348661139938 -0.19001409225612423


