# Created by Octave 6.2.0, Sun Sep 11 01:57:57 2022 GMT <unknown@LAPTOP-P0PV0581>
# name: Theta3
# type: matrix
# rows: 10
# columns: 56
 -0.013886830986489839 0.021554832251408355 0.13762544171367438 -0.036685646464428637 0.013449462459018919 -0.008054200485660256 0.17637466177526318 -0.054486655192614093 -0.15676166496874797 0.098945737046472235 0.05555777839286357 -0.097340539332272477 -0.0091034919178136688 0.040433707971919815 0.11040178430718048 0.0070766812446726836 0.089638004156194828 0.10132481136593516 -0.030231877855983771 -0.046086816407225728 0.045819751007180547 0.025437453340118137 -0.099264780975687056 -0.13819091118961879 -0.049194299918859118 -0.0019905553737488992 0.0054527991574687745 -0.011366130199210572 -0.11156891380102489 0.066248536769945174 -0.060546935280186849 -0.059523734923331337 -0.008926735013877786 -0.071386176662943487 -0.036359199502188633 -0.037823651784510338 -0.039285068278050561 0.0090822873170223663 0.14753562183364896 -0.073336265051924504 0.092346075850442411 0.034464639650228238 0.023737033128533602 -0.12068732736301654 0.050569152910014015 0.04746393398993335 0.025943459858025028 -0.1504249369640972 0.017796857918748132 0.057512908588444767 -0.043343616681458336 -0.054462328331045175 0.080965423576214085 -0.089754940228538138 0.076554132599556513 -0.028691695837343181
 -0.1031833875184443 0.057305039571868471 0.028480935287030683 -0.156539658596072 0.16254617041403546 -0.094246857389842106 0.04069269872066416 0.0097112343286853593 -0.062156871071341623 0.088310031751397455 0.02931535970566617 -0.019944305173016333 -0.097693614080010593 -0.11260866352230248 0.058572715382458805 0.15556019866827603 -0.0061682190159940116 0.048450125696189533 0.070676484028101852 -0.053999188594905517 0.10052191336139518 -0.066952807894720509 0.14730461588421176 -0.20895723998265311 -0.055047166070668514 0.067314761106087445 -0.081183702650380968 -0.049114880957453033 -0.098138897541052678 -0.086489936475065463 0.043812408987875855 0.096291449586437788 0.11010713973818421 -0.090580311043572739 0.11237561082996794 -0.066457759913307698 0.090041292028873177 0.050218885428082387 0.079771365265253746 0.10471255195183896 -0.029386642479506057 -0.031986265454405874 -0.039715195246903055 0.09219895841951925 -0.083574490541848109 0.013106659612129498 0.11766066994821886 0.041710980442099206 -0.017683813121494169 -0.057578617590623646 -0.057870558547657172 -0.088600457817372011 0.024475801441843404 -0.049800442574186109 -0.095724777900975597 -0.062135973911298811
 0.090053257964088307 -0.040454754618527371 0.030928720815210066 0.13552049537739619 -0.071191726836751401 0.046222838109100786 0.020546919982927632 0.020717070641039136 0.11217832534420123 0.0086691209121103618 0.044244056290911403 0.037815598464683534 0.12189470269340452 -0.083886220357490604 0.036335425828926453 0.031118211405648279 -0.011384681277851999 0.0089395582731913049 -0.030921566565097473 0.061629628129474513 -0.008393547371299475 0.033200695575519933 -0.068301548400951373 -0.053160667049217798 -0.13790320722431937 0.051322013329430316 0.058072050566663917 -0.099980609066774528 0.0032621740402002958 0.15436465409972697 0.06238582405825327 -0.055144517233498662 -0.036093378736249085 0.052146240846941666 -0.085327871806466518 0.15467220392041581 -0.12398545410401428 0.09462915160436873 0.1181117681994662 -0.034968816316008011 0.052068977899740715 -0.077050761235138127 0.13123205520336573 -0.051926062223185798 -0.13528817454965614 0.011475118060892055 0.0071777804374691641 -0.020477985309940466 -0.068025599667913175 -0.018246034326788164 -0.092161034300656766 0.013689473181877312 0.04391507032549205 0.065726702300369796 0.038271978948289272 -0.057222253595310302
 -0.065228030656455951 0.096609705169029295 0.026368619250359389 -0.10331469703633256 0.020474873083336769 -0.071173572523792528 0.013293534760963621 -0.062799655324521114 0.057242967921357191 -0.069597825034218491 0.017388773709168786 -0.026588154874119477 -0.12412262971915458 0.061555936859993943 0.13992960725851003 0.044550432634443263 -0.12599058128790466 -0.066507505184247612 -0.3385479930373182 -0.08829423603107224 0.090177329791322175 0.063295702777328294 0.0095570842214113567 0.083584665397844926 0.14448797584910456 -0.14703605481564294 -0.13071720052849192 -0.11482034517270193 0.0036348782727225475 0.069188125303702011 -0.12872851945986358 -0.0014186886634105446 0.036477962781479557 0.039257154455416526 0.077247709791319688 0.15928733548280041 0.0076769933954964047 -0.042973125085453888 0.060821445333896607 -0.01900590349332212 -0.043115279520653221 0.0062279387438494409 -0.071706973238154378 -0.23516203117520165 -0.026555716496268488 0.090574605373956146 0.017075279212513391 0.1017348168932425 -0.14324285165355641 0.19033440832185874 0.10524115760501537 0.0042911017368007457 0.024229604299110315 -0.078460879156645277 -0.011446278509151864 -0.035162122596410841
 0.12749476888451503 -0.0086389242998710196 0.050027768782155355 -0.025260905890181942 -0.080674443285750699 0.15878010982579438 -0.048853700618144952 0.14311558859787146 -0.021689240316781037 -0.02804298823335008 -0.14502747720303297 -0.048483916312611064 0.080470107403436728 0.026020232495037963 -0.017703630525701997 0.05135536077225733 0.045122075286251888 0.090990763328120033 -0.018467746496068315 -0.12025022610516607 0.08422256351669645 0.043509232880285506 0.074834923741291956 0.058512583864313128 0.055690860429637931 -0.053804457752451219 0.18205770502192375 -0.077313823283644348 0.028560289151138455 0.033731118942584147 0.059781825887606249 0.028108672329522518 0.033561363850484222 0.11045759881548785 0.029800952235981348 0.10439525000414263 -0.053947435880509154 0.040953420063038641 0.005013213121803862 -0.0404962740702881 -0.03152103640063645 0.049043032307704751 0.067547714099239403 0.037104471853065014 -0.014446581356160771 -0.0088398251423041328 -0.073269344286470528 -0.0086848689551354222 -0.036799367302464019 0.09818767308228607 0.051587409529253239 0.14584510643842052 -0.0063876999012826129 -0.057279109904626598 0.12337885746505155 0.080606268005657331
 0.064035092423410059 -0.051770666221635474 0.10384070498168291 -0.019110504133939124 -0.086009765342871969 0.16196539755986353 0.034504546344175331 -0.18057509456708598 -0.021723066262500187 -0.14424192814924233 -0.10248424335878362 -0.039388597872747108 -0.077055655073782467 0.069641082370455479 0.002702708355755621 0.088363166559928236 -0.068429693022976107 -0.049659366101048208 0.029631557175761002 0.073283693846042511 -0.1320939143446172 -0.037476364594371994 0.041609441922656601 -0.024170671135387522 -0.041889130374865462 -0.15379957886051465 0.078868996814885808 0.091175433894665009 -0.15456796573296863 -0.083573617439779091 -0.085930117122120231 0.018368357260627341 0.0068348242748741501 0.012715625108429269 0.18285704418793006 -0.029006718897965675 0.14557567804975269 0.071332901704514409 0.045075894159407381 0.0098889942610010054 0.0080540077158100295 -0.08259505819716631 -0.090348335414233191 0.0084874850812208802 -0.11988936795532762 -0.042953040188906638 0.054818854208604523 -0.082377809508225458 0.057072285246166088 -0.15204643716084981 -0.06384528228710605 0.0064669954345745783 0.10495875781493758 -0.044426796495099272 -0.022612878775110368 -0.028793092411610162
