# Created by Octave 6.2.0, Sun Sep 11 00:35:49 2022 GMT <unknown@LAPTOP-P0PV0581>
# name: Theta3
# type: matrix
# rows: 10
# columns: 56
 0.0037583843893769309 -0.06366314180744985 0.043469296638232388 0.090038643123924164 -0.034220139777403014 0.13484289308175826 0.10129659067611131 -0.033506995476486931 -0.02168977123769068 0.094041452257706104 0.075436193586542896 0.030548717840917311 -0.054190291087746284 -0.069764019738570424 -0.14400996111051409 0.044644389502588894 0.013701456754819727 0.010295471564039435 -0.013659287627219237 0.063383693299213062 0.043444210686156587 0.0060093000885664818 0.010035764616530569 0.082903742433792088 -0.020786837723289465 0.0004747846591736754 -0.043309314347126815 0.15068781670089354 0.0082056193428248735 -0.037325031810542045 0.038614113347970151 -0.0024743716953183879 -0.14494768612854034 -0.031558504794862059 -0.018154014795780417 0.02123223135368689 0.076500361062700528 -0.086630525292232655 0.048882853013518718 -0.086136844675595944 0.12837198335602953 -0.11810200390011961 0.14761825166719586 -0.056281475164736569 -0.026165952910310469 -0.073219184156396361 0.076993563154087064 0.068438386958220881 -0.10641841408755333 0.17552643962195447 -0.082057132848509837 -0.0055757899396581068 -0.065818370363428955 0.062509742710028973 -0.080080530919127202 -0.1389207067747823
 -0.020888211588077948 0.082149521039169698 -0.024294547080130038 -0.094290754289648684 0.099782691063099949 -0.098426526349217808 -0.10157914463954604 0.006566909374586016 -0.15219996139174211 0.15720558443332178 0.1007580916326703 -0.043195450670793979 0.0095012163431393102 -0.14650990400644026 0.085551213122989925 -0.21041695251789655 -0.087484847488853656 0.1126344891247892 -0.15808638434835576 0.015732094496206203 -0.14628262617604407 0.017159617459459216 0.014788894692249421 -0.11561412201476391 0.094567584924240916 -0.0049484715989573259 -0.09537263883435014 0.15044607056243214 -0.07863189945311394 0.045016457580976665 0.066135143549455142 -0.076528582555403263 0.15291115781075854 0.0091968213805447424 0.048525192431443889 0.1091443103240836 -0.0362801252989342 -0.083175394121055929 -0.050150781136183778 -0.095639909665746273 0.130377706370255 -0.027302443749433719 -0.13793874767246622 -0.028154721003006901 0.15108531769868197 -0.042407233939189069 -0.071190026795394656 0.066026576638588866 0.04583452539422106 -0.093035295927604095 -0.081302651671666018 0.11263734232871905 0.053176242582399148 0.18355966399438278 0.093346898347767188 -0.13732360093456408
 0.087786716031257789 0.081710581560762496 0.17038538044381052 0.0087826656174380246 0.08132804982181438 -0.063369390458558814 -0.052634319487149556 -0.15768749033208682 -0.11173577591696081 0.04440215612401447 -0.0040004894762674104 0.01757139936725512 0.058203208704812784 -0.007521010584146285 -0.15556329825379456 -0.064726381538598624 -0.096073729167858363 -0.098218669724258356 -0.039145931451772004 0.038598762237396125 0.024774294142607067 -0.029310157785868752 -0.0021861535578915443 -0.071563408113736154 -0.036352604810107221 0.065291002811668081 0.048277103893245209 -0.133452692800137 0.11160848498655762 0.090972037191216035 0.094893795948268925 -0.0552768072777838 0.037369548418347158 0.073741369880350321 -0.068756582332091254 0.10144407842810643 -0.061100568889951759 -0.16864406691334419 -0.029744234890153771 -0.035517043091211849 -0.037189592002336493 0.13296147463598898 -0.1023477607829877 0.11447221564906751 0.050079634513899386 -0.039292750538641577 -0.011715332835341303 0.032115969130867172 -0.0073554831383471787 -0.043085197886199793 -0.098631557750118934 0.014137810852437946 -0.032612960347576776 -0.094766432430443151 0.12985723884569791 0.0042136269679318361
 0.080208963507053227 -0.19757343568388275 -0.039804686702957448 -0.1899334215469449 -0.05119755729615557 0.070127095663159458 0.092131026326579116 -0.013982513693506234 0.12817255771613684 -0.055369003019708415 0.041506405807824019 0.084376728980773821 0.053872207635218043 -0.069250875347968421 -0.12528814922605438 -0.05017327865196626 0.058233020029725913 -0.090050497141425712 0.096120401397297162 -0.10736259460791332 0.0084302406656328703 0.092536416190051457 0.016938434447537322 0.057272944147048206 -0.010449118954157304 -0.07775580750933761 -0.14126160341559718 -0.036620312261030984 -0.021461479265240242 -0.21424568433132768 0.063512577555479149 0.15165663584902045 0.13107549789144515 -0.083859972402328481 0.053801750154417356 -0.039928359063098107 -0.021851602526902245 -0.087081338840383785 0.047660168367172427 -0.050270163313472081 0.079042171713646997 -0.080104426399662129 0.04582004801196779 -0.0073723068229567439 -0.082145055651165352 -0.074802435127315256 -0.072718783892246855 -0.1116349372474269 -0.056930273955073676 0.051910074040774475 -0.043267629587118092 -0.016238417599640228 0.0031409513135827374 0.14984793606246655 0.078251031100814855 -0.017859164869624959
 -0.035541646765484082 -0.044799720917877872 0.054486736413561242 0.19421366384337455 -0.096530481529925979 -0.0073141129829756256 0.026067306318380407 -0.016646962811362784 -0.043292684426250574 0.038257686313540068 -0.077466272929789456 -0.13345670059138329 -0.15017160956040129 0.062969023689881554 -0.14985051095431884 -0.074976452575182748 -0.017840126735121243 -0.08119402129377995 -0.16960854221669813 0.0032506350677406954 0.10785328142012089 -0.14386582787755436 0.042626470972390272 0.097876765825978512 0.0019996196500792641 0.099595595780620966 0.19173506382968394 -0.01492074705994928 -0.017420619018555815 0.024569251152268642 0.0015978107443547006 -0.092963790367426108 0.13829280698632557 -0.070363480538939052 0.059446851820543843 -0.089114595340724009 -0.016219760777508353 -0.0310193966803546 -0.10931463181327156 0.065575914990862738 0.033945336547228248 0.16068593034359324 -0.093583309033617793 0.17381885089946614 -0.071535834984656904 -0.018849768459883138 -0.028138118266855892 -0.0077910274528327659 -0.041355083249219576 -0.0072656484933829469 0.016001201601410907 -0.0021920644353494306 -0.0070850530182291855 0.10815255821398514 0.067811841469254855 0.010058619198104858
 -0.029510005582840372 -0.18891648684344564 0.0027260509618187261 0.00027353742273087729 -0.011848886296784891 0.05592921971099727 0.047526300332772616 0.11805119167795634 0.064256475187462622 0.077801115499174331 -0.0058915835165568205 0.12543719376825882 -0.010688148077584565 0.18130102184371993 -0.10483593394628665 -0.059538138093600333 0.13334728752085728 0.031119584597345436 0.14276453401153194 -0.084165290141064789 0.040319406963629435 -0.20477200211654387 -0.0097847938176917268 0.067802015652224171 -0.21083947857554 -0.015626249733149331 0.060965664392308626 0.012451981497797695 -0.092524753453622308 -0.080739536532262429 0.051576674856752582 -0.079788414085329579 0.078742735202580558 -0.11051164764257627 0.2215565586315188 -0.12553789316020425 -0.010901567065818322 0.0013594350576608908 -0.026010958254590509 -0.076203435314708232 0.10730287691235493 0.04643773472925853 -0.071828788459505077 0.081999506146906292 0.073054677969022444 0.18738481866385667 -0.0059680147329681113 -0.11917049172006573 0.017799268733856354 -0.077160417662933148 -0.14268954451662039 0.080493745230894878 -0.0074860268671895951 -0.12552644428835269 0.050103492792424313 0.060472667375014222
