# Created by Octave 6.2.0, Sun Sep 11 01:06:20 2022 GMT <unknown@LAPTOP-P0PV0581>
# name: Theta2
# type: matrix
# rows: 15
# columns: 16
 -0.11990380391513433 -0.18049683612706505 0.080928050836065413 0.017711472447140882 -0.11896256552594006 -0.11013114128592688 -0.14433977258994013 -0.024070052261904343 -0.080503432608693137 -0.070512303060842454 -0.22689994508362149 0.040301360376377555 -0.088010849863800811 0.010865652869283707 -0.0062989893716619274 0.03969845788613411
 0.10426023778880088 -0.16847890003082655 -0.10447872789684755 -0.0010936035924081864 -0.21136820243107854 -0.050093862547056889 -0.12538730113366672 0.035347218449462189 0.098880148647069926 0.078647538381216589 -0.042426199027590199 -0.02006989915516106 -0.091285754828729082 0.016341016875354924 -0.079550575287172715 -0.11014342966254093
 -0.066489552430032531 -0.12076807691767193 0.0012055590135082879 0.025332445396107038 -0.14516607083611283 0.054461388052225231 -0.31782620895684338 0.092714128163429915 0.020588734636670544 0.032029137143364451 -0.014044362774624912 0.017367770349283492 0.028790304425428289 0.041596194435620189 -0.047643318602506417 -0.1213866399748932
 -0.093039791670209621 -0.093575061083346345 -0.073039768526135959 -0.030334816361761555 0.053188649577553808 -0.16535286212888173 -0.05419923749556179 0.05897352564426335 0.020128521560572186 -0.084522375889884357 -0.12140942878402385 -0.055844686678989321 -0.098949409092532067 0.23082376660147172 -0.0060795887630447258 -0.061879624261695194
 -0.021193159944612214 0.049419926551891605 -0.0046497475659243431 0.017062948753602335 -0.15590978817801304 -0.093038323248137517 0.035620409984636357 -0.033249873288248605 -0.037814307329037664 0.047672378757550572 -0.4976003454967205 -0.018570681402716106 -0.071986958242920188 -0.13005828706638453 -0.090661793276860941 0.023546558049581782
 -0.085902918011002111 -0.012378016292478125 0.0012330138719938016 0.1479268487055162 -0.014898357865000452 -0.41915633435338789 -0.52146948392670411 -0.1141644851215589 0.022325948518620273 -0.11686427435842502 0.011809601735418715 -0.033114402652891409 0.075683959719218361 -0.016653194140520553 0.0016524613163212689 0.14607753449675789
 0.077810000477999783 0.080783402726702577 -0.11860209337946871 -0.064833663123685367 -0.10663631946743966 -0.38261695387709227 -0.15578329812746661 0.095328618459974174 -0.067538380930231109 0.025812977080444634 -0.33458783047114743 0.02008315602204146 0.025931281071887091 -0.27651724751660739 0.11200942783483489 -0.036628634145851491
 -0.08190453365276662 0.14935893768154995 -0.106088759889687 -0.0142011016744257 -0.24395513812732217 -0.051565263677563332 -0.39587775968842809 0.039160364065522646 -0.37713977170866364 -0.019808490707054826 -0.1021376921825749 -0.051148382361414273 0.0042525385865596257 -0.21360484217350703 -0.12212681774436601 0.012221713379554218
 -0.098901958511682903 -0.30429736136038532 0.041882087421363602 -0.028459344204960879 -0.20869198190805782 -0.069212101513618174 0.020584379410271664 0.01371883819570858 -0.16756453489211215 -0.043161967001088687 0.092116675809785567 0.073673024159681785 -0.1051272364734718 -0.062701123406165502 -0.055307022226384804 0.018782422657233372
 0.027291732548558836 0.043994908755867208 0.067647413626820377 0.0039694671622800331 -0.036994136398067555 -0.27474833691789752 0.0076255495483814337 -0.053887611370346984 0.096975265235341446 -0.045980311446506855 0.031299448095429033 0.02146839750814989 -0.18167502559472595 0.058653897209088014 -0.054019118452597839 0.036483966469923731
 -0.060913329186070883 -0.032785613596167919 -0.038538460845083916 -0.023442837986360644 -0.19049837870160685 -0.013815710461245896 -0.33541298455074509 -0.059982697480875362 -0.2395607776185881 -0.070863860685548452 -0.025334813424231443 -0.069124588626231318 -0.030207714664885671 -0.090938871492559054 -0.16039638967955538 0.0088877771742934576
 0.10958152678263545 -0.20469572741908759 0.047507111379349369 0.097490541749407925 -0.014934368429015004 -0.12167185540097433 0.036105838721946192 0.077388475221480874 -0.097539123217858278 -0.13927930654062051 -0.012939064033769368 0.046801085377766394 0.060215136514706585 -0.023661513148603226 -0.068174897334140214 0.13580292397104757
 -0.082439603120650823 -0.032451855501192388 -0.15991326035923698 0.032138302622368796 0.024075843879010406 -0.14185127783333765 -0.033220361301279672 -0.041168434377617059 -0.10668200966464897 -0.022937506953452709 -0.050660558043054173 0.097572603183517181 0.044347603644644365 -0.0096011974251430515 -0.043927296348839892 -0.02431458646047506
 0.011451818575726773 -0.1082700312889165 0.0036892270631260463 -0.0056081724545497934 -0.12662228009162599 -0.16807730404142787 0.067703034871344339 -0.067438224819209927 -0.11035175055848226 0.012785770084495572 -0.29425696932740053 -0.14164889510137524 0.062712637945323738 -0.12910774874933822 0.035185709591808043 0.028977158830558875
 0.06212660767723395 -0.079038782424177931 0.043417841489454191 -0.039879978431224122 -0.15002117698603876 -0.066245670386251801 -0.12013601844659171 0.06843872153676693 -0.083454817629997985 0.044065079540372906 -0.088764676150070651 0.014839632585192093 0.054443622789128621 0.023870066306849163 -0.066645997942637175 -0.075649754750750697


