# Created by Octave 6.2.0, Sun Sep 11 01:42:37 2022 GMT <unknown@LAPTOP-P0PV0581>
# name: Theta2
# type: matrix
# rows: 55
# columns: 56
 -0.10188641411514511 -0.090303742139157858 -0.097302944847268411 0.10873229899147725 -0.070753532119267784 -0.019126785304519216 0.0052569468656075719 0.11661982358933309 0.021809910101059871 0.0077746984630963877 -0.099352952482442358 -0.0023686241376715427 0.049067320184564535 0.014575496940495812 -0.0019069525234419469 0.025296293627960011 0.051150255602081841 0.045028289550933423 0.090989890099779411 -0.15595436634427029 0.07100663712930036 0.0081177698411309205 -0.10022232128882587 0.00021959421635832366 -0.21667122075035727 0.094291754926049132 0.017447210177298601 0.0097746447334722611 0.069986757063292562 -0.0062449497260490044 -0.0036548157723781051 0.046689125546431384 -0.062851314204169062 -0.040594274308731262 -0.070335792202749534 -0.023022808905361691 -0.031501014487569208 -0.080506652179809693 -0.0037181202123830396 0.097192577682679707 -0.12262010277230682 -0.075861887791569549 0.027731020728253463 -0.08151645496241966 -0.02137889069637211 0.038142050551997951 -0.027908459810803438 0.016240385456741627 0.0034177285137641936 0.092130881364339362 -0.045031615315840962 -0.081282524051235122 0.0080221661571429868 0.090228711815538307 -0.12658372575671747 -0.086332377806127694
 0.094429240699988357 -0.0040872548864001887 0.021189106563282475 -0.0027622907329809369 -0.013331518313955078 -0.02334355176532904 0.0096761999931875304 -0.1631551059646352 0.0047321537639763572 -0.069731513947734927 0.099549077723397092 -0.077153359072043071 0.090328187581656588 -0.053810901702082539 -0.015355452311364008 -0.040648715157703623 0.080493105520476352 -0.092533016527091033 -0.12771118360896314 0.054866224442150259 -0.032600052712485422 -0.0023034188233891154 0.018820865328328908 0.052684797956605432 0.0081897802060168171 0.043861592634984514 0.098345594524669788 0.027795890363227039 -0.0068070538176974432 0.059208231503955017 0.033432968595143657 -0.026372429338096914 -0.10461020682964403 -0.00043534201206643012 -0.11007436062215105 -0.013972659874491927 -0.042507102914461116 -0.074676269043153901 0.012177061148194498 -0.13277006593514451 0.021712062565070418 -0.01087044111041393 -0.10918034643024044 -0.11808491940175433 -0.052951166481136284 0.016072825551901707 -0.10779832680026227 0.077040387035300958 -0.013613741581113918 -0.031659408466402569 -0.05545146502885008 -0.05391017491366696 -0.030759077910442537 0.05938027809725014 0.023857857661306561 -0.075912621271406092
 -0.0036062759072747834 -0.069765848820339149 0.076516257220662048 -0.089278557259409808 -0.034924454782743766 0.10919870131712714 -0.043843803357540387 -0.036353931176648153 0.055491514160446835 0.023242808392025697 0.049321118298919428 0.057533888121376442 -0.016181337242741973 -0.095781248603852176 0.15949099357336111 -0.084284754231467696 0.055106065304568373 0.072651418277335761 -0.14167170971132589 0.068959545778218542 -0.052507212224155504 0.109892124598642 0.011227392398468088 -0.072153900059116954 -0.098199874668279855 -0.11025683513544814 0.025080227741768265 -0.0022762849352881667 -0.025457177262941506 0.07327257843836818 0.032267299964335951 0.063660920628904466 0.066759821188966409 0.019203779026863651 0.06768672022554853 0.10189796393341692 0.066319912593809732 0.036626219764339836 -0.10916204625631441 0.065358638271233963 0.021684723042215765 -0.062652037014892664 -0.084687610788104384 -0.18064992236792157 0.07414362419024069 -0.11815232888813181 -0.019397661181096995 0.0062955639781318313 0.0082427921439872619 -0.17787439785893505 -0.052183584544858524 -0.033672660459498065 -0.065220620562610854 -0.080488943720637432 0.0024540662594633176 0.16664723285322713
 -0.085859022314145217 -0.014399905231976193 -0.10760880887368884 -0.032265985559183072 -0.11146959345612424 -0.065871759362134533 -0.053816282266415355 0.030928142856741454 0.025465626082615114 -0.11063467824879927 0.055916426827974187 0.019726640532234763 0.0051861339733505971 -0.093581823076612211 -0.06304618032076155 -0.042323800706999926 -0.12807997625702661 -0.075002763243462084 0.0081485772953604173 0.045214324091359212 0.023232086465775473 0.12433848740311304 -0.1032982501726787 0.035841218652683207 0.095558790741599883 -0.082154455789187147 0.072699606639116926 -0.11473265225970104 0.1181213255005491 -0.013266764215762285 0.017566712809468712 -0.12455545353733025 0.072149280053219883 0.08699060167940241 -0.033142531370351495 0.010430127029820236 0.043647260834212671 0.0067079327658115494 0.060657348011345896 0.034292418288673548 -0.066988701003375783 0.10307106607356807 0.022984596411900371 -0.033229121742460545 -0.15205411586518364 -0.059706450341727883 -0.093720238355114879 0.11350338372177894 0.019467206150587089 0.018768747921967775 -0.061423703300841556 0.05253609425878171 -0.035647522914408342 -0.018073497616533828 0.01287338630640647 0.099407404642756589
 -0.02704927994480421 -0.070901191928046753 -0.12830053913041659 0.099802387338758652 0.071966784535551956 -0.14254775219502724 -0.12351592484490177 -0.059437116392696186 0.061142858648671895 -0.028097089391360096 -0.10152968615639756 0.032887873320279946 0.063208328687622453 -0.0025927681485956406 0.015353972227713373 0.046418294181014147 -0.12454459808115798 0.11787141073449119 0.074292788585363423 0.093132213781123269 -0.034800423932828825 0.003187114751966601 -0.068425981695488053 -0.032607455068151117 -0.055159066249715845 -0.079926018696713591 -0.02533620891075674 -0.059801569460768679 0.075644985639772705 -0.11852247395796973 -0.047007807113405006 -0.020726188296848424 -0.065222788981041405 0.074182884467185059 -0.12152878556813927 -0.060496876527897689 0.042570235025452499 0.018489924943424992 0.075820372266103525 0.05015450625744633 0.0035386808035088469 0.07767821769475497 -0.094692983884202775 -0.092143126346838786 -0.026085513986508338 -0.041139614894402918 -0.071211509271651485 0.10179674621790952 -0.021689795293215425 -0.10737811129586315 -0.0094428043288785086 -0.045656388940747271 -0.12988228552525666 -0.082692817249153963 -0.04494626348425302 0.095565614523573691
 0.11420319772524086 -0.06349037921686701 -0.15757961112192637 0.072672190714210591 -0.038652745903636904 -0.039609377025733736 0.024140991745157367 0.022879796537979162 -0.042833271423770587 -0.10133342770989931 -0.039598060249827413 0.056498652630236033 0.064230300792620321 0.08665101627976661 0.0054907167030368602 0.051475566330658348 -0.007169540698478207 -0.009877616315184766 0.10726910238703119 0.033428326136491701 -0.074505635171835005 0.033322266116549731 -0.044072229726962592 -0.061852529189726974 -0.0043789224099168318 -0.094671345917694952 -0.014521029181939232 0.016622329026377829 -0.11986199593975973 -0.011496825885024679 0.036822171709392233 0.025985546358234694 -0.013125864529058178 -0.0054880213821362012 0.06708512655699303 -0.066223649263408499 -0.067934220141262866 0.04406696072487596 -0.088342258780885571 0.035584846344130519 -0.045960787391071935 0.096446542984919739 -0.028428579055062977 -0.14247723387377709 -0.027897198280664472 0.031593154772896988 -0.074291399810507225 0.03221699648015152 0.017812361883507811 -0.092528696046478981 0.052572647347205938 0.15533964114507437 -0.11397324298164221 -0.03936269807740999 0.015982064726400041 0.0045634734167910047
