# Created by Octave 6.2.0, Sun Sep 11 01:12:16 2022 GMT <unknown@LAPTOP-P0PV0581>
# name: Theta2
# type: matrix
# rows: 35
# columns: 36
 -0.027741203783015651 -0.089994607426769443 -0.011362054147797103 -0.080508894678078535 0.13307246617918064 0.065199899502479952 0.024059259973033011 -0.0096370132267746215 0.050126353839084072 0.032479449004496883 0.039884950519775683 0.16823163971372213 -0.035621421498431789 -0.0048797143514365286 -0.059774345170700571 -0.094817990494396737 0.085494724369125155 0.073542887372684204 -0.073102898808183908 -0.064891269670819512 -0.098492652098832165 -0.10277928891484675 -0.0064502139371677755 -0.011456246002007663 -0.033990278951603399 -0.00982005787905634 -0.034997373509067044 0.046027107275309537 0.13532331330647537 0.032434724655018787 -0.045916042973689855 0.086912746860256199 0.044369072255219931 0.057596136547317878 -0.071009006839108574 0.070237297793605061
 -0.10313020239483095 -0.037801416936268942 0.10367341053025164 0.0048166788558856883 0.0086663430387948527 -0.11046912222416475 -0.049467155560121275 0.1161834138900296 0.03541504844061525 -0.17944774827005591 0.068609370071017833 -0.09199802991113791 -0.031451960610171754 -0.060525988156067863 0.098774338364474065 -0.0063490164574730801 -0.077099835965322466 -0.091399972333625276 -0.050729591039611846 0.069373719887675114 -0.051663962644593796 0.054772778153646257 0.07525841656811566 -0.015122227611293681 -0.02315917746890888 -0.024686269750054154 -0.094523723559514064 -0.026348928212813302 -0.10253167837956946 -0.09147744524439877 -0.098078766177946988 -0.030927337865007662 0.015818854292220207 0.032150642753736407 0.00079023120847177973 -0.059225753485505343
 -0.028135487106146925 0.0033803557238509482 -0.055807986466748775 0.02705346102286962 -0.13525508479341763 -0.068934537641214932 -0.050308158172732438 -0.059349010232377639 0.046136158215996086 -0.062490544923061109 -0.069683741087335771 0.050027913995460298 0.02805120142297482 -0.075769913031581981 -0.099536551428126938 -0.067707449879693321 0.035882166963182867 -0.058904175191066825 -0.076029812731359753 0.044001141642630373 -0.0093798498678224103 0.038310531132438784 -0.10796073137525143 -0.089283043041610846 0.04995630488426471 -0.080854603079116627 -0.039576155225195496 0.012917283808317585 -0.039838500048281801 0.048317646841188916 -0.033899304554303601 0.072187385270612983 0.026316999560752251 -0.045883634925884591 0.075273584451744854 -0.10489334184202298
 0.057005133189625128 0.089200829427056816 -0.093606707208666415 -0.015493686303588805 -0.0055831339272119414 0.075235902563675114 -0.068344765803135837 0.099522286376879709 -0.040342774821958229 -0.10867222011317716 0.10243104565350139 -0.071057743697843387 -0.082508986711237978 -0.10218512859405768 0.035284973424361085 0.13435332510167383 0.068377494840862391 -0.06021720019504672 0.014062002129225877 0.03623579508668949 0.057404276413191763 -0.1341188680251669 0.067409059697677853 0.03528698745774958 0.038924100363627638 -0.050562984630246229 -0.20080809150787846 -0.057779102464897959 0.0076873898695675501 -0.055404825442528907 -0.099194478688665585 0.093852571084423714 -0.088469538517826407 -0.020810954924191747 -0.085870671124497686 0.0083165363781426953
 0.065830552789775704 0.094094415866185804 -0.0099311368894598306 -0.13744364706275122 -0.13174573510744855 -0.043585970309535385 -0.07297823445916804 -0.046566414561978541 0.073364093513890463 -0.0017534826358721481 0.082102882607863303 -0.046917464044590171 -0.030216780669272043 -0.08677996431031762 -0.13776791068400512 0.07497943364505201 -0.11445575650887975 -0.081826883529019109 -0.10477838140591436 -0.034805540217232749 -0.068268187135945332 0.058645297396527261 -0.0061948966708357959 -0.073350109989574766 0.045673624774551239 0.025493491474147333 0.023420102148802396 0.037880975317776747 -0.018982612136688334 0.071622038580350433 -0.0066724757165581719 0.095985680414232777 -0.0970926888424994 0.0040232078098906424 0.084198886993452446 -0.025803252459865065
 -0.02875116379012661 -0.068043998519352653 -0.032810047171769774 -0.07535939764427578 0.072484958848542808 -0.071123040338453902 -0.00768983675904957 0.0011579355628476477 0.10900083778593704 -0.011998392348046149 0.072119840047135481 -0.010209989249579611 0.051559622522832117 -0.003499518699856465 -0.033857916021804303 -0.096923545778559564 -0.059318385282136066 0.070233585518111111 -0.0019817941894823376 0.081660881399718138 -0.037294222733098605 -0.083630338886370365 -0.10666214472682038 -0.0092867998794163437 0.046370636747461613 0.011735538264037105 -0.0042713944177707949 -0.086694634494004205 -0.061499792687606511 0.010384142503061237 0.062458137543521919 -0.11144577880784541 -0.10424797572910935 0.096690728077375027 -0.10802747928034423 -0.058419621161586034
 -0.0075275088374102571 0.056348986946532044 0.010854807415676135 0.022931648255036758 0.043460156762684804 0.00613602796023966 -0.060836603270122143 0.075359917680939248 0.032929428015395633 -0.058553128376620425 0.0029698368772304476 0.043990134099265596 0.10212136969589822 -0.049267118579102029 -0.10702232289616841 0.072355324451261679 -0.10447643855638356 -0.056929129069443807 0.093614896555864441 -0.11527891894238425 0.098684681648240596 -0.039846039631610562 -0.10468104551981852 -0.018626504378362354 0.012494579107680644 0.11228096671360113 -0.0044716503379213591 0.12028735797122742 0.093264934456972745 -0.12614838255232633 0.030921468555735049 0.028973588440881878 0.030566293801549026 0.0012626614593119929 -0.090622687176770189 -0.099596648777526817
 -0.055445232088803774 -0.037299663223827814 0.078567011599505035 -0.062169252740977454 0.057303590516506131 -0.12788183836685327 0.059205361406419382 -0.062787908166618389 0.048726318281413918 -0.086799037143595215 0.054992678125716975 0.013022965555385166 -0.0060057071330662576 -0.11927635256133756 -0.029012026301445466 -0.0040374353395676152 -0.039199878231413757 0.023086128700900675 0.058922244411591801 0.063434811907930003 0.067728535212516858 0.010944063187443528 0.046488290971372095 0.0038965393716420805 0.0025433044701151557 -0.0053674145917740439 0.0063843539853594648 0.047775205880662093 -0.1339570686463151 -0.03967915337449162 -0.01825686245095335 -0.029907773601185052 0.093526528009427137 0.058078707652457762 -0.083347159114138217 -0.061923708707403324
 -0.090723652210201872 -0.017992911254956962 -0.079368611369213166 0.064659529833707902 -0.04077872144786291 0.036034947256759473 0.12931642706306815 0.070332138952065595 0.081463611030412983 -0.014287401773481919 0.066754429818814784 -0.066803799707716396 0.030664599555946477 0.081952508759962892 -0.12475108405344834 0.024813118500269706 -0.077817777196100904 0.02867677916187842 0.05873839658592394 -0.003922411316752911 0.053303936318374719 -0.016105810926273608 0.006663791448602332 0.14451462454010039 -0.080725183041331361 -0.04189451679740893 -0.09096508454978855 -0.057518598659921073 -0.16132016472383767 -0.10225702674180308 0.072743228962733317 0.011066453577189894 0.034448541973310015 -0.014106717630121311 0.020510597865337526 0.14784846086066991
 -0.014201031218253685 0.095484617135712782 -0.029962237942565056 -0.099549989661786922 -0.0015832803286034689 0.10277133952086395 0.099987889700071123 0.085496820585213962 0.068908904859092013 -0.068185706159667209 0.0544266111201753 -0.03552722240424145 -0.047472840246338958 0.095968152716105218 0.055736872222740499 0.041343751307051008 0.018699451340407628 0.014249672123779878 0.014716862749783241 -0.066848314032724981 0.14001225450407148 -0.06001896252149256 0.091603349439695794 -0.091481376394964842 -0.01390187758116381 0.00070189777264454453 -0.083135856526002569 -0.010323246113219499 -0.12724357389706575 -0.087887075641710485 -0.027146468959155359 -0.06933626167452113 -0.064211066179343704 0.01991019794237673 -0.057517054924053582 0.010186070650773017
