# Created by Octave 6.2.0, Sun Sep 11 01:12:16 2022 GMT <unknown@LAPTOP-P0PV0581>
# name: Theta3
# type: matrix
# rows: 10
# columns: 36
 -0.070077969377470628 -0.10636276203856369 -0.021584993049415292 0.027531813093690006 0.085049539573145455 0.064309684203921719 -0.037415958933750854 0.035796260125168032 -0.011564666904314527 0.011718618706255566 -0.045089532302662015 -0.060310503074720592 -0.010176847171419302 -0.040304919611994366 0.058891761495488339 -0.032960422090276803 -0.042239590070165423 -0.031462367354885633 -0.033658576163586092 0.050417229649876952 0.065319726949614826 0.041269284513619296 0.032650742091790905 -0.095662725595711373 0.053154351501443202 0.054511492328796485 -0.022610677655394717 0.087233948402896652 0.026770268283873033 0.15316092822958582 0.047480537199821496 -0.088316548564817396 0.00027850502333284934 0.10570610215608563 -0.10405509411999743 0.045916380149347277
 0.036216013497409737 -0.098776323809721261 -0.069599172116530827 0.045202075316418754 -0.017403473991634902 0.02805529751082643 0.096350679002141421 0.044184558906584598 -0.054108056343778313 0.020574076620521606 0.038182926147201507 0.061079321444068885 -0.034069878958583336 0.10784914130803447 0.045571672194526451 0.0029602900212050399 0.05349799969608704 -0.045844496779159319 0.045673568444948777 0.056978356724321236 0.046602395210023698 0.019892762191625606 -0.059887216318762038 -0.11167140574790103 0.00041103081155540675 0.028400650355355224 0.088427603338282423 0.069605825227236628 0.002418535774842303 0.070567013621900598 0.10332108138876084 0.0096734306430188988 0.036026790039179066 -0.067040619508578633 -0.016655390781229889 0.11202652161244367
 0.0066387880648256454 -0.050425631862168162 -0.019884811126777743 -0.1238764383935102 0.054340627485922867 -0.098732018035792207 0.054280860237096926 0.025538005336869542 -0.044610646321807883 -0.016416276114676866 -0.015881703244026671 0.032603223332867241 -0.12474351830034347 -0.025115561939884817 -0.021689599679980874 0.086456223376230504 0.070202656459445859 0.027079199210414257 -0.038831963411195068 0.035811464942882246 -0.042428297832382111 0.043654529097903363 -0.013566412331310214 -0.069943610177298873 0.008798373346196325 -0.10423732097105957 0.10898824658515747 0.050574397536024468 -0.014544691629667138 0.012662353895273462 0.13209388864583541 -0.043253346931703289 0.010831741366286517 -0.012788174278838667 0.02432255558389073 0.057941375921236937
 -0.018651086272518155 -0.0056521471188525204 -0.10581833372238576 0.12519732651211499 -0.064701965144073698 -0.031783266098889207 0.054359591078913881 -0.023360325648604172 0.090236380534163732 0.070077635502505981 -0.1055394102704692 0.054166794900721828 -0.045438027058374554 -0.04809036098184831 -0.025320000232701371 -0.064085664464460443 -0.067117900614816067 -0.034233532013465365 0.019171183857995853 -0.017189245511771981 0.096335609416671047 -0.013584247478879076 0.031709925264766799 0.091421927817383702 0.13042266501722977 -0.023571820868348817 -0.078563749077875916 -0.010114216081898242 -0.034087201051808645 0.074659287808321276 0.07361739936402413 0.04566081101120311 0.069748880851232695 0.0064320059023188596 0.014622419438478602 0.051113037598706938
 -0.035247881122755759 0.058213760395884141 0.091423433264220949 0.12914539395775296 0.034625281660183298 0.07129050722071302 0.037057641344582622 -0.058135182863280802 -0.010216359243017802 0.036211499941616432 0.017796533049645027 -0.094197112661883478 -0.062986479438525353 0.035495170937326549 -0.037445019669400094 0.072839951738900816 0.046554166057970532 0.018209925033130004 -0.013594996178610977 -0.025976962235108498 -0.04721238322915941 0.063813774330824982 0.11555634461740596 0.052014623923814583 -0.064402611436672266 0.1660037734319886 0.12446140384313419 -0.021151979413358807 0.037704983124042253 0.0053091885903674271 -0.031830221568802962 -0.061950033891492957 0.029992626150114502 -0.01422538622110835 0.01762663018372114 -0.079043696516720274
 -0.11321187700653285 -0.011671899538219599 0.011350507473779078 -0.05643681323976811 0.036181603622152947 0.13578059834778122 -0.10003785802552165 -0.10177095530063456 0.063459959934838481 -0.099735198812117384 0.044846312090977454 0.042266894332024303 0.026210081194829458 -0.1078421063501008 0.064115945895768606 -0.019332407049887958 -0.048636220134565679 0.022511121982394251 0.057065022986442927 0.063175766001560704 -0.12039534402353158 -0.056946959005526702 -0.024866216255735832 0.12344116749375934 0.037878697181095877 -0.063135695177334333 0.036829095114007122 -0.0014660971988110561 -0.018848889975680887 0.057184818863655923 -0.020427630841144365 0.077860675724431561 0.004126228727771665 0.051417257900599353 -0.047322925326952536 0.020172000891823354
 0.082982612146499046 -0.1018307273161444 0.087379141404672789 -0.045209562868717218 -0.011631165036926679 0.0077354049814267059 -0.075461694484316527 0.034165793638825263 -0.029218784847267105 0.072387060407645143 0.063475720628546284 0.064671039941011657 -0.057017266980702946 -0.095789872174014745 0.063371738904148878 -0.026088654414442122 0.028975114979895657 -0.096144055166318285 -0.049064513214793042 -0.008543428785364085 -0.020109655780497938 0.085499935762832005 -0.011005364906938701 -0.0017514737488641581 0.087665329148874482 0.070039048831381803 0.048227001695929077 -0.080312965987482554 0.021016308624818059 0.077053844159723967 0.089547594066000727 -0.083472860616401676 0.040768547677580785 0.064989126368121417 0.050246708926624188 0.059397936651313321
 -0.082672545123256586 -0.015665244608085747 -0.13194956628223023 0.082795330257551369 -0.1087429821803944 0.013623171724028821 -0.11811358391184543 0.0058528828573961283 -0.022760837079352947 -0.16960611873867032 -0.061214058808009626 0.022738900405134196 -0.011151511808254034 -0.065094019780575926 -0.039215684566982746 0.021010086257390283 0.067079013332266804 -0.065312893981335496 -0.073921707612387269 -0.068301363711325905 -0.15132738168376011 0.0065301148037488791 0.023539998220037894 0.05843540983875755 -0.069872654804972428 -0.02483564777001554 -0.16646746386496561 -0.13026277186617197 -0.016162725507202404 0.050365502388608256 0.033451067182601858 -0.12059401381516968 0.018902626258703124 -0.0041211461191433063 -0.039137744056906364 0.063163186723637743
 -0.061039614008675164 -0.0099389139714073649 0.090494937465466788 0.065908661982133188 0.09031127499947153 -0.060241429536180419 -0.043675401730718683 -0.019101903366408535 0.043478612510109114 0.0068880537707309191 0.011389869949699098 -0.067154359107724479 -0.073059046910850911 0.079034979285078841 -0.061468955882554077 0.045877706051771848 0.04237306193213012 -0.053939175401277725 -0.018027846091711493 0.093537983244968967 -0.077872302945928742 -0.025137242626006549 0.02421036591058685 0.094703007255620364 0.07072125851848135 0.031607384613461194 -0.060687658059100584 0.065508089027303734 0.011927441425808472 0.05847313582599109 0.06259874742715632 0.016975069601226356 0.1314925725231274 -0.038627039352672317 0.032902149076446972 0.061723142690395923
 -0.038246517619055773 -0.13267738754510694 -0.022962465620867682 0.099211443549512723 0.0039668424520270642 -0.12008156305661026 -0.010141808005379331 -0.074943905006382885 0.0048497394490587499 0.061434343400641321 -0.075616413245599035 0.070782655288641833 0.023705817954095685 -0.063321930827146683 0.019232433239103418 -0.0028552178382945563 -0.059540244400947441 -0.092900850359862064 0.016706623336302785 0.12587663442892702 -0.022366416592216349 0.045046484777938697 -0.057931895265714371 0.040844460536031274 -0.041087187801501682 -0.034908614446973192 -0.055244626837470993 0.099355807471551608 0.081138537271433275 -0.1141777726277981 -0.059108712331323525 -0.10483518732597154 0.044273470619295659 0.064587651443838309 0.069708811210158747 0.063919741716358697


