# Created by Octave 6.2.0, Sun Sep 11 01:32:45 2022 GMT <unknown@LAPTOP-P0PV0581>
# name: Theta2
# type: matrix
# rows: 35
# columns: 36
 -0.098828530848216661 -0.078709777881432227 0.11171515204893703 -0.087490513139829723 0.054451275034317861 -0.11966871449316423 -0.10187460912719332 0.019209933748908375 0.033289202577744773 -0.086241698537246989 -0.05199574427330575 -0.086247740641785434 -0.089046170106772349 0.095339550714420546 -0.067056402653658961 -0.081957066533201714 -0.096781645296794755 -0.086493188421402661 -0.09553388833810382 0.062042784816056747 0.048869681437675033 -0.075361857668026166 -0.072373162489999435 0.058326646511401459 0.077303937797373365 -0.043189456889368073 -0.066501528930041937 0.1557778396438298 0.0083449049667987853 -0.037311865672218066 -0.081889310161516571 -0.015556569217352816 0.059536490877978764 -0.046619913834457301 0.12252654401576088 -0.074351986632457928
 -0.00011795674643169001 -0.014772886794730114 -0.02007795920506859 -0.097738664143240575 -0.027088388908508274 -0.042280789380125999 -0.12966545371637944 -0.068865950016327754 0.058571880145172707 -0.02692501686404691 -0.065161375819403983 -0.10399124502854601 0.023634871751642621 0.045577077656937824 0.086474525273511835 0.036860111206420229 -0.051948748014791199 0.03949565941865088 0.042033540192399112 -0.0066637147356144316 0.016293544165692356 -0.0076515612873874145 -0.096616956082352962 0.06594201896170028 0.03424573545436959 -0.0071065592359293005 -0.04471225355219452 -0.042357740646202513 0.019393531750269442 -0.077776380233958275 -0.0061449396483642142 -0.11905047799697067 0.11803028184086782 0.051947671103504595 0.12529506927891126 0.11921337098038728
 0.086662123903898686 0.084453497892185647 -0.032874997814747613 0.083721850283951835 0.030162826588718768 -0.022530581315996764 0.014814030432157054 -0.047405444706782693 0.18109224453868569 -0.20222917474452975 0.11576610362866498 0.027963636891600734 0.039884395791237107 -0.029426497879026205 -0.027769249331956895 0.16743473858287594 -0.024795659024672401 -0.023334074059869158 0.039983935887043513 0.033128412129654998 0.018405459156329077 0.050484097638811537 -0.0054528251771272032 -0.056119942855697678 -0.053464759191056643 0.0045158689941215075 -0.014763807412450586 0.046865993853726189 0.042087679204742649 0.16856499581727469 0.13342654801681639 -0.064816494534293279 -0.034651020626230815 0.065856977099783692 -0.028347319723982915 -0.045439339519187272
 0.027208333305861938 0.10778867051356621 -0.17053331549095568 0.020286744477325275 -0.12256683991559016 0.0096352111103140178 0.06203824108323059 0.10774194362642406 -0.0132663040114465 -0.045026706293097629 -0.088390435484027349 0.021833173845714423 -0.098445499427536234 -0.044941190751290203 0.016705011620746186 0.036389309085573078 -0.080254772170157931 -0.027872857403359395 0.10772601538528961 -0.073441620915339081 0.12084659120873693 -0.16529982381777292 -0.067537626462328249 0.047021774556453198 -0.061499978574826739 0.09902109547897199 -0.0056345506476373954 -0.017374287026719205 0.013078642238463277 -0.030906161028339183 -0.037201153699970818 -0.10515321858628397 0.051048412613654871 0.19688095406293804 -0.059934611170176164 0.048275815640172304
 -0.10129279178050266 -0.11099599725507293 0.036152013779488616 -0.090713823601348692 0.010664858315011504 -0.15151906671849691 0.17103278976753006 0.024101244925408626 0.082322724250730991 0.110413606211576 -0.032798720694251611 -0.055829704774314717 -0.021320489033866113 0.096432005032469681 -0.023793988663403296 -0.0030294196727841472 -0.041256416592424204 0.019291986180354732 0.03192934094600676 0.035940879852316358 -0.0035538162984502073 -0.18378618068243602 -0.11506303866811257 0.045664490361195645 -0.05302222221424862 0.0018002483305532637 -0.00064972130056103973 -0.1143911850614221 -0.15076809213047782 0.094665240877632797 -0.092447486719546848 -0.097738784787571698 0.04943329591064894 -0.021776127604747307 0.09636553879096714 0.029371245771173064
 0.058259208549401857 0.062486724800794445 -0.0034560826347177862 0.089254827876848603 -0.10239754572607598 -0.12958157657545935 -0.063076895924123855 -0.049683023204798456 -0.24076303988521136 0.036168856878998373 0.010656169369794731 -0.10015824757440925 -0.10274940769060596 -0.074256685644979101 0.071648528137483736 0.062013267104267335 0.12912170923267635 -0.0094314339655321711 -0.094858613929514862 -0.0062780625441498355 0.16215311517395042 -0.11183418132209508 -0.0054919950517909634 -0.014060330757213909 0.0088097635763836127 -0.065098561379704753 -0.078423407322410724 0.060015831980647638 0.027958378498013057 -0.0046806214712447319 -0.05707767821304037 -0.032006677968884317 0.089280497120592273 -0.048550885343081336 0.0072386994425810989 -0.021291689439067608
 -0.084312420658164161 -0.0096819766529264578 -0.03603285223581696 -0.099007763174942462 -0.080554756481537024 0.058296126548102539 -0.1325377002301576 0.14842430074656501 0.07325017895442619 -0.051036774415724573 0.0053903594078332905 -0.058077512067528307 -0.046072415498946112 0.035337159429222859 0.074841842207491904 -0.044310147110614893 0.1164327392275976 -0.053920625697708245 0.077702414567794656 0.030422626781079709 0.081740996824356399 0.040585116992248989 -0.05732323305822136 -0.096416739647251851 -0.0043042717113369643 0.033323792288125972 -0.0038938599829192364 -7.1511926821375465e-05 0.028626522125967949 0.046933649778987195 -0.036873615944069328 -0.069234418768460579 -0.034723639076843282 0.028393616438117275 -0.10884879073709509 -0.068660157678222269
 0.11356900843130635 -0.082068038170018343 0.098529879400365991 0.0069743352601698361 0.058564358147920992 -0.088012464012000871 0.023271333431826073 -0.078885006468329189 -0.14222075514292917 0.059685190186487179 -0.014951473538116709 -0.012732576975347819 -0.058549477964117601 0.024416289256103597 0.069369917898232769 -0.042105672368867246 0.032738713196972559 -0.10751622798014381 -0.12926383926316182 0.071468996033771715 0.017571333621506778 -0.090771605385397677 -0.10847217135126576 -0.12438679676462108 -0.023194269234792928 0.029730724888563653 -0.035071520895320049 0.037792919920202367 -0.18623403459360419 -0.12033540063204048 -0.060177625592922383 -0.10186438104366646 0.10743433234606692 0.13826193961963973 0.0062370297954244674 0.12944910524589975
 -0.0034079620995534827 -0.051083827572495431 0.13993085051002244 0.029869157083148187 0.043160812573843077 -0.03430039162691137 -0.049209305615696072 0.046034989391520287 0.12254487274768761 -0.063390506009199529 -0.10816289242251596 -0.075277151365614706 -0.063378915082211079 0.0037516244938172365 0.06048465198666729 0.10285332776628284 0.084185657207488329 0.087707317095700732 0.11700604401763204 0.080116904414738913 -0.083114535553331828 0.038351554867295856 -0.10580760374597006 0.09613722669786226 0.032233056386344661 -0.034330056624534179 -0.1847599137219551 -0.15860613976359542 0.026656675587537322 0.045126232329537871 -0.0063198174769473151 0.023717386263606033 0.13758352632583859 0.12383685529034852 0.095633548298770965 0.10476684336404905
 0.08973513941531143 0.082237524330830078 -0.13316436734896842 -0.14235950938418448 -0.1109121493898102 -0.093200723503209085 -0.018491158121956005 0.08956912433444289 -0.17445340282336191 -0.06972306125355987 0.00034139652529029005 0.035372005497301379 0.01745354338560047 -0.081042000014096754 0.089245468172763354 0.053158935934745258 0.024127629138488347 0.03037055788946403 -0.0060042168384907028 -0.096233956220180938 0.063974971445008133 -0.045460235165118684 -0.028430005545623846 0.022372957664642111 -0.091893581892544055 0.0026037563590400751 -0.019951721628658915 0.018684846192184936 0.057614165266803366 -0.14378065587483566 -0.017204210746301532 -0.16677680745183518 0.025227675371994631 0.086208050803474739 -0.019322710935290761 0.078711958663584811
