# Created by Octave 6.2.0, Sun Sep 11 01:24:22 2022 GMT <unknown@LAPTOP-P0PV0581>
# name: Theta2
# type: matrix
# rows: 15
# columns: 16
 -0.061861059838694922 -0.033107234123864612 -0.080836598047617725 0.021299327499258332 -0.11444486449435598 0.068379567522804427 0.033324626157806819 -0.004888416254277864 -0.020767488746207381 0.007099280392899053 0.03080104402515528 0.0065896377677747047 -0.030089871224354706 0.016556921064154819 0.052992019282099498 0.012449319705650577
 0.086850800630859967 -0.051876470019120144 -0.024911507264009022 0.0081079848198322268 0.0018071523616277464 -0.086204103630935683 -0.085251336433559616 -0.23016683819507622 -0.02739534775781859 -0.063814254203358928 -0.15100062457478433 -0.012682969197826291 -0.020880745620532982 0.037074106047842142 -0.10340955203675747 -0.055628610897563886
 0.018863660378759525 -0.1000055259165905 0.035321765718516515 -0.19865341898596384 -0.085989041177374992 -0.072090326221807971 0.053453839197648116 -0.064320302257507983 -0.01284435820345853 0.15763787917275263 -0.067180788368762054 -0.095525384391627208 0.069327130704134099 -0.065242425247959923 -0.077301989334598295 0.096760158636742213
 -0.022519801109229722 -0.046303581278101698 -0.035765077229358955 0.045138097428182304 -0.056392419283692562 0.12041009017298883 0.11882243372276673 -0.065290547689156292 0.046208739855458585 0.027709606963244208 -0.024301641819760803 -0.036149309715648455 0.026386495311536393 0.029265472387492532 -0.088230199402689849 0.041479922679971963
 0.079811569795832413 -0.080757434222425512 -0.10957475345334843 -0.0193145995678063 -0.025802247080312323 0.056446466838806442 -0.018220466730136869 0.011551552849091547 0.032866710229858057 -0.045932139673187961 0.041956750717016274 0.021770744217744057 -0.01830099847683142 -0.14339298141383278 0.096201109537564444 -0.036514040017220389
 -0.012962345532543787 0.027807687020021482 0.0077073192376157923 -0.10654936739750451 -0.038577265268343201 -0.046293650476023539 -0.031016226165569392 -0.029119696766530808 -0.073195253975563312 -0.062661743896578817 0.075841876908162076 0.033068989410530866 -0.054712515136923483 0.056432411719866411 -0.0088174288073426879 0.088673017939512794
 0.1047324218717048 -0.1161856675687726 -0.067751590248821492 -0.0050824686219289551 0.015527204842721685 -0.083962615153239203 0.027070487307491932 0.059605531500721724 0.16555833259695271 -0.0092820985430141258 -0.041976457466976452 -0.1007843442707467 0.1250565269441225 -0.15132249890950331 -0.10064442400797768 0.042824201360570566
 -0.047875856002169863 -0.12646630649262308 0.0082124806171435735 -0.020283951980971403 0.046347325603961154 -0.032154765377633725 0.034503444745435555 -0.065449063439223035 -0.06811472045487571 -0.12149838069675047 0.036287096318374977 -0.034701494229142434 0.05830439785592971 -0.029883603439418427 -0.050373559109986241 0.14658132312037872
 -0.038687501117672489 0.0006902508255091748 0.063645408522131214 -0.016504869464555795 0.06469429464245377 -0.036803161677173096 -0.049752723716764362 -0.14920685785175594 -0.037535566876648975 -0.00058468062568391068 0.015811718105307633 0.01173539272871941 -0.012783724431971705 0.10916034971694608 -0.0037186201881126884 0.086959234178071887
 0.023646828804675828 0.064115387998833345 0.027091160039959133 -0.16267059268406167 0.049753305212137021 -0.17170656831317851 0.0089270559308139222 0.07625532004366567 -0.040695627380063056 -0.03413205904758701 -0.0020316779110718121 -0.080996288494944613 -0.036397676576484593 -0.011163635917564481 0.15686719808822439 -0.0089263722485224198
 -0.025235545573261058 -0.059356576977414519 -0.084715438515112235 -0.00010768494199994094 0.004663236766092935 0.080569989344727158 0.039766737235285177 -0.075523245489076185 -0.015020747598330057 0.15155310281145212 0.02423402209106857 0.064336833951685754 0.042658387143403059 -0.0073929099127996332 -0.080758192684842689 -0.025215892384614049
 0.0073615032416740446 -0.079652164096015735 -0.063262711238332797 -0.091929142394575614 0.081263957896379635 0.096859001049494783 -0.02028195540798771 0.030021056028700262 -0.0023615718634982684 -0.067222557440049652 -0.066685948407505566 0.056980263471490725 -0.12513420499810957 0.051643174005734156 0.0014471369855093405 -0.078289705872524817
 0.033231592970627534 0.0059873044430009958 -0.030782941360762761 0.03135805189741378 -0.044831736748027151 -0.06812051166714643 0.058090106900767706 0.047046403230718209 -0.17076094143578202 -0.15761859640892156 -0.0049703794592111765 0.074887889213912512 0.061815952529524348 0.035707676278581429 0.023921197664571112 0.14935760479071097
 0.01265699201986634 -0.25994720499263591 -0.018455339583946823 -0.065628833156188962 -0.14641269024080719 -0.083661592675454644 -0.070781597380134939 -0.07684669572337896 -0.045137043773084036 0.043834054196123386 0.059084384180684665 0.02375241018697042 -0.029799220149715592 -0.12096424258652297 -0.086616799622784235 -0.056487996758443626
 0.092071311089735944 0.0043634319981903274 0.013941814937791161 -0.15155563062163185 -0.11930311360072091 0.0083385039132218963 -0.11196527176964628 -0.061502084079148124 0.12088333803776574 0.076960150675219566 0.12399045555100714 0.11325126369221619 0.060423742202007295 -0.039627276115811891 -0.025105493446371977 0.045392721999831312


