# Created by Octave 6.2.0, Sun Sep 11 00:54:50 2022 GMT <unknown@LAPTOP-P0PV0581>
# name: Theta2
# type: matrix
# rows: 45
# columns: 46
 0.0045520995897243843 -0.0043577146059995816 -0.010984047826992421 -0.2077628702767372 0.068394224298264292 -0.024267748122485291 0.022942855733685284 -0.04192194249903438 0.090795271928269153 0.077759038089659643 0.031264749984753211 0.064084798429632994 -0.11609245945907287 -0.0136522272570098 -0.26851979645797758 0.01833532344706764 -0.16973774914651005 -0.017076393835101841 -0.079627387628584567 -0.03504456514872295 0.074479770539052345 0.024769095270250206 0.10555872153563135 0.079854254678350819 -0.010372206186087453 0.008726949199500629 -0.0056505048199250374 0.073411763304306321 -0.13231573250649961 0.011365498152936778 0.026829534286109825 0.011559657767042906 -0.19261747116058692 0.041338849427617688 0.092717383584600313 -0.0050203563949720413 -0.1602450158091793 -0.11783281339338117 -0.14601689501500098 -0.037127102050007577 0.044424776082640796 0.12976763840312142 0.010703278280406131 0.11543065680895728 -0.0065866092818805955 -0.0022206671245161296
 -0.11646039400025755 0.016900772678130359 0.056131286470220747 -0.086189940037571883 0.090442804247478539 -0.082579058971605668 -0.10641731468108803 0.13313875390301289 0.07359548847467258 -0.03865378407038142 0.029514126252179432 -0.017517362250506725 0.10722857773942546 0.049687181937857289 0.015077604780262542 -0.028856103153110515 0.035915105566196794 -0.088341994463954021 0.079676470046311454 -0.067504980820084548 0.086795018908669169 0.089153883291829578 -0.11359220203726854 0.057840347020583598 0.027924809253843618 -0.20248320800536912 -0.096917297662369006 -0.011624331492294849 -0.04641705455758921 -0.053029810660341431 -0.12032178416238809 -0.04397961446073792 0.025719455239240331 -0.087761656818507033 0.043273198828933046 -0.027030224012532016 -0.091577411258404864 -0.1386771276057007 -0.16093462197705513 -0.062367049090653222 -0.027100595100302691 -0.074689209021632688 0.0068511966660152173 0.062275760719816498 0.073092353528075485 -0.076910396778766418
 -0.027788270059555212 -0.041626495665367538 0.044893453957462442 -0.067283923279958469 0.066651946294066081 0.12238561136574759 0.045654175240646751 -0.060138416647022283 -0.0830183524820262 0.0060797234567600356 -0.050470857754278502 -0.074348015481928556 0.064029788279142658 -0.04141281445454615 -0.1336454462694783 -0.032182792358488962 0.087914331749291641 -0.074127903483480015 -0.1071736873446322 -0.0020490639487560657 0.06469541126258592 0.060097340069722657 -0.0023271233777997697 -0.029179348073110321 -0.11368444000134469 -0.12162813951294013 -0.061437806018669015 -0.095386103702148131 -0.031903936282004546 0.015638380714658093 0.076051542739947645 -0.036224859730437597 -0.037444868644375913 -0.061491379155806658 -0.085165264607687252 0.011695889896301097 -0.0089912448764943725 -0.0040035248961827188 -0.097468696390463669 0.080680973414691493 -0.035402922216393913 0.079787755920053591 0.074743206388731956 -0.075917625784978335 0.07397663481569812 -0.073050247729709195
 0.083064082615910792 -0.056572254711643781 -0.055512629882165002 -0.018758353659466567 0.072269907589850954 -0.085698815707669102 -0.11456219499507918 0.023676782601146692 0.041319421207948806 0.028770696977965547 -0.047011994101833307 -0.1139642911188494 -0.11235622461421856 -0.095743222467018538 -0.1266508808786462 0.051396633731707081 -0.09706075890896268 0.078703486100607373 0.014467396679265433 -0.13120602751453597 0.098458457355461049 -0.11240034965340689 -0.012874343955408646 -0.035237065834369988 -0.060819912176516014 -0.10498284004666936 0.090064965771431138 -0.0097229587113966034 -0.1174152914491869 -0.0025456269863018957 0.11876984204219551 -0.033215176922565925 0.023677917114277011 0.021774761159193627 0.052556967980118559 -0.035917722115370677 -0.082478931802095951 0.095827576457820862 -0.048540785509603217 0.077738034249735383 0.01540073452606687 0.088530163397878822 0.048606898086965132 -0.043657725096047158 -0.069528700549047681 -0.17014598184387691
 0.0090882051368838899 0.14965349138647666 0.0625273948641068 -0.030497373604677351 -0.11324201566937526 0.11402251534932085 0.0090274518281125392 -0.076338596740070166 -0.014633726742729145 -0.084451447333151949 0.0092476055924124653 0.010306399454166547 -0.0025201854585174361 0.010668844506890207 0.030721871005192195 -0.051857880754323349 0.12690190974439516 0.081771137417322573 0.032001707520393746 -0.061832475374350195 0.059968964806628222 0.048010952154908353 -0.0055344043281466606 -0.0085696973245410878 -0.077642802032825184 -0.10333773898898588 -0.049341180508049684 0.020914197740564765 -0.024223878600110708 -0.052622995178871458 -0.027375513305731625 0.02215401639970313 -0.16355883198696597 -0.035971224070320024 0.052683744327885723 0.04571184582520664 -0.00069007236307167008 0.021544360224353874 -0.096261478353996011 -0.0062505488492521112 -0.11117842635174877 0.084007333486251945 -0.053397066844313973 0.046798253928474053 0.016709254150842547 0.098621453848650384
 -0.060208388158816101 -0.068034585070958248 -0.0053997138395583764 -0.20473590527661401 0.040553499296330932 -0.11320244044325457 0.097583902178048201 0.064464702726735185 0.0090810378092705465 -0.035886453087598469 0.12626952233721764 0.0046608833895166926 -0.064901831786678701 0.093053667486898001 -0.010370846840917341 0.073430168383952707 -0.092224396633779432 -0.06407389216241581 0.027687869862307372 0.024418997839902323 -0.066390986696205939 0.077365394324213757 -0.035525723591678396 -0.022936090306041584 -0.057814705175445298 -0.030983965943964808 0.023570559278406077 0.02895624034198304 -0.14244921814938064 0.01384281240418915 0.091898246604307995 -0.025618901853584883 -0.0081039172796297798 -0.11866637835042554 0.046434327020509751 0.080279023577917802 -0.06826499592725882 -0.050840563957390783 -0.022888618292843162 -0.065770048875770065 -0.087924351909062962 0.046450892145629377 0.092042782140450988 0.1049344808072062 0.0043291105110337133 0.080188774854003095
 0.060862709908575653 0.036609058356702043 0.005513771281257851 -0.096176115776279297 -0.04432470318604334 0.020388632171949236 0.036151872829510871 0.12310997682635376 0.0015871238946144047 0.031940464918817378 -0.039138968032441546 -0.046387898677690276 -0.058308097412400971 0.041663601956151368 -0.0046475899112925984 0.037032042350038138 0.018546930822013356 0.022369662440605988 0.093638061155346564 -0.12762668689052009 -0.11989822188244714 0.025380925946786394 -0.076066557016835332 -0.11821131717227194 -0.0094000035717530014 -0.063393300540949132 -0.046310927109347637 -0.085271368120261995 0.042179435849858643 0.038137461304155143 0.053010369236087422 0.00064654719240222688 0.0041710815340122087 -0.14146121884972646 -0.094247213176235189 -0.078176327963840941 0.013053323250769978 0.053580796035083596 0.1305794368000055 -0.026054294074681055 0.054471362604748233 -0.076539128105693785 0.018494223074996739 -0.021652346478628202 -0.018150957320496808 0.024104951633672416
