# Created by Octave 6.2.0, Sun Sep 11 01:21:14 2022 GMT <unknown@LAPTOP-P0PV0581>
# name: Theta3
# type: matrix
# rows: 10
# columns: 56
 0.082397313247056791 0.06256607485596978 -0.032798235804138827 0.07478820845420793 0.074073530081660802 0.091541959614937135 0.034796153623992271 0.053095516386565365 0.046604462622400963 -0.013867743977418885 -0.053721600492315488 0.095958818200618648 -0.028635108358869222 -0.0036382025041596486 -0.074522407350868111 -0.074351579674862694 -0.018125670626463482 0.020144571627502876 0.066148346825251753 -0.014996748142287162 -0.055942155208199056 -0.11632165588692209 0.0088877726420953235 -0.01080136400793159 0.062328366939422217 0.050112306283620851 -0.083728403451213823 -8.9031537078886405e-05 0.055472826396747776 -0.10764896841842406 0.038120113564331544 0.011028763283390225 -0.073464850733540282 -0.0017116434879973477 -0.043302169238441525 0.084008357237739334 0.031547645655444885 0.11304226621075107 0.025287795585817428 -0.07127500638566342 -0.045766520766641408 -0.066853470935734252 -0.026740955906228422 0.043259810016550049 0.10057457322351912 0.098675258960107426 -0.058397506343042513 -0.015282033130688193 0.053478420578547632 -0.0098027978850884646 -0.074191805600686486 -0.06690868630662751 -0.12314049802147599 -0.092721589323891226 -0.064426480463079 0.013263753577940235
 0.012570438771787115 0.10257404246954681 -0.091263103940324761 0.020085749515462489 0.067314102830463227 0.028149235960948683 0.011774097899884097 0.052623482976142083 -0.0012318868551039845 0.059770537694384569 -0.010818214697495828 0.046473658160199258 0.087259241418385439 0.053777177988740654 -0.07149975681675845 -0.072862393960349256 -0.011447341287146712 0.095315199166291387 0.043715537468576364 0.01239419779416609 0.088038287743155239 -0.054073288270704789 0.014223201004672529 0.027952325118113325 -0.01449440075268054 0.0049502875273419915 0.047129426944416887 -0.050712193633588871 0.064699368700504481 0.042722218441723657 -0.028961932194426238 -0.003664237225291737 0.0070511179738934259 0.044984959007792431 -0.023442127137385537 0.039899779667322839 0.056588652435150322 0.038018814573130451 0.025959944270325191 -0.013878484461796167 0.06581739037171383 0.0065562845397813393 0.053979933602588473 -0.024606603149610766 0.050101651474496869 -0.10558976601597471 -0.0096239049036995587 0.033374571538289127 0.027353243077774335 -0.033430556605436292 -0.013681728802927236 0.073781051710432491 0.00033577508802828823 0.049298634718043806 0.11993086878654563 0.054363217244716308
 0.070198184292692464 -0.091297859575424203 -0.0029563241924460836 0.026068463406529952 0.11592540840844209 0.057225942017524484 0.021319878145230023 -0.0049595664939649751 -0.005749820214477167 0.021068336481418617 -0.063629639912059485 0.030219580488940492 0.10119270504705009 0.054310270721649435 -0.025441532351516229 0.1156475767718434 -0.069957623396444818 0.045965972403085906 0.056249911310242227 0.020129025782272846 0.058927937116790924 -0.0058317631256301575 -0.036191629520364484 0.018751472329475976 -0.050777323264728058 -0.039761208193204764 -0.044717859241377562 -0.027464710795363601 -0.082953639253933939 0.091064340420323742 -0.0065831311906659846 -0.012194763672011406 0.066852914871574437 -0.008702632821484051 0.03049852092999383 0.013680014426443612 0.0038929427857912818 -0.036325254361285593 -0.028790093625779584 0.048420576809865994 0.053774083729233889 0.016625798292833824 0.018654574747254755 0.024213678909103253 -0.093588450100059117 -0.010008423708457169 -0.062395651206678795 0.02171705152565663 0.090459097444050951 0.040330661288173641 -0.040063945631003281 0.020529121080687721 -0.026706681559080195 -0.075147011177234838 -0.004477162225327732 0.0086056256855107163
 -0.0069002001094536332 0.028255981031422812 0.051722911882231354 -0.024942291711294987 -0.13727725110746328 0.059036029241063402 -0.072585472032418885 -0.0088673560685011265 0.078972572159298454 0.010543716495577005 -0.029945563649775683 -0.017774921678748296 0.1082690901835264 0.014634153538326554 -0.0011538763950069365 -0.043340473331729579 -0.021415813617176406 0.10755220533510479 0.054404696797242233 0.026910338163942532 -0.023987130525745765 -0.10282688417362687 0.12981351641331845 -0.076873539568614341 0.032617622352907723 0.051049225968002106 -0.097514583105702615 -0.033690078900215373 -0.027700888292851417 -0.064479984376203683 -0.11108483683175099 -0.060606726118757809 0.055623448144064627 0.0021084531384115033 0.032702904400927747 -0.068240858328595014 0.024231409136900552 0.05503622362728107 -0.059954204498372125 0.076286591915729604 0.029617011268087086 0.011932916268908984 0.045683804309601381 -0.051302681526712815 -0.019999826895706493 0.012509189725720906 -0.024018193376547023 0.010974629326600142 0.012312754366896208 -0.022006547752684628 -0.095771243130514522 0.088606817110530242 0.030666785730355934 0.087831154545076034 -0.093039614505379176 0.03053963736003492
 -0.0026634887551775462 -0.069128866642177891 -0.085269995107629337 0.031530486677295064 0.0940760065724522 -0.010770435640885164 -0.061362920130149934 -0.014621966915897398 0.0007801136574143373 -0.1235105134094889 -0.0023558208704034921 -0.04097050472913235 -0.024279628977636553 0.066035734253769074 -0.010885895317333315 -0.071771684013185844 -0.074021843299059656 0.070259567216048133 0.021931887768719738 0.0058956590031265053 -0.057691305216819977 -0.068876629963295938 -0.00039253963791254545 0.04093796099989977 -0.039037007172314855 -0.03027005152265521 0.047182515533686992 -0.023443221650678706 -0.0032899784894003486 -0.091063571638061336 -0.00094272032691059264 -0.016427308245842161 -0.12421740770527662 -0.0028946094386783816 0.048630068525505811 0.057012910642067684 0.00068656775013879831 -0.079936709765022165 0.078440715122360033 0.075557999126424219 -0.062669764866179714 -0.02927192991752087 -0.026639588574053592 0.091582312473194857 -0.047013778800280709 0.0074644999095455659 -0.076696451095869728 -0.033713032230025718 0.045974523573025616 -0.015504397041304152 0.0077811166461240998 0.014973838630584126 -0.0050561192571987193 0.07033378513968902 0.010803524588444741 0.03254038249744446
 0.050161083807792155 -0.022647360220747544 0.09188195893833806 -0.043851781555409738 0.071594570751579059 0.063670889330381272 0.00783933468023695 -0.055067492417713429 0.0070612995201884089 -0.033122450369113474 -0.04519077018829816 -0.059761116966740038 0.030219201377514181 -0.054730257069231014 -0.10748349298541351 0.051360346202105882 0.022130385664278527 0.1138982886195198 -0.04947676391258278 0.060245379270663521 0.017573612606541281 -0.00045159497121126504 -0.023672510581338145 0.0036533873010223565 0.029722777976376919 -0.0087194609577392942 -0.02922712848868066 -0.04395735831872611 -0.048405259262878898 -0.0083810914507987978 0.095504823385554133 0.010892969711076384 0.039352253743108669 0.035677419971914794 -0.019801496142117906 -0.025096638101902442 -0.045128755950859661 -0.097746409442065627 -0.049419160271116661 -0.026005442718826738 0.044077430280870911 -0.080766780743352584 0.0069534298960222856 -0.09998097485859174 -0.053483151865501878 -0.038185019946243334 0.037198921421380662 -0.011395295420290148 -0.076041846764998977 -0.027228145623104286 -0.018639218591513101 0.091633607761597 -0.039657112785767036 0.13419973913849589 0.028833278365291367 0.069462534157249595
