# Created by Octave 6.2.0, Sun Sep 11 00:58:35 2022 GMT <unknown@LAPTOP-P0PV0581>
# name: Theta3
# type: matrix
# rows: 10
# columns: 56
 -0.0066398668221604729 -0.036338871692364202 -0.037115222686034226 -0.0092807493414840438 0.026637929807704248 -0.043203291855740705 -0.089736088411693851 0.082529049292966311 -0.037227928704382594 0.098803735659453884 0.058401410820896199 -0.025678092400489249 -0.0057485274756483122 0.10626170811903557 0.038883221563316535 0.036950564763829692 0.032247391205966425 0.11674695931429374 -0.038182046940410441 0.0299047733143449 3.9772427014124267e-05 0.011021131025085479 -0.058283249554639663 0.10780764276830827 -0.066396501212843961 -0.02899714786798829 -0.13509265314259997 0.073643883543021607 0.00047563231143002015 -0.027027701765814375 -0.093437959039077284 0.068660115277775352 -0.056909119520382301 -0.10801911748749193 -0.0459818808396023 -0.040462893448692666 0.089300661117118249 0.010679462886752618 0.056438272510590998 -0.048611131465666937 -0.02416336031011955 0.059509389454391666 -0.022288636256930738 -0.095820831749503663 -0.10827422491346309 0.032505096046971729 -0.0065977977836763711 -0.11014414094874049 0.020139416875147167 0.026734110562800652 0.11000940334639546 -0.041641173128388151 -0.069103232083205207 0.026224366395496714 -0.064380201413122687 0.031189082547548517
 -0.096509098205777646 0.11244981453559087 -0.010274779114473408 0.040253787929256747 0.026948947166591918 -0.001984455687620003 -0.012709751227995395 0.0064546137980204784 0.038753952090591896 -0.0035668731298926976 -0.051212510659644751 -0.041392975985094733 0.051475694993224221 0.086985194385750725 -0.0017450411882152449 -0.018584118336645816 0.09997840238957105 -0.032280222619936579 0.053448641122830168 -0.053162300817269317 0.056185016505866714 -0.029700137859588496 -0.020779404436873487 0.0030417600743387978 0.036098599987133939 0.016738652347594644 0.045295577648597291 -0.076158639651925708 -0.011904999433095965 -0.01496941597276597 0.016242526455876042 0.077871423507657175 -0.012549764946593961 0.018682826259333523 -0.087743136157102858 0.089493934263614752 0.10601827555061294 -0.029984469791561282 -0.034642973282926724 -0.11053438584271806 -0.014971795093779175 0.0032627108721283043 -0.016074230336540245 -0.068453417783251383 -0.051250795469471179 0.063296060973677779 0.052896927073108092 -0.027161043870951765 0.036238851194177836 0.070258861544845758 -0.0530482922989663 -0.023501360534130013 -0.031696916694630588 -0.10317211753048663 -0.026062202809863527 0.065072154603384044
 0.056983997068871028 -0.1123090371860874 0.0017782001812810732 -0.044664504174906965 0.031396168839071203 -0.0068770684582859258 0.022342596270675953 -0.015679775355446908 0.04431707957087852 0.057735420037301824 0.012224287310233665 -0.0049873325161015128 0.029122604127940321 0.068718976273677318 -0.029415082569268242 0.057816056822864628 0.066335564217904236 0.055851921407072035 -0.0099263815765571195 -0.032137686885266852 0.071799373725959237 -0.071369276911091864 0.045648269648978376 -0.090443661394582014 0.11195125816689951 -0.050635309215098248 -0.035705952518584431 -0.060045222400937286 0.0069358404026448614 0.034644911202387565 0.043775602665803215 0.057740656011069556 -0.079209394359497476 0.074218935588645105 0.019117313691370309 -0.014813560091837851 -0.033225565096908737 -0.060691022759974372 0.0089299437834574474 -0.022034824431977205 -0.057865355152039152 0.019493533507765622 0.068130918619006234 0.018962357071995853 0.11178500114659429 -0.056431233344857043 0.08684212389304026 0.0935678575705048 -0.064771303437635763 -0.067966111262760337 0.03404669463944697 -0.042533860512806283 0.015868151230203152 -0.10369833597250094 -0.056240311316459297 0.084239835544135083
 0.077131617845359587 0.0310024496299744 -0.065899533334433713 0.1057020052784325 -0.019471589307528108 -0.0038610916265654047 -0.007590385113737462 0.071146950350053875 0.031878374795389006 -0.052907687360925257 0.087413937074632617 0.027071938471025837 0.11395932460777274 -0.010012168708936774 0.030600208042251834 -0.043263635114071032 -0.099246115287658948 -0.02878745410984283 0.062361746167568288 -0.045364535636103633 0.040299706977720409 -0.092882204082290226 0.02101064140274183 0.053452070798376168 0.04367896738159887 -0.060637602717344564 -0.053695886230058852 -0.0019022498659299896 -0.014387729217896487 -0.0062813497694989093 -0.063490187068585266 0.101867684318439 0.010628496640571099 -0.046986097329757261 -0.05979710759443304 0.048442986822999218 -0.093679203684829182 -0.018218250561311305 0.042917913278685813 -0.018844511231397899 -0.097778171630787267 -0.043671859261010852 0.086825776826690779 -0.041873746676063472 0.0030436694126401219 0.044651829335201718 -0.0010030841035651374 -0.041309373651228033 -0.022223457973488629 0.03310938991724343 0.038310123410328571 0.033888704752682831 -0.052278304179659334 0.0082696263606138517 -0.015952991171872103 -0.036484354129097278
 -0.020996318329977601 -0.10670338361968114 0.092492831523071126 -0.041441494237266299 0.021479726503234351 -0.057764877571019585 0.054260906612969173 0.010973652319060072 0.038996161311969153 0.0088389568728694801 -0.038785675223655364 0.064168169802365616 0.054026557889180142 0.057369804500302421 -0.002119435229885982 -0.049405735682413084 0.048164193949267901 0.065973311393657738 0.052920184837859159 0.016789312995164382 0.11511680412601576 -0.010129292806796282 0.058075187309673024 -0.026399699903343968 0.049499534447133217 -0.023367616387339078 -0.052257861337788855 -0.055321801833389611 -0.019335520590419732 0.10217885260197851 -0.085761929081375893 0.080797100598505367 0.02357813331268066 0.029230184395651452 0.073444657769302743 -0.035228332348554499 0.044275197668115565 -0.058720013095709206 0.0061453865997756199 0.0171084911346229 -0.010237712285532838 -0.0063121029443633601 0.028634963020376224 -0.0083014875671920882 -0.027896071821167448 -0.066093541410914933 -0.0036699211286967976 -0.063679923198070254 -0.028386482097647436 -0.025301746155985922 0.14697141444123962 -0.020318912596745922 0.087605984748492752 -0.062642590287789887 -0.020606135469703305 0.052733102596139114
 0.010081887023910482 0.09005548635379336 -0.0031224004543177479 0.032172978539433163 0.019369295032103849 -0.059182255892147234 -0.059918461960003451 0.10096976976350035 -0.048879680589670252 -0.03447174405293444 -0.040922556797684348 0.078121072593593008 0.022476586209805926 -0.03607024745874552 0.0047955175392217801 -0.100351465283921 -0.058764509243428291 0.048167179103845978 -0.095694317469363549 0.095269450149646662 -0.084952214426874853 -0.01127217473753574 0.065679114617707438 -0.10298598168838088 0.050705336342869146 0.025074148456876808 -0.01338787068562244 0.038911569126929613 -0.0065813663467306624 0.049363854732463318 -0.03812426558957184 0.037033944085294285 -0.0017081358830792598 -0.032031549226047104 -0.08263539447163766 -0.036498187598200345 0.067761674297666788 -0.0034567753482695829 -0.072187118500532305 0.012593858302050938 -0.096024088936563487 -0.1265175502457494 0.056233427244301498 -0.030331614373620492 -0.086392931753068489 -0.028091258518732565 -0.011354309966343411 0.0094541340936750203 0.03220455399895384 0.071528290210332926 0.07908759770358198 -0.0028866877376761075 -0.013395118345299693 -0.0036146456733084855 -0.015639025400787081 0.012724829239188584
