# Created by Octave 6.2.0, Sun Sep 11 01:55:36 2022 GMT <unknown@LAPTOP-P0PV0581>
# name: Theta3
# type: matrix
# rows: 10
# columns: 46
 -0.04276168266211177 -0.0060282244480698846 0.079926551631843284 0.10857231254334815 -0.069871599083236369 -0.071166160174947243 -0.025142412294389137 0.049822024930097554 0.0058102052407176903 0.019121226809819848 0.013602363321219845 0.020130384462254861 0.034249623213109995 0.020494166859005011 0.033121455186090526 0.0086459321232511301 -0.045653172388829606 0.010945304014157164 -0.10998627086263277 0.069919171552728365 -0.043679558530795151 0.03656464695927366 -0.019865634253016184 -0.02357566828515199 -0.041914781050239949 -0.031016270025994459 0.055240627058205857 0.033318850252665101 -0.10181207621716055 0.050323991007465992 -0.099393200951358618 -0.011383763480957192 -0.098251611484009321 -0.035331695374241058 0.066618849538254199 0.018717456870320136 -0.014718479551330181 -0.054791951828891593 -0.031786843110325952 0.074763988964007988 0.066926736794181346 0.020511253857380413 -0.053366580569929517 -0.031534767220656554 0.05049544213861492 -0.024846387550839431
 -0.086754295912338436 -0.033143825206727456 0.10482420918461847 -0.0034768824119665101 0.021679299610616178 -0.043393346840935161 -0.041806578633489098 -0.035690347995914397 0.0040179003247531589 0.10825891935895003 0.066312942244216855 -0.071395284403568446 0.0941487629904941 -0.037980152772726643 0.055461858714049871 -0.075255281874780769 0.055316087142672832 0.074524613860155103 -0.070538094059034148 0.087354451124677504 -0.078256244901891953 -0.028824607838222199 0.0083481819880935719 -0.063854037553781454 0.081588557370892531 0.14092158373379679 -0.069124582701799941 -0.067639633097605428 0.050082261553611715 0.089199784989663453 -0.10484977475934062 -0.0061925928948006756 -0.035802650365546175 -0.083318645401116123 -0.017466919310395478 -0.082642865530161314 0.0045440288672694536 0.064721559293009615 0.057435265414244693 0.013367826781839204 0.022217090818362286 0.13854329253726344 0.030891793211163542 0.084186675472259928 -0.07037593631095812 0.024694728493962103
 -0.085950640278761883 -0.077776705940935109 -0.060781280391426419 -0.018633673881725956 0.0017679486268882684 -0.020424996808107863 0.094481309906336505 0.028231433024989417 -0.025875778918975682 -0.095958594584867773 -0.021855914236171909 -0.035260598042016332 -0.050287545200354743 0.002561927728150937 0.085398143346503794 0.119045781042356 -0.019055586911428786 -0.03571264466582711 -0.027397574212165043 0.10795185983439062 0.031066912797711451 0.03649448184232653 -0.047996297977643446 0.022994320877167133 0.039851197793408732 0.01735064079688229 -0.0098037546758487411 -0.040763009006305098 0.075278937350053282 -0.08692585777759966 0.070174881768326064 -0.031014525152199424 0.022219188944663289 -0.028108607131617232 0.0090196919979805799 0.022691911339075457 -0.028445896388330921 0.051888481430347105 0.0027367589910672393 -0.028937239985701465 0.0075589493532356644 0.042169152438054171 -0.066144581920047074 0.04368955341164299 0.069410100392143473 0.0049457216479483201
 0.06233602990718453 -0.12239423485956606 -0.0075514341509674192 0.11293767114091445 0.093790548944459193 0.086043434708851688 0.024598674241221509 -0.062129416758523744 0.11276332149055958 0.057245181507640672 0.037931526983595885 0.071393158350952182 0.0075078714136749018 -0.072526369173100388 0.0863008814888689 -0.092872840565303441 -0.10748419372739917 0.0087315331765653609 0.054111546651218798 0.026492665875773629 -0.073660502389059482 -0.074711925439856552 0.066817891850557476 -0.057525232112027924 -0.11774538534457477 0.039570091687367186 0.073566905178961112 0.076352079589804681 -0.076127761433859395 0.077739526473086948 0.041043528378195485 0.030684689106387927 -0.063777459502956629 0.063151802835707163 -0.096059444156185531 0.080012912080228052 -0.049009674393965384 0.030462719741800891 -0.051146689223544546 0.00070698613814240165 -0.043181804526608407 0.071812952762477886 0.074335366990973373 0.035929605824350168 -0.0014176567324843518 -0.01567732814863312
 -0.10018786075824718 0.036328920806722356 -0.086774762610856024 -0.065980153746184461 0.019617463010229312 -0.019327778532630773 0.012087459017581386 -0.0058665985113937344 -0.084485938944824063 -0.062538076973975315 0.075779553776531047 -0.040009083748902059 -0.021059472939930872 0.078387649141673274 0.033561244382626747 -0.020474985235593365 0.11310702074928064 -0.073959535262659276 -0.025761522280236392 0.1084485624898016 0.051601833573236493 0.025092447516145033 0.0053360931552192559 0.0052321623232984976 0.066323123684748797 -0.067913376873776354 -0.055553234259945551 -0.07194867694486938 -0.047439322202151066 -0.10259142373755219 0.096137598026886192 -0.032913962751833323 -0.027937617795039293 0.11536517517700098 0.079881074144341507 0.031043267094042527 -0.014796897558895607 -0.1233389124450272 -0.11395939118720023 0.029780021360564561 -0.0019413691234867485 0.064183407684698532 0.072278749431860079 -0.019183015696479042 -0.033216376232144809 0.073483625936340669
 0.063218864793945645 0.02924952113962264 0.017181267743399058 0.037602300817712153 -0.014125409631409087 0.055344072065544446 -0.016172509162448074 0.11240989190558859 0.00021338393898358743 0.015107215103008843 -0.032110292905430986 0.080367355324113016 0.030470972242831195 -0.0081246178082010744 -0.046798028500943459 -0.085238599436463849 -0.083801279260219935 -0.027669248568523146 0.081865388575493886 0.088613603861707732 0.12881461945307413 -0.043737851983725894 -0.063763139232652394 -0.092200427802545018 0.10838610992569608 -0.034990511571308731 -0.043969601553009115 0.097840830589120437 0.024126000507863728 0.024055035371217538 -0.03521961432090151 0.045999585794706942 -0.047375660380707459 -0.014271077505905333 -0.03463673382232757 -0.050992024945205973 0.1126048039913837 0.059067824564667686 -0.043057695673155649 0.037570827119939407 -0.070063352646793461 -0.0050923971048804882 0.13681706841239899 -0.084870213069164063 -0.076962703847638619 -0.060360635479807481
 -0.0013108831129702446 -0.099341101666420295 -0.0076282535001650593 0.096890071284615686 0.032026272564354238 0.013545400855011158 3.6844803376670142e-05 0.020080793595420719 0.047529644662161911 -0.024873096918147482 -0.083692913233206156 0.0047509224044441504 -0.015860950287897652 0.0053062968584255635 -0.017667508656489431 0.012578569126651942 0.072278958005899174 0.028561976791031538 -0.055898856739277573 0.016847697465809268 0.034095945151051514 0.13942236547948342 0.095710157931567175 -0.015332112769493984 0.015900900279893129 0.020611192898457101 0.026357277212688719 -0.098057267615271601 -0.0054164845416603971 -0.056504456595641274 0.087371476420280994 -0.013337571778602317 -0.14339541407312253 -0.06735067963250807 -0.051771422627897357 0.029895514101505705 -0.11186509561568719 -0.041441495368946576 0.029818803346889643 0.13465751887423619 0.041093207745513852 0.067069978913734868 0.13553199197641827 0.12533551803015508 -0.097506670841557716 0.063006456176063
