# Created by Octave 6.2.0, Sun Sep 11 01:28:29 2022 GMT <unknown@LAPTOP-P0PV0581>
# name: Theta3
# type: matrix
# rows: 10
# columns: 26
 -0.044403939211031987 0.016590662043265016 -0.010296716774079831 0.020827130554050905 0.013364027580743631 -0.036222579879715541 -0.032620956260281088 0.053823741400904707 -0.052984698543250656 -0.10136059958120552 -0.084839183200558124 0.10938010723127531 -0.034755655835155636 -0.088861081141929574 -0.058555290080979129 -0.041030649065340714 0.099397111887598422 -0.042907457920448679 -0.067676420098986112 0.12175217103427531 0.065502593942818405 0.12067663758692601 0.095489218314314422 0.014374990938506945 0.021009193920997642 0.0068356778599216418
 0.06167233994256318 -0.13155418458017812 0.0062726162666833394 0.019985417837899012 0.032351687736023274 -0.0033752418461281621 -0.038336758660307169 0.069775535866862304 -0.021904645496722899 0.14125886045453881 -0.054154919578427892 0.08850634357206813 -0.046759676019963878 -0.0040361039301003241 0.00088494419593910644 0.0026604798505265354 -0.016666908044354889 0.11302085827518193 -0.0061554131511621264 0.0074173112512316668 -0.13328918866350781 0.0031547607474703867 0.092069259086462393 0.11800488254721214 -0.014694770680559851 0.029844172082320874
 -0.14833113737751752 -0.0090017002383132021 -0.12654612494869602 0.13799716605111059 -0.0036634986912836812 -0.022840983387810182 0.023260741573015428 -0.042135700197042401 0.1892722869370749 -0.0018635662250048549 -0.074047693192593161 0.025976098561368292 0.0056328968934880414 -0.0080593853057483299 0.12333826710228615 0.036078102079892815 0.14772088383868068 0.018361013304425182 -0.034393122175187522 -0.048517983696553961 -0.005074312602654711 0.026550959751547244 0.086232141667909407 0.046588354202807956 0.025462271380857954 0.10377282058535045
 -0.00073308599985858597 -0.10805298726302003 0.049278860320923691 -0.16278315198797055 -0.10487516310069017 0.071305029852579818 0.029607030403910529 -0.0077676722682449035 -0.045328856129736479 -0.096998710774009553 -0.19686312557410912 -0.028593490492126304 0.0065647310239736996 0.0093496607578442293 -0.10837125755406404 0.12374014953567962 -0.15399274662344967 -0.018762208004865666 0.053008236320250993 -0.012976965600879216 -0.058622274971871023 0.059283210534358165 -0.03021059624425217 -0.13258558615441554 -0.14144023157809674 -0.076872906909835254
 -0.065849590201434854 0.057109498067536853 -0.14903498333373164 0.036519804979254125 -0.03105613242795421 0.10143506647589175 0.18246474475584482 -0.1021299335344856 0.0079988858930717301 -0.023721509927953414 0.044963620244610335 0.0094924956572242473 0.058887621245248808 0.085579004471736123 0.13199338281356221 -0.022367682679344823 0.13079480280153588 0.015427848801548939 -0.065215185201465076 -0.0041922007402386777 0.064068599909906168 0.10147899683866816 -0.095609319007818147 0.0018179619775659213 0.16310740814863942 -0.0059295940469670343
 -0.018824317792784349 0.063713978041598396 -0.077858614258408787 0.11442498546723966 -0.019456780201870465 0.13433678129984014 -0.08292412116506577 0.014784486947728449 -0.046668359524450094 0.11792375393256697 0.12644158312006792 -0.019066250038615715 0.076788308061835051 -0.070764162115541776 0.0082821066520185147 0.090334534993024046 0.091421886972768082 0.085804822442117373 0.043156946009637202 -0.02744891640641892 -0.031134668441005528 0.041492981693573315 0.050786708098854924 0.03901139466705443 0.018522487950919212 -0.051688556014816693
 -0.08718190315978798 -0.062666853231960862 0.015023761652260593 0.076589094038341868 0.084273607518555074 -0.022908569590925323 0.010136039474070819 -0.082287177224227875 -0.047849000613213628 0.16489065156336624 -0.02375357022720417 0.041960011683575174 0.032058134308972787 -0.0067351124573560251 -0.0018712050594220009 0.036556341105546654 0.029051167013072542 -0.0021383640114528576 -0.045694144488078244 -0.029489834854494749 -0.016794411280394751 0.07710680458487168 0.046445247073219627 0.025536538492812622 -0.066066708115609163 0.13696139039962207
 -0.081443770999359261 0.067973346950901889 0.014889315905783984 0.067124520386448477 -0.0012696702854891647 -0.030624546113115506 0.037322683504136582 -0.064152724472132647 -0.030909566461174928 0.09404726092007977 0.096801948637669138 -0.027258530469212054 0.031446431486574888 0.015822080864975184 -0.0014523544281979856 0.0023729043713482507 0.036748172914110214 -0.014450006798116616 -0.1420912352005024 -0.044035337881445688 -0.080244722328284904 0.043156885253344192 0.36622684284231677 -0.064038774727690873 0.065451815365728069 0.07344103617872548
 0.094740366005194088 -0.10625559637342892 0.0090744946067047444 -0.20836521856959789 -0.080628496700102109 0.10507251956218316 -0.068118731640402233 -0.056981844959070063 0.032902153458048311 0.051179788480624544 -0.16950444345479976 -0.069239897022890518 -0.081336866920692877 -0.089140299606124601 -0.051532837306634764 0.062580255570955978 0.0057616290974390957 -0.14702320982464381 -0.010218969147844576 -0.094857730310024618 -0.00356986647060908 0.052843653973371617 -0.021516149560752342 0.084418342615247832 -0.063954035191808187 0.081479424609509715
 -0.040772636829903203 -0.05246221735082908 0.069551450459358205 0.053733281283778356 0.046397934342370072 0.11495389047629664 -0.14434196183911729 0.021639276520819626 -0.10409031842299132 0.021327877185280345 -0.013172257646707382 -0.011940977678415307 -0.0048189162482055485 -0.027240884672569795 0.018090966796094864 0.024032813051535869 -0.11402417935004486 0.02376871981674809 0.080134481467076399 -0.058239033745167694 -0.053558290230362349 -0.094526844092516674 -0.0046979773541592183 0.13734084408174607 -0.088207838363372829 0.018495752661560165


