# Created by Octave 6.2.0, Sun Sep 11 01:08:42 2022 GMT <unknown@LAPTOP-P0PV0581>
# name: Theta3
# type: matrix
# rows: 10
# columns: 26
 0.020743773820139724 0.023180628538417906 -0.057767112892596034 -0.045640349163738554 0.11960230231886307 0.19810449751856501 0.011594152994449512 -0.068735269010269467 -0.077475507952174116 -0.011342244573899839 0.073602513475566456 0.089371597441944242 0.27279027019684671 -0.15653979668127982 0.038102115084070437 0.048768943167054393 0.084475943286632882 -0.011612508919241872 0.071161233785649022 -0.097280212803793079 0.0021481134042743793 0.11568889408606418 -0.018120145701039685 0.069219950854892548 -0.063535694454882316 -0.095125038244071772
 -0.056490306564738912 -0.031595108131078554 0.052156511247423293 0.005198905036082036 0.26475712156800063 0.14746881776001713 0.020924171076586895 -0.057222335802450702 0.040120047022593509 -0.082515829963856119 -0.11285385459838219 -0.043478368252023288 -0.00038823605940096323 -0.027740545403525545 -0.13456503380154558 0.085499049941893029 -0.13416848054076849 0.13617779238208419 -0.0012074190902936943 0.033281711817780189 0.017649083220408607 0.11296398933499562 0.122413717186359 -0.21831356242105374 0.063671104648673524 -0.10403424574757632
 0.05074302645127117 0.020129730656787085 0.026850752037812065 0.18154830603254968 0.12166420561678495 -0.061909427799859626 -0.029806484785541022 -0.096799174590895543 0.15396864843073022 -0.056289298528571695 0.08455877378724376 0.03503112952541762 -0.1193206231273511 -0.14817184187715751 0.12808976430090099 0.046452402176801778 -0.018449008912556221 0.16556585357011666 0.1482803833287254 0.027341092236816848 0.051966962742457545 -0.050674511031988077 0.045430156857882376 -0.090371669043146224 0.069756803248852639 0.056354538874084141
 -0.11971340872741351 0.062608107922269882 0.014193979774978931 0.0095384395067525593 -0.15176123212988088 0.054233085959459547 -0.041096644825295431 -0.020362497179806077 -0.032345935028160543 0.10561457161750439 0.051379003046895737 0.067579976613802162 -0.064049755931198299 0.031516774547290398 -0.11173469827505507 -0.078993499950272952 -0.00019693109897015874 0.054013462585671961 -0.058233174679633209 -0.06163084122821267 -0.10639892013021758 -0.055734756546522352 -0.028861949660669968 0.10195709371191826 -0.13707239668789037 -0.076280047020550301
 0.12716281907177959 -0.022395488637176695 0.025944398279995659 0.1109700986555865 0.10433129624503283 0.016393448870818932 0.10647417972147287 -0.019115409332688297 0.0093448698195360471 0.019450518157392477 0.11018374334712805 -0.038503342601874282 -0.015391170199538251 0.047944679396179322 0.10175292426514732 -0.11847474405374145 -0.11490660281367793 -0.070897799884041351 0.080114206093829285 0.0026715697985200343 -0.045327784668486491 -0.00088560369396124437 -0.038264047429770499 -0.037728127305287538 0.24933711837095723 0.24348897326287575
 -0.0047194381327633084 0.12224502335537152 0.099629292007762937 0.12894420390449077 0.075412180845734214 0.053260538684730734 0.040284782484783434 -0.030983352128797974 -0.14698601580228843 0.1335643317496239 0.087126670702018016 -0.19033971161163699 0.00021606113048642611 0.029316152249082676 -0.054964305636089922 0.041046906153341681 0.02905737549684502 -0.1258886578626956 0.047427580865303388 0.059379235790123462 0.08064383230868781 0.13873691059311108 -0.020234502692646365 -0.090478807813831899 0.09309061324813514 -0.11200293656468277
 0.020456537891948748 0.12165413283087957 -0.0017851274750802447 0.1034641854776028 -0.025362930538482702 0.07100112704687811 0.13006324635151995 -0.027044704969798477 0.070096049195737517 -0.10748896600696478 -0.11871094063093068 -0.044117300888357781 -0.044590031402120776 -0.07758843355310574 -0.079784785547215506 0.059377479157486271 0.014968350227683915 -0.019190590980890973 -0.18981079556358499 -0.088361443203035767 -0.062334089662692167 -0.17795426467082279 -0.054032601684328586 -0.014048053859985728 -0.050036042272469668 -0.049950809669156257
 0.14400769334205504 -0.056539378338250325 -0.084978305193002784 0.0068184514564816091 -0.001937538441477607 -0.052748609464004934 -0.12506547748375221 0.058641770882415255 -0.0073673192724331323 -0.16217800808672539 -0.1362958671332184 0.029194252388888963 0.084704838863418966 0.17085181756469728 0.01609282818814272 0.14418176012115075 -0.025622356212076387 -0.041735805475515433 0.076794641824660947 0.052768089282385612 0.095098667477093543 0.036680317059680431 0.11160337784278991 -0.057274103079682226 0.0084258773066832639 0.19831873854208573
 -0.033695175384480074 -0.14097959675590188 -0.1642116579067632 -0.1266220306363369 -0.18647577011313568 -0.067288638452479607 -0.10385517301411303 -0.04769892184268517 0.080516403894328223 0.019219090163096302 0.0030352160441990466 0.088130388042788985 -0.11137804577343063 0.073750025887765844 0.042042373224917641 -0.18959168371258639 0.010448701757157085 0.03407598005187331 0.090413490634675131 -0.027389839012508226 -0.048844382452436337 0.016136778923116855 -0.013031705890557573 0.058383505280906141 -0.086794992644486521 -0.0010279071384765056
 -0.16750720455680257 -0.0052382858713224852 -0.0052521959043916782 0.0017663219209280371 -0.043758183313402609 0.02838329942455808 -0.045065538333293124 0.061468816952869841 -0.043532772868851446 -0.00060680890398083335 0.05306243723398231 -0.12989947184691947 -0.11668617019157614 0.089678678981195636 0.044697127111319179 0.11473042429060815 0.066385279050225496 0.0069941739992570575 -0.079794394946572464 0.17698051936956469 -0.06423233369615497 -0.126483278780499 0.09941249700584312 -0.054001002520306873 -0.022773301447939678 -0.034880278059439801


