# Created by Octave 6.2.0, Sun Sep 11 01:43:42 2022 GMT <unknown@LAPTOP-P0PV0581>
# name: Theta3
# type: matrix
# rows: 10
# columns: 16
 -0.098922003411925877 0.085419994307401784 0.085293913207696304 0.011207362568443653 0.13336630690094936 0.0056142728939413732 0.068166807427817319 0.077861876356101103 0.15352664438305702 0.11577139017983774 0.082665067939677539 -0.060540493136041408 -0.082929034659181153 0.13706092213338519 0.016082942679975301 0.14075594756366927
 0.12604000377798655 -0.1002997227949016 -0.12393329375686318 0.025064016536047205 -0.0010131551698822864 0.056515077114414058 -0.053687317495426518 0.1048257547111098 -0.099652676138875407 0.058662775113622966 0.085250362878096897 0.044983991012916315 0.013195005999383539 0.063164779199836998 -0.002829524779113995 -0.084535440506740084
 0.056554901732662179 0.11971085594823778 -0.16461388902757706 0.0058856907906658642 -0.086500383271121944 -0.019563079688590064 -0.095089893743754025 0.036550270800272462 0.12993944715119121 -0.077278732079323509 -0.16802230827842113 -0.36646549283404944 -0.015531828720234318 0.017724059995584383 -0.0006214023055971992 -0.011856908650737356
 0.016574753522500006 -0.14627443212197525 0.1260070923644126 -0.04197816054767646 -0.10073271047230403 0.12750711674125861 0.10092690327964048 0.014558105653635712 -0.13617347550094552 -0.025698879888616511 -0.069217510446625788 0.11808339689211997 -0.01224139935130146 -0.074397250602434545 0.010544411523449156 0.0075699602862934513
 0.20680409017299448 0.15022303356847388 -0.079106395758723302 0.033848281867063949 0.1013932162710432 -0.24308809124752509 -0.0056892243501991758 0.032652736295123656 0.038053703718984665 -0.24995336482515759 -0.17351700758453623 0.11132277192590891 0.073310650391036555 -0.092686752251469676 -0.063136870346785057 -0.023089623031271263
 0.051674256435515833 0.085706387820440932 0.028380498661486078 0.0026816222190016305 0.12352057033961505 0.16683267145408634 0.17651539602543631 0.054148477423090091 0.024602421437182317 0.21775445665592616 0.0612472052563766 0.052777963194193644 0.058857406183404772 -0.035987060066342627 -0.010455375045106338 0.17425588525503971
 0.0070825125871243544 -0.013916484671942612 0.22107461939398629 0.055970094620461833 -0.045799845494907204 0.048550221273102677 -0.089752456548617132 0.057842467311165768 -0.042261285808950853 -0.0044014738851878661 0.055308141707435816 -0.018706552975301671 -0.037454927812213684 0.10596499169450628 0.13163459892330845 0.076393388529330239
 0.045404953238467459 -0.0086188996897431924 -0.14916803966473222 -0.0015933582583193908 0.065701994541203804 0.021610898965164695 0.018333266256062672 -0.21251084980882115 -0.034070308994523131 -0.0070834851369215223 -0.076680437590663855 0.13021849126808152 -0.032217468555968951 0.04297686430022149 -0.075165967842622472 -0.12597684241167625
 -0.066247489291305764 -0.16716929149128948 -0.034337568082387686 -0.027937846519175011 -0.018926807694319179 0.13167646732808519 -0.053313350366145408 -0.22012350516951626 0.059560353154551687 -0.23732125087209874 -0.17203117192878964 0.13553657134136718 0.021562436024131489 -0.046818147820727983 0.063260192897004519 0.0056023063346228898
 -0.018678599791704938 0.053249942846436533 0.0033010041774308241 0.082343023990596578 -0.048223269583139758 0.071963285750465789 -0.014699284212792936 0.016441678642326207 -0.088733128122535587 0.16054763243461903 0.083385069607852427 -0.0012556535037749283 0.0096901239765549187 0.033346814474571738 -0.047622518257671213 -0.047333322368744934


