# Created by Octave 6.2.0, Sun Sep 11 01:15:59 2022 GMT <unknown@LAPTOP-P0PV0581>
# name: Theta3
# type: matrix
# rows: 10
# columns: 46
 -0.038978816753853403 0.096366592981314211 0.17188720264821816 -0.12780824013962169 -0.010427681560370553 0.025766667289328967 0.066394027649978135 0.017909627832533359 -0.041736569231594606 -0.03975269689743164 0.037916801019205026 0.11561776734503365 0.070276240337079493 -0.12604656041388765 0.015549296610061233 -0.017665993837469328 0.0047709530128595265 -0.0047693570013075653 -0.040682638537408916 0.043863047731056086 -0.036117535279439297 -0.078267739694160135 -0.0013370095204566243 -0.12758597089190329 0.038304240554083088 0.11014448029118974 -0.035972149680391877 -0.03021971148017067 -0.024252062456559587 -0.01259494885652339 -0.056460896438611727 -0.0762411917660685 -0.0042468420583163516 0.11467014254641893 0.029555562409554741 -0.13551824182968752 -0.045920852236160929 -0.031069195822667629 0.09308471281109168 -0.032907727315776132 -0.018213941824765902 -0.014376520727337945 -0.033159389929024646 0.041676889759162936 0.010164080355699101 -0.081546043104039193
 -0.017857398319353325 -0.085388268276748391 0.13086694091345794 0.012113964323604067 0.11635752471828352 -0.042022544420768436 -0.03455256236486319 0.0021656623496539192 -0.017439039874685681 0.017696682305648897 0.049286466788731317 0.1106226180777351 0.020122737090901753 0.046876338082345113 -0.013501669293146069 -0.0042839772831747081 0.0047036037664747298 0.08359324290302339 0.055576669282817605 -0.1394737790806207 0.079525928727190609 -0.034562569993525513 0.01695704824133144 -0.0077090888700462948 0.08524130993187945 0.064361910950916271 -0.044320092664746437 0.014853681857601244 0.063314630171141403 0.098468621377302445 -0.049221300972122434 -0.051128826426875287 -0.036664094267025653 -0.10515486412536371 -0.063850894065075506 -0.089001691065328153 -0.069633187758039464 -0.022275912470039339 -0.040341151518030409 -0.1299671619394126 0.092309401207595759 0.041482308698790167 0.069900147450776023 0.052440814525853877 -0.08991634083864343 -0.015583464302287901
 0.079311997865168446 -0.10368299241688356 0.015284097283512797 -0.012511972116385141 0.029781314937356432 0.068141881205315447 0.0029845862009819256 0.090731259294675376 -0.069922895723124406 -0.081041400087290424 -0.15061767947125426 0.07208693530617212 0.10187836953941082 0.025970430831862682 0.11523820988523928 0.11949033703666219 -0.063330322549750018 -0.059324587247365397 -0.0013580011216123824 0.017786043841357853 -0.0075149384643417574 -0.081377122680945296 0.010095703682007295 0.13005502543688144 0.001334293872545094 -0.024078659830130852 0.054910275875986389 -0.11202120741402044 -0.16308270804855229 0.0039952954037579371 -0.053193360981464183 -0.022605834976410055 0.030701582450766124 -0.10705290593104548 -0.042749818928836461 -0.046544471640805669 0.058546350135101614 -0.048503566122562257 -0.14962253725127519 -0.012494259105016109 -0.061118820656141021 -0.066816397531759372 0.04509799606490391 0.032172208947739631 0.038693514400008198 -0.044438765064092771
 0.045250254165107688 0.10732562377112119 -0.18010803053422159 0.011102847213631023 -0.091680213954406176 -0.063358241780120339 0.090225859411038015 -0.022574082618718599 0.0051113550983795603 0.040077367255340411 -0.11706138834207844 -0.046180934011331241 -0.042342498710246396 0.0075190894053176766 0.034464800034841848 0.0021900971158320568 0.0055294813258907841 0.036557884941092973 0.021279549167594572 0.061689232057987521 0.036315420134739422 0.018848465996482221 0.072977177313639549 -0.03915009765889603 -0.039989997820878524 0.20516237351686795 -0.01230722355351648 -0.17080866182754514 0.10176552431985675 0.0034715068572519782 0.025328504071056832 -0.040502555895923657 -0.028028814247415722 0.030228291491911124 0.023252732129815462 -0.016516760711767248 0.07295125269998913 -0.032979962544272115 0.011531725841354607 0.055776357164831203 0.095339930459708913 -0.19829389535890096 -0.064167067261538493 0.050341251884897506 -0.10099890148811712 -0.12943194623641624
 0.080768629429022049 -0.12642997082554849 0.097910224789130001 0.069105411178242176 -0.03661838445821796 0.059177729097668212 -0.016803824611700401 -0.016062216860417155 0.12967494234724888 -0.029069987823982429 -0.035827095481284252 0.049936413580457896 0.0099323570062003173 0.12815471893370689 0.0044853699990830042 0.12211211284750047 -0.059765553828871901 -0.013808839127407832 -0.036862637202790746 0.035635976874634781 -0.072893955466324711 0.024456531268575186 -0.0021059207059163465 0.049722614293950786 0.19489205539449203 -0.11604228730822466 -0.045513286055491223 0.027978419143849541 -0.088153380729810271 0.050517454789223273 0.030136277502751274 0.051979180474439383 -0.15339177648590241 0.0045117271877467922 0.0069858941209004514 0.052683771170391511 -0.1340455277492735 -0.093533130706330056 -0.10524091373984532 0.0029092455385811818 -0.041715840368271258 0.032432300678336558 -0.010333161409117258 0.068241627970282576 -0.0084534955613446115 -0.054045437818015019
 0.085996899998907708 -0.024707477473638731 -0.098823274599915703 0.046460737331188405 -0.057636344780791333 -0.070308659537580406 0.054263891374771493 -0.020487202256600345 0.04221288238399485 0.045774390225879369 -0.045975695383089064 -0.021541312481416473 -0.052974426812106477 0.090170807859658239 0.041987643496834093 0.00029229940116149225 0.052186825402577026 -0.002565956313673891 -0.016558832497756807 -0.093804233554358227 0.022315002912781483 0.12344316821015333 -0.018880717130815381 -0.0056279229463064894 0.12258739728046668 0.015732141788802584 0.019582126127037348 -0.026554935624810733 0.12645185872259232 -0.1184026830569149 0.032386954790640431 -0.046759262322224507 0.082393721395653291 -0.081997529866189897 -0.11954813712334871 0.02499260689671021 0.0090226800210288505 -0.042036190614460206 -0.042344693498970479 -0.025483546516941437 -0.061961217532477096 0.00014991279929488162 -0.051614815849121122 0.1268125736091785 -0.03809798330642053 -0.13030566450641889
 0.017429098780815735 0.12412331264504821 0.10495752940345103 -0.041026090373259105 0.0077020069097219019 -0.045337876683664034 0.0052064720782033103 0.023539276769111623 -0.015915642282434063 0.11252022998074611 -0.040072186177452541 0.07193703176955453 -0.016276275312118321 0.042033108653609756 -0.014669711989445854 -0.0041833412168348644 -0.067218794816734873 -0.013290085845554411 -0.022981554429874953 -0.041594624873691727 0.0026569287981901783 -0.044299066072709073 0.033264169429117099 0.12509133306704096 0.004375073101428123 0.087908707724623808 0.0095177452019279338 0.048213035319253424 -0.028784424445597288 0.056859645258549502 0.043547417071660391 0.036536060022757826 -0.011893249403551543 0.00020433119264190282 0.051995579661030904 -0.054314197831824937 0.060655565576835713 -0.0030239757843792858 0.059228083193621529 -0.10764811974439689 -0.023288161565867205 0.07835456160981541 0.11905989743143371 0.025466389059280975 -0.02112855433330554 0.025321751909323224
