# Created by Octave 6.2.0, Sun Sep 11 00:46:09 2022 GMT <unknown@LAPTOP-P0PV0581>
# name: Theta3
# type: matrix
# rows: 10
# columns: 16
 0.044334410479471016 0.068378279636505904 0.043945410585009614 0.047220908257758584 0.23666145976810862 0.054613150405269456 0.032921261068775354 -0.016041725686207136 -0.0042217273204035047 0.014064026282562158 -0.015507709880030366 -0.010943488988537982 -0.079698753997627853 -0.088313845278756783 -0.015304614875029163 -0.17669034000655495
 -0.058350226592612568 0.13793960875489658 0.0013015891427102231 0.075190092875525708 0.060895504512051654 -0.0041305653216968975 -0.075880418773434433 -0.073509159956329506 0.071880226621867313 0.025880604092358709 0.11907737003273236 0.020979552384279163 -0.070598652631638906 0.0016418301588912011 0.03451653956436166 0.076851888980546776
 0.03108823574367784 0.068728094357744532 -0.020353301415569222 -0.052869720388034183 -0.013588600558358265 0.054093347498846811 -0.020502951267598435 0.076765208442252944 -0.013097740832011831 0.086275497102370063 0.058925057840757661 -0.0079984205666693495 0.10018224552082061 0.014344425835852902 0.056221421038686721 0.0013713899136530239
 -0.058331442561752454 -0.0089702527760844447 -0.043417295257399395 -0.013716351406183708 0.040157888296455287 -0.057771369536002606 -0.29700485761748868 0.023426770889167465 -0.099498756929039325 -0.075986149141056503 -0.30696714429113831 -0.074147818224494774 -0.1655319621397856 -0.10846825924354027 -0.13983081631211852 0.059247525936230318
 0.036071486799235934 0.01984227938158481 0.050034553213793825 -0.025362340133953918 0.13597039074332928 0.10561192419979284 -0.05130341811389446 -0.10815410945266268 -0.013724119299794925 0.12347074773303658 -0.027080616599852201 0.0011055803263392921 0.046922213163168407 0.0033706349533949962 0.066502336847289859 -0.001521113894949262
 0.005774992695006414 -0.040011234684996545 -0.038021654649696084 0.020998509650297127 0.077849810052170218 -0.0083614794857451973 0.059235282997612673 -0.086229100372805761 0.060257911727155382 -0.0081740677640448397 -0.010343728794983065 0.10996500863305846 0.098211382312121953 -0.12132068521995457 0.06920374182389627 0.055304040036415168
 0.049645387500014647 0.10686129677187281 0.037147665890989418 0.035921857705285103 0.0094520722667216089 -0.051843015179221963 0.0028858198880980235 0.062037441894022362 0.091958035648614905 -0.0082928928281791759 -0.13670999284597785 -0.043861062160283619 0.02059452532243812 0.018605675479552882 -0.024146838098034286 0.11384972985559437
 -0.053002328786499665 0.0075646516502516029 0.0063051121278636206 -0.012294796175611699 0.015981184917851575 -0.062998027870323103 0.16038420889484276 -0.012882274976864241 0.019990758430716956 -0.013088258430418918 -0.0065709179439084123 -0.031075139396214434 -0.33759089886702653 -0.030074868987107602 0.055191712349756943 -0.082154979839257139
 0.022381985333890873 -0.070320356543002144 -0.045605242291955998 -0.044991465987908173 -0.02333091041179506 -0.0075337968057950086 -0.016671557212504434 0.08565564430771859 0.074218698703976113 -0.11131672924014491 -0.20178840895737676 -0.10443945428510097 -0.13614833381794528 0.043545706218255487 -0.023908445919123673 0.057441188709337107
 -0.037346050903357408 0.010696043678318116 -0.093176161129787272 -0.10398590407349777 -0.043927036466165865 -0.087027215133215305 -0.036332470639703671 -0.033287890923986624 0.11509358553574717 -0.013485222578498117 -0.037709843645273612 0.0097958306643798534 0.2467898065608623 -0.0068874797506708911 0.10003997705301795 0.10726323770905383


