# Created by Octave 6.2.0, Sun Sep 11 00:49:05 2022 GMT <unknown@LAPTOP-P0PV0581>
# name: Theta2
# type: matrix
# rows: 25
# columns: 26
 0.029756892274047611 0.1284117841193021 -0.0043797135523587763 -0.098539724864429384 0.017775073224234387 0.010301811736495321 -0.16733618204845666 0.055281448732424937 -0.058042381168454671 -0.023253659853308982 0.0273847231830356 -0.055511353803389875 -0.32571347404690226 -0.074602697253674202 -0.063542441036252506 0.021510330085856677 -0.077766223772619061 0.14060384333693995 0.036204896419672623 0.036951570772094856 -0.0044188126651016815 -0.14414446175210924 0.086246036591001829 0.15929623738758505 -0.0026451760956436622 -0.077742525185090755
 0.0045269207045261408 0.082604441065841291 0.12382519957171081 -0.046314739307429145 0.0034122165779209585 -0.035544099671067211 -0.09466025991827727 -0.083078236442239467 0.0099593432163849454 -0.0066040913958667043 0.15266244441388699 -0.062584065621520815 -0.2154136346342094 -0.026075084996810986 0.034929966968031932 -0.00159847096149003 -0.015105834690794209 0.071830201032432539 -0.10490833230800282 0.020426845557318728 -0.080504936530521196 -0.085699378782191638 -0.03309037774843971 0.20383050393448146 -0.0074349358265511437 -0.011301820875845364
 -0.0048853902929838697 0.1592841160853766 -0.13044823184140381 -0.0091576047965629109 0.0408291116583012 0.013120769397222143 0.054707993863832877 -0.047563089333195419 -0.0015669804638586159 0.005521029266426369 -0.25227247568702915 0.0041656950473488059 -0.0024656527918569052 -0.038904243213570396 -0.071790533483565871 -0.064043812569673439 0.1132836541044568 -0.12146278972522827 -0.041000260194122604 -0.035064087263224533 0.045724469071666857 -0.045972009128896242 0.042684208636306155 -0.12503284393988554 0.13727765851420423 -0.13018252795454119
 0.016687391851168312 0.048038741060744038 -0.066491383383961142 -0.054474499620882966 -0.019737712338631894 0.0037582132025023129 0.018019439156346927 0.20968543308111029 0.0052126980710957916 -0.0019894561467765099 0.057577433564683568 0.087206568955538188 -0.051949020283962907 -0.098343386509093175 0.092837093804794421 0.10225580640869161 -0.069247831074193245 0.13855367626601087 0.020112595202707927 -0.010501761229086203 -0.038797824033833306 -0.10054922719134607 0.15414691045089299 -0.02680171496495214 -0.11151720061946616 0.085456757361395574
 -0.10417207740281964 0.021614823860946156 -0.014399213142877551 -0.039708081020474947 0.0801141510138694 -0.11149697236675545 0.10166146174663253 -0.010416631101869368 -0.1679049097490278 0.0065449345875738 -0.07586393231409741 -0.18018509400152924 -0.15828060051285026 -0.005295847000691651 0.14934832356083949 -0.08863900275436544 0.094197716227283124 -0.0002026722615356796 0.024077904474345886 0.015574983918016694 0.043943071072376633 -0.029364639796852797 0.016216255148383551 -0.041138246857502052 0.023906070173413809 0.011379367526580676
 -0.0063533243063839647 0.081763980976770484 0.0031612815039838114 0.002072034389477684 0.035863547426871513 -0.003549913945254406 -0.047629895250279927 -0.049716494376502135 -0.026816381683246435 -0.010264552361218345 0.022208002888408653 -0.25279542985478015 0.01997154599705863 -0.11829938611773191 -0.067714098756598964 0.19615382581103183 0.11353753575433161 0.0898161302015371 0.025359412417498416 -0.12388242008494804 0.11967712318181459 0.048848498511870377 -0.15674302078483029 0.093557436377631073 -0.094033204228771788 0.046715690359083704
 0.014079197962440067 0.094195504360054041 0.014112725153065175 0.0024593481541214874 -0.012205131021130531 -0.10991147078980983 0.16031214834898166 -0.10901223956490695 -0.010649341317665527 -0.013509083586196046 -0.061053425477113094 0.017293134290892114 -0.10467566711146788 0.085581800897048033 -0.32374686265618896 0.04842949141366331 0.064863752698530522 0.0785415083402769 -0.10265273999798138 -0.083436580128146642 0.086609192440933444 0.1207409883163094 0.056721987476849804 -0.24010073561558351 -0.18555184340798575 0.0041371193033816808
 0.11968070559617221 0.049176660405529808 0.049635399442204964 -0.0010288314656607515 0.077525339492222026 -0.096047146568453201 -0.014568519297960408 -0.053709215795864039 0.012724046880093692 0.076075666815055079 -0.03178013925604762 -0.01194832163554555 -0.0045273881319641308 -0.012327099658677674 0.00058163424300707533 -0.052954525978353824 -0.061219127690935869 0.033910284304236267 0.095194195107309421 0.084939632118032363 -0.09709737655728097 0.025173623806720127 0.16638225602337894 -0.13052873472254484 0.092463756037217779 0.040951060634749722
 0.059437944591716481 0.17726912426176247 0.0080566945670204216 -0.1265945228107245 -0.021188488051369227 0.057945638947550594 -0.030542964474900236 0.073728734397556742 0.12687088427935975 -0.041604444886637115 0.079055364115902443 -0.11083473536434163 0.065437191145801155 -0.060008692509174608 -0.10630958322546306 0.09923735537250114 -0.044065184508416573 -0.035481450040613267 0.0075727205721900963 -0.036472902542895216 0.07404691988461258 0.10837384174507679 0.085919297836246536 0.12822919047636347 -0.03857045726796484 -0.053081830438164376
 -0.0686954279225645 -0.080674356539962327 0.0081414229576143877 0.015424159507416905 0.021473745395161017 -0.19953815754716545 0.30071658865691092 0.016414741271246463 0.012037681761873305 -0.010823522733816524 -0.026051520665319235 0.077564226497880515 0.067300587968800715 -0.0063723475567478245 -0.050633171744250499 0.017639402338881775 0.029260624022686796 -0.014623903397753596 -0.015301846324258407 0.0012387871898617772 -0.11572516821665782 -0.25495969904978111 0.056426849325501932 -0.13396225430634603 -0.092364194694999652 -0.0059845200673300921
 0.06335878731037356 -0.14373264222403914 0.0045743557316817668 -0.045062318904586882 -0.054052295892686522 -0.058577291395719183 -0.022648493696475501 -0.00076463857004826358 -0.016468719756689943 0.022514875451663897 -0.12253809844272279 -0.15588259409375824 -0.016456475875896263 0.053176915112771304 -0.004694357654175395 -0.13691461934604057 -0.15934654452024796 -0.067794555470794007 0.017610835986698548 0.052262211995156398 -0.095103450584687263 -0.10639651349711572 -0.025015254305833557 0.018853563261762116 0.073047719561208674 0.017913943332706444
 -0.028169720978451065 0.047305694150158062 0.030451855728962959 -0.072987843084591664 0.025260168323812306 -0.20648952891151737 0.017104524998706214 -0.039886517010041152 0.0034126606909078926 0.037181530725225669 0.066963287210937777 -0.099854061419532736 -0.037553087113042186 -0.070457517328641334 -0.096597618084737144 0.19966379500222614 -0.15473387085851384 -0.069307980104225037 -0.078109924221344815 -0.040417413191005946 0.068643145863320307 0.051540572421195793 -0.045074613416192733 0.1308718279113969 -0.038668113589256987 0.09236755633574241
 0.047551073204802535 0.14976481545634157 0.051988233918447695 -0.048746890735121853 0.019831428401926712 -0.049058768883366716 -0.10272243316991916 0.035953724779583071 0.076433048515938629 0.037307648655204133 0.071640048154331767 -0.12072485507873094 -0.1203685273362009 0.15981064014617469 -0.17199921430523252 0.2262142899313794 0.059416786444652196 0.0017272861759097555 -0.0033037468681411958 -0.025975339379069998 0.10828205245343271 -0.071666274089743645 -0.023235640341240135 0.18826629482085389 -0.031118141181604404 -0.081557580339428476
 -0.072948120599686403 -0.067085200444453222 -0.028080302389053437 0.15952929409952471 0.028244913424941273 -0.078325831269143539 0.082400079905756304 -0.020458191335678073 -0.1264166431196512 0.01429119993246474 0.023341058867721958 -0.029279201151776301 -0.11903346775258905 0.13397097600420929 0.054480332865997495 0.013515512606121131 0.11877911905961358 0.041214552917684631 0.040938725789664614 -0.050136785353365326 -0.018022618988457834 0.00041802363776701661 -0.1189047340986773 -0.10050297325302748 -0.035835641334997198 -0.077507126434303283
