# Created by Octave 6.2.0, Sun Sep 11 01:50:51 2022 GMT <unknown@LAPTOP-P0PV0581>
# name: Theta2
# type: matrix
# rows: 35
# columns: 36
 -0.022099917826690556 0.17843049539360878 -0.08180841955680887 0.077373802964094449 -0.052991980753812555 0.021084884066186353 -0.15501403906877007 0.062470229861493025 0.023743234017598307 0.011787534154746615 -0.077136252351652043 -0.032933073045363297 0.063749946844288904 -0.0083137634653713752 -0.098374887635084077 -0.082294145024362456 0.097596562160355116 0.10965886827072656 -0.062988931187134334 0.007021557372124297 -0.083566905858558707 0.066301300062812818 0.029013816192980792 0.030036360411927848 0.037426597863886718 -0.14599612898180084 -0.0095112463528970841 -0.026065779493428871 0.07290811358821099 -0.14876407670795513 0.13586023288211885 0.13030949026731692 0.089457333757868754 0.048981654601422349 -0.042046484380241202 0.11164383356373468
 0.0082250680184914222 0.08709670731341522 0.011377200429369438 0.042865360448994604 -0.022095380300813282 0.084595945520268029 0.01065041245833138 -0.020635644356670747 -0.06429814997757273 -0.14185749438238257 0.028338660430315719 -0.051883460025475753 0.040664450407167124 -0.19067383470235111 0.098330800437233148 -0.0091454488989739739 -0.031581816605318933 0.080533271933034528 -0.058879719949271714 -0.0067912447431558087 -0.0056327008496958779 -0.043747525885878928 0.12232718222831181 -0.033063467762790719 -0.12909238244010304 -0.11666331946681605 0.022860397763240319 -0.040426019125123697 0.004165648512132053 0.11188765550522013 0.0058396417674193958 -0.18799761650997815 -0.011006397697607695 0.056697957718402039 0.028529189260471162 -0.12288674979866543
 0.096415865637600032 -0.030376809103163573 0.0033885782812884328 -0.035233693151051702 -0.11276260073892001 -0.16250230443308872 -0.02527865787349633 -0.046191516002973984 0.070040657850778856 -0.076353887303541312 -0.11980838589087295 0.17315336314140106 0.038347617978746876 -0.0023794833708608168 0.055166014529845299 0.029020977343047885 -0.011923134033008284 -0.058773601166850042 0.051912330772985626 -0.14367252345689782 -0.066248754696488041 -0.12714515022646755 0.0041446530199474143 -0.12932472441678708 -0.062056850612901657 -0.031304657788539615 -0.021761910935237307 0.059097267399426258 -0.016120751693823748 -0.059805487826073256 0.033721791446548507 0.010375077365046564 0.059579416200957372 -0.014936454702448877 -0.11681758556333866 0.032396220219086592
 -0.071214029258850259 -0.048153125570511199 0.077832503933219624 -0.022291352409124592 0.027933756295284128 -0.051990204440484265 -0.044807301536570539 -0.077409505551957331 0.054952038145052715 0.049257417849313541 0.002429541615297771 -0.0021204554512991155 0.091802957045592562 0.059437567010653398 -0.11358103377109714 -0.013494675506306494 -0.0871356305901098 -0.035062317037491582 -0.003449512540556613 -0.053710183381904308 -0.091566861515805731 -0.09401867545092972 -0.098950362684871146 0.037172320874772818 0.020532604515614446 -0.16117360171097164 -0.072857432237391093 0.056377456857637606 -0.10150930011509225 -0.023514806978918553 0.027871221956758334 -0.077430276286874364 0.037394040133599149 0.046115066980820858 -0.060861554392370544 0.099036628427925447
 0.02128618758488833 -0.083095120978412221 -0.1606499330483265 0.052830842976131345 0.11495104135773788 -0.044671548930057356 -0.047181886392386269 -0.044480246090384562 -0.051704249474421503 -0.025283812224398607 -0.048100372755015795 0.007009817079058245 -0.10681085349249486 0.020135513530543454 -0.039132797036431258 0.042109802561125745 -0.11128790654109702 0.011567125785490903 -0.049888857296000351 0.028645321302878054 -0.033813060744015883 -0.0052845037883714379 0.045274574714372635 -0.031839484286577617 0.00066143231245453533 0.0034928266370840267 -0.050333203317832399 0.0054217025782027891 -0.044614464073948923 0.10570786706795866 -0.053687963656264687 -0.095930254876076496 0.059838172054033294 -0.047543028841671497 0.042086407908394685 -0.16034063282213851
 -0.098370161973795639 -0.083634244481016945 -0.0010177372009547543 0.058795770930246717 0.0022443407714022733 -0.12502279674830388 -0.061897510166258697 -0.13652525146458794 -0.051329203727746457 -0.10886763546912022 -0.067477684539479652 0.0056967547821476444 0.03546127669241439 0.0083256709777902727 0.02619120370497037 -0.11280343237584932 0.11851681392714389 0.11237208741828399 0.040066216393513827 -0.099073774358332728 -0.009508689728981801 0.00563676811455992 0.046589337202694654 0.017413026923351546 -0.018039126942468797 -0.13162944921184208 0.034877504190416256 -0.00050651132455162826 0.11378817345024229 -0.066211983246573874 0.10536772728572072 0.038958446568466254 -0.04925141291990183 -0.020402029733361554 -0.037586833599822636 0.090610192064661088
 -0.017236264364885456 -0.057319126310180983 0.064010251220208092 -0.043811221703134146 0.029731071965104799 0.020310234250258973 0.02829760462393183 -0.1048072902744426 -0.08517297022741166 -0.10723716582485818 -0.027321108848245883 -0.096483269117902087 0.0081123491888359309 0.071143612094201752 0.089875462418889759 -0.1109604404595452 0.02794408374357667 -0.042745613537118012 -0.020848897056569532 -0.11761512349231594 0.046670545202401006 0.089515431713431071 0.074416346089875837 0.05704945668131696 -0.13064509513666928 -0.02195226653717466 -0.06228458288559359 -0.053836374510697227 -0.070303517399438589 -0.094235376763297268 -0.10582887633426144 0.028270609014221359 0.11272528907949701 -0.016144934830389746 -0.072300371296893526 -0.0017938576156974273
 0.11681224084361853 -0.16992028267805698 -0.0057099118846884811 0.032609411444300337 -0.074914181878115327 -0.092073015013452081 0.099406618943835304 0.037047634285405182 -0.13086167050625439 0.015867250623418139 -0.043442564860194537 0.025230987099997802 -0.092993846314031153 -0.080695429501095262 -0.12386669689283718 -0.020892826708108964 -0.0099867256607964732 -0.073263401865233155 0.028951019530291409 0.027211689119313355 -0.021631653593668636 -0.036940891170179894 -0.086568137466207382 0.022917211118105442 -0.073994143776322144 0.033064253637615483 -0.037232411040971969 -0.078125976609994208 -0.061458051192634082 0.035325313325297099 0.055599992489766117 0.04268095703154412 0.073061766221710386 -0.041041267250087561 0.043836322608280548 -0.11668708699199135
 -0.041643066261722518 -0.043661489257838762 -0.064671042544754517 -0.060041610643876746 0.017104959101144363 -0.046259948766006503 -0.056402827852179503 0.0019222107803780705 0.01632741350143832 -0.091925693109227713 -0.13346422239861097 0.072490971981700514 -0.0014167993388447013 0.085400214149903078 -0.052230447136811985 0.052071367150711673 -0.0014315600189883934 -0.13928015959097348 -0.014630555597036802 -0.11729210571736509 0.033431041477781025 -0.010134322820275342 0.070449762797351406 0.03539068695332101 -0.10098211888045162 -0.032167401010367733 0.042506258697333342 -0.061962593541174948 0.071147890032539227 0.099556714141394553 0.11589876506858368 0.081488604944713744 -0.0974552101212353 -0.14853891346676845 0.035932313692440841 -0.15368453745560762
 0.035284302473361964 -0.094918011080749112 -0.014486783386401145 -0.096728981164567643 -0.07045321584827087 0.046302697016684567 -0.0038726994191315258 0.019078277725987882 0.11152939315868003 0.042365647012084562 -0.10073080097524098 -0.0074144600839611456 -0.037786429154971699 0.072990460280586741 -0.060983598632824508 -0.14671559650271823 -0.047074203442354523 0.046932105200611647 -0.092782043751976503 -0.17829380467561468 0.082081415750551584 -0.012118616898586022 -0.023678090936079001 -0.017205008603916661 0.015627596768945956 -0.056924750174921858 0.055722598550361338 0.0047106882692987788 0.057628632300717138 0.043759092316822498 0.0033382209540925431 0.026099807555955746 0.083078962371431767 -0.017444489490326474 0.040790417169222548 -0.073383878171749961
