# Created by Octave 6.2.0, Sun Sep 11 01:06:20 2022 GMT <unknown@LAPTOP-P0PV0581>
# name: Theta3
# type: matrix
# rows: 10
# columns: 16
 -0.045847786134462526 0.12433991646741761 -0.0090728237946784088 0.021500601867611154 -0.017635002089405924 -0.064397205290262508 -0.13092734601260575 0.0076544396285496835 -0.034770931615200985 0.2457693524496157 0.0077998765267127835 0.049237851640632616 0.053098206112827777 0.10745424634577262 -0.10988814747617423 -0.025861725741809432
 -0.085895260932220815 -0.051493776729917042 -0.017300181854525063 -0.13333354964416558 0.023320139117342115 0.11136900834329728 -0.20196000216221327 -0.052478238982414924 -0.09967451396037183 0.093309465575026673 0.052700334209023203 -0.037574729302103288 0.091173764910703226 -0.0026147099848183824 0.21739363344443333 -0.027343757370380087
 0.041253912424822743 0.097047451751868907 0.059580661189465235 0.10808825069186996 0.049189737252135574 -0.032541763220208131 -0.15770329768271069 -0.1718786970209383 -0.070756319488132227 0.11360014163754428 -0.0042690634240938902 -0.034911359337560649 -0.088014714629403079 0.015185205741450863 0.040303367734407389 0.050313053100006555
 0.0098242598334976478 -0.093656892564121755 -0.058819927280744679 0.038936946709350211 -0.11607059374456247 -0.023940305257103462 -0.085535401069593245 -0.0039004955826990127 0.18367189458893063 -0.08343708852084572 -0.00077884389707716774 0.025533337198801957 -0.18734117405804829 -0.017673926467164158 -0.21897448450176524 -0.052468550940091674
 0.2395285939761907 -0.048490145567357125 -0.078771067073335588 0.12416899427933553 0.055505229949166499 -0.20828819059869208 0.1090704001600052 -0.069545729889281885 -0.040759640530151513 0.00093886405395082718 -0.1612648442792177 0.057767004517984506 0.036566103025564664 -0.11606011952369162 -0.14176717773688005 -0.07500900471391618
 0.09508945395025041 -0.10971923357170392 -0.16169223297910604 -0.16668846780691221 -0.078043980712045644 0.01157460156077079 0.0072218111777829158 0.14219786161723275 -0.083218085478781442 -0.15995115976402119 -0.12485013677536795 -0.13038793985023134 -0.035753799210527092 0.04137305016145517 0.033215486698991332 -0.04439284007287337
 -0.12825015920357596 0.13770087746727339 0.023168306949585892 0.020161178233739134 -0.039748689519284015 0.27015620610075813 0.15416020614155682 0.18518006185495667 -0.14138321578160939 0.18565378183385978 0.29318342233473249 0.0076189960462153339 -0.051530194565060944 0.0087739712666165138 0.10891302908012811 0.035300295763426928
 -0.15299750558509395 0.11907460916746966 0.088890371142869656 0.12821654351515521 -0.0013648570064911567 -0.21991815176429536 0.0092833843895228849 -0.18368953819061473 -0.1681974441750434 0.09864593226387286 -0.052098152400276314 0.010417186496051891 0.0053531094836558966 -0.036536675480159646 -0.11291810017177248 0.054603315025064297
 -0.11044113854294943 0.014425081222869961 0.063429597790649522 0.029548431040614543 -0.024889907592689813 -0.21799822557334481 0.051410498994766178 0.025665193289986944 0.10850979616192688 0.081687208782720969 0.13153741899006999 0.20796110677769528 -0.09536009750716104 0.0062908887215191826 0.011250445530099828 0.00601936959119217
 0.05215183581980249 0.078768620965229394 -0.17442738816113368 -0.17837443342228895 0.016962995081067803 0.091266803970404764 0.22591991745337045 0.1069148578659105 -0.072579630495739608 -0.095324845280721632 0.0085646703537835215 -0.10603159537785771 0.14397240055256524 -0.073702841952345652 0.027354988348602977 -0.12075078303800439


