# Created by Octave 6.2.0, Sun Sep 11 00:34:12 2022 GMT <unknown@LAPTOP-P0PV0581>
# name: Theta2
# type: matrix
# rows: 45
# columns: 46
 0.067073471832483536 -0.076258913567026354 -0.060682230324017088 -0.029045732055561851 -0.12418348818734788 -0.025481277284616518 0.0031031873724926854 -0.047106809762523676 0.0051461208475466281 -0.11797631469866958 -0.020058132568888623 -0.030618692303913217 -0.14393724134023905 0.055792421048404359 -0.11842952996547212 -0.025332606539771027 -0.010836498123082548 0.060270048669983957 0.1035424528695352 0.009937067146051054 0.0086316149533419671 -0.022170939489201933 -0.012331717272955234 -0.1564309552662593 -0.040875857161906164 0.085308689127843715 -0.054688241634955441 0.0897950921672825 0.029995294693404305 -0.17338126123387276 -0.12900924952026296 -0.092770203113581987 -0.060963665968631744 -0.072466480185776436 -0.088935777793895929 0.061079822478207528 -0.10836107915357758 -0.10263443253143792 0.050236405303386883 -0.090410666405985052 0.088205697801735636 0.051960724281440301 -0.099634542749088589 -0.047076585419079449 -0.14516589400617014 0.044410987635358612
 -0.033667586887750019 -0.10695762411649419 -0.081107822413922559 0.078549000706848712 0.044132977438765299 0.11734886454161103 -0.063371275871396404 -0.13149529769833659 -0.02434064879082707 -0.0216696778002235 -0.0045831742082816642 -0.08660248491847998 -0.11400150796104845 0.027828180443652702 0.083818495552579642 -0.07179658122442506 0.016749641912848133 0.11114768958755938 -0.077624169778134078 0.092282985525344752 0.071863659940752597 -0.087686749261849342 -0.065627092991501518 -0.058480224723215714 -0.089328837068817946 0.032858823810104541 -0.096552300555373269 -0.094927202073252046 0.033056985722840243 -0.12276896865125231 -0.0017576588615804125 -0.048970104601413822 0.020111703813976669 0.04088125422197629 -0.13229883554112593 -0.013258346018961649 0.057696815143851291 0.014550460220097018 0.0802529422787428 -0.15531851992018814 0.094656920847792841 -0.040696183521094664 -0.069688426741067705 -0.095057516280854237 0.011473412155065844 0.082105534484240017
 -0.089960046802085664 -0.004251046140453834 -0.061296534043397612 -0.094581622340438792 -0.016994118933662563 -0.043799813673401175 -0.0019440190671368232 -0.14170449961458001 -0.13918891617823412 -0.19730434552423404 -0.0047805805494362912 0.0068053240251065026 -0.1098457241946367 -0.11728903711613062 0.073909810360133263 -0.074746163629994894 -0.0074727837596172643 -0.097153524704863117 -0.062747276125955695 -0.07188012657223565 -0.040608426111484602 0.032810656117177976 0.026299868875159969 -0.039754921842910518 -0.055560929932900655 -0.065248045682315334 -0.003220429323436315 0.057939418706241329 -0.066389426801982954 -0.14965250419893464 -0.077847261156409497 -0.097000354211351392 -0.081716183182782218 -0.057733281698782543 -0.061651349078029577 -0.052252877217342411 0.0072144171951795451 0.021341336014474434 0.10517252472728296 -0.090083057681691475 0.029052582709181877 0.05295661674218078 -0.031549231236121911 -0.13341430828556847 -0.10576358699377926 -0.068004304943147978
 -0.10533112420072707 -0.030385257896129548 -0.040594329595031134 0.12314855662777742 0.013172924146537868 -0.097559265948535007 -0.040589295744020433 0.043815773332982776 -0.1816807760875849 0.029219453593681763 -0.16854243517164308 -0.048853094232426952 -0.017672560434957067 -0.080262413487452361 -0.018851951481845149 -0.0036519047054247096 0.059223974634144298 -0.058002551157024157 -0.035236052897749115 -0.017146390023605806 0.0042801239599569978 0.049485706312158304 0.0026841740781530323 0.087686947459627615 0.10722867693514378 -0.056153159233152158 -0.015173195266501327 0.075637025268607189 0.053662719842562809 0.015296332626647684 -0.15802433676825917 -0.083430956330803774 0.050253335921828471 -0.062439854626585023 -0.11151520976785913 0.099562808022553254 -0.14073058837484598 0.06025181419354992 0.078035136795728405 -0.066601400274750172 0.029117715567201323 -0.10286819893962144 0.016003751698427698 -0.060880044095093053 -0.056376325221792631 -0.021141910440615468
 0.076718429529702703 -0.0137093212124582 0.0014497683538329978 0.074262566627268184 -0.038389320882443935 -0.043845028057305467 -0.070239960710140117 0.088265559402696814 0.0050683338263935842 -0.059685349354967866 -0.05858252686139865 -0.12566647770033521 -0.10552154164503973 -0.015652570411946901 0.11009267967989073 -0.0025903283000320325 -0.14295530122282948 -0.1293470777250629 -0.06949971605146664 -0.10122413132224141 0.0027665719103423477 0.021045364128123977 -0.13067161842182051 -0.053666626762497886 0.069087933738317453 -0.045127011522877576 0.11845670267319568 -0.005554841665302456 0.0058549225055059542 -0.19519509719866526 -0.013107661945519093 -0.046328423051566481 -0.099292087801021445 -0.12596787090288775 0.0085278023516220658 0.0018298405698290862 -0.1203156280892082 -0.064949234420052529 -0.14283504799052371 0.074332510225273637 0.12441349681413158 -0.087412875942563167 -0.018803039910234267 -0.052727966276680388 -0.024816540913613849 -0.019817838920762738
 0.099237464870711098 0.087384695723836739 -0.0017065231678763172 0.031476088608275596 0.05755823667034831 -0.022028979706569113 -0.030304215513672173 -0.057443885853543111 -0.096851722403802964 0.017027344001864911 -0.12335685850429307 -0.11402944342767254 0.034711715056170538 -0.10048383726916918 -0.093401260140160994 -0.041346496313522586 -0.09175266707696772 -0.10326079629951579 -0.098119781612819659 -0.026760401673180743 -0.10256873456671742 -0.10795874373160214 -0.12706242822354427 -0.019802646752814627 0.045331656512934526 0.055808249163006571 -0.073343451724403527 -0.053780361045009599 0.042961750736683971 -0.13865348771538055 0.03406968515328878 -0.036853219449436675 -0.051457708323959066 0.013184807345252224 0.1172068049190698 0.10666641134556221 0.027359535005853065 -0.011648718676407517 -0.066702594714393215 -0.013275817469497245 -0.086831778779831212 -0.039695071017551438 -0.0014484913462963758 0.010468008912266933 -0.043338939950175209 0.02064032184502761
 -0.098042521819595732 0.042529981833107473 -0.03859536529116657 0.12408210458777541 -0.0099184642524564812 -0.062773149063646144 -0.1616055038590915 0.10292092801120584 -0.020040187621862882 -0.083149897433976452 -0.041622340264742964 0.053793239845670235 -0.084887706021054651 0.063391203240524538 0.11236980057381304 -0.06311235814863167 0.064193083213097149 -0.092134646560174574 0.099295540394085807 -0.057806391886197683 0.10874647480875184 0.075043022312579061 -0.1370163966530468 -0.18373915174397679 0.033087385111242179 0.014372257568190267 0.00022867472613411662 -0.033378206628027929 0.094121003703680858 -0.12986833424036737 0.028312245196063127 0.061297202907337804 0.088692599358142846 -0.081659533024016781 -0.038057418860935832 -0.044255682687005214 -0.088495659739384766 -0.048194606943811016 0.093714194517371702 -0.04457142885709877 -0.08180164165714035 -0.090392579670844367 -0.094212601634315704 0.087035936240031517 -0.011752189040527496 0.013450525560975828
