# Created by Octave 6.2.0, Sun Sep 11 01:55:36 2022 GMT <unknown@LAPTOP-P0PV0581>
# name: Theta2
# type: matrix
# rows: 45
# columns: 46
 0.025973176428642303 0.0018249977313127765 0.026387040151837418 -0.025400786980406355 -0.11417278012433824 0.10121621296834245 0.039793392481372529 0.047135161935185993 0.072691560507365541 -0.018358484128068682 -0.1422777563505743 -0.098962604188157 -0.027465669912414323 -0.0064162918020184596 0.039264777688613549 -0.062010995531550983 0.071244644848827005 -0.074716199829241423 0.087713565327577223 0.098884549873556701 0.013740120695704986 -0.06317821729863711 0.053494320926023194 -0.017625321608279509 0.045500190313634226 0.063327316142105142 -0.094538264590133175 -0.089769208769168898 0.033629329194274311 0.01255564930021703 -0.025432763572660069 -0.050049339305371962 0.14650607620737116 0.11082159444758087 -0.052002974776766971 0.086097933912786667 -0.033809754675178834 0.013127444950010812 -0.0097413140115637092 -0.070090523517473691 -0.020907426985915471 0.044685953406125356 0.052930228254973559 0.028949217370351058 -0.14066144752112714 0.093220343527510643
 -0.0065466953093161603 -0.10133944566475545 -0.013508091604447962 0.0081308386976456509 0.065503470878938458 0.071276455110578549 0.088948358280929007 0.016756888753346903 -0.076511581260796269 -0.098509406486119389 0.027980974200843667 -0.11335007242553345 0.03688343470468828 -0.11925159230946848 -0.011856381401910875 0.026426679074958513 -0.00719085057016955 0.035076425637999349 0.10610293401632294 0.090495259223360894 -0.018268818332132036 0.11810220185747948 0.012535021991709246 -0.095833891070002994 0.076569772936842501 0.038363684588714121 -0.0037223646285401263 0.088430393305771529 0.0053735986300133967 -0.1117397811603795 -0.09797090429134514 0.14704171886591708 -0.07556659573029173 -0.049829058153935658 -0.085290123985678298 0.02728055465248987 -0.11928777200839014 0.062291498085948756 0.037105709215293381 -0.0687545105329746 -0.10139884189451205 0.024219544213620565 0.038854614124817145 -0.0052193971362823575 -0.064300744274858365 0.056891998015292961
 0.046040725085730275 0.094554918712502531 -0.012415856023469462 -0.084725116809412249 -0.0077835722257041532 -0.065397389840820969 0.093485024619620632 0.10100328557102652 -0.074650941260531872 -0.04000298000729581 -0.0013472174572931694 0.025601775607653556 -0.070890629923697768 0.0313436400616353 -0.028290099158257989 0.057193470358349381 -0.016483219937319622 0.034582396243854889 0.034608352859243546 -0.031586570331404495 0.030693403891645342 -0.018256122386592959 0.0019207766956664163 0.046269038687408767 0.026996580721367281 0.0084790266875450701 -0.031069149173867962 0.0084915115409758563 -0.021368445760475002 0.14245359118816375 0.020284229029692725 -0.09351610188654369 -0.026420940179574463 -0.095801955883430392 -0.03953259823309925 -0.10580083467892962 0.11037931848419454 0.031246626197628663 -0.10728354212479059 -0.14183039030430286 0.082136795190514825 0.076899073125767659 0.0056480649642556731 0.018212701125009501 -0.046079595650152405 -0.014345998439585436
 0.10245009004500752 0.062880741098704729 0.056047835713954733 -0.087618474644643896 -0.0033184792868607305 -0.051831529170187809 -0.018383526440790464 -0.027915581987626913 0.019018281721653731 -0.0385482376347158 -0.046867160179690739 -0.022995925673261971 -0.023940266152691955 0.0081252970586806767 0.098494914647371104 0.0063985833312987612 0.083182728571293829 -0.004715397954799549 0.10072380521311916 -0.017748486740346351 -0.098636218340705434 0.12360341338894751 -0.039094661140636602 0.013798183984213185 -0.055793574552366929 -0.042035395904000412 -0.022145246994405742 -0.099447531738963105 -0.024393621970530233 -0.0037989309479800424 0.016992910276022045 0.058823630155952891 -0.00079620099167968016 0.019203718213229592 -0.014186326610219614 0.074850259782007156 0.074701458459084893 -0.022599060644801421 0.025925076157231625 -0.044587567114634338 0.026565658738948929 0.14686274072404479 -0.091445629734431821 0.10983789591033016 -0.10742741793831641 0.1006300356364441
 -0.091771569050459023 0.020408276826158443 -0.1272197706810963 0.044860316525000284 0.063106243168716838 -0.02701518526199773 -0.12629950013250954 -0.11311089558800365 -0.083472325896733535 -0.0088520733783089608 -0.050978267738069419 -0.047051409373291948 0.039630124335247784 -0.019680387047278487 0.054783752958416185 0.051216713662170434 -0.0068236977507953912 0.033928844118171611 0.040112776369091462 -0.00061053794342512911 0.036316086545486265 0.0060321436032189143 0.068546947457246654 0.093937649081595839 -0.11259557350336584 0.080843225364560331 -0.036474711415254553 -0.01173625716250966 -0.15828375512846882 -0.032998573147707121 0.016796826099088571 -0.027309562371755434 -0.052468633177752896 0.015394298534750489 0.042163752217799937 0.015314722976810632 -0.024781135927432068 -0.0061639488261209458 -0.040780083607554925 -0.091564305299530718 0.0063735775981474535 0.077863719000239279 0.01918493731294545 0.049429151473662239 0.0079202275726197573 -0.11040367047567826
 0.014006462832801294 -0.066586973214919284 0.030757990366517367 0.056574484790495413 0.094356696865936979 0.034575149781543142 -0.016883438310183185 0.019042086565020246 0.02726145850389541 0.032171787981767119 -0.00081464356342923446 -0.00303782722187965 -0.018529778155707517 0.047526229949108031 -0.078060936579252921 -0.097330030096505801 -0.10408840451165159 -0.072648290102335117 -0.012462804175362691 -0.071256769867112713 0.0073385331739633545 -0.011417442091083847 0.036120037681850133 0.010456792031333208 0.022119646041105914 -0.077534468069717685 -0.041373745376765095 0.015663351818819886 -0.015865640857630522 -6.6364697964458761e-05 -0.037409161090204181 -0.018773593995222149 0.011126690270964832 0.037105203736368157 -0.016695132500114142 0.079933567344153911 -0.085899729540394612 -0.060568824924175278 0.026746396330045684 0.06137588841756754 0.073903835108331095 -0.060024889854251931 -0.092144660466482495 0.13267982097250641 -0.068577547421522556 0.1569636802408689
 0.11708234831727544 -0.029701581301781955 -0.033448150579065326 0.07945416657539163 -0.018196608231930818 0.1072259565306317 -0.16075181845792405 -0.041739284912308494 -0.031757912699959083 0.048730046317791854 0.033796958314574202 -0.036399090742477817 0.11528797109327094 -0.0010803553149565162 0.045800706988779784 0.015184807687807882 -0.12412834431681918 -0.0076950755823876459 0.084105484428285054 0.10763839060349695 0.0051903425932773705 0.0016311793572702815 -0.023888053569883275 -0.11695385587353335 0.010717800962168881 -0.073789339828827738 0.046275451009589054 0.014325138133119808 -0.02197300069141914 0.059804939103874626 -0.04231319565005686 -0.10316815154451824 -0.10298717628136894 0.084414502173508862 -0.067598158809778611 -0.042067901076756585 0.12515449117747043 -0.0048748958707324304 0.055448441548752017 -0.11497638550669766 -0.10150766824976377 0.068700674021888175 0.061878383506415953 0.022334564387081556 -0.027046404370176247 0.059871027295329136
