# Created by Octave 6.2.0, Sun Sep 11 01:08:42 2022 GMT <unknown@LAPTOP-P0PV0581>
# name: Theta2
# type: matrix
# rows: 25
# columns: 26
 -0.017074521791884428 0.10560573429110515 0.0055392984792915689 -0.015302141521301677 -0.15216157298799934 -0.0088004409182616938 0.054004952236141261 -0.058976247198315443 -0.064397750441010398 -0.14660299800650115 0.016759571707123461 0.059080079630949231 -0.058417345733414075 0.063220364390516745 0.048415899784971676 -0.043942804767087708 0.052643621303088112 -0.15677775906252603 -0.14917218360796253 -0.097439185955651139 0.048357241881823124 -0.12485378803232534 -0.039448965818208781 0.15973582127750705 -0.013198773155407456 -0.034931574960146164
 0.01452276689922319 -0.0029786824247549702 0.03930900751499869 -0.019818102466185875 0.08173808247547025 -0.062980842650291899 0.059931383969362088 0.094841592113995968 0.10433955705551672 -0.071258417595996631 -0.009941830259703981 0.012501056827352737 -0.09055247993934909 -0.11140921977664772 0.1059799345106439 -0.039519563080634063 -0.064489000950599146 -0.042615880185081674 0.00080209330486787002 0.0013531939845044219 0.21167035205632351 -0.040919024669848279 -0.10821324991243039 0.048447156016612189 0.093743939739673335 0.084867195569636206
 -0.12124149852902058 0.083345607106832337 0.029797716602255372 0.10236025921829468 -0.14625415671592198 -0.015230465424776608 -0.12209179351170488 -0.06867132675499546 -0.16038428024329893 -0.038184403377612648 0.04169980927073582 -0.0093118610026101476 -0.05041700081337365 0.06185372268023831 -0.063621052831272187 0.0078697872629066648 -0.050754412599502183 -0.095129265949316338 -0.17076774768819261 0.03631680101494035 0.025367600398227691 -0.15065872370420322 0.066172483006542687 0.0089945616947006476 0.019480890477974432 -0.037992029413992955
 0.043837140308707355 -0.10623412305309245 0.08541568921495335 0.066664784919564304 -0.091865105182523485 -0.047383320345628081 -0.022290960650273053 -0.042035351211683461 0.048759457702916613 -0.022093619200426993 0.041108725374959847 0.016705292224486343 0.036085814606583222 -0.0056946394337178919 -0.2056901277485389 0.034638925303799549 0.048118668836695452 -0.017774377595076291 -0.24537624715640069 -0.097461180141086012 -0.11506465185237487 -0.28775077049009501 -0.06130898250239445 -0.15766400291189839 -0.015249179259292651 -0.00058444587050645463
 -0.011246574654720426 -0.06186842147972315 -0.038842176567771523 0.061174011491866249 -0.018750844014262795 0.10770293953872991 0.046641259503284065 0.01184319839287341 0.0071545498790421477 -0.052883052489451507 0.048612268720495157 0.02769726972816575 0.091764932949676123 0.22434133044050489 -0.11972633199890584 0.0031911993331613774 0.096226317695197003 0.047626280166149899 -0.092366721862392406 0.012320104751750287 -0.018504425262712704 -0.045453074841682047 -0.0074408141042876944 -0.13829694050803978 0.029666402050574938 -0.025113085515940065
 -0.0095092949208991622 0.14524604298880714 0.08861715825710112 0.031350844617037105 -0.01947800806605211 0.02629778396120876 -0.067644122548893917 0.07697604904242028 -0.066341440338465674 -0.012751722042503771 -0.094110452128554054 -0.029376938868426246 -0.063629637326078389 0.13586212529249325 -0.030727987614726036 0.035004056684335767 -0.050944001220179259 -0.049224089375510031 0.027714111437618691 -0.062199389162968272 0.12846164243469624 0.061472430373656801 -0.040325469034506921 0.19753869469077168 -0.055133197561243977 0.092700634035927654
 0.075990148369685595 0.10009351731442094 0.10628963121708922 -0.057135342231481638 0.051228395733766405 -0.066735764800189834 0.020552119412177588 -0.099594091551933869 0.029880833799555299 0.028808632491726303 -0.044910025594941595 0.078815541592628588 -0.10895254846189847 -0.012132985991476336 0.020291517622355142 0.0093198827834211732 0.040732786537442348 -0.12269174243382555 -0.017547755825817905 -0.035028007905427289 0.018657511169918924 -0.043105030287419868 0.048729708294579011 0.013500577005562677 -0.057729751247971417 -0.029677980305964337
 0.040702725235115013 -0.042912253935302458 0.0016098022920307852 -0.10411132168612768 -0.023345056464280627 0.1786689001156066 -0.0056175820054813804 0.0083565799803586496 0.030802602072154676 -0.067851383100744844 -0.025458834241985605 0.12065432863603126 0.046411700428274444 -0.073232557876678692 0.0062897861747263717 -0.05553146457753224 0.0095863046846195923 0.081062531579445263 -0.0098819127873074203 0.035508713572093724 -0.07455040864055798 -0.073069388286873344 -0.1421083519578635 0.049853942086087594 0.03497613860481695 -0.10709564815892866
 0.019873474517741709 0.0639250163302853 -0.15945354776268436 -0.031210983562988986 -0.086821953744317351 -0.057085662408832054 0.019327778530274814 -0.14451569161201616 -0.022157304831102131 -0.11156045544160617 -0.070213321559404837 -0.030150154109143297 0.03490400868947513 -0.014362032831987458 0.2191608041410669 0.025383891595938807 -0.03019538766885024 0.014511441376106406 0.009981244676389096 -0.097445252550640279 0.042714744505439391 -0.020904609625690934 -0.09544779026492764 -0.0048369755645777 -0.064262298630636164 -0.01712997487428837
 0.11122852998024828 0.029818925625462244 -0.016287033666702474 -0.12057623969831642 0.014613090194170664 -0.041406328439745878 0.020748394300801117 -0.14643914776884495 -0.25596061664159353 0.0045620654089012971 -0.12526374670379831 -0.06386815040818157 -0.19982768521241323 0.047428864355688889 0.082902630485754941 -0.016710290973316246 0.085312453931969665 -0.012426951504366337 -0.15922016281868023 -0.17285328758836438 -0.099189911522439014 -0.035276813907175103 -0.051310445465408187 -0.074103139507106189 -0.040992748794008146 -0.022020896726182026
 0.011052784187497095 0.052769731331620162 0.010721223376664979 0.09672312581853594 0.019239429545491335 -0.099534122737353639 -0.010842451755873936 0.16552993274157365 -0.032065524103362594 -0.21913900277804668 0.0575358592627759 -0.037218563981309447 -0.033645414481351457 -0.052421685383519011 -0.0090485051805013622 -0.023382854828470072 -0.1180625151378157 -0.075204425181294277 0.10815821057021759 -0.099588638226516771 -0.091957523440147834 0.015100193429518348 0.091013975658383928 0.040783072522537836 0.063092245784174494 0.013295389857309331
 0.11823398753983831 -0.089526934066511091 -0.075861142613973295 0.070874475916785307 -0.1418728297676588 -0.039425612150221709 -0.052844243927645251 -0.037062126208160157 0.014087576374007531 -0.25205164395504387 -0.042118123590688915 -0.0040799350043781331 0.01722340059015667 0.16369356621309866 0.0031590243894172925 0.029353407040363662 0.10630829886701872 -0.018278770510444981 -0.041494900885443844 -0.062668490791932235 -0.051862656986780477 -0.17956024141058996 -0.13128344533968447 -0.061830726373764695 -0.13383969674488311 0.014718589952039399
 -0.013151379944314661 0.036296146260468315 -0.13133464151727789 -0.22117749953080365 -0.050852631040443665 0.027554278865596665 0.059618665614641297 -0.032329874251178656 -0.027914610921512765 -0.013289733887062814 -0.067899288798496313 0.0053632650571292829 -0.071018962663418755 -0.16313971035756364 -0.12434046432269689 -0.014935738657495264 0.049526877462402218 -0.014646167210141265 0.0040124816010094983 0.16112723602871801 -0.12416766637832015 -0.0088796799809069786 -0.071213079110571439 -0.20142094844796612 -0.033210207819250138 0.071806082192926016
 -0.062721327218485654 -0.06966554305660258 0.095972250034949816 -0.099742348879126128 -0.021989091368417386 -0.056529816444407646 -0.05018098290464551 -0.012150509324574324 -0.10300805828635833 -0.10549219411884063 0.013420011440036362 0.066071784036661418 -0.019338329395889201 0.0023848899537514353 0.061397173734403544 0.049529156391314118 -0.043031625587691649 -0.10971041060971032 -0.14152072034948873 0.087804665080832678 0.094471528793204709 -0.12622472597150153 -0.06560408968887578 0.063806205841071245 -0.16671346456620265 0.065434025223092399
