# Created by Octave 6.2.0, Sun Sep 11 01:21:14 2022 GMT <unknown@LAPTOP-P0PV0581>
# name: Theta2
# type: matrix
# rows: 55
# columns: 56
 -0.093489936118201028 0.036427535941757488 0.022252372495728579 -0.048828069978614309 -0.034278617038997407 0.09586470129452368 -0.0026018956145719488 -0.058887716315828939 -0.13473937669122599 -0.043308293912019603 -0.01475843571353041 0.022454383439011405 0.027069622856575881 0.044305644432954171 -0.0075416942859927822 -0.076921928151266208 0.011905188870504393 -0.11704554954467947 0.027023419058547646 0.096908832064142456 -0.017365444402405936 0.034186260581138946 -0.10828695027278476 -0.042846258109047221 -0.14706449338687599 -0.083973390623483815 -0.0927055612807033 -0.015426845137704358 0.046656050293639069 0.060601754609115988 0.069443852028861469 -0.045612886446596536 0.060541002820196609 -0.065729370709760065 -0.12788683033504705 -0.00014838985486567691 -0.039836408099014925 -0.011921645534435005 0.017824609077312013 -0.052781113784818173 0.086422175207046467 -0.049137126432340111 0.017621185381121895 0.053115791190820806 0.051423116142818193 -0.0030124038404099702 0.088864145316177812 0.0012703285683339698 -0.10333841497572874 0.047906145087846894 -0.024709264420469321 -0.0095109264267752916 0.074727672715606222 -0.041439139976314127 0.11155853419316063 -0.063499858124345693
 0.06837894699666279 0.04470108990533065 0.061242354884807504 -0.064907669441735233 0.0044734141642093416 -0.054158913150562767 0.075588210786707008 -0.021096138913547446 -0.016325473981797654 -0.095877310437253588 -0.021577395691143687 0.089185992172904655 -0.081066638417494299 -0.066581919957131336 0.060354653972201522 0.093609476630431968 -0.059247620421620698 -0.076014754301890627 -0.079362883521202798 -0.00079420375331380624 -0.086751943840977688 0.018715381275275462 0.02783904583662962 0.018922397365521669 -0.12209154424676132 0.098215076414754549 -0.11091265939081206 -0.097665588089556277 -0.060995399752236952 -0.036291261477348735 -0.089726400099493897 0.023715654846132004 0.052877320071310664 0.075276470059647591 -0.077518825413057157 -0.11226450718536193 0.045676709039274448 -0.059359272600341614 0.032804003942041846 0.020806453299617056 0.021950436358269876 -0.081281153137567536 0.04268708066463691 0.093320349735990349 -0.004456447494849628 0.022680394102814066 -0.04944167162000198 -0.061828996833561939 -0.10696993002168885 0.0904665976639068 -0.058983650715264846 -0.041129860136876827 -0.11769370953526494 -0.027170244338722428 -0.041949036915988752 -0.06663000984498374
 0.094598149091195655 0.01686930378003397 -0.065789447587440791 -0.08953181255298448 -0.018403841188017214 0.015054087571048211 -0.01205452721846143 -0.10320264052084115 0.065974971686954709 -0.1116824779475131 -0.011174040319104055 0.092014811903896362 0.026323749814499739 -0.079473939312955613 -0.070502086868597796 -0.090489675568539624 0.068131361775643037 -0.11209135180497361 0.0089381896109314209 0.053689494215734407 0.0020719020358341798 -0.089883233047882871 0.091816704446159927 -0.073146455883896219 0.026774349614346139 0.076976530160394116 0.0054983561069079307 -0.082112385585748571 -0.099129139370582958 0.052594301005591204 -0.068328123709577873 -0.11549636308339091 0.064008571702226208 -0.096104397388462423 0.050463815919465096 0.073678403178485716 0.039907467981102181 -0.036037950501767245 0.1023880003346106 -0.034964607683669165 0.029959512540601412 -0.051869332802817351 0.070948874371962706 0.10308925119608567 -0.072593256664340772 0.011171172235616445 -0.063808282444325473 -0.0026919790665258349 -0.079811317515776026 0.070473160609051469 -0.092348867095661286 0.052887779088599499 0.11645901057701293 0.085057727817716158 0.072811276467802513 -0.017877897072127367
 -0.069055639522397572 0.010692737453107759 0.050182383335736422 0.10317606734885604 0.070645238440051911 -0.10346727280130684 -0.10043831167360466 0.017764498811965675 0.059693730225514344 -0.13069981155088861 0.10521758794325238 -0.017152402469883671 0.012184936450496857 -0.018710070608764267 -0.026068549676133548 0.054600041826519542 0.0077346415559891432 -0.0029799690285182436 -0.13025642271098647 -0.015119816819054138 0.052243411724109311 -0.077702838841825411 -0.04862396816919904 0.0092646000010469815 0.054992810008471504 -0.050037427516181038 0.071687986542751034 -0.08678845421088302 -0.052430374302596096 -0.032531934719100868 -0.05824403971558622 0.11675333220622845 -0.10817707738079958 0.053412661622752711 -0.13756653378668729 0.058126761900717777 0.012383188383936974 0.087843026061479715 0.049361065782224239 0.091441247049596386 0.076096663390189861 0.086262307000199753 -0.077947552164257902 0.10007885179613883 0.037073049901403796 -0.031827009701968313 0.070302635582139894 -0.11869594691031807 0.042443465730779048 0.035728924678067681 -0.053389760884459084 -0.025846341354800826 -0.015772441410542341 0.061020713030408978 0.028000203783029049 -0.058631520518252649
 0.086006824132032422 -0.017849579412607629 0.097738262820462662 0.0051548575308801451 0.00039645997085060509 -0.037813144583312634 -0.087310140185557494 0.041511535742800518 0.030993775433931413 0.064456505127135216 -0.10122298526335363 0.09717853553645843 0.11304527394782646 0.044354110246640953 0.022201505264070956 0.077787602601856382 0.077279876218629043 0.01480389786086778 0.017921130370810369 -0.098855251747415246 0.071149349271686826 -0.055989318848688782 -0.018808475551946358 -0.091962952504618584 -0.060810729040853023 0.031253738855479052 0.043213634492574718 -0.11241289904961858 0.017435465593445457 0.1174584941925059 -0.035502173898327653 0.021884433591621139 -0.0039361520638730987 -0.077706898895058635 0.081305250660133596 0.072333124512209981 -0.036620608697809733 0.013817669388590402 0.028578608991031904 0.036534160519733627 -0.0057150200107069929 -0.081369528302057417 -0.064484468798470126 -0.029409124265944542 0.020401925014371453 0.084609119147293549 -0.018408571512516028 -0.10242359486963126 -0.0026717600676550669 -0.0070725650703066176 0.016786610917392312 -0.11938767394340226 -0.0057505579745654213 0.012225052252820459 0.041390135438824388 -0.049836990112472383
 -0.10488311536681894 -0.035187181230738628 -0.071472155491213066 -0.037453374961470776 0.013345487631350017 -0.10815015396626372 -0.032601723765045547 0.070420530828504052 -0.043902946874497709 -0.10150910240602033 0.015332354799816643 -0.10172305560641902 -0.040606567739440505 -0.0099536338003056134 0.057599003065280922 -0.0057346523023118923 -0.043102014986977404 0.09088044227413794 -0.088552462794763337 0.073626225594862094 -0.090132916747072009 -0.062777398819737096 -0.040355956993470173 -0.074959627299909043 -0.039720241982233007 0.092235020440049026 0.089324300636802717 0.029534473505078516 0.015765396631074027 -0.02376609860867198 -0.071356485264873482 0.050966379982217126 -0.055504200156562773 0.028493597467388259 0.0011753760248410228 -0.11113701713860738 0.0065956182237973913 0.068549969724951865 -0.09725103645594832 -0.045148456078331942 0.066545094943805852 0.075075425005609639 0.088114533782214718 -0.046255947275742781 -0.013259727683819077 -0.040453132646444338 -0.027534008188399441 0.034164257097635785 -0.061655493218734314 0.044397719551939573 -0.12013228172640047 -0.011347318492946042 0.07858379619840751 0.066968114667487727 -0.031224781611629285 0.056219914845731994
