# Created by Octave 6.2.0, Sun Sep 11 00:35:49 2022 GMT <unknown@LAPTOP-P0PV0581>
# name: Theta2
# type: matrix
# rows: 55
# columns: 56
 -0.11285289170569003 -0.079793563815556509 -0.041039638507753738 0.049033249066756122 0.011599314554718507 0.022366957903377532 0.028032448678852406 0.04337574519543843 0.0046916937085189191 -0.083880418521489211 -0.097879852105271739 0.048967466921839356 0.018854126973381173 -0.096906611186296412 0.068039758558476576 0.08545118296781902 0.069347020073343271 0.012566243936172108 -0.029990973525219875 0.04205681381055229 -0.099545189770888887 -0.12049208958864262 0.023943456932187961 0.075843876018261494 0.035661363994410354 -0.036375387878129536 0.061315019580427531 -0.071506891112104093 -0.088839693108581988 0.046915072051959938 -0.038565466110242058 0.041729699744862528 0.097230268806385009 0.091170921354613382 -0.19314014702205806 0.021993317766325286 -0.041477489669889185 0.1034807695750639 0.00036259236266258926 -0.10503871051787673 -0.023415793866744767 0.017842629548162511 0.028864382204360696 0.16895717954816758 0.10069095745865797 -0.0705101853773277 -0.065113995698686047 -0.054972891269550364 -0.046172534966609641 0.1440958679975006 -0.14124359315967869 0.1859617376497627 -0.010179477751057741 -0.031503962693305319 -0.019532667458588348 0.1352351167615648
 0.019136766846427129 0.037826098419010676 -0.068809775039581675 -0.095216831672321922 0.070170594731240599 0.07456292310427784 -0.13766123258846463 -0.038977293711571034 -0.035509275328275983 0.048279485912783228 -0.092021401179114171 0.01534223884350026 -0.10414555396048016 0.035150971516507284 0.099982234464960573 0.050885470989037847 0.055556523471807139 0.046273048983581228 -0.059259724556014644 -0.025754923785299304 0.049317232955264328 -0.084587458553228037 -0.13668274968175048 0.066708157763159914 0.079773526466277764 0.092828619603206236 -0.10316465898825901 0.13164862146370154 0.064691263913515956 0.092450434459711045 -0.045860565946529146 -0.065026993723085222 -0.079878986788564574 -0.048934057755838069 0.056222430505887773 -0.1331980004001363 -0.026638110779565714 -0.098742637274494643 0.068742519699650673 0.078497282194219156 -0.14547390139100438 0.11352914256190999 0.064855190667424983 0.0095461965335401078 0.067575110172387418 -0.10093809368123244 0.031389950536662048 -0.094974666588393125 -0.11951595655664142 -0.01659280446385911 0.030178021201807102 -0.043891917606174231 -0.0036067524295120132 -0.0031256343188871541 -0.048136142748117672 -0.079102401532482006
 -0.080269287089936733 -0.040825528073351422 -0.037654178432497375 -0.1372359872982207 -0.067479226096184147 0.10415950124100819 -0.12912909636916012 0.063326556154665647 -0.14443414446699951 -0.0015896470136089415 -0.074628490699842412 -0.090407783026925093 -0.11993472909099731 0.049266522525291415 0.11722005815243028 -0.13868731142918403 -0.015741188761679608 0.035274002569667576 -0.02104601734392449 0.074555468049342877 -0.025159698146550686 0.045151410586662208 -0.026288226308968616 -0.008392238970774896 0.18515738970682247 -0.076984297099482124 0.11447271582538854 0.016920515815997277 0.058623759607556725 -0.099421952987947315 -0.047868315956706813 -0.027034366999016752 0.069455708756575488 -0.030655773063133211 -0.070507863655861647 -0.02740080502574593 0.084079518760769759 0.055470471153440289 0.027704528564862864 0.091615120992845051 -0.023815646453610083 -0.036831399728515062 -0.012752770912383766 -0.010185446392799447 -0.075092504130694057 0.043106488528361492 -0.051487351208151948 -0.024517331560952701 0.10377901636382707 -0.028880362805233043 0.01845047811253122 0.093079973854942072 0.051588044429578803 -0.029815809279607648 -0.0074496412281509477 0.042969629805075217
 0.013036263648285319 -0.043730844955078299 0.080960100970127916 -0.098700978035895365 -0.040353442900272748 -0.038282519914568013 0.049995572001338084 0.0027886630192715369 0.0087995874970678324 -0.13836941980892903 0.085626047135663325 -0.10158068191013199 0.045009203994266889 0.059631221847211965 -0.025101959845722027 0.053130502550161919 -0.053176735783294959 0.0085937015837602038 -0.031564964769511483 0.074761768255948227 -0.089667689815146764 -0.058168162533276356 -0.063952467332089993 -0.083062140274026086 0.027264748475301137 0.015850887022696353 0.0016019446646734713 0.1030272820771251 -0.16390246940366349 0.0060276566694462737 0.12332907390028441 0.082541397538656219 0.082732194245636562 -0.10295810761529046 -0.039632242842634335 0.025274827917817138 -0.046492117138592089 -0.069237720701404978 -0.059943586670983595 -0.066582910722857658 -0.020736946260810647 -0.019087567186207487 -0.0073221275667006347 0.15574983601034484 0.020376439769444626 -0.12757771878955854 0.055468084764792827 0.025376915201102596 -0.050286142357761354 -0.11686628492050717 -0.012288216642165584 0.063924587232213378 -0.13953407605846696 -0.11388363325800342 -0.014914245634915831 0.088986273570411376
 -0.1100768757937481 -0.0086649529991633441 0.074097248848868855 0.021205690813407438 -0.02909501569272558 0.039120358540773427 0.14005863052697434 0.081797166036973776 0.027073597129459243 -0.13244538687054286 0.0929134987910053 0.11354096386264964 -0.072266140108478455 -0.10548571254459188 0.053268944958840929 0.014079785265689336 -0.045101445833304867 -0.01378237357862009 0.047568551830487714 -0.11463212678173593 -0.010460130050768865 -0.070635737803775939 0.017227548496201214 0.035037401162954736 0.09692791074256768 0.013171367710454447 -0.097871500189863542 -0.067114712178093686 -0.092033962628643107 -0.055592496792121249 0.050151681571170496 0.095617460766115187 0.091866635124635027 0.11588136173439485 0.1076079684136786 0.025718987491900883 -0.053428703321987653 -0.053381997457054846 0.0060602287711074799 0.050504254596679711 -0.06690955600345487 0.05348539529507116 -0.094561456585793277 0.080509449352100929 0.082094776086567373 -0.018076196287285469 -0.062789570148849685 -0.0053646849518961511 -0.18829081475137202 -0.083986163006913916 -0.016718640197531064 -0.05886099880593381 -0.065045377910046775 0.07617325064975404 -0.070390246981454102 0.083721276353761157
 0.063843245530798329 0.090352742730135993 0.065175428403752247 0.034417332955843795 0.05799181886949268 -0.095768632376474469 0.03485430555397926 -0.040273783671523671 0.044700854580799816 -0.057712466965285543 -0.14382172958179784 -0.047944922699628009 -0.074302152348826062 0.081395220668222218 -0.0033657012782523114 0.072158192358982173 -0.032299958205279367 0.0076783802071567079 0.035399680552601752 -0.05236561900595315 0.15780935963492765 -0.069185077932350944 0.064502762787998047 0.069301469404661795 -0.061252938046800383 0.14195087227719819 -0.11354680513342093 -0.11293003706877593 -0.026066056977335831 0.010635174748255635 0.0061589380289084191 -0.099668121837144463 -0.077533577842494081 -0.06202382890457895 -0.087649252298820701 0.022997094996488509 -0.028670761327918584 -0.04633767238061106 -0.12111429002864665 -0.052409510417961956 -0.18654441021509835 -0.061229501206441828 0.00066854965470638248 -0.027139146927673399 -0.085851040155953295 -0.079744843385848502 -0.06631039145967714 -0.08278760147025202 0.031024345078762321 -0.11711269801171006 -0.078934757008779471 0.029297241473907883 -0.11745557939847869 -0.052147077195194305 -0.045424340241534952 -0.052384869153820013
