# Created by Octave 6.2.0, Sun Sep 11 01:43:42 2022 GMT <unknown@LAPTOP-P0PV0581>
# name: Theta2
# type: matrix
# rows: 15
# columns: 16
 0.038766920243985079 -0.13353819917954449 -0.17114522494629261 0.23846090716460586 -0.031901854008064501 -0.10585281619661528 -0.048260705407653169 -0.02878491219293524 -0.036312840866277216 -0.027379375518293253 -0.11614681441403145 -0.1269865855035093 -0.18748828420552971 0.028231544114452275 -0.14435726270200644 -0.18115025092720302
 -0.074082447394219306 0.022722904270503604 0.055907878283043139 -0.060786692339641513 0.072924848246416804 -0.018706651424385545 -0.044312028858457878 -0.24722776714277753 -0.11167063012951169 -0.0073173972970851705 0.072268811383605483 -0.057059374648658782 -0.16936272750513515 -0.03098387863917159 0.029704893101709567 -0.21670139559366602
 -0.11459290428419537 -0.025726820243376754 -0.058222427154612975 0.098898793463661122 -0.047735905219640044 -0.1344446908705344 0.029700547494850918 -0.090256082179316216 -0.069635354260109639 0.033807762568087978 0.13414001608793788 0.018739389680737156 0.15083498152906805 0.025013070024075261 -0.058432697629897064 0.030149849162548228
 -0.04452770701150268 -0.057529005579067378 -0.052021428697364404 0.027614130559171644 0.063905207662356772 0.086412991235015432 -0.047516849977132104 0.012905814468925286 -0.11532241640334556 -0.092401761763996393 -0.043784193843643092 0.016681119858993152 -0.155624243987149 -0.0047246045572372931 -0.19122896316941598 -0.04794575899712019
 -0.013588008485192413 -0.018413832318657539 -0.036105877601137891 -0.21983590928667709 -0.0012161217637514255 -0.10123101842025639 -0.096425369677208467 -0.034005790333356364 0.004255455537630278 0.012233403189966061 0.055037314161833412 0.090050542300096403 -0.0072203164004376362 -0.041125017047821365 0.10157408344175366 -0.35190903853459682
 -0.010471599048665806 0.059684768479607783 -0.052091967357139529 0.0088996833244758353 0.099533695590181284 -0.024148075874784528 0.1027023701195284 0.011959022051829244 -0.095888166755644974 0.064034391262679485 -0.043385765078205712 -0.030089377153020232 0.086883955559161119 -0.078730456952151417 0.022027415852617346 0.050476242453761484
 -0.021988443947370203 0.082590711530650188 -0.012404608063750011 0.044902212364093225 0.11877558264076817 0.093652523725967773 -0.0089870821907562307 -0.065723785364912149 0.062304289382126003 0.034563121877456623 -0.1731633189134619 0.13838855376726958 0.034912249590214481 0.0030258361135349259 0.13952164496274924 -0.21448199626390296
 -0.043498507264214351 -0.039022006865843804 -0.18155110773313654 0.0059600010506414974 0.0406831344857028 0.01943632714175704 0.09183368523898397 -0.12058384724279246 0.022066603753415622 0.11943505147724148 -0.054590119774534401 0.0019216791080458445 -0.039352543282927838 0.070374476024922472 -0.2324307977503195 0.040726926635829497
 -0.076431128122901065 -0.12250672564007434 -0.25746527462446489 -0.11588953380275947 0.14671043774951298 0.017707446879178971 -0.10505431496819155 -0.089345578895547589 -0.011727574263852795 0.010959209190924281 -0.013809906286514434 0.032580854092190713 -0.073816644150041563 -0.011281076781885913 0.023474039345340175 -0.42282929733159158
 0.097825287085547857 -0.048307035062065323 -0.094795781688516378 -0.056913692360276748 0.078094893115464178 -0.073906798482628197 -0.0017134246412258526 -0.018462667739230994 -0.038353905435903633 -0.09466877369697381 0.0068360932371482556 0.10570867164074291 -0.16962271960022896 0.023614132124380214 0.035395172832467674 -0.36081824135777507
 -0.077487903878725492 -0.018414765630648908 -0.0035917522425668405 -0.14334611354381258 -0.02713779878539585 0.076767248089817622 0.013562162630104648 -0.010405949968485107 -0.29991346429360732 -0.14131387472042939 0.09021138733544258 0.028773326553460071 -0.026627331625776698 -0.18162741842262964 -0.1306785577770542 -0.12429756179769069
 0.070055156617302328 -0.12789608187702378 -0.047016134863366164 -0.10136889810982753 -0.025874843228480496 0.057318156632939626 -0.072970240687217608 0.10619188467598192 0.003692265918664406 0.082878024707667641 -0.032109936286003553 0.028980231809627572 -0.0068979926308420864 0.02313382942094935 -0.053083920817905916 -0.1436921970735856
 -0.057280154912368327 0.033134403226943228 -0.10502093782917818 -0.13918579365265168 -0.066990077337180765 -0.20056146906101596 0.019380736396715389 0.10087726005953744 0.033702126800483734 0.085081529974650627 0.015176894164748132 0.12169130026070682 -0.043547269170779238 -0.012840536377449968 -0.012991874010061308 -0.032369230449031415
 0.097757201693235832 0.10362218579576818 -0.0042786053459832095 -0.037909519814411048 0.085347586217783503 0.047715624265487686 0.14038680668341982 -0.037374975958578638 -0.10898859767727741 0.12556749056544325 0.038256064160777863 -0.050889523412486523 -0.03641698514067309 -0.046131267880713443 0.11111529330925823 0.051193333188826379
 -0.11416301327423237 -0.09805252793078223 -0.037348896051457477 0.020077911918199555 0.10496329204001817 -0.03149850560522096 0.13216387514531208 -0.15432477867226307 -0.074936116745438999 0.0015930082100938743 -0.022383260818877725 0.023094738442803277 -0.089630143643088717 0.0003594589938667987 -0.029987647172451226 -0.12201206378342712


