# Created by Octave 6.2.0, Sun Sep 11 00:34:12 2022 GMT <unknown@LAPTOP-P0PV0581>
# name: Theta3
# type: matrix
# rows: 10
# columns: 46
 0.056613431928165051 0.065308352956903765 -0.0085907820557449711 -0.0033441956319373327 -0.033017120661338245 0.068235897376527285 -0.027937266355670939 -0.11653419539817113 -0.1600165508513739 0.13380696855521246 -0.025731191610474227 -0.081033877023088619 0.14185545045633677 -0.091975275835474532 0.075011043168280694 -0.13346567857666766 -0.078204681062103196 -0.11138521959162176 -0.010369898461230556 -0.013925585355107128 -0.043435782378894665 0.10929031596493986 -0.04224180959831398 0.096500193960521577 -0.12735851546901605 -0.1073873666487474 -0.12215157463664178 0.14813812439852372 -0.10658415780621411 0.076955203952897622 -0.061978716974827729 0.11639911000760349 -0.18868493947149961 0.053317205777372111 -0.0096847165787317356 -0.17643973985850867 -0.0095665503754317847 -0.043005599259436506 -0.04885285487086645 -0.036364363917461048 -0.088402485780595313 0.039144298565055233 -0.03222846028191715 0.045064391925638721 0.094537121223033607 -0.17734650709445277
 -0.083975895227489994 -0.03136131501099116 -0.069278364818219376 -0.043027343589869115 -0.082773598917428332 0.089216966246336391 -0.091297176615243059 0.042595713510847219 -0.035164843219279089 0.057174012867280716 -0.075891504631500614 0.033069763562027225 0.057250404223875055 0.0033575630406678237 0.051407382665384665 0.051230458470010343 -0.022167362182549305 0.04739627043219654 0.052047200960372915 0.052847504065076142 -0.049769349930165512 0.0031306457020462814 -0.10816285993048586 0.033995837443716384 0.00016263519113233452 -0.013974353931989975 0.016881350745357758 -0.039408463081114488 0.031279577602433419 0.029964492608259206 0.046835810171445669 -0.091109291377152388 0.024996810199376805 -0.10523254257234591 -0.039665207663016282 0.015136915848564131 0.07793662882348254 0.13962479472612047 -0.01592975854389805 0.041643502325702374 0.094170169737038248 -0.13783054617102916 0.012381128227434909 -0.030271808160646823 0.11383886758993063 -0.030748399887884699
 -0.015290450285261404 -0.078658290243542359 -0.013485442694833795 -0.015714016836051951 0.16730983768948715 -0.0036714052481955721 -0.119383629038482 -0.024098374341658374 0.045592137338583048 -0.13278637692865702 0.10388887378300142 0.10138527956322133 0.067390640610063834 -0.13812326614176523 -0.015798469591668512 0.051126226793446514 0.0494700581957635 0.038839241436743714 -0.039357847318967583 0.093694317688301637 0.01020142943731581 -0.12411832637553658 -0.084879184135215308 0.054278223112656454 0.067255901042623814 0.045448406108596594 -0.14547574562675764 0.046533263055562137 -0.10714632059722648 -0.072447540735037938 0.067412872554990511 0.066722433777566106 0.080314731011892293 0.039263817933323002 0.0021962895682952851 -0.056450599712757961 0.0014911252286975555 0.077339320434156741 -0.075749609246944696 0.07795476803537843 -0.078182249500132583 -0.11206636716424147 0.066990253775342776 0.045263786434055216 -0.076474074043846041 -0.099547784890276117
 -0.10460067862696558 0.064301257614026802 0.05470544167035226 0.047468754459424903 -0.029975080205706321 -0.010040207542708273 0.030432909084775455 -0.075868422958997594 -0.034198039311108756 0.050820855415627704 0.072472893552431222 -0.034102888750423194 -0.060613434375676713 0.079050456662733262 -0.06188952148929025 -0.071618030142532721 -0.0041743646182836758 -0.090004492002169659 0.055238254533696192 -0.067642418269623389 0.072332474203855177 -0.061053617885676176 -0.02441313712139798 0.0047562147549161703 0.0053080881636127179 0.084014341504935225 -0.032021816056391379 0.032364240570103446 0.08514990086061941 0.032274323277071727 -0.085905436814859862 0.022743129388164012 -0.060604082789406946 -0.015287397971192978 0.072524035157262565 0.10050909334167819 0.022990169613373308 -0.12517255207410743 0.098472144332708664 0.038788857789709114 0.074332240876456998 -0.059182894911025484 0.16710524002808849 0.039739286204274381 0.040597617117238645 0.067666492232652642
 -0.039315519427910478 0.005054551263556137 -0.034291186913474922 -0.12207336465434944 0.073853012528296041 -9.0567444013650691e-06 0.083057677048723993 0.039612088172166993 -0.039414117964081195 -0.077833432902211008 0.055640191297695638 0.2036737596278731 0.10997749062719336 0.015034115084938474 -0.18307148894352243 -0.019579282206214091 0.11797304646554875 0.046564690262989525 -0.11733958926409647 -0.035954492319896392 0.0047309661132176675 -0.076869410596705476 -0.024668642579616127 -0.076756668913408446 0.064381183664731736 -0.050691803378412649 0.11103237820054081 0.040200057386693626 -0.064206476429099865 0.063885887057187424 0.025052651370300615 -0.037164175322794375 0.078571963574101789 0.15270331971495874 0.083568106971284389 0.074519390075277553 -0.11621415107148651 -0.0057410977873981741 -0.061744525208514714 0.07233350227501352 -0.037004295235985911 -0.0012804159458295816 0.043816747527249081 0.15372695448307314 -0.0056633158696213944 0.059236162683235456
 0.083789970672449851 0.082046409811843982 -0.023761499173379816 0.0064952166986264395 -0.093454409157421064 -0.10807660107089014 0.026690514022371513 0.064948819563856425 0.034778309700690326 0.0035498139775168845 0.004942084656827753 -0.067643470706049466 -0.08306132495888259 0.057195143576251863 -0.070980867907416617 0.070069739813520465 0.064387664991477883 0.17920833767831071 -0.018237701512711244 -0.080472008294711642 -0.013501065381586269 0.040100990250145629 -0.028956638615341215 -0.065388164122771639 0.13148287667067948 -0.058905056909053052 0.12230903520621947 0.10477621060148652 0.011433684811345633 0.12718882627234057 -0.061420179169866904 -0.041582675263120684 0.069046548523980011 -0.026717206181939266 -0.06322715411375017 -0.030089360598104603 0.010921402182511213 0.06667902446821862 -0.14989952774810594 -0.0082430620862633461 0.014599298631873306 0.044237922025031941 0.055914976398427116 0.14536729703778864 -0.096496227489963129 0.032887432946657261
 -0.06187588391410271 -0.048528134473765132 -0.030598315649204427 -0.17434589338664233 0.019380993178723264 0.097243677301704162 0.10115757368184412 0.12018508291537916 0.042606287583361796 0.057299329437485447 0.068781859520577374 -0.051805923432455624 0.0063166645836463505 0.061067072601303216 -0.0013619360385554195 -0.081063189887608564 -0.043919840128965312 -0.029522967921138267 0.052176440297973768 0.10086515484736251 -0.033328587590659202 0.0082870795381029747 -0.10345621402371603 -0.071183197997126357 -0.064022349666187015 -0.11810694016311173 -0.071774094213329961 -0.028449691410600463 0.02148800739885497 -0.077997171504979368 0.012129353615600354 0.073052550749420561 -0.0048317087994362087 -0.035087066065304685 -0.079954141258777492 0.19760100779323822 -0.057883187630597722 0.047183792327777078 0.016659581558825177 -0.031720967398052378 -0.12229248262448547 -0.074673587090407167 -0.093249842302234029 0.057321752876362139 0.057259170404023722 0.031185068085928632
 0.10484551513176948 -0.0059911264546359004 0.11691331339621315 0.11016132368358493 0.0015034505591223785 0.019856905346197259 0.016233897729270839 -0.13469332610826606 0.063697283697441723 0.036771143149475681 0.095833852201729547 0.023264182659571378 -0.052506520161740552 0.045326971875266908 -0.037760172671793747 0.019834302590537103 0.12367847664476524 0.075698834503369034 -0.16672462757061396 0.065288877702776998 0.03197798723838529 -0.014860660342946029 0.089264651478038248 -0.05945006113270157 -0.014812229647131369 -0.10795908911149667 -0.048607457843008725 -0.031817719540345991 0.085073622879226166 -0.050695570449005828 -0.02932948627212581 0.017735639883231551 0.059949917400770741 0.0013696830083741783 0.093620468556384936 -0.003339049605848301 0.051021591187818016 0.0002968460345205891 -0.061708357163973583 -0.035402945535662589 -0.030889059058149815 0.016497158681532235 -0.092427962464204774 0.036420486498235607 -0.14599199686163888 0.049803638534836173
