# Created by Octave 6.2.0, Sun Sep 11 00:49:05 2022 GMT <unknown@LAPTOP-P0PV0581>
# name: Theta3
# type: matrix
# rows: 10
# columns: 26
 -0.042796589602850994 0.0032705425472838797 0.19492805718631384 -0.058700159007703638 0.054483814587224372 0.085080462677976865 0.14481670460339716 0.13359083623567033 -0.0043719107891868475 0.027671887161799989 -0.036229814723589306 0.03548159871513918 0.020049877038462782 -0.047919358444440396 -0.1135223899404077 -0.043017144220947927 0.10667643355938751 -0.089503967075309915 -0.096877642068187886 0.11854997417822521 -0.10625944757290272 -0.10518142912015133 -0.024798077890614674 0.054577892679672564 0.063157321205220315 0.034447059041265535
 0.024780480315092557 0.022672597799939444 -0.094194724218108858 -0.048240560440837181 0.018845360385063469 0.10375064726779926 -0.0085103842834749702 -0.2437408045165245 0.057784206726290303 0.016522372387524922 -0.087386097281301645 0.073899405280309222 -0.16809021092593213 -0.24299044387720178 0.0029489945092298678 -0.20889811570082845 -0.0041598158715359474 0.021971248524184007 0.041142849707734623 0.073925934590773179 0.13514441425625176 0.050466210323913983 -0.049855177397608426 0.080332079155460451 0.22350528329244465 0.16441175915229722
 -0.030245608352653615 0.14533345849751483 -0.081897143257803021 -0.16890868121785149 -0.015982429036207568 0.10224824638051518 0.045958737081611849 -0.0981189382884637 -0.05286573347164264 -0.011266970916487621 -0.18045043410678727 0.090524808715534338 0.19711955840860429 -0.0033420631036011326 0.083088284097771997 -0.032817981939652616 -0.079557819959346646 -0.13468658367114023 0.20868109108074509 0.20481607161254681 0.13130944777776818 0.10556997268045884 0.018727347575102728 0.12350283486985761 -0.075023431855758493 -0.059925751175853581
 0.12003657380216755 -0.1751019520565831 0.060115937664561754 0.24658363841388867 -0.077885846431798689 -0.041399460137926905 -0.063987633339168751 -0.0070149279995391578 -0.038330802995070079 -0.026746202338531561 0.036613801210994001 -0.13759907997171308 -0.052328218378886793 0.1390207942374474 -0.07610401702606169 -0.039864317614153807 0.18458571752822342 -0.076957044122093282 -0.10764641411323268 -0.00032257267182669397 0.0059919111834955009 -0.1229172948709001 0.051271131411405997 0.04743539782093411 -0.011076105102269649 0.0033129300360594683
 0.12059233611207386 -0.17229526640574178 -0.15598927508504512 0.0076790469852348392 0.20830983789068139 -0.0097437800578600159 0.12681524760953858 0.30823259492374555 0.16990276075284322 -0.013432466338701281 0.095469894789413923 -0.050865295278901629 0.10584818293865797 -0.031157018183550426 0.017634351881262854 -0.014957703257636347 -0.13062682616753632 -0.057175131770860671 0.11441741183327098 -0.10129275196239768 0.1628454352126858 -0.050254892286872674 0.015854484874811 0.24733426943272904 -0.073945810684507701 0.062773577883946177
 -0.091208508601214489 -0.13784360996903189 -0.083065114001229151 0.099265973620443995 -0.085263909210885974 0.10256486277237527 -0.1785965825452977 0.12948907376781787 -0.07189332837643192 -0.12296660001065497 0.26442931049928986 -0.11418020920821688 0.0087764385623083536 -0.074015153721409183 0.1100110403125613 -0.015179783107940199 -0.066904476235744914 -0.0052483070257004572 0.016143615738101968 -0.12377807861321564 -0.11272142392756128 -0.021866646612331991 0.10972526748178696 -0.10972041668516704 0.21472647594429137 0.074580383132204164
 -0.072348564694122611 -0.00035126160551891188 -0.059803457256690638 -0.14385959009942131 -0.089995647264144496 0.0085297268243026483 0.19117938730149994 -0.053307158671557421 0.094675397105597608 0.1587327070599682 0.006617946991030489 0.054577441469170491 0.04525178908529142 -0.076506174914211633 -0.16350200587699865 -0.13695705352089746 0.079132271619943753 -0.010637828029749273 -0.12211110221113468 0.20679687508758432 0.044500654889614022 -0.15945677367503275 -0.038712926296132086 0.18702611478333764 0.014231969760649152 0.031673691645391973
 0.041418300705641536 0.12966269611856543 0.11914629806648712 0.043903118018752608 0.018058152296303285 -0.020569158474520236 -0.097349737159290808 -0.16405058649176271 -0.0020703405967600389 0.036714472155790746 0.28158283687280922 0.057532169279977612 0.14833015269967839 -0.23880322822752698 0.0098005948244026947 0.17426347799426725 0.089543959632507261 -0.098617698661687903 -0.045767425957574069 -0.09630041756143852 0.041034875732958873 -0.093744965699060934 -0.043052374333602608 -0.30308111202960625 -0.13829920583516089 -0.021710960318966379
 0.075566003450712654 0.16513422207403536 -0.13438227291810381 0.046560576547985837 0.05549049943909392 -0.14510036150863825 -0.16042601678373331 -0.078150787323246151 0.0084362884846021537 0.10103119660466241 -0.12236291728592689 -0.12445031806768242 0.059561420153533752 0.1551660556035529 -0.16202373979642101 0.12613262752237817 -0.058193273998198125 0.20032497462103568 0.10270913415820812 -0.15860707159662663 -0.074891235109859691 0.016074452451280842 -0.0481993504319842 -0.067525443269270763 -0.033504715575321385 0.071961821843720783
 0.02330652868710589 -0.19956089473038907 -0.062940917255287041 -0.011295978361590476 -0.083511892059865339 -0.16390417095298654 -0.12608642525570629 -0.12612643589680289 -0.15654913182393684 -0.059349706240735087 0.087824858101295172 0.057648250564048334 -0.11772140702326885 -0.02369378586283984 -0.075209795745941027 -0.085130785524111893 0.064096177209303065 0.19228181376992018 -0.021089678865991304 -0.18516158014859047 0.023554046449778054 0.13588745561334994 -0.12903509551581521 -0.14115598988088024 -0.10337591110779799 -0.071728509779281427


