# Created by Octave 6.2.0, Mon Sep 12 20:49:58 2022 GMT <unknown@LAPTOP-P0PV0581>
# name: Theta5
# type: matrix
# rows: 10
# columns: 46
 -0.11238493256900109 1.2998868108492467 2.0083587851420046 0.69000009590926625 -0.39297806060397716 0.85639990225968987 -0.78765951336086548 1.8739060491429234 -0.17526602016516848 -0.62648334577969078 1.3675783530752721 -0.4380083498226397 -1.7420143342540471 -0.92320385651563941 -0.33285632613743354 -0.35734679999112151 -0.72455166479454003 -0.69565382926509056 0.0013281790804780282 0.76570748611960293 -0.32193861603499663 -1.6741041512635642 0.18097943848616382 -0.46450299722713034 -0.40524583403147862 0.12150498761734704 0.25096864848316947 -0.40314731463442216 1.2946781485917982 0.62571434771151935 0.80524588689933663 1.0711125349253385 0.85873545080551505 -1.6559257747906106 -1.8169317137726766 0.88943465180707793 -0.61186285443204513 1.4223892354350336 -0.4100522611901331 0.84067057899625186 -0.68321785563891846 -1.5689486820747098 -0.98669588518016149 -0.070398030733521938 -1.5753261689857363 -0.11141325002271879
 -0.22964457937459276 -0.51907397353854867 -0.040773112931038587 0.57952871260083916 0.66361044397904545 -0.0041656636279216834 1.51910769991304 -0.15437975676753371 0.47011970207871678 -0.83590923949993523 -0.62266333781304761 -1.4708930813341419 -0.37413176588229191 0.41684411000529914 -0.19013847757476304 0.0086038939293950432 -0.017218571837730876 -0.077483651499519801 0.080412506868011657 -0.33088553370738477 1.1623667307099199 0.49334886174719561 0.17937273513591859 -0.19090905760812032 0.97317920644385092 -0.76613592766793159 -0.77045845336437979 0.5743992915951438 -0.21253035187156835 0.032194508482141761 0.7835433331537992 -1.0933805515171753 0.63347086150875853 1.3836048645541033 -0.22571446851484914 -0.12891659588144783 0.2109819227307681 -0.61459251703028639 1.1031645554042486 -0.58156114910867507 -0.56302723312538838 0.80265637514919752 -0.3423895377108499 -0.37201857153135492 1.0348654106741881 -0.56675841389994186
 -0.19152794145715354 -1.2439017999892161 -0.54845661203999097 -0.75951558921001072 -0.41279306016074052 -1.2523763388162135 0.88031138894820038 0.34516786516688724 0.53920729350695351 -0.37417257582945218 -0.71184222053545099 -0.43225467555507985 0.26625861856416727 -0.38861191369696224 -0.57178983985136622 0.36002963708706059 0.55980938213389808 -0.28272107656782253 1.0770810986021122 -0.84756609714919229 0.48126414484415175 0.54122485664502196 -0.18199820013044996 0.23114825779668777 -0.3064265838000918 -1.5339614423680374 0.42280412976796228 0.98066253002396031 -0.30627720079226955 0.23564220128052196 0.38151617128499499 -1.2771695695287553 -0.8195475309841177 1.649716803835765 0.1876212097100628 -0.27819287147381738 0.0059000620253369601 -0.72027221983460221 0.59218255044381729 0.68942230353170308 -0.6808056359929433 1.315334254244356 0.96315688789827025 0.28710458937983835 2.2820391070795969 -0.35945743465695967
 0.15648808525617108 1.3969939761184429 -1.3041468872886526 0.13438008114590114 0.48513712726785296 0.13671896826863686 -0.64492174622556253 -1.7359275073624794 0.13659776285807143 0.20383168868641008 -0.56045326992651234 0.77201266845299277 0.49090394359572959 0.66312658980686123 0.67548966302023705 0.71447359749408168 0.36450715394909927 0.77719911836456423 -1.0823361746822027 0.074200806757234242 0.35712457537237319 0.89390322279087675 0.061765963449956773 0.24628427195214012 0.18207557013718451 0.15368023047168841 -0.058574839990669238 -0.39014806351067083 -0.47742736766671851 0.66579467892502053 -0.35511283746525035 -0.76391275967758532 0.13435759330453037 -0.12871056887731488 0.73089702466077811 -1.5454134875079937 0.20010723257941443 -0.37155173181803108 -0.90058226473766945 -0.27019110179084033 -0.039969632882243041 -0.24606060778528618 -0.063677917249374688 -0.70335083077517047 0.34571875099972915 1.0964001879584704
 0.13651358966027269 -0.73759498985642069 -0.81434157500736803 -0.13401220821018922 -0.0049660253801085338 -1.3367355523649602 -0.13512916865130153 0.2469236430597552 -0.26684999168879486 1.4658358869252008 1.1499776092928589 0.96701920764035876 0.95811145472126513 -0.76662801105397915 -0.38608455024597316 0.03479663990306308 0.24188372430985469 -0.074942311417926954 -0.074160879015110107 0.35782208700855739 0.0094721033464472033 -0.18312299717013289 0.33740019857978493 0.37664617886710633 -0.61750888190466258 -0.25359728031091505 1.1978250753708071 0.23129780657492457 0.053416990787295865 -0.0060366402327476747 -0.38356302969493727 -0.47899073086768645 -1.2483671412731645 0.16990267060142691 -0.78736989666339707 0.37418532728482423 -1.0693228980872165 0.50541280270054378 0.18051142232539033 0.18624619075596016 0.98092095067816332 0.409155319135732 -0.27265995875682908 0.63708972665840469 0.49945627066970461 0.13895891878940575
 -0.15245927405943169 -0.97859822595466361 -0.9021389457330895 -0.012397149934814725 0.021812633862797894 0.0029223232955919881 0.89246348468618364 -1.0000190132234268 0.72333803442172684 0.80671293138716427 -0.48470015303611691 -0.35792399711082062 0.77599566190065816 0.27383411641225808 -0.21114473475560092 -0.054026272808724199 0.030777410540165889 -0.67827325385510273 -1.2704157300211993 -0.38836354721618199 -0.28743833949026443 1.4727130008177067 0.35413934156520316 0.041584219584298789 0.85625080130391584 0.4620726337647314 -0.088902169600655154 -0.032121794951966376 0.66480098173669333 -1.8616474888893388 -0.13142628361923575 -0.3216184926996164 -0.64704849502222261 -0.14554425827458226 1.3276056352562073 0.68403825490102854 -0.12577041715855633 -0.73483830042283105 0.339521844892124 -1.2766904694766696 0.78225836898690837 0.083621946892343146 0.60508671006443382 0.1200421054078683 0.71330452951476897 0.34725564363453348
 -0.028393610574900929 1.1972354523525388 1.2805103541866238 0.31626623091879025 -0.38036693789556092 2.2897647572541522 -1.0442839994801456 0.075867899976170758 -0.28247420902420661 -1.2755049834142569 -0.34977056243425469 -0.18798383880059794 -1.4568839266101616 0.24953132633229511 1.120561275952592 -0.39282734196043401 -0.47077209278086229 -0.21776840390290425 0.13902826498533227 -0.082062423217457242 -0.48091882364653782 0.05250666640996856 -1.4535888773519672 0.18166516848939893 0.23623786741202032 1.4777660903031062 -1.6127808459620778 -0.67545678757307503 0.10761252392659408 0.5769835982598891 0.38250038035461875 1.366452958224321 1.7199347326987413 -1.2740371684036595 0.83634015090889757 0.2222387191538806 0.6290681440356467 0.20471236929251949 -0.12123357658221837 0.17050605592920517 -0.41897315587742523 -0.6045771629923733 0.94405915989060896 -0.5572019546653475 -2.2358991710673028 -0.27743426579607133
 0.20217033045421631 -0.0022841312565010808 0.55010349357160993 -0.43337494152335898 0.39916201950803437 -0.4931721733773789 0.16490945460791093 0.22493868000976289 -0.22123867405121084 -0.43674578107977785 0.21417503382268802 0.22617432160818637 0.29510685919064034 -0.0089092617279406486 -0.094549773412530069 0.054596539721601015 -0.091420291170758852 0.67940061766153936 0.83280035528646235 0.51645690677117939 0.14498456599166137 -0.45888865151704605 0.74697777662771503 0.11803598141782023 -0.33310855880837581 -0.74006369775006497 0.52258592794520964 -0.085328563883034059 -0.01999071864395028 1.0499336985574546 -0.21714567546553445 -0.59574751047550456 0.21550768049862631 -0.24011894508731618 -0.73964626417220913 0.090208998584986516 0.47139990565249107 0.10687226752106276 -0.65874784951377763 0.7055543481932719 -0.97046120918301537 -0.69792695412142047 -0.83990027310891791 0.67988347060510324 0.37313765535415144 0.20484983387722999
