# Created by Octave 6.2.0, Mon Sep 12 20:06:00 2022 GMT <unknown@LAPTOP-P0PV0581>
# name: Theta2
# type: matrix
# rows: 35
# columns: 36
 -0.079840749738963601 0.054349125636913277 0.60583748839529106 0.62731172276436176 0.11076326001497479 0.12695930280474807 -0.076595038849580188 0.34201880292227421 0.49658177342555693 0.38557347709653467 -0.44721188553165464 0.67094652140566735 0.48421344384549769 -0.04937561210985604 -0.26110170298232538 -0.09353502858220844 0.16715159127180473 1.154650736352278 -1.0637819289564638 0.32304179950744855 -0.059685898672412356 0.051079248006239711 -0.17284168202806288 -1.1472539096975205 -0.33203186433070719 0.065425024478437913 -0.29110539648406314 -0.20945671537456004 0.43986023264887308 -0.24610513686000982 0.41699698350727982 0.18933050001430393 1.1294233632139268 -0.13375012372664349 0.2003476260823068 0.20203585282185466
 0.32909174792030421 -0.24255195141534353 -2.3266458957469629 0.25596136834017763 0.17024562737033505 -0.45841529293270977 -1.2678809492018679 -0.063101338333574869 -0.4697270838460515 -0.80027558037368651 2.1892989715165592 -0.39874212106549611 -2.1401052638542901 0.34853960502087489 0.48505535959670099 1.1657165450366465 -0.37527067907302708 -1.6490232350455964 0.44560548320749876 -1.222793364459704 1.3880152528005925 0.79243614344276392 1.9420665694702235 0.8815820613581743 -1.185516295618146 -0.78795884341838751 0.44283114404769541 1.3743363346972792 -0.037623160360615873 -0.51998171187523479 -0.47835124779775551 -0.66540640431236531 -1.0084353638827588 0.10401138840407684 -1.8888441619007335 1.6263720244006421
 0.27310770729756351 -0.057059447981391197 -1.4513163940401508 -1.431977772607385 -0.10342050516553992 -0.4622783215723712 -0.41798989923330837 -0.71139605031200381 0.28391167297985509 0.094872040906070348 0.73719168190710316 1.4146501996922867 -0.46916880067899747 -1.1285677185360046 -0.33606875256822061 0.94541695907032608 -0.8105318044887998 -0.68045787413489545 0.57340547567876976 0.1466658375353645 -0.34109497486362117 0.76195389267850888 0.5708595721311458 0.61622635423271532 -1.3535713692377938 -0.31632338558650691 0.67980326380715284 0.48768824345936135 0.30031373153341184 -0.25581764366917548 0.20999366490921337 -0.57312057429703045 -0.92497544647311669 -0.61214048100900598 -0.39225059691038694 1.2884755345863366
 -0.1060407892905303 0.2054519531190733 -0.26000150670562239 -0.68009992751261428 -0.03487993466829678 0.036499715336776539 -1.8890570271097806 0.19356132547181262 -0.3757576551189582 -0.40871425521853127 1.1987722209907632 0.75036137488407995 0.30725187876125726 -0.80547307752930208 -0.36584146155244235 0.27310932330004539 -0.26285438141338441 0.90585193861388791 0.60946143466491021 0.42447683276161408 0.15515057614310601 0.88633804326940413 -0.77397493487264046 0.086830339241709215 -1.0949121985122767 -0.54389353808386531 0.35304330926630834 -0.39676071923902501 0.59077058333332033 -0.34951895584580234 0.60261458954460734 -0.57941810631154633 0.12176390911730905 -0.45767064442474781 -1.0585264911545198 -0.19960565630604057
 -0.091110598099119491 -0.1053507344928315 -1.118090515489059 -0.19103459780891752 -0.29327191898488769 0.13669709786299514 -0.1411323044403078 -0.45450303422678345 -0.039558393574459165 -0.61866233514662794 1.5318703684126955 0.33800151410411333 -1.1876752729972835 1.1526784689003724 -0.38446790187592189 0.69854523435835558 -0.34304420661276613 -1.4474698610651797 -0.41480284923672767 -0.67018017990611578 0.9012703278253007 0.80831613315141193 0.68677798559958803 0.6689116770498893 -0.99829988073770959 -0.63080048148222856 -0.16480993171661715 0.65152926899022789 -0.0064042208716140461 -0.030689266711795598 -0.83402244200893327 -0.67184429143411439 -0.43270041917989754 0.2788112340694 -0.83692287171755353 1.1632073374436556
 0.16894988787644188 0.23667805907741579 -3.0266138118514787 -0.96962507094319417 1.2798460680583008 -1.0283485796954068 -0.85756299434647132 -1.3741602483397048 -0.26827207990065932 0.075743151433964359 2.7405324434521652 -1.1504674506265993 -2.7272508123970964 0.29540281495870052 0.12747698948239178 0.4989646076705726 -1.5870718959222323 -2.5688709153746037 0.11713781168531685 -1.8678412908722877 -2.3925394840872172 0.83876366799441537 0.17322618785212029 1.9623775078017704 -0.33763671793479028 -2.3983979786983602 1.0878895784092526 0.47951062349986301 -1.1077666498928869 1.1901394716446487 -0.89314590673351923 -1.1074354646500584 -2.6815452622656912 -0.074787515446343947 -0.5683917648706216 -0.091274012561037357
 0.0046130247586446621 0.16478506166570397 1.264308452570899 -0.31289271947354985 0.23108749989057806 0.42591936134097169 1.0027324448594046 -0.25607618562098144 0.15805412065999144 0.73122466752370985 -0.76218373930360028 0.58901280357640828 1.7462701848551363 -0.22716693135306795 -0.052764508355241831 -0.95544111440524881 -0.46045424008603458 1.5389599218412582 -0.36145906317473459 0.93342161054208872 -1.374090558410598 -0.38236287402423114 -1.2362233005866621 0.15631287823722459 1.5904563331557926 0.21659618801668956 0.33885942110775125 -0.85965352764506575 -0.150824482702693 -0.23082711016932192 0.99183192715755308 0.84857995419390408 1.2908598119432324 -0.45336347321636727 1.351718318530964 -0.19807175844294975
 -0.18822936051717679 0.26837991288172314 1.0756091738987072 -1.4674037219714595 -0.5315919556004487 -0.32176150940175802 3.7044402936912895 -0.99174495440066968 0.18879383873796851 -0.26472078841039753 1.4309847119046577 0.035472952517402456 1.5915068516218651 0.78362417282662544 -0.94595640097124811 -0.43611165826625992 0.24564660537633479 -1.6312791410840868 -1.3602722240499947 -0.028802978765557898 -1.1044965550012475 0.46166436810538169 -1.0903433632409181 0.92730238290745437 0.20215003488758859 0.19498643844245797 0.050186890854086966 0.62065617514420868 -0.82604229089203862 0.44779273898576794 -1.657174498146361 -0.12159526528380657 0.46356787619708228 0.4235260667375258 2.34536260857648 0.43925588118447823
 -0.20605893579564524 -0.15212691993615104 1.3153540542368749 0.15624340049852922 -0.14503035645039833 0.46041631746577105 2.1327858216095268 -0.021653293168227922 0.78415374196266774 0.007265129340559842 -0.91857281951702419 0.22314128080773729 0.37157394900847651 0.68541605669896311 -0.29359149950002472 -0.70528688989493271 0.62807221192220042 -0.94536346061738818 -0.91809709694528485 -0.074026592834155996 -0.51079503630643897 -0.22639258537348042 -0.38742211102768381 0.53909284108424338 0.11529221001115483 0.9365233070646759 -0.50378254331446404 0.34809868027162894 -0.74634514346210612 0.12157631674461337 -0.52448743960529132 0.44567569824337072 0.36763828865623949 0.54210368564578604 1.2100933666176061 0.2103867319195844
 0.056899983503306557 -0.10732561184991653 -0.20185228724735768 1.3932868286511608 -0.34909788118627366 0.46382174455101266 -1.0803909221055763 1.1718751253865205 -1.4056123742795623 0.4087880617734449 -0.88609704678512147 -1.5456717909461943 -0.42276811846775769 0.79846349674968287 0.20514042888877734 -0.54116886293807298 0.57613063020104116 2.0249916875583192 0.61344967837527975 0.19983652426120174 -0.052921707685671025 -0.93932986935932383 0.031981689444561499 -1.0450792169255829 1.8860685111672366 -0.0068800773159806679 0.38078239309505929 -1.022767134371753 0.046905673855547614 -0.69569794752074532 0.028454886823143909 0.37759040080104173 0.28518598705420611 -0.10912075784116407 -0.77598500402155945 -0.73781091960470502
