# Created by Octave 6.2.0, Mon Sep 12 20:01:41 2022 GMT <unknown@LAPTOP-P0PV0581>
# name: Theta2
# type: matrix
# rows: 55
# columns: 56
 -0.034469883241124856 0.030806435835177511 -0.16040074941798096 0.36192473115937684 0.05205777774050311 0.1194822483194905 -0.10855781701704784 0.29621861713710873 0.34567598204851396 -0.78651208495318381 0.0023092082212575736 -0.033752530013843193 -0.047313751078250539 0.0035461264132423272 0.47934060424340891 -0.54648830042748475 -0.044821907726445502 0.99632122711980287 0.38256846240392356 -0.57084913808326532 0.21996697521877839 0.36597597084959321 0.85540652082211366 -0.52396985450113742 -0.30543351352485104 -0.22695029339015402 -1.0750272591665107 0.075691980736023651 0.32442780797509718 -0.35192834740180795 0.4496667578678531 0.86465762593718265 0.24080092381146168 0.15556001297090988 0.994284789344133 0.26554951407024235 0.50991774895371422 0.24002070351963617 0.23565633359667179 0.00039765162338966655 0.20351733942387348 0.22400937586790096 -0.48605004892592835 0.098853725547304747 0.35744433296718869 0.16517094259834419 0.14901611496975237 0.33236569919749981 0.024370352934506241 1.0825516938409587 0.72647025487658778 -0.27762281445012849 0.23036060787249613 -0.28424651930237049 -0.37752378348431309 -0.17094371020673904
 0.0076199665168011589 0.31918159741078872 -0.48073223731851861 -0.21515622958583791 -0.25221208783016502 0.35104562903157632 0.46582848245910796 -0.40542164724202501 0.25225820035341384 0.72498093961163124 -0.080058860824393979 -0.41736573085824019 0.13456367798468857 0.17952133261410946 -0.37507893963403732 0.72544182159851178 0.37728683887428593 -0.22651859779133041 -0.46308893969712184 -0.21017846600685774 -0.46423027245200421 -0.29890769290551977 -0.22222463569491732 0.28181841100460753 0.68384698136283173 0.19065543990598013 0.76171579818800628 0.15082436462244184 -0.39232991281638113 -0.11599657110177525 0.11172021663063136 -0.51094350979394865 -0.10198929261840194 -0.096513197475237927 -0.75619048705113256 -0.37330111728034232 -0.11053913160877499 -0.32167276619179047 0.13625071001335437 -0.037804373280103991 -0.31561157605811313 -0.31346678849567611 0.044530548137205472 0.32484586099692148 0.26021815852278268 -0.27563338616179811 0.10729824102411467 -0.19700080130230463 0.854041698229562 -0.54618197539174951 0.010482571919549467 0.37302741901081776 -0.091001721762874424 -0.27457446696440263 0.36405427504355659 -0.041397336627009555
 0.031539931018873243 0.141247088689513 -0.29006908044561386 -0.62605116398096661 -0.12152782405702807 0.27378541066831902 -0.063041181068018953 -0.22488346887430111 0.10090767064503607 0.44716529903316482 -0.015528779427275097 0.050872499851481824 0.4474324388630686 0.169610082903172 -0.62191946072583171 0.48896969127072309 0.16513524361348242 -0.3823050095511194 -0.086836812348459552 0.033229885794213411 -0.45107350362999465 -0.2009020816460238 -0.11990036074131162 0.20923820750552272 0.57568144828024481 0.20530372431960409 0.63023890015681505 -0.070759531787706942 -0.065472702450902157 -0.30782507260530323 -0.026573745392861472 -0.70478594059402044 -0.29329290034782596 -0.0043001082563599614 -0.4292469820439353 -0.085910053371124576 -0.044993564675953467 -0.060340963460678389 0.11489127983064436 -0.20946216787994457 -0.47887253720417272 -0.41850551980351008 0.36344393015749449 -0.052852478867498408 -0.18941408418197148 -0.25084339536619638 -0.13552785885442642 -0.17561961511947799 0.3739457198317187 -0.64412900812324203 -0.22069630190617484 -0.023459261486027214 -0.27024006349470264 -0.37331430266673904 0.23050804095338082 -0.024876315549636763
 -0.057783508090670017 -0.14258959762292056 -0.027574747849455732 0.510227391347572 0.12591437798007304 0.061685116226597884 0.20008759472737617 -0.24161963301144582 -0.24863571112668445 0.016670458881664556 0.062803325969432819 -0.43731233894979266 -0.41387390493169846 -0.11210380546553028 0.056497290007879675 -0.047354335901690164 -0.47454348902864957 0.26585679760800363 -0.37345709307771274 -0.22316138071048924 0.013151543952183089 -0.1417698885769379 -0.39250820813270004 -0.5231669913961785 -0.77576576647522522 0.0047694259497033896 0.26199333454946594 -0.59472826373678522 -0.098385338256546578 0.56290641071391667 -0.0070906127555873059 0.41525978508495415 0.13078969725156264 0.054908778745879828 -0.018800782662699182 -0.39184784184665139 -0.060963456686361765 0.31121960009145194 -0.64329505532552889 0.18529464954507599 -0.25673455167060549 0.73371527752547228 -0.14354931142242963 0.059128255447651344 0.01084708224907995 0.45702670033010201 -0.20492923778518654 0.26131792608338761 -0.37734546855742368 0.2252169591478263 0.045376344017933452 0.028931330305062026 0.13806182273555159 0.70030278617877628 -0.23380152824826511 0.32262236624935731
 0.0094319355463116268 0.050026260415722369 -0.12669164796565024 -0.16633591725394625 -0.051451467691762592 0.25812630672726594 0.28937942823568152 0.054281183798511337 0.31195340614935801 0.27030555651316546 -0.098050952313358586 -0.19928693372139264 0.30241494977484695 0.13462481660863954 -0.062585738729642307 0.26278999210520881 -0.0035966716090450965 0.1341175649497694 -0.23853898965576933 0.021915589643926797 -0.37218947507300104 -0.16039317072943923 0.23673882185396411 -0.088368105543420145 0.33023237326975619 0.26506371569903064 -0.22154018089340069 0.06769199724688181 -0.01589391859012142 -0.61675385590362053 0.15695853806943158 -0.012584773519897592 0.076002426833639072 0.08871204007896058 0.11955627811802749 -0.16863867494588339 -0.17955351410193393 0.13514310893456774 0.075438007615662411 -0.035517132719691591 -0.067245275754969955 -0.020429427267834394 0.065361727848668144 -0.31441529792351197 -0.071606214224433862 -0.24831340982868558 -0.11889092351879199 0.10588633936091905 0.31650512030412314 0.060553225578124856 -0.17478282956993055 0.1032426549742442 -0.13378977839664821 -0.20934927920046442 -0.34372474606461723 -0.42351555736931029
 -0.16865175850753417 -0.44407733824659579 -0.34953877135530359 0.52072931983767501 0.16046316495659166 0.27358911343762815 0.39739785094988417 0.062133708932848031 0.37769910780380367 -0.19936469886523994 0.11921261644320283 -0.02096782591221499 0.094065688288375263 -0.24245548183670815 0.041408001698980165 -0.20676875954856744 -0.41337313399259451 0.67321224140792113 0.16203835330971986 -0.19638149859248927 0.25198614575502087 0.16195303003906078 0.412908256402443 -0.49491661655408564 -0.35812674298339336 0.020433098851426676 -0.68664952744138197 -0.41340615323670321 0.008404954370423658 0.37179133826618888 -0.19220602699387243 1.0283764209346773 0.4453285334027679 -0.019918727653052418 0.8816963286823194 0.07779212814523434 0.31175462108278718 0.18291478110639384 0.090825044611584069 -0.034394927882945736 -0.017114834726238419 -0.061406328614451368 0.049381118837627212 0.10823260199738728 0.27661186115853598 0.59577760079050068 -0.0076881881113330282 0.20605310788740766 -0.49896070308165763 0.31392419276557981 0.42142498238913972 0.076908677852800728 0.20959432457550359 -0.1805111675438377 -0.13577545500698074 -0.030251214192816043
