# Created by Octave 6.2.0, Mon Sep 12 19:45:53 2022 GMT <unknown@LAPTOP-P0PV0581>
# name: Theta4
# type: matrix
# rows: 25
# columns: 26
 -0.027060056248343217 -0.66891947171760036 0.26047505736859305 1.473618512159542 0.47599980268444064 -0.1000997402687733 -1.109809026172879 0.2320718894242946 -0.17185475155820612 0.38982108641200025 -0.34742225836260848 0.63479697563019699 0.46394748885600212 -0.096034187443206742 -0.91233782512220973 -0.0036220405208108319 -0.077286960510343852 0.6164317657711833 0.91150258774004711 0.73245196097197685 0.10248332814459268 -0.30720169376046991 -0.068118349549589022 0.030783447032489059 -0.30418537564433612 -0.015549348046890689
 0.11786967714110459 1.6887271419906111 0.15552334066379903 -0.019621099875899575 -0.26562998293034201 0.12811466340547289 0.98467190084679324 0.058571568212223618 1.1628384515992685 -0.40630961147265143 0.33223912237992598 0.0018276037954038074 -0.080515103002429658 -1.1833412770396292 -0.19414021004927273 0.30742718431476485 -0.45440235451958266 0.92353742294490415 0.61052587784223034 0.71948468216475092 -0.44849992440470127 0.65211145636019041 -1.0607224988668371 0.51179305634424022 -1.024894363620491 0.0069116895628695456
 -0.016093074779559409 -0.23931450228809945 -0.12630185826537263 -0.3558682237531145 0.19513548801833533 -0.19574747739651516 -0.46821723513381636 -0.37784331659346815 -0.8779185216212515 0.11168970397446445 -0.34721030445557788 0.70216585448421953 -0.35471022589833684 0.39630799990156151 -0.21496335635397398 -0.28515200515237482 0.029660946087774562 -0.604862106090434 0.74814430794292563 -0.016924616169402343 0.2416251541514724 -0.12379940559629098 0.54463692362692329 -0.23302068678082472 0.2329619172965616 -0.0004311197072712472
 0.33934997214201718 0.93260134004256956 0.097448638009035513 0.13975096730285674 0.44877367072853253 -0.17408595610760705 1.0017526819105778 -1.4364368508412759 1.2808901426880179 0.77154032486783231 0.67276087403520746 0.042458875984475335 -0.65644064021808346 0.14710023761883403 0.68104459416359608 -0.04791208837197948 -0.69696506501134858 0.78648312519621411 -1.0759831294963267 -0.35998525702417128 -0.6269054957144421 1.6895015065609136 -0.81475131872486595 0.046970259716462792 -0.03466500476873724 -0.24901018500705324
 0.075544711398718906 -1.3169006498715705 0.1717498299863853 0.40134937549890404 0.32491378330527115 0.020574762592245634 -0.90765064261608985 0.14215655330688973 -0.55189529468923881 0.41039811459452308 -0.1663502306048899 0.53968643896251944 -0.17751814387549725 0.75175543937904599 -0.28970393919776716 -0.1996549639197836 -0.23041578342005106 -0.11379116726220104 -0.061905569425370476 -0.31069072166328948 0.52769732905005673 -0.45511074863399947 0.58130116786445984 -0.42758507363016796 0.15064344688085179 -0.1194571411878449
 -0.056028246788990016 0.46592083351483882 -0.27318471591951343 0.94315196541973878 0.7590164536677656 -0.36211145664689964 0.0067977642333613471 1.3633542034339554 -0.15453107651940731 -0.82310630529519435 -1.4932863547316615 -0.21818485804437346 2.140490643708052 -1.2790583925229082 -0.42480309260143539 1.6575717731721464 0.47552611738229111 0.2100679371495858 -0.71126024353337536 0.95560023363770208 -2.0742605397302252 0.11797060782981253 0.091535088729728112 -0.51352859734798606 0.28728256671404223 0.47462204289109772
 -0.1213896910936644 -0.73532254797549323 0.30562598527832552 1.0846487781184866 -0.93202176308567763 0.29771650643110725 0.066722163408100166 0.035821144136114223 -0.11924386877713861 0.43914336159537437 -0.28458996408362791 -1.4396226587022836 1.1414301895423387 -0.18222866263481632 0.41956733278064035 -0.40212315546888855 -0.0063431777843697759 0.40902624139251126 -0.26792457794667307 0.30134259444327616 0.77815791883735286 -0.52292441356247399 -0.14930216036764327 0.17396438277560292 0.12295988944508614 0.31250198415232033
 0.016864548145616311 -1.0070509564540093 -0.3200527418404821 1.633833541925128 0.034307442448452942 -0.33597417353581732 -0.97959425072262218 -0.0091440984649312131 -0.51652853604310678 0.19594617663622149 -0.026177283200779913 0.038563509375416444 0.43101895943588547 0.077831706005547174 -0.97420212196864109 0.39944436628572205 0.045053964579301851 0.92917334545242702 0.76238484616657298 0.24395128096369456 -0.4431545767238676 0.11418514937966741 -0.4862099336820524 -0.56594233571138153 -0.79997429746947823 -0.44960221254024724
 0.1503287496558757 -0.14674622659523603 -0.24682256765603575 -0.93431044855909129 -0.46355968192821451 -0.28336135199896961 0.17436443680887609 -0.65769660458193535 -0.43040687965887298 0.11415547560406639 0.6786305443474685 -0.16578776473219775 -1.2755351681647678 1.0412846242040235 0.32831885543604472 -0.2339759260796746 0.33099491846728729 -1.0468213236576205 0.53146243677550564 -0.55024302793150193 0.95181286308734192 0.38242974634937243 0.76953931729755809 -0.2386174951822925 0.11640178376215485 -0.93737647226391063
 -0.13112147019844522 0.48137656040143784 0.12463656034288442 -0.73062507481607364 -1.0212736702167542 0.22549117345243985 0.97922350914447909 -0.050134419731983002 0.46990441542234229 0.19499800710238629 0.1189119213022076 -0.45448631224125829 -0.50764863114946657 -0.79411440430805602 0.40017292881259187 -0.51383685279402713 -0.43175501473889227 0.31960038014608094 -0.044846199914910442 0.11727453846473779 0.75539809458171292 -0.24741875337397098 -0.58730734054105038 0.26705129459445687 -0.67720134418792621 0.1246594305205691
 -0.05384621847597728 0.083518858769936991 -0.30634576773233985 -0.044721181451804058 -0.48899960342286386 0.62590792152458863 -0.24604788588205895 0.5151407494168817 -0.38256111098321333 -0.39170774670541197 0.54992732170332559 -0.39795073038451279 0.50892850388512945 -0.416838210898265 -0.60877099899513842 -0.23321848312114721 -0.11241575484028347 0.51294160592948912 0.51968098415197561 0.56569237351485824 -0.14462565270841571 -0.12981335892810639 -0.78703456145088002 0.34395950908874434 -0.29323817410083836 0.17971862627442392
 0.24225060551576663 0.90764248808666925 0.09255218520670476 -0.44379119281506807 0.11648055693405289 -0.28214623058905719 1.015677943402149 0.033443739266465523 0.95010181167409979 0.19725727512244329 0.040077941980720642 0.35011903596586913 -0.67376143135963795 -0.051696341823959331 0.77948064193986522 0.30501285414832124 -0.50031454649917462 0.25163024856652022 -1.0705518119290718 -0.1068735096532491 -0.21906208833044341 1.0905827519950562 0.070504089762318589 -0.33148297640355739 -0.31928730864181387 -0.26800917791478385
 -0.037142202474380451 -1.9790334724519409 0.50047477576692678 0.53322637703599429 0.3626370121448555 -0.26718661976688685 -0.8028542717966719 -0.3635965377174214 -0.34762357344942818 0.92690454293544455 -0.96112209826768735 0.51013288076603724 -0.4060592408185818 1.1629976165953724 0.40821714133815568 -0.36239977452469124 0.21082133608606482 -0.63346828129211008 -0.52789801374148682 -0.91229189834089175 1.0772039862322482 -0.75629899001668788 0.82527631755721109 -0.86871298009188158 0.59346477649150309 0.31415351954597132
 -0.058649288040207255 0.56895523198336762 0.22899130820252475 -0.73407657807174675 1.1846183650329938 -0.38502983055338619 0.62085388376574335 -0.89706296977910149 1.3143452183472772 0.38711624538709821 -0.26294811751993147 0.49618317041290999 -0.47504685801277757 0.079119412836723801 0.91438368053097518 -0.20327249440989914 -0.98114709897847463 -0.1788357867253246 -2.1201233331875544 -0.6430986041592941 -0.77911228454793346 0.8996406970595181 0.15276877266291855 -0.17503024488434391 0.4369666034071959 -0.056573514360658946
