# Created by Octave 6.2.0, Mon Sep 12 19:20:38 2022 GMT <unknown@LAPTOP-P0PV0581>
# name: Theta4
# type: matrix
# rows: 55
# columns: 56
 0.088617918479925673 0.52228986198543181 0.18666192368037451 0.68618397818453336 0.19049472460932459 -0.048367898695587511 -0.28396669330184005 0.53546776305529842 0.12313567261628797 0.091518239454343259 0.53250183211713642 0.7124024628590111 -0.23316606192896189 -0.4008894587751054 0.72508751575256691 -0.45334567193001107 0.55868477162604913 -0.23281063514225445 0.39451073059176134 0.20530949888566769 -0.61902580496723503 0.16539797897982783 0.29248411916588607 -0.51108808757539004 0.11380600457978102 -0.25633441137895696 -0.12643363377604216 0.42153123444654955 0.44767568213635389 0.68873352626121576 0.40312682740955547 0.089513121594890582 0.053303169468223686 0.031086683848420352 -0.62226882937208083 -0.58290973893740805 0.23205938049809563 0.021090636577955884 -0.25385882139705424 0.22677024123976838 -0.036071260644482281 0.3168153682746061 -0.25575932196670131 0.15703123468570476 -0.46801382730147817 0.38500849069771986 -0.75819910902281806 0.055257403521908915 0.10686487083647547 -0.10481187650495837 0.079066348759628244 0.51166784833367951 -0.064849839433772344 -0.91685733750620257 -0.16525820332764649 -0.30998449839139747
 0.18115456009531136 0.17936298912299162 0.95589851698294093 -0.52104791228439007 -0.092952201153004455 -0.48889296033071189 0.49005951017338606 0.40988901647021508 -0.13453649849644045 0.68441826783646798 0.94023506162501613 0.18604095219402697 -0.13536208129248109 -0.02825676729536197 -0.20138540348897072 -0.081775415737959448 0.6360102906675813 -0.024265889544295691 0.15567396951630749 -0.78321684494728883 0.22701710674445993 0.20213086691293466 0.57931697247413017 -0.29060627164447 -0.31667671001571379 -1.5984367331496721 0.30406537349463708 0.16235805215545066 0.032725080736359838 0.61389669180449535 0.28848214150794788 0.7048960784852023 -0.5684082447995964 -0.05520427662707153 0.094900562062520441 -0.63695231393953822 0.63354576731919721 -0.27560975866772813 0.10124668358769393 -0.086968045609170985 -0.074714534304170632 0.82995188002607123 0.31937767798566324 0.025262507984329004 -0.74280839730970072 0.84539317737068798 -0.42932281987657389 0.090102005815716715 -0.46075913364171389 0.69210552998011221 -0.85260098734944534 0.50607750848019395 -0.44856816888626577 -0.10931445430313119 0.66312028601036554 0.14364133000698706
 0.051900397368862608 -0.26427723102001843 -0.77901558393158898 -0.32173653807497593 -0.31596331237946257 0.1265471531820927 -0.48340765556960119 -0.94454090119475587 -0.39637164311188522 -0.27710870764306911 -0.20844733104974617 -0.53466380477512321 0.32806941506206261 -0.80548235829817838 -0.28605926799751008 -0.010353789079509464 -0.22938386806545236 0.30890722555034233 -0.21577167511300333 0.61968826665583265 0.26360731547299693 -0.22271272389725139 0.24166615871162045 0.50190254959833336 0.18515046204068736 0.24916325224935759 0.27430621114947523 -0.27059410752624447 0.26796603933508051 -0.66959751569189796 -0.8142920276103901 0.016075078734109266 0.11010897577881604 -0.13402207628086732 -0.005045360335642143 0.087607457128575955 0.66038447303942316 0.56885339243896149 0.022485228636956799 0.20967093650894808 0.72670058651538383 0.087417391090014035 -0.38831601916472869 0.31847012515702455 0.1595716498211717 -0.31524960286471404 0.33233259403984294 0.075986004351262099 0.47606659103540128 -0.092740801888385765 0.92173492510851285 -1.0625500768767544 -0.22200577070484265 0.84700989404711169 -0.60092647201878979 -0.40784132397144585
 -0.10250682108157733 -0.52258676543079208 0.036267128675679355 0.56510507497194318 0.13848278634795225 -0.4688225487504305 0.17811389197351996 0.45261221380383238 1.3401780247427939 -0.90318764643513372 -0.034045719080540451 0.33079739997419094 -0.3974459222358081 0.32275245698242394 0.5627922647771515 0.35715279739694628 0.38682134433176041 0.084048285959719804 0.35678798295061087 -0.56697760244295858 -0.37646636005834422 -0.11211346649129221 0.51945341926979449 -0.68939714618402237 -0.42143947340320903 -0.87953927044092306 -0.2922710585331092 0.48749849948207397 -0.14970591148051965 0.088290723981743188 0.17701902660446153 -0.58596700118127365 -0.3675044089398945 0.2380832128899974 0.15087217624010735 -0.087251613665967537 0.0061972627616775893 -0.34393077357728913 -0.2328972267088236 -0.066915770927878579 -0.23405365400799744 0.060314522899077072 -0.34699497278844943 -0.074611467715071267 0.1269694818643185 0.61654642235315116 -0.093407266080543866 0.66365655489219522 0.073737427341806147 -0.012325459704866834 -1.4298463887305748 1.3485382181846581 0.015693311900374516 -0.91737536281209198 -0.60396082721163435 0.4901225908396708
 -0.057854743560398124 -0.94274445183600686 -1.0593943879483514 1.2110436705981662 -0.097586417044720764 -0.1056372000229541 0.35445176602340489 -0.31139618855867723 0.72436283657692613 -0.79141775462529595 -0.5077295104755416 0.63179751491926317 0.37761784831209855 0.19130660810466252 0.054070580512091446 0.040384335370695246 -0.22317442276741856 0.17640404175677304 -0.19088214017416122 0.053779297591054841 0.3804448721773136 0.2930542923298195 0.12963385548858974 0.086454004722658309 0.70380056727870388 0.85332511022441437 -0.49287797081639223 -0.2942420275897637 0.05259145331412695 -0.66651763199411018 -0.50018632942101726 -0.27315684356434161 -0.12542581235824091 -0.091126384636597946 -0.24646083678556399 0.029324397102410586 -0.60903746328945829 0.092688646047742324 -0.48962973835555967 0.30687519003680797 0.47387805310190068 -0.29224738345710283 -0.59030328571612578 0.18163022391794401 0.85813541565423701 -0.54946002537735994 -0.046184654676864154 0.3978572715348267 0.82329797988882825 -0.6723546447958062 -0.12664241910630034 0.24519287665640244 0.29971256922701212 -0.43543655416351146 -0.93609554511932824 0.34808027931294977
 0.18163701706307162 0.29634548669549704 0.65823248525917699 0.52641143351648068 0.31137832929406911 -0.55003000758657805 0.2210352054871545 0.69133346864074019 0.8758126699441543 -0.33830710681866893 0.37221315161775914 0.41239416215412089 -0.79352989229785698 0.33931913858833246 0.57300127784950128 0.80396261412996195 0.32724234854283551 0.15348090774468418 0.71937032951273572 -0.8482996957272374 -0.51041451137390725 0.17748337726465763 0.5915210135841652 -0.49309649050034721 -0.42107670912915079 -0.86852357485146503 0.12755751888509834 0.41322705683422239 0.21376949622127481 0.44488978906978155 0.32859484522986121 -0.24850854892483051 0.012860652078700059 0.22581506882405233 0.55942296776787326 0.13515555075085142 0.019385452871589572 -0.69084030404382801 -0.095186394904064012 -0.10641759604380051 -0.23641307449683166 0.09790062191514888 0.064135508133319613 0.10138398959816856 0.25998507641135254 0.71593433153672681 0.14568143809862188 0.64321240259459178 0.11049135286972654 0.48524186850910006 -0.96787015358348305 1.0641325306800211 0.049663084323643962 -0.50852761631082399 0.50299693502112452 0.67255571579667917
