# Created by Octave 6.2.0, Mon Sep 12 19:18:15 2022 GMT <unknown@LAPTOP-P0PV0581>
# name: Theta5
# type: matrix
# rows: 10
# columns: 46
 0.056673531720415796 -0.60350526751926459 -1.5393348797188902 0.058427922944404707 0.21214340538213486 0.84965836439189335 0.31465538231149059 0.2862223322865462 -1.2212400205861313 -0.58812087239135791 0.68699316013625877 -0.22924276830686766 1.1665062964428403 -0.5312702936523046 0.20533048887626534 -0.32129749769106014 0.81621815460542069 0.33997890033320854 1.1232380359210901 0.42865396795108962 -0.29693912887003249 -0.008529248977783857 -0.4819014145937045 0.51184480698158064 -0.52877337210843967 0.79421763576479032 -0.012382987013065805 -0.4005889189225606 0.960813311532701 0.63765689203338527 -0.58205150170743669 0.41639341000630475 -0.49855877137400745 -0.84477147109467055 1.6473964312174001 0.15001736791558867 -2.1265968521754757 -0.43166740339661858 0.49745494753233971 -0.37264498330581253 -0.61824441522344709 -0.11833233901180669 0.8087086090762291 -1.0743963119837356 0.53219482617516101 -0.92712069504882333
 -0.025429148451235239 0.49730620016275767 -0.77677014098240726 -0.32522997031764406 0.97364585648248148 -0.27960098051898141 0.59529950015607158 0.15559013678795103 -1.0831209298839117 0.7763568916340805 0.49972940113635544 -0.31094550315613795 1.0054515393720405 0.013650494575760407 0.10208914369242561 0.10527759488612463 -0.19367212991500363 -0.43064571651024974 0.8278099747532689 -0.043589569597289789 0.66814524437551714 -0.030927336402793118 -0.082457057883531068 0.36123023843443097 -0.75123192517835857 -0.11467265829645129 -0.35482803166069682 -0.12401640446856273 0.064900540667502601 0.075218043985947142 -0.28781088661400139 0.71133117930491352 0.12410011445701015 -0.97819446673060817 0.17716122821759897 -0.78334926305442809 0.044032341248232985 -0.060532371623814293 0.27886373271978016 -0.84090067925804379 0.96599341089074853 -0.17781407314390554 -1.1464907526627219 -0.26904847144963878 0.85142216644128754 0.11300257276037613
 0.17062676947013133 0.31065837500644378 0.70541655529031899 -0.15719211996596413 -0.80110807877386536 -0.86217044863423253 0.00090714066046655739 0.24239236046579388 0.32878033998174272 -0.60839033498565054 -0.41195290950403352 -0.13395731153011003 0.74908114355773348 -0.42526318295593163 -0.3001410888845254 0.95901606945807871 -0.4626320197771997 0.29153369580388183 0.67639330191645064 0.23931023095841428 -0.50097169163269639 0.065889990746741234 0.72489891132209017 0.070872652821949128 -0.6821334938615069 0.65262737813473171 -0.081279803119033628 0.41056562397236201 -0.59527062624460458 -0.20709766549827818 -0.49958756540385196 0.46661227492914398 0.65417483339793214 -0.86736948827647098 -0.049514366914452906 0.13879485374966838 -0.99514950036128358 0.95435507653587404 0.70578496842945604 -0.66900147909871399 0.78289426990162458 -0.52293641523750745 0.80802193175553993 -0.40937284481426434 -0.05622288793011538 -0.30998519865561031
 -0.045428069070209881 0.27130027823996861 -0.32767066463779676 0.1355434075321009 -0.14398380653548262 1.2477035731036819 0.26323212814976216 -0.49131686647628703 -0.13604159140496241 -0.14454750384818249 0.49248816587303385 0.080834573149024827 0.20833161607631695 0.32871984140542521 0.92977320974482436 -1.601442751196825 -0.057356963831981203 0.45101401692298776 -0.36576103991666548 -0.84797479674265641 -0.79150960676348725 -0.32481977957553643 -0.40439820038479557 0.17828954181919449 1.244739342379624 -0.28943467483009072 -0.29805688316090584 -0.50811771144542794 0.84969700996286901 -0.10627076597578781 0.70035044191767326 -1.2377066107128207 -0.43646378835214628 0.98031081630580896 -0.8762906656460181 0.54723583496426353 1.0049856413536906 -0.24050998521666209 -0.80627893835651432 0.68713680044704561 -0.44599797920148387 0.31831530929580187 -0.60475869121171866 0.58700650317633074 -0.049473854128356559 0.18542326362355172
 0.22193375330364318 0.03236421761992582 0.50275576537312661 0.35905322549495516 -0.65372807308746395 -0.35591099052736475 -0.184596386382367 -0.13423513391583505 0.81820571555656629 0.04659341386661589 -0.49748814453363671 0.33058655106337909 -1.4463022590090433 0.33019523703296272 -0.089652356956316015 0.83654910119488757 -0.10369328362302027 0.015611163543951168 -0.71272681261252369 0.04541044149849853 0.41542919162320402 0.058824067298384318 0.64096454404758851 -0.25934518626259334 -0.086928280628737462 0.031248000783050938 0.35616115926776887 0.14919003937229111 -0.3614913572553497 -0.38683924791725549 0.21466041354729778 0.33071742033684798 0.44869708926627022 0.35084046085425075 -0.41248399587988566 0.17763876286531879 0.81067618113345508 0.41393756637894824 -0.19893598685167108 0.18700198563912726 0.198281803216136 0.07192624942516454 0.27744095620696763 0.12733407773370251 -0.57221976993278267 0.62736222366900662
 -0.21303760802544183 -0.080897104239503442 -1.4278105604224318 -0.13458335038764022 0.75774855104203453 0.13389474522528697 0.54379475200391736 -0.30320799687187916 -0.49998986507449394 1.1775035216876375 0.47791651160348952 0.39006506306246597 -1.8290965252257509 0.81745383249777626 -0.11358699715121578 -0.54253470687803784 -0.20536113303904638 -0.7018134339457347 -0.38154136509512959 -0.95177522708665441 1.4843000425718218 1.0217217372081675 -0.46334659038374376 0.38306193667176169 0.99150481175954042 -0.807472510036081 -0.20738632613567137 -0.40118685036752733 -0.12412950570390054 -0.26698159552698997 0.29975533385758746 -0.37338529423754002 0.69933112745288228 0.05428439908470134 -0.2490667641752905 -0.4621304198978029 1.1637135947577968 -0.30595408040512673 -0.84117685651768626 -1.0435454842780849 0.22474175954675513 0.2630251775648047 -1.5488044722019427 -0.15740472504983122 0.60660324676636124 0.63353602238097351
 0.056556213640243561 -0.88795574539153921 0.88911216044171271 0.19097906175852741 -0.35625714682094806 0.055705357679921345 -0.79813400982846061 0.95633198657551022 0.55755447108947631 -0.94205805128319875 -0.55965677056967555 0.057706580997763733 0.47144618561400375 -0.41715009132151126 -0.66062843091562817 0.42542813484193787 0.72811440090023483 0.4705105702362064 -0.12341621118924116 0.74803415716947785 -0.73304246422985975 -0.21702875205271585 -0.39221399894721087 -0.72651992940389454 -0.34004643683824437 0.26581726224730884 0.45316226288220596 0.38662921234257047 -0.39444937261472951 0.6780189167898264 -0.16340802488035094 -0.09548807268591554 -0.44809279267908464 0.19452465009411649 1.1395578862162881 0.34156662432024537 -1.2286990708237173 0.16758443354257743 0.7127698333771576 1.2767431183084599 -1.1959663050774263 0.064637873136041732 1.9093386442256011 -0.086691080205882398 -0.73184141643374812 -0.72250353118681376
 0.074865795611593566 0.28965760804716367 0.086476362208633861 0.26515985769176836 0.23915133887101184 -0.16682381079951236 0.58018832251168995 -0.64722030911592809 -0.89665910825115913 -0.010158584879677132 0.14371103884806369 -0.28332618440063095 1.1848993928124416 -0.38997743674950514 0.8190554397208335 0.50881309295662736 0.13451371272963178 -0.17481894432705911 0.61586514128757353 0.14067103851391027 -0.73077935727218324 -1.0775929196510734 0.61843655751086279 0.46927176417880312 -0.55792127124515523 0.066805795775309471 -0.36454756468244615 -0.10355044571919483 0.48507898434132746 0.12533071877927768 -0.046902157969216089 0.83744468097054503 -0.669215217458491 0.3538482938779019 -0.62876760958066069 0.026346485045312316 0.28350794607945584 -0.48689394162148419 -0.10640408595573933 0.098305369092308567 0.58728602633398352 0.019640175711120807 -0.031954593762517157 0.37559061771044328 0.099127421072613145 0.045124079456171896
