# Created by Octave 6.2.0, Mon Sep 12 19:40:13 2022 GMT <unknown@LAPTOP-P0PV0581>
# name: Theta3
# type: matrix
# rows: 35
# columns: 36
 0.013076058747340177 0.18923880771363069 -0.065217475785249612 0.37862713660790021 0.022498162810517613 0.46643956798884501 -1.0546078888672361 0.32385184720038862 0.055786173301122101 -0.18508564757506696 -0.075930417571067041 -0.14415116391844066 -0.016305448239813437 0.30693373147885905 -0.39978156157834305 0.073740301275405581 -0.088930024143439979 -0.2271242239980745 0.35581173046577413 -0.11185276318289407 0.027556178995702799 -0.6625461110370533 -0.052730009611369491 0.064134168188388574 0.22774894844664959 -0.07695847083668074 -0.47106296071952375 0.11361667337982616 -0.12587609474018177 0.25761026501911155 0.44212304133221714 -0.81679493660442737 -0.22525945036029618 0.050935179988545479 0.54999384187905886 -0.9663180883010144
 -0.18058279311105555 0.0052703756425345845 -0.2090050426684873 0.80953434931881818 0.34475273854966382 0.21666130871738584 -1.4966481825189684 0.83452567825853807 -0.16892474050470022 -0.39179083540473414 -0.39903364436595984 -0.0089186068322219328 0.034551060047245466 -0.20777988158451802 -1.0923716641971226 0.098922182148490065 0.97999669458356731 0.56852403337095958 0.45749795269973464 -0.32041562781416871 -0.44976350940707055 0.12555609964331654 0.47456550038178952 0.046627522592296904 -0.80489444719519088 0.27036121366294369 0.12772683361189582 0.061577415902254948 0.11170781146942708 -0.29595557911620785 0.38816986494078909 -0.88443685781511916 -0.18894840000466609 0.55786749208458186 0.7154213647186346 -0.774293157205593
 -0.040454621638838076 0.2073009718167482 -1.1388729452165405 1.003175138519814 0.19690573117992777 -0.094530074394053615 -1.4633012527567353 0.04917911941200858 0.0091927160138350113 -0.81078891338518477 0.0073483896666315142 0.21308293832012123 0.68469750869894275 0.47758793369761443 -0.38831104712996212 0.48339734027990056 0.72779042004720973 0.3442333415559316 -0.032578368341412721 -0.089505603066553807 -0.76370855870405452 -0.30215561772768412 0.06141635729096253 0.29418594311474372 -0.64693673230276927 0.15375784671894482 0.19557889413718768 0.89657237183845906 -0.5051546844633259 -0.40225885696980329 0.44191771619349396 -0.48181031233292093 0.33532880984132563 -0.055052087111686333 0.53022286789221784 -0.82004103221969449
 0.15629508050497068 0.18156718084617923 0.29376969437101841 0.071273816858967484 -0.32415578936275685 0.31107088055660659 0.20309118457016506 1.1928136707098949 0.093032821273705824 0.017047541209785144 0.46110403271184247 0.61578572531309061 0.47759447318543224 0.074841531843777342 -0.68695916863221307 0.1579093891882081 0.15970818478765197 0.60078390213750221 -0.068317402275260605 0.99980284367515593 -0.7025047955887157 0.64616551389057786 0.84049687461607103 -0.022020649828052845 -0.78653479527111891 0.3297529854861172 0.80076605861548422 0.07923359595603148 0.099709470070929965 0.48123037924842127 -0.53270705025962672 0.4080646210606419 -0.23150235167801766 0.20401269066581956 -0.2236613638675056 0.28266005714339376
 -0.01726636078148263 0.57491719787225792 -1.0138089559135364 1.2998559529977882 -0.9615676825454248 0.85820802678495745 -1.6027166720057529 0.78344963128066425 -0.15354926320512402 -0.42554389237310614 0.2758991102160418 0.47720649665690684 1.1452047327846639 1.2142953801634686 -0.91710476971120747 0.82149583397470494 -0.25698729311933632 0.22450178853108435 -0.16937567323456959 0.69357973255995797 -1.2621763588274633 -1.1058516303621186 -0.026465512897023286 0.26650751263152261 -0.47825028221707927 0.80366905516907061 0.088122991046156132 1.1411127031673141 -1.5931089865040995 1.1317405329947714 0.42064763855615717 -0.50630302060875998 -0.15620802598368724 0.42221553405323747 0.30948161720250733 -1.0048649904313702
 -0.1350648332558417 0.11969239013861881 -0.39505648855415326 -0.35960865708020456 -0.45350273283940601 -0.27380692046585225 1.0186171486807867 -1.0070019524018636 -0.24326909011492603 0.36097583346362228 1.0635390890146605 -0.24592157645915777 -0.32836348541716837 1.4651679104599911 1.2410618984897315 0.86406338066314659 -0.1788372568018553 0.71932378882767389 -0.25037744954792907 0.7070810594295589 0.28288952853996113 -0.4821712575346021 -0.11044820157879078 -0.64811236708298858 1.0356571983359166 -1.2659876509723598 1.1037286514197189 -0.19332319740053724 -0.039312278064587029 -1.3551692581982413 -0.58628754332361377 -0.672018262552874 -0.19200617899207056 -0.71029473260246345 0.45933776634469192 0.52089215894527152
 0.061428969360836722 -0.45111552478017514 1.2584496298649088 -0.86555387094482639 0.85392313174129231 -0.43884142005006849 1.3032291108015166 0.291862477812802 0.020622307153080562 0.48946136762579506 -0.61003207160403772 -0.36378481157393572 -0.93444688506204865 -1.347541564278173 0.18666680541830805 -0.96576481627321931 0.15214126456445734 -0.39056568609948789 0.052779902008757699 -0.73761281504786469 0.85788809809451494 1.5319594952826503 0.29677756146328754 0.15976306284438227 -0.32597574038922322 0.10237647696789949 -0.16540907744982897 -1.1388685236285967 1.523123087865373 -0.44096734738159432 -0.18060355852594209 0.84794673429317802 0.20332894710528157 0.052780035979996184 -0.58057244594581792 0.88162836937495337
 0.059118196179034861 0.063349335216545899 0.31105003551721849 -0.10315193218658918 -0.76540777555009842 -0.16774466625842399 0.50480560234710325 0.011114613630179768 -0.48363480260678959 0.35307257760633087 -0.82732570435591901 0.15264722039189146 0.45798228756751641 -0.42292592565526826 -0.23948989251258271 0.25348604669729213 0.077042929399360097 0.12676860601266932 0.30773232210491425 0.036833675098094674 -0.84687157789213741 0.68544712424849896 -0.070280476450794355 0.58213464042249041 -0.24517801873190889 0.46217697639386851 0.20124536284285113 0.15164617289709648 -0.27633086956738678 0.68398251539515731 -0.59093094907703947 0.79891492668697039 -0.53567420741780913 0.63193825911636392 -0.99665401071408832 0.45704858610933208
 0.0054545497089742529 -0.094056357778426247 -1.2230153244009694 1.155931774813675 -1.3492034785705149 -0.40096478765042792 -0.46427771408878599 -0.13199003159432163 -0.73313636227407031 0.19254444435504636 0.082072711423429756 0.30683228460274992 1.4364056720156539 -0.094925852160634122 -0.48186315132706958 1.3163344127993659 0.54220833522904899 -0.24680259099572358 -0.62695782222491725 -0.14058360626186142 -0.90589392809737868 -0.6781944965782768 -0.30712731020824902 0.030917171513369538 -0.63654534405009822 1.2198431509197514 0.31678664063676409 1.6019706104831348 -1.4461316407108027 1.8088935994696311 -0.1779467159782972 1.0748613015690569 -0.13680636923396358 0.065063095221903428 -1.1775639207253397 -0.040178783599268283
 -0.019493620649371057 -0.13733553558264178 1.145936158170815 -1.0004083644772708 0.095754558797754061 -0.13889208882743484 1.1628957326194167 -0.1972661080146631 -0.14288678366031196 0.462137500576834 -1.2379992217863036 -0.19180206082598167 -0.20600220094036087 -1.015326278899114 -0.012516227169605518 -0.85712937217132235 -0.23772656246037854 -0.71818292055287147 0.44909264455224834 -0.61913114395705104 -0.19398548280585876 1.1946253465234249 -0.30573963853643649 0.74329453278399715 -0.46033701485904405 0.19143360195215445 -0.43159476419272302 -0.6860372991929472 0.58744680860467036 0.57511445796447147 -0.6737657538905365 1.1533228957257342 -0.16884294161392838 0.29289246358126747 -1.0566661245737103 0.76682591359729613
