# Created by Octave 6.2.0, Mon Sep 12 20:23:38 2022 GMT <unknown@LAPTOP-P0PV0581>
# name: Theta5
# type: matrix
# rows: 10
# columns: 26
 -0.10811690204378729 -1.6473862775317574 0.71623006230614894 -2.4037334785014979 0.06420803494274871 1.8653450418011468 1.991032830099996 -1.1981516348278005 0.23475399663578528 -1.6403182925866804 0.6612873111351727 -0.96643533325795927 -0.6735656319867247 1.8331598093820149 -0.67499741968243676 1.1383440261173023 -1.7939277050552644 -2.0911477673138137 -2.1665880310091783 -1.0041188061790136 0.58471323789621932 0.87673373373312002 2.4019889850635692 0.89909140391700115 -1.4768649286079751 -0.5256218458581976
 0.12360528507833424 -0.068268194617676664 0.26273512405978233 -0.53332065468099921 0.21447062476559592 0.79009035673041461 0.60354483285767513 0.10982880239390586 0.42491856359187524 -0.33799150653831306 0.36952274327730544 -0.24650440615954033 0.026138324438920463 0.11771327802132742 0.67568691046287233 0.85505509981036754 -0.17756422986937775 -0.033644493154090863 -0.17459413453267203 -0.094910431221830696 0.14957333495772737 0.72451077956709353 0.31371631320035059 1.0022243902096064 -0.30451213306621983 -0.33368789575477437
 0.24483866280690883 -1.1961258551997971 0.1543278340263228 -1.2686012628938015 0.62590247848090474 0.042540751942811067 1.3757666986013068 -0.11311782281558869 -0.74059790459313668 -1.0817031959087793 1.2089792784038682 -0.85410122253918497 -0.67241017654451896 0.63393726057254784 0.59073609247034686 0.41720435621692903 0.48236767223715105 0.38544339201265199 -1.4441840328474844 -0.66348354851084923 0.84820936574037753 0.91267268847291194 1.6713146581452309 -1.3320214363296428 0.34300896894027033 0.33744909854085425
 -0.083500844750644024 0.89767941205321444 -0.22198017678117901 0.97072742277707558 -0.86229385254472501 -0.50424405089246449 -1.2050461922074651 -0.12670141216794137 1.0379419235648351 0.80462529970368579 -1.3942677160774331 1.4284712721149353 0.73097136821573283 -0.82667258049153225 -0.9246095234182391 -1.9777176001425836 0.14471877416285678 0.3361407395665012 0.92194116049658226 1.1084001544947948 -0.62701547208456931 -1.0571503990040105 -1.2929734395578634 1.5697488996203555 0.20361025695633422 -0.15487753114101516
 -0.00048739252800949204 -0.35037410238258232 -0.12932527596940646 0.62026051577423169 0.55075847327615968 -1.025590994649803 -0.70836850126589168 0.42008101397679043 -1.1457446829091378 0.082710558385305014 0.85186076250208742 -0.57038103918616956 -0.36948174983574156 0.1569181248916478 0.5763398229428246 0.62710794096556499 0.82831186636123333 1.0435196810749716 0.027229271047793595 -0.39542542500188388 0.42602604688733509 0.095840861940900746 0.40720279274713178 -1.7591019569283124 0.7648003579614393 0.81367540941814875
 -0.13130285489862342 0.66784035893048543 -0.59596708923862007 0.64703528545952849 -0.73900143427729392 -1.2858836066151322 -1.8988036523617959 0.70879342588222949 -1.0182058219755274 1.0034075388040771 -1.133922873620979 1.7272896195938945 0.46073785182600951 -0.79348155298415857 0.39567750908325738 -1.9889384989890884 1.1479213593802597 0.90442376588872886 0.80137409380195412 0.50467875695658349 -1.003865705442698 -1.5637081488585101 -1.2157219271751247 -0.42065485100483485 1.082481733742652 1.2789197990590013
 0.0083985536177042432 0.071801953843733238 0.50640701166696045 -0.57053692844536963 -0.1421274244208246 1.6949390268777818 1.651643483299533 -0.83925934195636098 1.6563033872836854 -0.15434892184806326 -0.95718530478687491 -0.60068756437288906 0.37354978717675874 0.031538670303846238 -1.2512613604941758 0.71081250382839534 -1.3564180191107842 -1.7645225953269237 -0.41292921535127214 0.81814172886601033 -0.19485366063139009 0.46138920139568007 -0.53386531756088074 1.7806181755822128 -1.1227865176916965 -1.5918424812427694
 0.21564819327945031 0.0090323678551010519 -0.044873880263928301 0.26987378226684994 0.40437559038774895 -0.4789802877232312 0.20198201332133361 0.45066490905207351 -0.23624307527052868 0.079625206783636271 0.55100430625454366 -0.36593705530345838 -0.0016163314571883323 0.05312548405039829 0.63279373483726775 0.7903880384951163 0.32323350253517918 0.53795144518823312 0.18765949556348802 -0.20152847632136314 0.084644085138743247 0.75532824928030984 0.022681619193204921 -0.49577192824884375 0.22538772809138885 0.1740631980759986
 -0.031879155985100209 0.67825597471060528 0.28252704728240519 1.0009205188308115 -0.26549682429559701 0.71731260338019798 0.83397327129602716 -0.39186109872505237 1.2774255880338199 0.41165626970746799 -0.89765342419536143 0.42915407233747793 0.31150558500663267 -0.58914660328289281 -0.66513330805118753 -0.81082231587109177 -0.32240153285738654 -0.52058313418064572 0.87827490325026403 0.94610431625430125 -0.25122849286549059 -0.071779373440967534 -0.80941552898064428 1.2257430415558361 -0.59223707772129563 -0.74942647157898978
 -0.36416163988805766 0.70536145941056305 -1.1938181670127295 1.1947816182444895 0.012882044544538316 -1.6020898113363662 -2.7192198139570589 0.90564064087073737 -1.5964299616248743 0.92716004146800379 0.84174551757214866 -0.18269090914084349 -0.29858167774679761 -0.49119165803789677 1.1519631003660304 0.11235082687704163 0.7011909209474062 0.95102490913047 1.4463860900574901 -0.94150399012198271 -0.17478358694191934 -0.93700786440823525 -1.0493368209849823 -2.4723334710825777 0.86139713835379261 0.58139473901568461


