# Created by Octave 6.2.0, Mon Sep 12 20:01:41 2022 GMT <unknown@LAPTOP-P0PV0581>
# name: Theta5
# type: matrix
# rows: 10
# columns: 56
 -0.21714696611235865 -1.5733013961038695 -0.50056790220126157 -2.5476069034183908 0.92955550369904794 0.46326160681466222 0.47122964891199814 -2.0591297725522444 -0.058796580776284954 -0.84462546579967657 0.64352850079139523 1.0589902748608164 0.72410998286929174 1.5631207743302913 -1.5254974024487944 -1.235783042007369 -1.1545927389091304 -0.069241322213220158 2.2855964752468751 1.9923873224002377 1.3057084961729615 -0.46550228538887201 -2.0409847286764942 -2.9520097044878923 0.47849217939595079 -0.0034739873848705716 -0.11167878375525229 -0.27961706380747253 1.8394434081970641 0.61952826568180319 -0.1047205178241698 2.1954707667884374 1.428428346832548 -0.24383205300406796 4.093299592909176 -0.8245753569351959 1.9169688914700309 -0.33011625467065325 0.25781533754769997 -0.46806576718346043 -0.5945321571931389 -0.94946664109129497 0.9634900743041197 0.12015986915881471 -0.45512024056227612 -2.6688960101204686 0.22757436260466785 0.7634099657423441 -1.8274668314356988 2.2606956725791099 -0.86584393002397619 -2.6640984341872112 0.50944506513814125 -1.3485120855241777 0.057858545376017215 0.089723004258284736
 0.20707564559245928 0.43364856066794721 1.1873409350694561 1.9129115274850879 1.2195963183147012 -0.11182768282051943 -0.33958096367171603 0.89032956664059304 0.75177505198495909 1.6106090462545035 0.41031102133739861 0.40050525300941198 0.75986905220509071 -0.73492961999338169 1.2493405678912002 0.59007750587797902 0.72992063174879362 0.37481860296090169 -0.26676379280888268 -0.51200185245190166 -0.69687568770138009 -0.34171555465591658 0.17866737539545957 -0.49341123815213728 -0.35854984367659126 -0.6519831641393663 -0.17233030050410381 0.22288819301420582 0.34589129878652702 0.52628353745698575 0.87121482199659972 0.18566068009796 -0.098466483853246189 0.22735131777767933 -0.2955111575449002 0.52820827462376985 0.015041427042815591 -0.71684469935998307 -0.53877684051608632 0.14739484547432655 -0.19767300936140642 -0.9142477421407541 0.18836360707151198 0.050413441416399744 0.73494030123762755 -0.18133300935135413 -0.10955139257142531 0.55989497059965665 -1.4419462715708433 -0.52448853360516023 -0.327856593047684 0.26820694398815664 -1.4861820718104628 -1.3423938887402811 0.55428663503829667 -0.46765032452469274
 -0.13979660372631406 -0.27020840363815396 -1.183572987784373 -0.85984530159877948 0.77921779237345623 -0.08603689330330086 0.55226366581431297 -1.1892039329249602 0.95069009353248346 -0.057333950045927173 -0.81613375769482643 0.12463352902269491 0.1973827730578161 0.094901094083944551 -0.7312203585809478 -1.8402198209014287 -1.1799138495368948 -0.68267571793204196 0.34998350923310567 0.69740910537049294 0.52132323272650083 -1.4469568636975598 0.47997521640253932 -0.33975116763113639 1.9563612912073878 0.45191500383890931 -0.47338643838777378 -1.1599010433631347 -0.032256275343181921 -0.42914147695819144 1.011572127082623 -0.094363450786398947 0.98486095498569604 0.5675968498777989 0.19229462714288773 0.31490337237179639 0.21603948250914751 0.81596368023956001 -0.67565008416756267 -0.050125976670037334 -0.086518789561995421 0.16348534784471358 0.7974849098185034 0.13521322436216157 -1.4525520059148496 0.040934498186616562 1.4753646173872537 -0.72388073677562381 1.3690437784142429 0.30113523170881579 -0.74868399023030008 0.10860316062823643 0.88155265917862813 1.0793457659203332 -0.070934808052891637 0.44940056247633614
 -0.10473464213020925 0.49342643463485131 0.42107462645100552 0.18319363663242821 -1.0612456477227703 -0.35887390098647987 -0.041722910912566698 0.39947262706058573 -0.85633898805454611 -0.20291283650761352 0.38266796314423668 -0.68169438508023972 -0.28639876762413241 0.0080473199604687243 -0.61478111024665905 0.61998639663259869 0.85640263787876802 0.35635584495184858 -0.48604418131761867 -0.9743601353197362 -0.079556559258133236 1.3493099703819993 -0.086321778275187069 1.4528263992323029 -0.1926774658144251 0.44952798877695671 0.60333612919320312 0.47469486863560773 -1.0338195525575031 0.97251346065582955 -0.9395677185978264 -0.01500278025528193 -0.67272293606315103 0.60497772992062204 -0.94451930973167297 -0.21497266935096351 -0.72620062602179891 -1.3860971015063217 0.92350408454861099 -0.093583517230756974 1.1556824041276421 0.025259887846699258 -0.35762748359955115 -0.94877925116826567 1.0664002612476529 0.35658630468220937 -0.49885416775908825 -0.12222344092224825 -0.32633805412008943 -0.96048295787833848 0.82295089067111427 1.0641779674850884 -0.060583171414515018 -0.20565642028144088 -0.024531484108833209 -0.030476786522592676
 -0.0088747608412801746 -0.52072051470273129 -0.79022176858944371 -0.36126769993779884 -0.71438058179815855 -0.52305359011226626 0.034132463671296479 -0.41329941371432422 -0.92874684008404962 0.037347730173001477 -0.78478096943176257 0.77768170401717696 -0.29860315232909118 -0.26912981689488874 -0.011989284466523753 0.087544561037192423 -0.63673400275352587 0.080966440799983552 -0.54376422539464309 0.049694836901853591 0.02407051060655948 0.042241994309817968 1.0165577127908301 0.54676167658249841 0.47875841732034713 -0.019666385562197953 -0.27539122838141145 -0.4809939469866833 -0.073171477325179743 -0.85436923023706945 -0.57767918716961109 -0.13129032035012855 -0.3146425477815295 0.083439917744359104 -0.94182691096498383 0.41023817713065691 -0.29914090814387284 1.2603142460027161 0.89800840234119206 -0.77825255566205787 0.46551594155429654 0.80626213094634325 0.44613130362227993 0.4663136597878656 -1.0193336057111331 0.6690873834875507 -0.35666600321239905 -0.66141802876764721 1.2694322798118101 -0.24955416116347473 0.32627049210738501 -0.25687327963424228 0.58738546789340718 0.7967980823487596 0.29328840778014731 0.61089120152174725
 -0.28392309804646015 2.536890173921555 1.0531708284217143 1.2590050296984481 -0.28109219381750861 1.0810785741117084 -0.97521699263834127 2.051910195751327 -0.10690665567343077 0.39832610423514941 -2.6462137068089824 -0.39011554474138832 0.72292637302580143 -1.2094855199604937 0.61140938857882798 0.085085032180457321 -0.46450990010017207 0.0026502917343502953 -1.9731780355240154 1.4031410377338323 -0.46566694879434462 0.65481579968277259 -0.081334768159050386 -1.4185813969246774 -0.31336730047696587 -0.99548431471008902 0.21705217694786494 0.98801301097734617 -1.6897422471208698 2.2563178438874743 -1.6115715238794539 -0.15093748758326553 0.52467890445334853 1.2058525072957149 -1.8638301715302918 -0.20696381138692746 -0.88351813850666405 1.1435494257436531 -0.48313060937221819 0.63000018070889718 0.094507823399964275 0.80392216015508045 -0.18976671597110861 -1.5647217751674154 1.0930820746226715 -0.17935000311244026 -0.090844795046268842 -0.63566299829898132 -1.8234754918258025 -1.2056140570238618 0.27100981814444508 -1.1344593964100924 0.53667853881941918 -0.59643352838520813 0.52552661499657449 0.67899465060532282
