# Created by Octave 6.2.0, Mon Sep 12 19:20:38 2022 GMT <unknown@LAPTOP-P0PV0581>
# name: Theta3
# type: matrix
# rows: 55
# columns: 56
 -0.02682668686189978 0.47458774279008764 0.11506551759470876 0.31689097659169307 -0.69077606589388929 -0.070128758562264026 0.44405985136731796 0.11830183731322821 0.60398387314741664 -0.44337515919705145 0.036371150831090618 -0.63283816627726919 0.057644585117553875 -0.51331290603656599 -0.10889556429396648 -0.006037181633006301 0.096073899683463679 0.217821249488133 0.10641664519958231 0.43888527907058666 0.89007593550803099 0.34881872357099353 -0.035234438292556805 -0.11776872762584258 0.064876231410149032 -0.10364487270786202 -0.26531734659522599 -0.26700190405879998 0.15940239242423346 0.14184970694554835 -0.78561859849036919 -0.29368480952761844 -0.23105881052921204 0.34371529218352892 -0.58989660126566079 -0.33536719718966512 -0.43744793031309132 -0.098657490443839521 0.36996711803577703 -0.40287688153514145 -0.14175560743245366 -0.4129635909338254 -0.26366466806307221 0.29884038882464015 -0.29149520173256355 0.44333377880361013 -0.17746248481174934 -0.66369857521382525 0.040366533059882394 0.35570047706117586 -0.040082374529158291 -0.063958301175728996 -0.27804513344535509 0.13402207105363828 0.27502180941732657 0.84616054402733754
 -0.085210532354489346 0.0098459244993211459 -0.19689855933742692 0.25187203633817462 -0.52089050966106676 -0.20063115357598016 0.26364545294779979 0.068362349091984256 0.48377081358294888 -0.26985779860352282 -0.2168375927883277 -0.19905708818883544 0.18530590273590483 -0.20184584529707481 0.19299965260050775 0.11758651105390852 -0.077610553701983276 0.28942469835073792 0.098774916998538506 0.57839257431011604 0.30855495496177454 0.25777789619060903 -0.054631935046212811 -0.31793219654391397 0.17973588892073117 -0.10694806011880635 0.15377700561522789 -0.34936198689524828 0.98572316951573824 -0.29279371564117945 -0.46256377745857807 -0.12530888146910368 -0.17148972267153709 0.41430181950483169 -0.34326941972657032 -0.27847917580995207 -0.25408522815415197 0.10845167159988368 0.42581867475324614 0.23339488575102876 0.53669210152972802 -0.075450517746283571 -0.26873556340259497 -0.22147284091064329 -0.49389756198285417 0.39744680310800662 -0.61544388132896644 -0.42043790097917877 -0.33876067834410778 0.39153054637011597 0.23291877769939429 0.32313139177994904 0.52706400728250435 0.2630382008503957 -0.054194166327646121 1.0474854119847421
 0.002913775261606656 -0.31038677210493082 0.011459582323743242 0.093428727205765283 -0.016017547870320864 0.59043470856341529 0.10503397845959998 0.13462534991581362 0.2925462482636097 -0.030847438918481497 -0.047889330633879609 -0.33880932814369702 -0.10781233846321382 -0.25932905975695841 0.22019560829246176 -0.65991267483622373 0.014519179228127109 0.14779236638603419 -0.35571856060971802 0.088210237004498912 0.37466809703326764 0.0055566825358933959 0.13187862961999675 0.44921959607070805 -0.081986064893057167 -0.055780318046275958 -0.30050748129237626 0.63304935031938336 0.30002366065276387 -0.42267590288397489 0.23078688022477659 -0.024439269858628609 -0.12856631594719323 0.20987014726051184 0.241672207070008 0.32657232609033149 0.2840280046252468 0.14743052758630978 -0.38805793348836393 0.11370338342373536 -0.13238334141292302 -0.076556979998723296 -0.62271921104601657 0.12221735951055827 0.19404803847093838 0.35400202892898536 0.056994536194060232 -0.092980528879576363 -0.16390548175960076 -0.33835074078992899 -0.40489146258351522 -0.26989267484104074 0.061287262352109205 -0.23895875355288726 -0.023647869073698164 0.4674895902078231
 0.12546380711982383 0.12928439455295224 0.0026240196403704125 -0.47986064427835062 -0.0011079077740043196 0.90846665664012738 0.66114678550470207 -0.21031093665125869 0.17139629932660394 -0.69060069421452297 0.023845598861237154 -0.2695293164765184 0.48208035710872571 0.96050165475485993 0.74305745692561032 -1.2819963445645297 -0.74532391270176623 -0.19003235732841461 -0.17576338058181348 0.15558697166218299 0.66412375950394142 0.5744576408376546 -0.26564648299636268 1.3272955580152268 -0.36832882205638184 0.31569653142335874 -0.44840762684790147 0.074801423847436418 0.034642037605836076 -0.0046157827001775944 0.33172268217448336 -0.96900714811254585 -0.55724054154703184 -0.062199256129419317 0.36559426925984495 -0.17305891299465243 0.081030871850126626 0.2210764273912347 0.026835414550915312 -0.33419116450744479 -0.16477757532015544 -0.53358832105210818 -0.6384765812127996 0.11329274207323688 0.96293186100691208 0.7358809457690787 -0.055915295623236681 0.2614342719745229 0.38295272567086924 -0.46063624533677616 -0.18663682392608238 -0.023025138714296012 -0.54926542013407109 -0.89175097061231889 0.75078442634609421 0.17987520461028111
 0.050698136861670885 -0.11886556878806909 0.16343288679291806 0.42187936575570301 -0.2890658488143289 0.55986206985069586 0.050230394556498831 0.19542591902593251 0.60184535688863972 -0.32472956469487591 0.026450950913326266 -0.43097295753815845 0.12417973682313024 -0.34695312936192718 0.50595457881227957 -0.66320471941405812 0.13123090092049053 0.16443693438141541 -0.39335408546972794 0.30766633287998035 0.74776096737079933 0.092512178304533108 0.059056753700011573 0.41626218990861397 0.055439394764104866 -0.24426841370179664 -0.25271229482272339 0.58579571369502415 0.29469448552937139 -0.091609716466454189 -0.067106526671512179 -0.22472994589516879 -0.46218588884380191 -0.128231901405606 -0.0029528105160129829 0.21027002621997939 0.026326560690876525 0.029420753273955488 -0.18924930289594763 -0.25108044999694995 -0.14324377989661563 -0.18647907239666994 -0.35992786685419004 0.15640927144716316 -0.18090469254846317 0.3733917821878931 -0.11843223927526955 -0.48225381699974285 0.083350442618268419 -0.39229177598880188 -0.32481393894507321 -0.39869784485726312 -0.1236524329147199 -0.05533634172147707 -0.12577206123757065 0.55036866577449273
 0.0261595171116096 -0.20416567322832188 -0.24577477488967314 -0.76383359585629829 0.17951694757342473 -0.14466369270237886 0.026910956259586925 -0.23650157367209132 -0.77536798147925046 0.12638414399195777 0.10723358859564147 0.69189377517424766 0.65196481170123266 0.46065021012046459 0.01597504550519754 0.25031340439433708 -0.20963894978776323 0.10835057482228587 0.42966407804677792 -0.61612726480691959 -0.8383526500075803 0.17227647525255577 -0.11929811444858569 0.15570083494441961 -0.0032279633235499723 -0.23386514732599539 0.62635828133414406 -0.66203685175926363 -0.91862628455892625 0.45269414449885353 0.55876451353923873 -0.031942553379305981 0.013082296434531472 -0.73462673709288406 -0.047076492224151521 -0.1512356647840479 -0.19980623490740329 -0.010108954029882563 0.46956437723049838 0.047606709913291759 -0.032337300477261792 0.64231486384909087 0.26810912387557856 -0.31201888710597803 0.60389363841241528 0.26421738708937265 0.15603281544237174 0.13972238592500039 0.23112376457829545 -0.15498387598591148 0.2659121524107998 0.30701475970629383 -0.27378593958715564 -0.13125080665643951 -0.19331248188249717 -0.42045747723356025
