# Created by Octave 6.2.0, Mon Sep 12 20:27:23 2022 GMT <unknown@LAPTOP-P0PV0581>
# name: Theta5
# type: matrix
# rows: 10
# columns: 36
 0.45652067283168968 1.8738435358364038 -2.5957580125461055 -1.3643980932169688 0.1704458655989006 0.42167412392002557 1.0371896100678486 -0.67323312610682029 1.64895892708028 -1.2258796859387477 -1.2835385821829866 1.0903114208371887 -0.42134889250689717 -0.7992240035375352 0.81483038109414552 1.0061334465560792 -2.0243068651442564 -1.4950443012249202 0.6544210180586657 1.7176887972892105 -1.3936895413404624 2.0730387951464895 3.0121583948305637 0.63485547276564092 -1.7041102690907153 -2.4873253817361123 1.210920982835586 -3.5021372876983201 0.31050119412267657 -0.59536351789639474 -2.9586123133995912 3.3077560509148327 0.84614128488145901 -1.0047985347228476 0.94371403268666865 1.4259784473632553
 -0.23492805944276673 -0.058380679663481622 0.12926135671859981 -0.23457989985270747 1.1272798071463435 -0.092816696200666737 0.012429180221284622 -0.082782541092370793 -0.21006865892255933 -0.60307542681612691 0.48362090102278332 0.35306858355944121 0.11284082550621678 -0.96350615416973706 -0.81075126053292379 -1.6121551591661225 0.9591289285193787 0.61755248725822631 -1.0250985976421194 -1.0802915667957507 1.0024480366079929 0.53649700816002777 -0.14675306640102467 0.7766864053824647 -0.57579373231295894 0.92709097101265214 -0.61953746495822271 -0.33402980512778585 -0.018954750876529963 0.58111076459316613 -0.46018089697306336 -0.18733988082431455 1.5167285784161104 0.05967434475167565 1.6108954560262754 0.53462048382415539
 0.16226597989580197 0.41923574837955707 -0.85968865091858182 -1.1588504039817369 1.0186865980106685 0.22738164117076384 0.21564764077304094 -0.28748886972004206 -0.019308606335037202 -1.1275410139019761 0.49827802012896133 1.5563026059943987 0.15516604695147823 -0.5067143909967623 1.8538575705565259 1.8142411675658694 -0.33467738171658007 -1.2003884560284428 0.53268857695307048 -0.76893322441818812 -0.27919436140533571 1.3294357717054266 0.24369141248390316 0.71552682139176027 -1.1590456741638862 0.79859782442268046 -0.36395867592425196 -2.8947848360504449 0.16989205049870712 1.5509118464832061 -0.70559692186019918 -0.73798743715265946 0.89564147952515361 -0.31011300472788872 0.69625101080774399 1.7592660553830628
 -0.38916845978776299 -0.55336788288031857 -0.05223816556250202 -1.8217256260041104 -0.87261119324462622 -0.85807160207410549 -1.6029857255784177 0.71001920942306163 0.27430610288112206 0.68812222280350355 0.26330807721075317 -1.156889419155221 1.2278815194365396 1.0516672247352274 -1.481866253317216 -1.365180388778017 0.71135853761293055 0.65422260926092368 0.15222726533426537 2.1066734555181421 1.4464772924077485 -2.4677038138861769 -0.41278302985276416 -0.25984307382515737 0.57658937231032692 0.11410355252391141 0.713507547204558 2.4551037688598543 -1.0065471690600696 -0.084150434683671935 0.012881042991664817 -0.091588661932895776 0.13970580649072425 0.90478762282593528 -1.7054843221785274 -2.6856741576712309
 0.27453135337898926 0.19542554594533601 0.90451752236370286 0.64572668094287322 0.18510444967192496 0.18915571659948438 0.48456613101626639 -0.3869007359249847 -0.63570974148549875 -0.27855732278680978 0.066907931859493217 0.24783406440802036 0.1215192940378465 0.74106770329011196 2.2080270577478855 1.7538942725088373 0.63959160180002184 -0.59039686580610173 0.23700806104981545 -0.58174411209462984 -0.71793977033759004 0.082351269750083916 -0.025420841182106777 -0.71422734261657983 0.44564435077993209 0.40852611567552793 -0.53767595146113811 -0.69868386095889234 -0.65404836638545005 1.0453445639853653 0.94831410761450186 -1.1857154413897402 -1.4357976998908271 -0.15798364355570418 0.01710300363818909 0.43168310403907251
 0.31422884779868854 0.10709654244331396 0.75676715358799262 1.076502857390037 -0.64133618092966826 0.49320700643691567 1.2673982930245198 -0.3369036188463706 -0.85177800776168244 -0.022997443080817769 -1.5505775737775862 -1.7409670804716095 0.61779070310741646 -0.76065288440729495 -0.052607843350806954 -0.42761619626980985 2.2145669004554098 0.81087353267379636 -1.5069176537627134 -0.2819494084641827 0.90847822549016943 -0.77729777303628422 1.6770870500928059 -1.6516503669341607 0.43198703950117301 0.34470718280134188 -0.24598672893025461 1.4998629965919024 -0.98077979190302722 -0.49163737047137651 0.13956227897159848 0.60939776642899168 -2.3989799382149726 0.58967528180513251 1.5064546549484414 -0.21406185524738133
 -0.30217736531105527 -1.2043909024128774 -0.058334329378804471 1.8377728058529925 -0.57906774936333538 -0.23643838179000595 -1.0096516347129407 0.14841197894912567 -1.8657708421276453 1.8042251472326751 0.21568800356788029 -0.10913119822368571 -0.94380832173817386 -0.37460891239974803 -1.5046008144931939 0.84096049294326347 -1.5239064247139247 2.1671184165806672 0.94557565163076918 -1.3376143732121584 0.045853659943638547 -0.33182808096784744 -1.4142805567269467 0.78520539855902116 1.2461211523077262 0.20892854830749175 -0.25510984193705727 2.5765837732378247 1.8982302663553612 -2.3777136636137843 0.86925686671702795 0.47853316889125996 0.31508274550609811 0.83806513294172258 -2.351410564542769 -1.0106047706540198
 0.027216166988325921 0.73935711630922463 -1.0419736286494905 -1.0921186780794991 0.9555297022010486 0.032624717851494414 0.59908498616961048 -0.26252129050083778 0.88522956101934835 -0.13539516018488387 1.3041459063757133 -0.098462756049114461 -0.550164796968868 0.64550857850836885 0.62842446098874205 -0.97460695504338068 0.37752726450704854 -1.9519185072552432 0.12120815635651523 1.1182978231303595 -0.057684976672463931 -0.26156578532918034 0.41698567782742324 -0.38253540232543909 0.092899951235953501 -1.1366315840273826 0.27579324659707249 -0.53214859940626147 -0.69445929619502489 0.6955655538344816 -0.44777168798682732 -0.72179673258397714 1.2367504205751481 -0.32836280847181881 0.21231220142383719 -0.27092067552463595
 0.49297224958942437 -1.0422389598640873 0.54904931834978277 1.6085491804559444 -1.4222696413202096 -1.282718707396048 -1.2321341158338335 0.32885853868121556 -0.79615787295281382 0.35881072549217519 -2.9272572798037477 -0.7401834140131337 1.2656423675075816 0.97595980481061684 -0.20443149947149683 2.1811942374984765 0.71977542834799091 1.6960296885563513 1.8178456048069711 1.7059322057377788 1.2506259481661097 -2.0488067413495274 0.50428622602551876 0.51508266806485525 0.83922900261855393 1.0484274320728517 0.056924286486708907 1.5368780747722837 0.94238910708334678 -1.4569192850809367 0.3672839737102136 -0.034634833010803619 -2.5568735620679832 1.4909068799168774 -2.1703355122892778 -2.3437763468792707
 -1.0525798842658327 -0.66792551707644365 2.318848809731461 0.3124487082326125 0.30972048184503276 1.3402464387010451 0.23685060758517573 0.72894693948811407 1.3196692189660499 0.53800613543171871 2.8946046509411456 0.53518152299778832 -1.6374915105167995 0.035387831756642237 -1.5104927743493166 -3.4101612004048656 -1.7099393880145342 -0.89160152537336279 -1.5698939201806961 -2.8326567807349616 -2.0046625077812266 1.7181463557237868 -3.9647537898342735 -0.67404250906130303 0.021707027832667838 -0.42075710401735611 -0.252396015870125 -0.0093984563627828675 0.070252850729504421 1.2567595560169069 2.4884803452217605 -1.5012714590645309 1.4422745441864346 -2.148219580717027 1.1602976969703203 2.3327492118503743


