# Created by Octave 6.2.0, Mon Sep 12 19:25:11 2022 GMT <unknown@LAPTOP-P0PV0581>
# name: Theta5
# type: matrix
# rows: 10
# columns: 26
 1.2131475142094967 0.33962193961883169 -2.6328489172809642 3.7372726367006819 -0.2260329433810819 -3.5001060022121089 -3.2054131758365445 -0.5762067749952513 -3.3293438675843072 -1.8187498549324244 6.8516689038334784 -9.489159838218086 8.6515012868417713 -4.4514496545036017 -1.5623217426848892 2.7813581287299503 -7.6603721928345312 0.22574201004027697 -2.4046003216246796 1.0347232053012381 7.7446189693196548 -3.0355889088705137 0.49785684144394099 4.4396540711960792 -0.41600729482656496 2.9773253590577595
 -0.12684388480342992 2.1306813722446405 1.1644223046924627 -1.2783689664204207 0.99623699780936137 1.1931504009362872 1.0771326585360541 -0.79664780486677511 0.1961842715080008 1.9709018403382128 1.8765109006414986 -1.0267847648745603 -0.2990582207442421 -0.34893273913151535 -1.7308412099589205 -1.830131864018141 0.60060183386411181 -1.4980716398397118 0.089686408833981379 0.28783900780730365 0.67453144712836133 0.65264511317693608 2.3096411560997501 2.0584802720068338 -0.41801816643092798 -2.1227169150274916
 -0.69586424433528271 -1.1438407590986368 0.31233135690488667 -1.6520454455161042 -1.7236709034368549 5.7823829702159717 -1.4332079026916213 -1.8975841266985256 3.102175317729277 1.8960440507858958 0.34513194468922792 2.9530243025766176 -2.863295826872728 -0.95904156431502741 2.1207254241312987 -4.5271979884631097 -0.95337486692292361 0.13539703890966795 -3.1503916618882153 -1.2573516331037218 -0.9672134646796382 1.6723534812380043 0.5708336252295253 -2.2150103205101233 -1.9717161706628208 1.4300928199592566
 0.26994174921007391 1.0480017424257826 0.50465258642402144 -1.0515341631338195 2.4214801434876629 -0.081982115685421963 1.7259258296484608 0.37453688559284021 -3.9993078834109217 -2.4741323889661575 -2.2412227000458813 1.4408176999807074 -1.4458790328584137 1.7831715148768974 1.1650456553464688 1.306918354931021 3.5510171579355911 -0.92995010172497028 0.61337018938494869 0.11824787042150232 -0.095615286255865725 -1.3518048620893448 0.55377639223536368 0.17440165756493128 1.3970629782152493 -1.5066809710617206
 0.41614661128019442 -0.16447702285938304 0.01213128605174814 -0.42002020548455293 -2.6600482477028962 -1.0100719670103793 -2.8864264165156621 1.4673784431684289 2.9391828247648308 0.80568202961869695 -1.9252741131865947 2.389353289762683 -0.34585714750226609 1.0705732276297728 -0.8987960794011659 0.086530720529420554 -0.23513831232248555 1.9636013156544667 0.44338423511206693 1.1451120156269383 -2.3131761336519934 0.21713364917904124 -0.74460707787235891 -1.6172461782103214 1.0943513958853699 1.1250861509077068
 -0.22126198512125175 0.67213614359746399 0.81782417494774173 -2.8316541811671558 0.14604915359652088 0.54019169910577469 -1.6289788040807156 -0.27218738989575691 2.4133220101822075 1.3128203718264795 -1.5954070906283806 -0.49273918042105336 1.0828270804461206 5.2378904066313083 -1.8950358590736358 0.19316099819027166 5.5020728371664811 -2.0348260333490003 0.73126313147735111 -3.3965360665485385 -2.0995107648770182 0.60373377919640858 0.2589878884952414 0.86403203646549964 -0.64839249966137324 -5.5117041053877704
 -0.92926558315320629 0.38143143814346336 -1.657872685105104 2.9474036997359554 2.1334023124810519 -1.2421490040762377 3.1826675321412252 0.70449788545208658 -3.1444555887880927 -1.4878839611043666 1.3234646100471024 0.48619112471334291 -2.0623221640130773 -3.7290388776033061 1.7996204279760604 1.3308317803648813 -1.4944681139379854 0.00035889095404827723 0.82259473726122323 2.0324134952236101 0.22584769691663809 -0.55838676427520051 -1.2488795886246258 0.029564959065478676 -0.14871040889966061 3.4286263027714434
 0.58402540968522354 0.35235383557198674 0.5112647453194259 -0.51719959073361743 -0.78011789372703466 -1.0295136434395817 -0.02375441524040391 2.5997854472071782 -0.54543514582978458 -2.2383621570130914 -0.10905563093940797 0.40787764819752709 0.60946309807238841 -1.4548084885499479 -1.4412872244939825 0.2871962812228861 -1.643230549453746 2.935257370817471 0.05978184586020497 1.6399670556440562 1.4629603480135078 -0.14042746968248304 1.0814867426212746 -0.29596390687837709 0.69415877917113167 1.0379352324084954
 -0.71213540140794174 -1.6722804025181321 0.25992995570013844 1.9564458448928514 2.4775561944740234 -0.96077233301640508 2.0866440782943365 -0.7928336631247459 -1.8431149188716074 -0.97316123563006562 -0.68498149361747207 -0.71235589729594617 -0.47597738331610384 0.75235109305726611 2.8392285789594194 3.1811192445969168 1.2928331091789815 -0.63897934687511648 1.2603147793741254 -1.5141035022836811 0.82931609084317304 -0.93165007520469079 -2.0515595037119865 -1.1245183885828294 -0.20752215339906765 -0.17445703957895184
 -0.053550009305073136 -1.8927991881170703 0.61633451121642213 -0.83800825786105682 -2.8203424265146819 0.25275464214079801 0.93239768502901721 -1.0020799435032204 4.3573901207028571 3.005804551736563 -3.7005891999791589 4.1155742942506368 -2.6769121871017107 2.2108974712717475 -0.24481606745192908 -2.5297328002555455 1.2661313057092116 -0.17346979127911247 1.5695874274394566 0.15029946823451223 -5.3890931037681264 2.7104960137289149 -1.3768600820704702 -2.0878020535750301 0.4898013879291423 -0.58382035719257264


