# Created by Octave 6.2.0, Mon Sep 12 20:58:34 2022 GMT <unknown@LAPTOP-P0PV0581>
# name: Theta5
# type: matrix
# rows: 10
# columns: 56
 0.65202285949006611 -2.9543128610902736 2.8975299318793244 0.83919737379861126 0.48379489888586147 -0.23595972008973842 -0.50965421061719995 -0.47811453719764624 -0.65278387826060702 0.98412292347398422 1.1483274066126066 1.5748852590157121 1.5973832684180567 -2.1536340491945931 -0.40989649208455176 -1.6739018574474454 0.33731682743126823 -1.0806283017964529 -2.3785991952515193 1.2185931218820738 -1.2986625166011723 0.73139364546143948 1.6494699755504434 0.80385786262466763 1.2903839969834425 -1.6439790370781515 -0.35602384786495117 1.1618194341252766 0.25622809301807042 0.35681941502889264 0.22477535891475706 -0.77686947486987801 -0.095408116963997605 2.0593743125976611 -0.032633017576308362 -1.1038376737842575 2.7216488043176139 2.2174640508073207 -3.201047042934082 1.3776109910160008 0.91025712398625247 1.4671899313121317 -1.6780334812974926 -0.086288922053950876 0.59422244916106348 -1.7211154721948447 -2.2927367570875159 -1.4368756707110384 -0.96060240890006476 0.23721268994802236 -2.8888542703501345 -0.013241626146055511 -2.4307065065920255 -0.064650415687640475 -1.7155483854251343 -2.0084064227650167
 0.22988775470639544 1.1053138972537204 -0.32049753933458697 -0.63857111802208855 1.1781082821049704 0.12291680465537271 -1.3539236562605472 -0.88977477045193643 1.7002488650178298 1.0417471030003809 0.84354231905236343 -0.78822678559711934 1.8048895971010084 0.54970438442246006 0.86888107772301038 -0.28041446558675276 0.7156622382090766 -0.2380792910529648 -0.77515792512038495 0.37434954100535411 1.100709577988759 -1.8274930730912642 0.41621682287566947 0.15286932018930183 -2.1932145114059458 2.2298253626717006 -0.65305184349712475 -0.82293377826787573 -0.85417932548788111 -1.7316968877318279 0.45012925312145441 0.27879702699019121 -0.69095679706137159 0.9614836712044087 0.63916296608760648 2.2529200585018767 -1.3877662191336195 0.17955566713324225 0.15628930364429949 -0.28255221734041175 -0.99484550332595922 -0.5987222636098698 -0.25669311252138699 -0.59123789856329312 0.26825646427761501 0.075877189681302512 0.95079291307007741 1.0593236199107943 0.030456107557119114 0.84933951983444711 -0.45001455534691981 1.0079669878474322 -0.16585886573353203 0.10753010742667661 -0.05625357432621942 -0.87338025013205434
 0.0058569239827582168 1.3328879715440716 0.066156799173831396 -1.0422381710417081 0.57716422691900615 1.2054022137187388 0.22038505589153631 0.72645152125977952 1.3135683696849554 0.16467357129701235 0.71528697985494782 -0.58674754817765662 -1.1550043156482335 -0.080955237464647278 0.55363493447779988 0.032839650442529907 -0.3645386748242827 0.16507507085469905 -0.22376185574127941 0.72547348252972832 1.7443849826728268 -0.48111623644125523 -1.0393751549028378 -0.78740097278285792 -0.68781591493068883 1.2593663772034061 -0.3821396646869018 0.031463334715845996 -1.7713986284105048 -1.2578408146020015 0.26872136998447566 -1.3250423073760802 -1.7736378718153432 -0.97411521428044001 0.99530505717589424 1.0884408130891701 -2.2657821399855953 -0.73186195984491309 -0.092590938145582946 -1.3757576270562286 0.54268661582705457 0.013894659057403214 0.70986553202781932 -0.46770529827314278 -1.8953209792422223 0.32527228646934575 2.0934286688135142 -0.02329592053825149 1.5128677402978608 0.050502120637599984 0.20411260776931234 2.5408773522959147 0.81222013490079092 -0.20873684645939067 1.8148706861894355 0.65470322112976731
 -0.38312132339392141 -0.45980664475569472 0.63762930908582638 -0.026038427996946317 0.34934937495463292 -0.56342520980639321 -0.70284973762595349 -0.78912905463582639 -0.19483474457150929 -0.22245746136806394 -1.4879730361314141 0.14766849166392948 0.25956259003116922 0.16972125359552959 0.14061287408537371 1.6600474916406578 -0.079872512650993488 -0.40169263440502961 0.10972240843547136 -0.69822139745834888 -0.6584016046431368 0.29319772050851334 1.1450913934435554 -0.060865848512405382 -0.15713993200261719 -0.84935598352220221 0.43478480567870231 0.026278869185706787 0.75451797950470256 1.6181871101032024 -0.69266440241933214 1.7338378776824117 1.0036739173099711 -0.21815452420055417 -0.84639032404805026 -1.2278372136246929 1.3842278481987229 0.091306341405017644 1.4854612762407411 1.2558354729374879 -0.31459452342317989 0.049237856837086952 -0.031480750354622791 -0.10456261186898691 0.43391487419402308 0.30184384365497002 -1.8465438601191533 0.04451054444599413 -1.1674307396449557 -0.18561155798006987 1.0937504468962842 -1.6193091277744405 0.16117539619950977 0.69190963106925985 0.5969979824669005 -0.22382638450935685
 -0.020342759867906828 0.90781045531509508 -1.2336018878786539 -0.50261489136657966 0.012026888089125311 0.070633546646223996 0.91876526711457251 1.776627801331176 -1.0528538241522887 0.12923010324474199 -0.94736970027427136 -0.80105880507970506 -1.1650683945760019 -0.1677271806615708 -0.95762473776566348 0.35312573380130069 -0.2414896884750948 1.0118711035090686 1.2885060274486335 0.40914283240548255 1.132961816220964 0.18433568479357923 -1.0443816520967986 0.24810283287586832 0.41249798436928131 -0.14447039592255287 0.054633937049566102 -0.023775076924424134 -0.037399231980413269 -0.47051396197037165 0.4267855606878001 -0.85022957907654173 -0.37280917784837608 -0.62837137611832894 0.49896151344928474 -0.29136825405605732 -0.68394628303947824 -0.84675414956927408 0.78207430167158098 -1.2850439749865075 0.38835750368559008 -0.23085796818530266 0.93769021707905298 0.15816537581067444 -0.78530476685197992 0.3867534837751731 1.1491840271349889 0.79860182956164716 1.0241386280349514 0.058726521192904363 0.96030023640746842 -0.62555337817251788 0.52381030109130733 -1.5019004554988482 0.84263203623066163 1.4146046903641896
 -0.28359640719706125 1.1767283880450441 -2.0903879664675604 -0.47827534456047677 -1.1651179913265277 -0.65609175660544705 -1.29384286763416 -0.52982401034845017 0.96333170304669036 -0.92677393921699314 1.2574173428712734 0.090718912508764737 3.6210617730818848 0.49218943897487694 0.9558425636450647 -0.50590265001070123 0.57359848892387322 -0.57659775236083266 1.9771181505999087 -0.8320633643717511 0.91603855102614806 -1.7348268617261688 0.51971862413158953 0.59794786696459057 -1.9169915890213431 1.3700293094890186 -0.49076024104968602 0.30456799542702601 -0.29624361160385287 -0.87319274343969566 -1.855255395036145 1.2019554192154771 0.36586976638387075 1.1442049330263773 -0.11130947520083145 0.83802606026555959 -2.0917274407687656 -0.94573626068881966 0.16493985083189253 -0.31764934463048827 -2.2691708799801105 1.0514840459766615 -1.5600544779878665 0.77655089441345504 0.7551038569597891 -0.62692073705932927 1.0549315011782212 1.3863798611979157 -0.034851662504597078 -1.3308368220637565 -0.51412560928481255 0.39649178798859336 0.38146082759118954 0.13476504104400877 0.92385709120065318 -0.19137968420525808
