# Created by Octave 6.2.0, Mon Sep 12 20:26:25 2022 GMT <unknown@LAPTOP-P0PV0581>
# name: Theta2
# type: matrix
# rows: 45
# columns: 46
 -0.041888157852187038 -0.21301027145841367 0.023806868170122505 0.10236497303855094 -0.19582839326059648 -0.019698751042561094 -0.092732720825903503 -0.40336444565244239 0.42815270913707981 -0.24917140720499428 0.20453471942034154 0.70071730758502948 -0.32486315252116249 -0.1896673746798449 1.1120330962820686 -0.092500225181150322 -0.48156794279253856 -0.40381508969035046 0.083726357292174661 -0.23020354261721479 0.54977920069033004 -0.45657725238929681 -0.23390976058719676 -0.11132368712475645 -0.19453434103877507 -0.13704171589767855 0.19471086386758513 -0.02034933029763963 0.15051874881415589 -0.13490673049910878 0.082972750702942411 0.77106119631804093 0.71951766447980481 0.50552955609519601 0.045755654550028557 -0.32126736746176365 0.024711160607975128 0.29247775966120604 0.62576984026633109 -0.37580471913401781 0.10465172520710526 0.023138464842454829 0.090991769559044811 0.65513663668582078 0.34450545243074132 0.11537488575068455
 -0.0027202808667321945 -0.0061741642599860451 0.010426491351728429 -0.09774599792684302 -0.27732235400202115 0.078552309610162449 0.38528057077516975 0.49619496842445249 -0.19240150077487833 -0.53627150126871959 0.3936399125314855 0.52164105193005683 0.45089900526870974 0.12140414862264637 -0.36746356714513978 0.40221626840646391 0.34336147332730582 -0.1485677833490491 -0.75905571711732556 -0.35664292672950787 0.16523025278918219 0.32034529817331664 0.20723975621078652 0.3055284672451648 0.057226039155014508 0.32695871496264439 0.27692727379390125 -0.67161619892737534 -0.43429597329868963 0.081859753959166379 0.30745079860094726 0.12545415026393428 -0.21169865244304584 -0.10526522082202515 -0.4881729228686631 0.37999648124306956 0.22957778868607526 0.59368805007239556 -0.3160554779075731 0.22149854029016691 -0.13662710286354457 -0.48060065613865133 -0.26450619848248247 0.43401924861300262 -0.12809249577140269 -0.17093044306575908
 0.021088181867860423 0.14848531261816345 0.38345431993588386 -0.074828453595807157 -0.17409663496839806 -0.081114508438592303 0.31271707116952074 0.72213347296626695 -0.66395102043390708 -0.089639228982331356 0.47752429978829275 -0.39364406204544916 0.1871002622665649 0.40576388992343726 -0.99353793439651417 0.089077751933154134 0.98098555233842577 0.52321226955519273 -0.53373811799282034 0.20342819376137508 -0.10400324346390664 0.39679915881742928 0.61560575380480542 -0.19070327776185689 -0.21850054050128551 0.21381687104406225 -0.035614528755122367 -0.47709346839911698 -0.52876421921052841 0.15281706026623321 -0.010748951845489419 -0.1288114031154442 -0.52653291555095161 -0.61502884401938718 -0.17905762784613508 0.47611441333910609 0.099576717110568647 0.13250731964180265 -0.79982408572075891 0.46152765197925388 -0.49259645968726473 -0.25990577580457003 0.1389735356834117 -0.2676099160439836 -0.13257943120228138 -0.13564945900972403
 0.14869456239646145 0.10164280928928904 -0.031724365531442415 0.097450099448793431 -0.31694338602430627 0.052907034303301043 0.57967438924619608 0.12068698094336335 -0.25980087155090187 -0.29759483182279023 0.61259152806482764 0.1044619059648202 0.059589839038060234 -0.00017442430055797617 -0.47470354162620498 0.033681812043261566 0.56368792068479368 -0.031268817966872808 -0.86124061151616604 -0.42790741813943395 0.066233713251450402 0.17619254793800221 0.063930777171170572 -0.1706718121963067 -0.43202348089017156 0.51230765107156573 0.21115853603833065 -0.74488012159425487 -0.52820710939827109 0.16189138593981633 0.21778093315585495 -0.32976434985745462 -0.16566273714112764 0.038747072971005887 -0.50519927245303853 1.0490400215023707 0.23696433608534526 0.060958588005008738 -0.15977322149010312 0.33348660134463654 -0.18307233652330879 -0.14878440954233813 -0.025859898755542225 0.42491997324589476 0.3382820707584539 -0.024794740194946211
 0.044327632601214452 -0.094454059506000582 0.029712930655253902 -0.087948552910224395 0.18219622840130703 0.12189762353881821 -0.39170834411684052 -0.14430421188489351 0.010298222159528993 0.038150042165753281 -0.42906860600936486 0.13898362990298374 0.12062688004061148 0.047542215218532843 0.14987480715962093 -0.027337705890484332 -0.41530449435648709 0.036214456898645844 0.40978875389866376 0.20098970166335628 0.19503748338589541 0.11851125524542729 0.10262873581812192 0.41646643648041254 0.30609603755742559 -0.21446578642110309 -0.22694725099630114 0.35349740612954955 0.26559576836254634 -0.1008252327575937 0.071011609757164376 0.31587525754323809 0.12359355998306573 -0.10348632123041196 0.14989835972759505 -0.94113102005222304 -0.016273755520922254 -0.013282174882319402 0.14559151129385078 0.014533726738044666 0.30705073275772687 -0.27991398265766892 -0.027087539420331919 -0.22641382333685683 -0.31887847576333961 0.17821574476741409
 0.012364456091561202 0.016668570337711065 0.38376195821844999 0.0078999673100392086 -0.078914136867871534 -0.095646514702349902 0.16604809225433823 0.85597620040759137 -0.99596534541150161 0.18051023223579382 0.34898030604893715 -0.81978334144525311 0.12463258429144851 0.20793103044687547 -1.2496422763819839 -0.090651359700146872 1.1022062363011571 0.31369551425058867 -0.7891778053346824 0.15243137960500286 -0.32451013264065326 0.24217943569376393 0.58785285139257237 -0.15993605616643583 -0.42140435816332489 0.30407850364059158 -0.024761488059932578 -0.56068667260832583 -0.62196245918619197 0.10886124266678231 0.046822166341823429 -0.70451142986516413 -0.75416889567933321 -1.0836056478414904 0.10090784791085591 0.60641929015286233 -0.095001044483094696 -0.10846247687370675 -1.1346667772385806 0.37174434318914201 -0.87095638445127199 -0.016813040077310302 0.082196124158902331 -0.41538890301936432 -0.28563024623314143 -0.19385988347311783
 0.033723246477704298 0.036577473526680643 -0.053020406797863393 0.041377821902162028 -0.013784693176319578 0.15243278569765653 -0.32890911621183822 -0.28298856549768819 0.16015680527600953 0.14541190587844605 -0.046631286786949791 -0.0034513036303582762 -0.061656246396681276 -0.15957824723973316 0.2777224249096244 -0.05031300999917248 -0.35812535140259277 -0.16827595791470457 0.42399830598078037 0.21671172394572741 -0.026059651914152989 0.046380970513761451 -0.28146384658181123 0.21007074069572068 -0.071154388076057007 0.23811980464672466 -0.17086174968919401 0.10248698529443716 0.19577891639686495 -0.14232626984512281 0.16085740754069838 0.076551242221220533 0.24800478488443509 0.10419174947062826 -0.016011193453666684 -0.31605990114171134 0.0075105546152267428 -0.18928598174184286 0.17189696124781184 -0.2095468428547857 0.098569865597942036 0.015338383579935682 0.17757499528379464 0.00051075968198932174 0.089236377651033275 0.069187561978492906
 -0.11807695441720045 0.12718003262718733 -0.021032127036211365 -0.068450021054015778 0.0035016901711176582 0.0016905507373783733 0.13783117370191092 0.17125808816713375 -0.20992670641628611 0.14207655027503652 0.126539762179083 -0.3083680499332217 0.10894266240687417 0.42330556039042405 -0.66706237697690618 -0.029570178506422552 0.58617802959810983 0.23645332125213916 -0.10266882047767237 0.27597196547451469 -0.53608885838732079 0.39130938518246583 0.44461984269599863 0.080329075428311095 -0.32402918816752335 0.15874563057568702 -0.028011188481523078 -0.31901320055123311 -0.17350418043709584 0.29021924206094246 0.10254419855856024 0.34654303896157712 -0.35413209245431349 -0.68936564639197606 0.20759118368091892 0.42285322192911473 0.008718983084130787 0.089166883067237773 -0.58687046316274727 -0.062624991409145292 0.33639590118761964 -0.12632817593133611 -0.19447554222879845 -0.57898664116115361 0.18573224363232824 -0.10765006613290605
