# Created by Octave 6.2.0, Mon Sep 12 20:27:23 2022 GMT <unknown@LAPTOP-P0PV0581>
# name: Theta2
# type: matrix
# rows: 35
# columns: 36
 0.053754197765767536 0.90267130687955854 0.15031772676914945 -0.17988653810873886 -0.87939567709510125 -0.32356706542324665 0.46947749070913392 0.33542188306961945 -0.27230920275153442 0.32707488267304557 0.30552817229709978 -0.14328410828997762 -0.49428748326367017 1.0600390576946479 0.54138965257678828 -0.579953385424405 0.51929594469475981 0.59800331506855664 0.29321446266861895 -0.16953724867191877 -0.052701251809525854 1.2963811380657475 -0.16432847902337902 0.54959563456160565 -1.1684676299657579 -0.53855049128619004 -0.51931871306561195 -0.17479214147616104 -0.10067688192230673 -1.1678390616896051 0.006247390845928659 -0.25523102820895743 -1.4637744861288888 -0.6299337686220422 0.11773521435335685 0.31133006241877104
 0.19362894060197655 0.52183622486673154 0.34062101039135373 -0.23982164394839411 0.23425174930120196 0.79512478869135261 0.029044070809715584 0.49284838682011001 -0.49232012743725051 -0.0085891656337219718 0.79556736404355344 -0.19465990946717693 -0.28785082796994843 0.3480333298673185 -0.33113115756669087 -0.14323484239704551 0.33256851664614456 0.31938166476653751 0.43569532440108089 0.35042387037938283 -0.35801835489370565 -0.66053001670720846 -0.8320509265256405 0.26300304645049627 -0.91409775282102357 -0.067594265435611034 0.30075084019700621 -0.008338464141030455 0.084037582845159983 0.42072354950530311 0.055621672197559743 0.13304054887323508 -0.59840663994147714 -0.029834743785556717 -0.098363464266738448 0.65197152862855901
 0.042543631868952027 0.91382803123928247 0.53542288885893108 0.3683397292618254 0.20614169911216529 0.82755880743303867 -0.6921331711054256 -0.30161517911264818 -0.53160684062352226 -0.073991731652670784 0.36772585588761253 -0.70482181960919255 -0.61650796318216061 -0.35182591658823648 0.22930189204633006 -0.77023363061173566 1.0281293829751679 -0.2653635751341234 -0.41412263816905143 -0.071002822631811499 0.015092554743551645 0.32390222375891964 -0.55486839022134349 0.17288108777431038 0.87275076707394206 -0.72503220624615894 0.63601645656762795 0.56217057585332664 -0.019795560977947966 1.2946139169745996 -0.24071354454439572 -0.25338450957183961 -0.064600638890479026 0.92686343074734401 -0.31774549656981604 0.22413422694561325
 -0.19416938412372295 -0.14509730703734913 0.12883620744454508 1.1440289676701694 -0.41595891300353588 -0.27463609687360185 0.20144848219251923 -1.1269466520385463 1.2587487733894829 0.49934547487853687 -0.59482059083884198 0.32417347159857784 0.25294219037724391 0.24505794367217057 1.1910156155980864 -0.25145284503446552 -0.28908292420007625 -0.37252444737868423 -0.18951202270899029 -0.34177665235988075 0.32390614822450886 0.56799694787184452 0.0001154832681544403 -0.085463440930583431 1.265105908961093 -0.13064554530284633 0.10555005083444489 0.15731028651340537 -0.56819899224378911 -0.95102456695822335 0.018032356110829137 -0.27673293883526101 0.30005191615762211 -0.27533551671792245 0.01332566810217722 -0.52694783491497643
 0.2349964911082468 0.18510819151086283 0.41826315237860667 0.17896801647111382 0.49889503414150183 0.35546297831824081 -0.20218948215671279 0.27453370862107562 -0.14005343787542518 -0.18012988084785167 -1.0399969786784893 -0.45128990589125312 0.36584397369813898 0.020099645596772898 -0.092349655597601873 -0.56612111836003509 -0.18642279180710669 -0.22585406571090041 0.1448398264499261 0.19093321702196769 -0.45261084495399961 -0.027185955441306458 0.82465590782163734 -0.07331864022213766 0.81067623604001127 0.60870385290601547 0.28768475429175622 0.30959665440288453 -0.3744497122102316 1.0410746391573067 -0.20202018026974664 0.44115578007336259 0.74846839766237017 0.43329034072453254 0.2113542500144944 -0.1088654476991989
 -0.0086648842961403755 0.21762176482568665 0.17206350953376881 0.59137667653177739 0.068114709904742457 0.080040703458123127 -0.3798108495590794 -0.42692316342625453 0.26358455246569373 -0.57089078202128485 -0.58543923657254526 -0.57945124300719819 0.05289205770132336 -0.26264464359199197 0.085657378242341556 0.11116282266223129 0.25432886057363763 -0.54672270098034847 -0.39198214660204023 -0.01605528636862194 0.31309593284292303 0.48111484965140416 -0.43150499271833814 -0.1701838976711004 0.88255967604123386 -0.43852548862204099 0.39940825651670897 0.28259044173823938 -0.21765112240061923 0.67009438406940869 0.26125248134646284 -0.025078715912018927 0.69982957179716188 0.29795266111396107 -0.081641636090238237 -0.27929081634379194
 -0.088967808617450253 0.044092410359084774 0.43511210938564604 0.47859814761881159 -0.026123339324245511 0.63787870153818615 0.11909775388217829 -0.34814469099686018 0.85176459059072662 0.80427975075142077 0.33753383378103796 0.53802611321342064 0.029338947333051989 0.11431263021626528 0.62311224954878064 -0.37763675710644395 -0.046323887102922678 0.0069407064333147361 -0.17188862646805622 -0.048345502061164884 -0.59974114717843874 -0.24111441997241292 0.43282358346670791 -0.022608688139959653 0.57598767077335788 0.22003705263634077 0.25206245562612745 0.057773330049551402 -0.2864398327448634 -0.56238306706667696 -0.0066123903693663258 0.047717705283555269 0.024144967397335029 -0.20225118152966104 -0.51981465688498074 -0.41128560743713882
 -0.014796702640851552 -1.0060367231755301 -1.032785995499591 0.04178623795937951 0.91420547103677452 1.048502409512551 -0.37694497489536299 -0.54917205788880019 -0.59984324377767595 -0.90174188298651903 -0.56607666852230221 -0.25090295950144376 0.34958742315742208 -0.78174660931787454 -0.27867299513142463 -0.71478781777646594 0.11733566121842068 -0.18424571369274748 -0.58041737283710249 0.077222474359887563 -0.3900694513457198 -1.3886268174449921 0.16226242971094482 -0.34407008752976959 1.2484112494878203 0.12732659445493946 -0.32109312942148871 0.2221061792482904 0.10130690778269104 0.55039334372611581 -0.32132472420295571 0.28298943684689148 1.381389085619823 0.51586821133041194 0.84242517398336914 0.079835735946811107
 -0.027320766491182348 0.25471097624724853 0.018927001558154792 0.16042119770493207 -0.86725807787821518 -0.57106604142515904 0.40615081935461739 -0.2141866451671309 0.52096037918017768 0.80291014845498254 0.75301822839410437 0.70805044627758551 -0.042621573119833202 0.54279859503003902 0.92185866913212045 0.13338549791286122 -0.0045225547931906501 0.36129981279501244 0.4333244289127865 -0.26714095303659319 -0.15900729812262082 0.79894595574567662 0.68000795987820417 -0.014456637489327054 -0.35280446717272901 0.08681197278418408 0.07406080107465085 -0.33712799642891433 -0.01393835884540637 -1.4583310753019663 0.16421211125451632 0.14763945385899141 -1.1252190297467028 -0.49254337860744596 -0.23483540111333925 -0.25943709897174572
 -0.021430411860708098 0.021505767282545531 -0.67503282454416558 0.8457391894602565 -1.0257498844419983 -2.0680480792474407 0.3090127118863697 -1.1741003267181542 1.1988852772979373 0.74193449223720731 0.47901116536746741 0.66864929196637557 0.21186006060514523 -0.13137655730077785 0.66950679561693505 1.0961196714373418 0.32223942563979574 -0.49810323190221034 -0.13030197166429913 -0.26452620998150833 1.1036340437952812 1.1628295879503547 0.19020439801528824 -0.44810774040694712 0.90087898965590962 0.072534661277772999 0.36840773592374804 -0.18704290238000235 -0.32705423898776881 -0.87449489479091158 -0.027438149867678629 -0.82470513868616269 -0.28954960922594269 0.083947915908945972 -0.0097107553733982322 -0.46661058616801693
