# Created by Octave 6.2.0, Mon Sep 12 21:21:08 2022 GMT <unknown@LAPTOP-P0PV0581>
# name: Theta3
# type: matrix
# rows: 55
# columns: 56
 -0.039833567641799815 0.044163614034639399 0.11075453608495099 -0.11874833399999364 0.0245289680716721 0.067162053570506156 0.0077816102495090701 -0.12221073935413276 0.21605175272786309 -0.0082540061688940562 -0.068897774122928551 -0.043646082157208256 -0.1241091330884784 -0.016829239957809626 0.071399723592803929 -0.18129062859760189 0.3675759425715957 -0.09701998658047721 -0.096304568288294895 0.046436774511754424 -0.20268243440825437 0.20213283184388575 0.111406395989298 -0.040719117168483115 0.12320428545844218 0.25140054548048035 -0.35380449517761242 0.044803064394625017 -0.063650278907101843 -0.10505850195157503 0.1037645394578661 -0.042425446566250677 -0.037476465457320002 0.21699394841139652 0.018200895825988633 -0.25361003712525776 -0.024140714866056141 -0.16533437193965697 -0.10999114670854687 -0.17493826158129819 0.154460447155467 -0.17339850611055044 -0.079189163489850195 0.071170171515348157 -0.0081898879991425116 0.11418608282470191 0.2713169840846002 0.0087096222941298717 -0.043476747720808652 0.11166409194127201 0.089074670699069047 -0.016892146025770674 -0.20105864002452223 0.065726602876104351 -0.063325893254402923 0.012366010109150269
 -0.02562467951895649 -0.18498937652871608 0.085816011464072195 0.098558963735642449 -0.20804513170490374 -0.038481275182401325 0.1645359139121815 0.16146055072631052 -0.21619339181469191 0.078340246986765158 0.034206874973574893 -0.022381444948675212 0.1917630234581863 -0.097122600156899691 0.033973837012053171 -0.17579263050826727 0.024637461982745634 0.060312152708521659 -0.075910604095792353 0.19355560033760749 0.11753311268343855 -0.0080001575333260248 0.039419349327058234 0.045066082152660773 0.0078488409359163593 0.049134880211307415 -0.06252478900685933 -0.17932164789407265 -0.10363089261489819 0.029421740292390582 0.063114359014101118 0.10830987254359509 -0.18313310999068946 0.11710881157268825 0.11534796513273286 -0.10480009237015439 0.00056463934831804685 0.29633670526327005 0.45386538949583549 -0.0038911136130337911 -0.4399523420663462 0.19907602012565498 -0.044596517363822023 -0.2021916868473263 0.2026887624491811 -0.14158542487264825 -0.022011854551198005 -0.19271224403187642 0.013856220970798694 0.010193436952918031 -0.18478118646628172 -0.027453055611216547 -0.10741179413881891 -0.32057247636629205 0.0014963662741588753 -0.20706171942631243
 0.030543022837705699 0.36699069152017449 0.25869889000152824 -0.22945849379424163 0.31628844020080976 0.28609774722652015 0.22263481228107102 0.010547602530016806 -0.062800516213730895 0.047734585330369679 -0.11034912291705865 -0.00013836498129141112 -0.1605031289315863 -0.021873069295404571 0.17324883817203313 -0.035528601689723827 0.096923861636374578 -0.2291357565252333 -0.012523944601926754 -0.21314317065090649 -0.18000356811758109 0.19926140354800431 0.045028575830968746 -0.245078578643673 0.12246927921753394 0.14672945308386215 -0.28004986689274852 0.28310961793667411 0.10360025691582683 -0.0026377098159098915 0.00042709995406157113 -0.29793000078540505 -0.012477484587725426 -0.22096541581379842 -0.35049927939730602 -0.047097515628505726 -0.16546334352419864 -0.26893841369894778 -0.38351150886716112 -0.099139580275736758 0.33295248002734518 -0.47107515896038576 0.044783805026521288 0.079986411655010609 -0.22794752696050699 0.17147389130926019 0.08205189621156142 0.1522416426775145 0.16751244719164923 -0.033178872995874013 0.097738657418358327 0.022126515738511519 -0.24253592341818042 0.25918305120076185 -0.044059639171408038 0.25272736246297467
 -0.10472731797504921 -0.078445818386455826 0.044699146033709787 0.33129546573207447 0.17689630382069818 -0.0054054493757160101 0.11851673869514137 0.081902716173021264 -0.31119684374247841 -0.12811694270574611 -0.088241874566550221 0.10246966643064627 0.21997847340827625 -0.11469218910414986 -0.059099470324302496 -0.037005548235490113 -0.30458247182347092 0.22910474140487311 0.072369895463367029 -0.04267972105837254 0.18467338724946714 0.058776015149341374 -0.24739603441321084 -0.10240819532223153 -0.13908949405799975 -0.068615742857952328 0.13968954453594654 0.32893035860726827 0.065905242635784192 0.070316253486762834 -0.024436590223062202 -0.0042658881794697331 -0.17959692114579068 -0.45215917236035624 -0.17007884051735825 0.21461107201320534 0.12541896280171996 0.17810582407715422 0.042035381302070664 0.069114924314579732 -0.0096465740913279138 -0.12238000478342573 0.27485277718373641 0.088088666937527677 -0.11829073894176004 0.028959143305964413 -0.080655170516829411 0.10473211590411731 0.12597516254537069 -0.18231863396182796 0.079040286949534189 0.023784274652897879 0.14103821340660833 -0.013408272143121363 0.05527778018435342 0.20995728632003871
 0.058555290744059164 -0.14455543814686053 -0.069382247730900543 0.23128017669918571 0.069215466388156899 -0.083183663641743108 -0.03676260096108859 0.14151073789084562 -0.018353281783261795 0.012435170214424753 -0.03278078739246236 0.086384690258985652 0.14984970076739279 0.071876647311996902 -0.059678189685916386 0.19186398090670906 -0.28113962991140451 0.21974122488469355 -0.10068991254811901 0.065912195267686338 -0.0032005212233705755 -0.1410947355332941 -0.074047653299638069 0.1299619876999846 -0.12481880694722342 -0.084858827363135284 0.22041646750690888 -0.13890899951686939 -0.019263523606422733 -0.12758888850707761 0.139273631779254 0.27559316481773399 0.055939701681449502 -0.065544423124531653 0.11841871685103225 0.18277561848409443 0.091303699029452304 0.18811784795122777 0.10871552933975195 0.013273720182348854 0.00047869104534842331 -0.068243051928347204 0.25770505466806359 -0.073394634076576037 0.027118933706233677 0.063365723762156864 -0.29599026027587927 -0.039209741622273392 -0.06921569921403839 -0.1588369755407229 0.044464554449084703 -0.08113109908567373 0.24474168786291445 -0.03456228662746292 -0.077133744725184694 -0.016983797645654219
 0.13841486874095918 -0.094523940589488722 -0.22580990427905673 0.16987421579573231 -0.20329242104527748 -0.31350318462054783 -0.17562920889094411 0.048967152333898561 -0.11939967233391632 0.016109615445794923 0.17380749839551959 -0.12149221506818966 0.048010015099163653 0.24334789181346675 -0.0038298418318090917 0.17634017718463479 -0.20825026478089714 0.2019154047920626 0.05414081010491581 0.077124637503377377 0.052022091885632116 -0.16876948575410342 -0.0267379205137365 0.30664815357351294 0.083115230584233354 -0.029398717620820164 0.2194230600882584 -0.26091115624868677 -0.13869940243460552 0.16932834421321336 -0.026468576555154263 0.28056541616332359 -0.0038540383853148826 0.16876463603401351 0.33202567175938724 0.038026252384842078 0.038855381354195827 0.15800195951311152 0.23249174092393654 0.1128091412716322 -0.15796284450218639 0.3359423430179016 0.081812959877656299 -0.15342066188438302 0.18103212385539422 -0.20330312063620518 -0.16907892219918763 -0.18232220794547818 -0.068489605083122601 -0.021957244712590321 -0.14913604304708988 -0.12209066382450787 0.074955859662524077 -0.26392420159731694 -0.015835007982333005 -0.070223705908265655
