# Created by Octave 6.2.0, Mon Sep 12 20:32:44 2022 GMT <unknown@LAPTOP-P0PV0581>
# name: Theta2
# type: matrix
# rows: 55
# columns: 56
 0.07004235696892841 -0.20178414496702204 -0.13995686392061038 -0.85582680027799996 -0.43104534741060707 0.098587681633664118 -0.61707507001838335 0.026757559092899622 -0.63012342131477461 0.37292348990158913 0.17257628644308889 0.023276677999816944 0.9350442152927092 -0.1794056288029092 -0.30949341098340416 -0.60948058910701197 0.22278277271043023 -0.064567464108277864 -0.69424220120313052 0.037971566018962316 0.6174959532187082 0.55593322024411618 0.98159041742917952 -0.024589708779865046 -0.51834493144510674 -0.76704760784831794 -0.24120902175579806 -0.29458419694271426 0.16949223567248134 -0.5356598759693636 0.023534023832555224 0.3413940870593255 0.16936991639978941 0.42623335998255002 -0.99486911268917411 0.53209126191578759 0.70509538926594839 0.28134137077418669 0.43734245961210599 0.2047198738581891 -0.59523834350389948 -0.54564372979075459 -0.014028204015198437 -0.43230345702588557 -0.072947860201947101 -0.40901639116322569 -0.1332967516061008 -0.32236414432264759 0.7128437732874543 -0.24979330486509094 -0.097962226543483091 0.050025237592416477 -0.33884338191975066 0.14862636771984591 0.50894078142325716 0.42520304763418865
 -0.075422855038626446 -1.3151229126431689 0.11083252565680971 -1.6331829691038739 -0.66574161773597595 0.42211457451800732 -0.053543882318247193 0.060419081149780292 -0.985791111167301 0.23723313655963107 -1.1382354535047243 0.22498535066381822 1.6020916087452424 -0.24468361019850243 -0.3396478843831347 -0.79363116301215897 0.48241520252528991 -0.42495443084611573 -1.1784963832087541 -0.75246080043270924 -0.10139704618239205 2.3365149640674079 2.7624967481197449 -0.12585208991658361 -0.43283221578717895 -0.83116761470138245 -1.236445244576053 -0.59504018829647087 1.7261233715640421 -1.4763630190243486 0.46419248530381524 0.19601663960207197 0.08442695016490559 0.22020993029225275 -1.9787302093230605 2.1512581753082229 2.011001001525397 -0.93850864108426058 1.185537262321811 -0.030531268078071442 -0.9146898597513452 -1.7821597072506981 -0.86774229997805929 -0.42337423590927437 -0.81928200784210303 -0.52590432209485105 -1.2680264931571594 -0.84155328753489689 0.54269765882748633 1.5961631176929052 -0.57713178530127007 -0.28188062561311772 -0.99870600000630394 1.1395727365952422 0.88689471448361556 0.31446930840645582
 0.11643289857037901 -1.5245827611808185 -0.74419536485412308 -0.49450875522562687 -0.016855699071138461 0.46867999641304875 -0.23545000248216186 -0.029713846451425281 -0.46999894564070904 0.2438975240888453 0.15443361601573119 0.34320344670751957 -0.13469117512242651 -0.091306791256179923 0.12358914554019525 -0.0037818430499057514 0.69367661923258206 0.027705908476637425 -0.18018667666124755 0.37692449568765746 -0.19776012556257896 0.53098111742013709 0.85477015241614462 -0.041007765337238725 0.19643863260201624 -0.72054159105430682 0.40372149335607849 0.011182321993804926 0.88699168546757656 -0.6489869734210344 0.57661734148271937 0.73510977919552445 -0.27136275095814671 0.29080015725093949 -0.3408756056400799 0.5475983398447416 0.093849713201709373 -0.073230143249157623 0.24014027117239964 -0.1942436189658435 -0.44356650894731731 -0.082274635153161468 -0.34570141431432483 -0.55396882551088811 -0.0071185712737904232 -0.18970280058419192 -0.59246480759558884 -0.029517992070585575 0.97569535860184342 0.1990584805141718 -0.34037623823664409 0.23888353306018825 -0.16207432381367237 -0.053045934502257704 0.17494410728852908 0.37896831574681006
 0.021505096991681745 -0.69713826103383014 0.23535159911999107 -0.37528547356669612 -0.069589957383567394 0.27256128751914549 0.05067546845598557 -0.27411847241504494 0.045244698266903895 0.34373290129163298 -0.94881372940268738 0.26038395221061977 0.23070913130389262 0.044545408243701935 -0.38384408472427933 -0.46547720675735382 -0.059170963677418233 -0.087416082967643347 -0.34324174389453577 -0.81747888036919081 -0.064338149026023403 1.1432414922885845 0.76464688674999481 -0.002186433375907211 0.24814424987315745 0.053255086773016672 -0.46499883940019532 0.10438018300480079 0.89228970818800479 0.16569395700607353 0.58979715935321264 -0.41046548842687131 0.10756178439602834 0.12981620362803273 -0.59839311216604463 0.78655089344689277 0.7841663159359008 -0.63808171757621823 0.74508221504420757 0.090060626831677565 -0.072874397996576287 -0.83912462234401575 -0.72699219393369163 -0.06366478574838455 -0.36304647345483332 -0.15203452120601799 -0.86392093608039189 -0.31128913725434842 0.30977544977431476 1.3264535886784363 -0.65360085616073627 -0.099014090445887826 -0.57174533599499733 0.80429785955947086 0.36818419306614741 0.50450756179544343
 0.050242314456636336 -0.398392994835984 0.038757095775052361 0.96427135582961188 -0.34290048600010348 -0.26343827600026559 0.30596246755718887 0.10832191023309456 0.25926518312646674 0.023308837818827196 -1.2867827760646251 0.49379252041650729 0.21506217791268606 0.13730584693956732 -0.25394712022411425 0.25333961244689712 0.15055611519639447 -0.028328295971316409 -0.10996645581278336 -0.80039570963364093 0.03777192008193133 -0.082989133085307171 -0.40671313915646945 -0.17129341964401365 0.30231260338930827 0.72669400108836579 -0.65362461867206223 0.24745092894000009 1.5330053237622541 0.1469244359724626 0.18671172715978673 0.13389198531615409 0.32869905026799867 -0.15124694079143261 -0.13372761741560854 0.098359703195259052 1.004318277989517 -0.23586895801945468 0.061569868228579544 -0.24255268180407311 1.2033198249763701 -0.094181288324102275 -0.58395958222545141 0.68203258552114521 -0.087554078057718032 0.35578690137456331 0.18465761108431847 -0.6582458204891275 -0.3854930028485084 0.75097478323415523 -0.044211679171014734 -0.1497877090563976 -0.66268526889171619 0.54606271930173622 -0.68871799983205073 0.091226620571772166
 0.027567237586867098 -0.069371382960284111 -0.087390572038102368 -0.38705235715888175 1.2896505112768006 0.89461915889879573 0.23398122133172891 0.0031629992562955747 0.12893991214830561 0.53246093473225553 -0.18454180099427056 0.24951788582653611 -0.56216564817651471 0.045960418738625088 0.24527262620714685 0.1945732156146697 0.62343844620251176 0.20109732916601972 -0.026080885558647359 0.81242266302803867 -0.6920425816156166 0.40304385615608401 0.62857350838808745 -0.046098639606955386 0.55069447057069854 -0.48724850883968424 0.80018207517627105 0.19618338147651157 0.7734275946286675 0.24059128191563378 0.37912716504042726 -0.14535454661573669 -0.095397566135874148 0.1333324001492032 -0.39918893697612762 0.83163499137448882 -0.60166613957530468 -0.86894140198277325 1.1639348235613132 -0.092477102691673682 -0.84495855331860259 -0.37694716261997241 -0.07451089310223781 -0.42481347569837136 -0.23888709611742895 0.18099171231070338 -0.30252290023388151 0.17858250590706801 0.31236029728837961 1.5039389432478698 -0.61917060148582614 0.21568354433951442 0.37265464618680666 -0.17892685087802501 0.12505413302827578 -0.34795192624026428
