# Created by Octave 6.2.0, Mon Sep 12 20:46:20 2022 GMT <unknown@LAPTOP-P0PV0581>
# name: Theta2
# type: matrix
# rows: 35
# columns: 36
 0.16164789123651035 -0.19588298401710971 0.53978787452143873 0.18067020832772407 -0.096603193293693448 1.1098450896366181 0.12179939564107199 0.63499502700288801 -0.14359249456566306 -0.44303078954559716 -0.854167647760814 1.3893083715103851 -0.075892058904902401 -0.46879369582929648 1.3841012673437962 0.66495606400112173 -0.77309637341930615 -0.34725806058566105 0.45983519810562257 -0.14837535350423475 0.92862771604839511 -0.84431810451007128 -0.50560437771600197 0.023998535713930867 0.15481225812569008 2.0657427897305078 -0.93173558465479867 0.34841722006568443 0.13815424102530366 0.34203747391598821 -0.7401353162072174 -0.10158839848800123 -0.48243831657604491 1.4954647841143427 -0.49253197507103885 -0.78006941756661718
 0.15494318569979409 -0.23280849811522344 0.38893365371227362 1.1739122342482633 0.2049824580124544 -0.48901643968508224 -0.56670610243208108 -0.025705212672824031 -0.78863143570754812 -0.0100855468234156 -0.45640369384198765 0.3751377321777048 -0.61219176539102393 -0.20339150307113377 0.6006689452410322 0.13408196391395188 0.071331755058618038 -0.4837771472368923 -1.1608879216557975 -0.1372228278647436 -0.35983609423581236 0.23245593685822225 -0.175584150095074 -1.19159446170647 -0.1449883049818475 0.25478114739828672 -0.66340412674147275 0.60255163553596913 0.095467918122335862 -0.099034208057630024 -0.31354277205951125 -0.14770735142724042 0.20185405554129021 -0.22307728130014409 -1.0456317963517747 -1.1031314016971367
 -0.13085017910475366 0.14328942120468682 0.15275201312184891 -0.44883827743283067 0.051730434530362607 0.17856244701764268 0.35022089760666614 0.37537689437286115 -0.2188054039303774 -0.7735764576133719 -0.11386385910766866 0.52558468872369468 -0.36856120145564492 -0.037439403974767235 -0.10918631648775938 0.084683490816836474 -0.13399428375927508 0.12159983463841255 0.26774591401978376 -0.61067963224501787 0.083764263235441241 -0.029707209905601325 -0.40891723929888374 0.32563425634952364 -0.058730729712167321 0.59847371152400775 2.6027107881813861e-05 -0.24420551339458604 -0.93366279326808344 -0.15048198127175785 -0.19641369919052679 -0.30990900116776221 0.26537686974424463 0.38421206078974535 0.096479665841503207 -0.3589427554796093
 -0.24753401415173173 -0.36103876027825305 -0.28182716187954981 -0.41494355536318772 -0.14788572219380042 0.43483536099478931 0.40306773638402749 0.53049334697944417 -0.52815134415729958 -0.4282489881385651 0.17567197751599253 0.35656803979010526 -0.55693087013294262 -0.14614524022444986 -0.25944198292695975 0.17045811310074299 0.22742764962030296 0.014452475478448521 0.37278977622249798 -0.58777665948561308 -0.25519779153218158 -0.016721438344036894 0.09190176074925574 1.0839816052576481 -0.49245114774823778 0.16157386713374985 -0.80646222147153723 -0.45973493565582751 -0.38699937392618855 -0.026728542373884386 0.01064605865118508 -0.29505798707272884 0.22994726410158747 1.0794839583816971 0.27009528848622194 -0.062671097061871642
 0.055167282345145778 0.99204338059771124 -0.059981580765142088 -0.37168127581557969 -0.10292017249536901 0.063090751540092041 -0.21261004570371275 -0.080747640721440209 0.3222832058085035 0.18561622664209987 -0.1849479718066229 -0.74304017570288172 0.22093813647476399 0.010210621633453007 0.03461199915428937 -0.055388095378225095 0.035960145770951371 0.54748618514523417 0.023623088238186821 0.21156896201001807 0.056458079921501078 -0.1223940080016945 -0.20600005799105625 -0.20723451998364473 0.077784716966345285 -0.50745706086838338 0.070146132589474761 -0.15462404301058794 0.64873704037855684 0.11867468969806697 0.034342433369234739 0.020642479538428685 0.15369324461778403 -0.15597486421355947 -0.13362605046013443 -0.24305511952313549
 0.15412999300325936 -0.67266028535164013 0.3739112664064847 0.54885618046597684 -0.26141342820622665 0.04556662555663557 -0.074081734102250926 -0.11235012950719732 -0.34117045283460401 0.32460536523497746 -0.39718894605458749 0.69578116183095595 0.025033890042592048 -0.35978833406567784 0.86048995600122025 0.14929200158628592 -0.40824743774707678 -1.396961633670827 0.45443990819040125 1.2498396207247113 -0.20700964089864957 0.52049949943402307 0.80763532930166526 -1.1043218962734034 0.22308238969851532 0.8609836139724506 -0.10302198387017081 0.2890967495594115 0.65049381005447626 -0.42184859076296571 0.38016189397714434 0.38214425688002818 -0.61263702996268043 -0.62501006635343104 -0.71164114967673076 0.89868010446867663
 -0.14156085835119972 -0.34051376339639117 0.54003939798914102 0.89097087958114907 0.29012913335276513 0.13878980590217657 -0.24407475786777852 -0.5197415745344095 0.48920110129321587 0.22941128037098873 -0.97807368967603403 0.61669633821915038 0.018980327024034786 -0.22950195261240097 0.73291205491973543 0.72317740889661508 -0.085774582592489282 0.24841289181129689 -0.3707550235420693 0.13532931329735629 0.25488001836146407 -0.66585347645331672 -0.61126883355125483 -1.1005787627609382 0.63109993175528356 0.74964093825206368 -0.072547651197866533 0.89615779679807983 0.057156610162691385 0.12704915409298742 -1.026858332813277 0.63360698099345159 -0.61668332239404977 0.17621806787249028 0.28953483716545986 -0.42402778713398626
 0.19981616200348654 -0.37264493152126271 -0.17199224970768559 0.029800195547444813 -0.20715421876122442 0.58909431936279144 -0.39386372451970725 0.6233547549187598 -0.99203429381900088 -0.3388452254593548 0.32450434137716666 0.0087446221547942647 -0.43576805582695288 -0.14292612520048051 0.25248885932723891 -0.21717934477452966 0.0066817329049725614 -0.3552915399869811 0.16956985822978332 -0.46957136335569943 -0.077110544228002967 0.50091070100909429 -0.025921729106420034 0.69456489309033331 -0.54295666748300964 0.60425039299477101 -1.2917124269610645 -0.057878959143353483 0.15959655354444516 0.16774584118871713 0.35205892449804782 -0.85044883841336072 0.24919115985646934 0.92339729077289023 -0.67806841727240164 -0.28002605677275427
 -0.05753532206224491 0.14758891200004462 0.61114693124338726 0.38057351620403251 0.24280695417064188 0.039640637590224827 -0.38338792630027485 -0.58042020727007726 0.68474280945187938 -0.33892225792509911 -0.53387112492794475 0.64521999725051349 0.62564915457483539 0.00721432567915404 0.81501252296769977 0.26493186765019838 -0.29425382813861406 -0.42870326107847462 -0.41147780077980023 0.31307875206854074 0.92130745765715638 -1.0228508594555252 -0.63509147495205553 -0.85934178789353932 0.55946621538110453 0.45218301389582771 -0.28416373814860663 1.0695206111704652 -0.0038400875486137393 0.13605961627107585 -1.0091327145681519 0.40629627360742437 0.49603317672995711 -0.10086671017851413 0.025279043848595285 -0.61942484728986846
 0.038122629226950991 -0.75939266684599893 0.39175677616397808 0.81785831490621486 0.07996837020227765 0.30237940782393141 0.16125217942072356 0.11065911514670382 -0.21328837000773226 -0.26213420793913367 -0.12109709102426582 1.0422970764655894 -0.22905435130615473 -0.040629949108355289 0.61532716212966776 -0.16886875480811755 -0.080443461125638216 -0.68416206427453286 -0.33950586564188789 -0.38101779722627227 0.48961944662291801 -0.61847872335963316 -0.59589962343032332 0.11743918696646082 -0.046161768309227302 0.90267274490685712 -0.93208805287010366 0.64674929863816943 -0.72909394097729907 0.21276624421015969 -0.64214803589872149 -0.069957666066535043 0.10515180276040123 0.64517054006630903 -0.34638537956988885 -0.21013130813905986
