# Created by Octave 6.2.0, Mon Sep 12 19:10:08 2022 GMT <unknown@LAPTOP-P0PV0581>
# name: Theta4
# type: matrix
# rows: 15
# columns: 16
 0.32904585568887179 -0.28820149119523519 -0.20280662974932243 -1.0966809820010162 0.10092229025185608 1.7004187597336593 -1.4013184919692065 -0.43219862393056441 -1.052271895523998 -0.70919900779201039 -0.79649680125785327 2.4270043036805191 -2.7886272516342294 0.55809534981254105 2.4073433466473926 1.7080956058694829
 0.20331258814815759 0.42710236961707304 1.3558485364805537 1.8697286209016233 2.2730987619642771 -2.024789218672975 1.7423998400347707 0.98619582445379106 2.1514500178721914 1.2581206080728813 0.21955835284065051 -1.3121030797118574 -0.89024841136354727 -2.4881894057460592 -1.1737379007999427 -0.90184528295058108
 -0.14560176605877029 -0.52077670403026799 0.12523303483249229 -0.39863569079051031 1.8089713591998304 0.59876043392180855 0.20664027714535271 -0.74984692245898199 0.51307905141756738 0.64452603002996078 1.6050989578121269 -0.75267610918236028 -2.6421153562183664 -1.20461010911204 0.10904204354210717 0.77197404319003149
 0.061909306649496842 -0.26554918104002317 -0.24808637283275498 -0.25610968458012462 0.84372810034933132 0.55232904455138021 -0.86784762100442236 -0.54407512524394852 0.56464399462360659 -1.3897639146550009 -3.1288980242659457 -0.040031003146937055 1.4076921765012105 1.6019699479892937 2.8951187430429606 0.59952070350686149
 0.14065038567615376 -0.088646200150397092 2.3964723921491626 -0.60650284120208775 -1.63617233217097 1.3534035153275321 0.2521073142779327 1.5001012232622455 -1.2353997663449279 0.43810013740790038 -0.054917107260536425 0.44253587851575382 2.2070518856655799 -1.4339009193035266 -1.8039939797643534 1.2710238897958073
 -0.12480715211442509 0.26080721313631328 2.2783432504933527 2.21274078570845 -0.64867086878977998 -0.18288924460357056 2.119120726148592 3.3110403682159291 0.26784246586650773 1.1507894150853772 -0.041231039308297961 1.0055826628703473 -2.1115307894654731 -3.8276082599265551 -2.253186769025723 0.10014605014304269
 0.22011513010132081 0.17203971943352095 0.31199589138721157 -0.39166010892912051 -1.5677560565677637 0.16709997363400311 0.04818134901185029 1.1134538593975103 -1.3576858419319973 0.15407843492982129 2.5293095444230862 -1.7737330974431755 1.3544614794839669 0.94178362987349873 -1.5557203710767227 0.231073698525532
 -0.051788439524867204 0.32898704264863221 0.42668248348551346 -1.525612400904943 -0.81736983698719545 -0.26140830764678846 -0.80263157589797163 0.82300718346241974 -2.0378975264339063 -0.88688588838132798 0.20424736443943836 -2.5093699690271545 2.3014072501238312 1.7935453766635612 -1.1405765108616333 -0.14947310169306455
 -0.036500973776932268 -0.18266991955147929 0.74126547382082209 0.39990367584787118 -0.33037184857530949 1.079265105060139 0.5349588397857411 0.78317955082840462 -0.10317985739247004 0.53435757607270451 0.31222641596607364 2.5188994247268668 -3.6105448864314211 -2.1415523802345668 -0.69877241813173885 0.79651536828359326
 0.67978068710194828 0.83174962104329297 0.59749189812796077 -0.96516095663670809 -2.0173778445155088 0.5997381096590263 -0.63501264879310904 -0.038847149183983437 -1.2447961050374943 1.2758950376031513 1.6294844792109411 2.6275110345050985 -0.034952687566742816 0.13638708360945165 -1.2490465464911831 -0.21663714946192242
 0.027632185350719846 -0.47125347824539504 0.27018028080846518 0.61498894985447095 2.8041112626980813 -0.25782253876721395 0.48046649176818207 -0.89880209749815987 1.5771482517472821 0.6414329318369002 0.37609065148080506 -0.17765425697675802 -1.6863216553735185 -1.4950564153239621 1.0136358033261379 0.22459818196021308
 0.36358149969073533 -0.17902780398348067 -1.3542025924934624 -1.7688841547463183 -0.037087618969029193 1.4085646518655275 -1.5489116958451645 -1.7999686019485681 -0.90006262086015654 -0.87340679723306747 -0.095001773000685269 -0.63467536859172358 2.8173378184825664 3.3069065248721352 2.4516058100415252 0.68095598658743561
 -0.24670284865666783 -0.042840275444700322 -2.3275980628475739 -0.87010269026867515 -0.43066346309854187 -0.099839462826417952 -0.87670385665373385 -2.8397672539707801 0.64554558600866663 -0.4078096746313255 0.09425365105821161 0.86704464552052918 0.47376023840137338 1.9181579323374947 0.25161344779153255 -1.0858595760024568
 0.21660553580799549 0.53350655726228124 -0.00051550702732770348 -1.0246545031699743 -0.92169548553561809 0.059208322524515848 -0.51421501065523512 0.01481576651762445 -0.94999851794511836 0.29118193471170645 1.2932706763652322 1.1935615479886867 -0.41756064032538504 0.60694467354133186 -1.1338078643761396 -0.13784548868845869
 0.088219166461408968 0.12687272192628077 -1.6540354209862747 3.2600496848191818 1.1558667989309708 -1.7290391950373316 1.4883025565571084 -0.077376711735468715 3.1738733763930536 -0.49679676458906069 -1.2383869227244775 -0.11237299484002193 -0.72916831789366054 0.87081653988062968 2.3269837163528391 -0.7589856255878743


