# Created by Octave 6.2.0, Mon Sep 12 19:20:38 2022 GMT <unknown@LAPTOP-P0PV0581>
# name: Theta5
# type: matrix
# rows: 10
# columns: 56
 -0.6119297509299213 0.30565819397260946 -4.8905987088408605 1.2616855525218555 1.5701770594875286 2.1193313285563455 -0.87252538914660438 0.19287108738339961 6.5796123482505067 -2.192045819985982 -2.3016073566807171 -1.3003772090325099 -3.0904052460339231 1.8872516885595012 2.3734674491230376 -1.2425642192133597 -0.32198956973221998 1.6507195411888418 -0.172065862953202 1.6192378260624805 -1.2984043962828618 0.079491848507514506 -1.6925980490057095 -0.61273324341906765 1.983291069298311 4.1298988275141824 -0.28533553627982616 -1.3558791040047735 0.58848505210478608 -1.3233240067669243 0.0028559647591895557 -0.8292651761293639 -2.1680281161630002 2.5186839309899391 1.2565896769108582 -1.5200887607552256 -4.0421812522145908 -1.0768091049192758 -0.52333463742828068 -3.452397941665311 -1.4318312229364667 1.6909034393102533 1.4232346251056638 -0.76036176653688692 2.3012762734364105 0.29582847648237431 -1.3530351818289441 -1.1205341351028375 -0.12398118702770271 0.49683135550650298 -2.8655391626487496 -0.48797095609808067 -1.1058164037895946 6.8838624523758467 1.503559921272362 -0.41679582068891768
 0.18583523908662949 -0.14236202404015913 0.057113064086392572 1.4678203757337753 -1.2650506458830608 -1.3407009563073007 1.3840713947800234 -0.69755931442137931 -0.29888412876062564 1.1680196682284483 -0.19351481352170719 -0.29767146681203982 0.23770557296536349 -0.37405307055297621 -0.9835583804947835 -0.68760519221154237 0.42359013805415496 -0.94043024962712529 0.31088532964215382 -0.37518496102706872 -1.2482845765769937 0.13883088477552194 -0.20063131184045732 0.37816155979132299 1.393889400859603 0.078126543512318583 0.72680112393377039 -0.53000381099907523 -0.53813718063105953 1.3925877485083749 -1.0358761355183259 0.09626800835064335 -0.16198508029413447 -1.081505609064118 0.21041974657080503 0.5897679691758535 -0.68335670327015985 -0.13277326458033753 0.83018569806797748 1.4032065437794101 0.10481874708183089 0.3443964629614395 0.93008062591608853 -0.74633564037277844 -0.65451827384401773 -1.0031599022866422 0.92789584520986435 0.4595133406187305 1.8267640917339683 -0.69793248298804078 0.53384587652973492 0.23079872758221065 -1.2602574043283801 -1.1919888857558538 -0.86389680067772878 1.5361837496839335
 0.045085717510145812 -1.1380065721925385 1.6624769711488208 0.16071807278200639 -1.0518137946908299 1.6105936608143638 -0.31890825490969937 -1.4527407228956182 1.2042098564399695 -1.2675349300203924 -0.39958311475025887 0.71640871209284429 1.6585576802944135 -0.77884350562920635 -0.30800709699581713 0.49899013312639451 -0.10153480366527344 0.36661791199883964 -0.36192979182387131 1.4002811384776284 -0.13494599273327182 0.5378127954015397 -0.63976596049025003 -0.92663209737758334 1.7042160805024054 1.9860675190987518 0.69476856957829414 -0.30136017216702499 0.54418255441425822 -0.98107414818157312 -0.25900584284158401 -1.8182574706290111 -0.80709874067182252 -0.18915173420049808 -1.66820929660238 -1.4930625274487779 -0.41078398087931406 -0.28047817593213414 -1.2587869956842295 -0.28633840434666952 1.4597553136007351 -0.6123833302864371 -1.5712898071773453 0.46344099032293073 0.78189091576495573 0.31129656549864443 0.50205685084977059 0.32418166951224869 -1.5828719046647166 0.88644873895002696 0.38456059288450983 1.818716841421131 1.1762635289851455 1.5603789552703797 0.31371118525956099 -0.3194694117894738
 0.14611528889178879 0.60451137449064973 -0.32806389527630153 -0.60992409769597367 -0.98643413878402497 -1.1074097371090075 1.5841026049047919 1.3646126649538064 -3.9198078858697172 0.63204755733550755 1.5821692075525955 0.35273202263822462 1.8446837649453163 -0.66210261035919671 -0.78545592430627509 -0.53665014639231623 -2.2193934156625632 -0.7777822073189945 -0.18666399644805062 -0.93925286047644074 0.5420871151750708 -0.46962036240950628 -0.27985879004145348 0.35926899854726602 -1.6959300730095197 -3.009131093937027 -0.79601499554360122 2.2023761299383051 0.56346969048308904 0.11010259404300476 0.29367840930345324 1.5110144400626224 1.8845153763777835 -0.074009365560059798 -0.44110231278782569 -0.0057518645731712281 1.8545998337944976 0.35798619781509189 1.4677251602562802 1.2219567986458026 0.36122425100340833 -0.98325321573065139 -0.18880838329309688 0.70069255301626043 -2.0599840093227577 0.15041503088288202 0.41262892904477461 2.0616848490842892 -0.97284378662762094 -0.063872186531683237 2.5939547448289328 -1.417773115748975 1.3643499471272167 -2.7549772574180609 -0.29416955433335634 0.2505991228238853
 0.046740543310976886 -0.73101538388860754 1.9545354934894963 -0.8103284243823633 0.31462281877731041 1.9393769788886563 -0.72149265262452944 -0.57458082915313213 -0.11765447232305058 -0.79504577697729761 0.23460525179303768 0.9423331655249324 0.082415102538116874 -0.34330686620242812 0.73354877537878216 0.40107189683244066 1.0709472129789359 0.015662776768792241 -0.55956984030999668 0.22601701147985834 0.18906492305229936 0.46523388809940897 0.9897889575960338 0.49151855517051873 0.067464828380077418 1.7239966205170538 1.2835208343360864 -0.50768217865612797 -0.14627998574927825 -0.70063018157743495 0.12635640376511934 -0.81420290829212005 0.37568033349818514 -0.40598787667597452 -1.3713174397473975 -0.54815404117344535 -0.44751056837088388 0.30774931876682166 -1.0142251377084417 -1.1366934832447551 -0.26652967643841929 -0.20804843379792223 -0.63472198468358598 0.16601907054508303 0.87712867213796208 0.64275666671776477 -0.052095532922029897 -0.5655219963827125 -0.37961081822821857 -0.13611740996574595 -0.48249392083247311 1.302671561722669 0.17850487974026003 0.86122193275310011 -0.78942222507719151 -1.3248930625640802
 0.1462663364000352 -1.9105410861283498 1.8530491684494992 2.0780987292992319 -1.1276140583175243 -1.9243624836216848 1.9082678489597862 -1.4667066191733595 -3.0343775080177586 0.71710302905394674 1.0503347453753604 -0.33068200441090279 0.4403335072907818 -0.44833649754622806 -0.29886560941544554 2.2424424867709236 0.3811481376934564 -0.81297402306139421 -0.52277732886847839 -1.7719500799239221 0.34972776028691782 0.13441757700150822 0.65452409419197022 0.90275123239114718 -0.63149985327350622 -0.83298650884876657 -0.52948657284410205 0.23502827997772302 -1.5710717160516481 1.0762871342304883 1.0071385432828299 0.025642431205511757 0.41106769706435942 -2.3134011573005284 0.48395318272322729 0.95648675146129358 0.61365293850279501 -0.45434976997809834 -0.0022440367473097324 1.8235893405566954 0.064418997415388549 -1.0527261551378488 0.13882653972995024 0.28359996846374136 -0.26603123552565422 -0.92994282472303735 0.23414939236776941 -0.3929425382122585 0.39013882457691901 -1.6273652477686167 -0.51959363276092552 0.65619878958406741 -1.30690818478906 -2.3965557618830315 0.33893520149704215 0.16568323842934937
