# Created by Octave 6.2.0, Mon Sep 12 19:58:26 2022 GMT <unknown@LAPTOP-P0PV0581>
# name: Theta3
# type: matrix
# rows: 15
# columns: 16
 0.21843071947691753 2.668987146785502 -2.9707025833355627 -3.6196653236037566 0.19575616575016561 7.4959094996409164 -0.49953709807975583 0.099624845966466216 0.6330471567088154 -3.7652010238513061 0.35269163948381033 -4.6519243260634697 -2.6881939123608274 1.8904648925062308 -3.3076852803041561 0.76243042066613254
 0.56403029971985896 1.9661768445045196 -1.332929014933792 -3.2476884269294559 0.23784927769030062 4.1520354589161297 2.0771279131457479 -0.93353003044432126 1.1182056417563815 -2.8422130249952926 1.1538387999422335 -1.8796585981256615 -0.96120244824440459 0.74458619216412147 0.32656067183560461 2.2340129934581294
 -0.13018508329258327 1.3144924071702517 1.8340494587382512 3.6162505225366601 -2.3542165847904024 -2.6487699688965427 0.80066592586299956 2.7217681222982955 -2.7846249016237414 0.33545920392930229 -2.5115697834557404 -1.855794903786594 -1.7718350875919699 -0.26139543348157751 -1.1066766342662675 -1.3490908575243981
 0.092997765338360225 1.7488632863304805 0.78303815878282668 0.71145718437901262 -2.7263527594892905 -0.59471580806460012 3.7499698686976126 1.1803664426189255 -1.5182844643576128 -2.5955113573843147 -1.6937031072591384 -1.4644996550685718 -0.39787068807354198 0.28435343262034835 3.1114656933700338 0.10876931356147415
 0.090839311557966401 0.60732133433923552 -0.39788608414849319 -2.4636270095891524 0.54240479186335022 2.1312841075304894 1.8837398969483656 -1.4504843631800675 0.38451986228711849 -1.1388108382910971 0.67314290422050749 1.4359126041770227 1.521488604037821 0.29005474883242227 4.4404874090292195 0.78829392822298328
 -0.13611758151865497 -1.333325189444124 0.44609757321000765 3.6982709947195431 -1.5748088754332539 -4.1062294921266371 -0.25473579850530392 0.844515836522158 0.053000396799220389 1.9173789685168652 -1.8166741412777823 1.4671622191319316 0.64937680264389519 -0.90942292123967772 -3.4868173253159642 -0.87686641620315431
 0.45147855765957112 0.66933641653618914 -1.7247030798569007 -3.7941804518130611 1.2594775499402329 2.7936055131489996 -1.116914768684095 -1.8767393277544413 2.2748068451663452 -1.2000455518531314 2.4855985511733385 0.062474601039359652 0.8193420673390126 0.44174268200651445 -0.33219576171350046 3.6073252645885892
 -0.78311127348678033 -0.85098131194672832 1.6648430696708343 1.6845797977755292 0.68206075544713052 -1.5101181360855789 1.3679149547693439 0.28580171336666182 -1.0690722515120707 2.0473041784333241 -2.013767660848611 1.1364954880963651 0.076422089940797439 -1.1530788313679954 -0.81195980540478307 1.2774127755271907
 0.078815696694547563 -0.31638524508446914 -2.4769794300263395 -2.4623674787622658 -0.1091636483455868 2.8753312765107411 -2.5361643056775667 -1.5545860080205298 3.3392655354200533 -0.43173206016837989 1.9982011074790009 0.41554181820111663 1.3697013471727313 1.2637417295028632 -5.7547601337561654 1.0184490879826553
 0.15494331428552555 0.60494943638635912 -2.0924748557740185 -1.7851092738312073 1.713686933169521 4.1815228235246797 -2.6214960240850678 -0.61706436409105025 1.4552607699904518 -0.62475711699767356 1.0842614634800196 -1.4059739015338457 -1.3439460006565092 0.88622370204500456 -4.2391087101476259 0.48731648402824995
 -0.32699046926981862 0.73454115515014073 -0.14759466931659856 0.87474968449345136 1.3182472932975278 2.568459119123462 -1.4199416032988859 1.6161749809625163 -1.6384705216968605 -0.47680191335458821 -1.1983905478100714 -2.9261443891312147 -2.8102960994540886 0.66031400429329434 -2.3912605042672275 -0.96905869312051851
 0.14590730453719952 -0.82387389816917433 -0.76729277653651506 -0.88601536734615305 3.8188355947161359 2.5096221273563675 -1.4230190503068891 -0.88321744983437411 1.1869219126826327 0.76421759171721393 0.98970001393968787 0.49169467060816507 -0.51091631558276673 0.024092513365416107 -1.271721364952378 0.76820480418712689
 -0.78164908679365974 -1.683238560095349 0.41652229632165583 -2.3380069227822733 1.6304551602686292 -0.92210522751723278 0.53079674498381646 -3.4285195823510461 1.9176269360196108 -0.98121027723496956 1.2646394206582323 2.9456811412228978 2.3043156733903714 -0.71038968463639784 2.6716381999764152 3.9574556319874485
 0.16087142526876691 1.2195846458442223 0.81036929734730756 -3.7310626444793451 0.22407999684042618 2.5596629341161612 0.56211898273778549 -0.61113500859581815 0.49260694852141823 -2.7262339307742387 2.7015030608195385 -1.3219230602546272 0.72783806095413228 1.6643842103042168 3.430230246269951 1.267572664639786
 0.361127455595879 -0.92256068288768767 -1.0917451469435768 0.22917668425882989 1.8943397239931445 0.03804158325081676 0.67023579339395256 -1.1163821434763452 0.99587544245790405 0.66506361470249775 -0.91722214289077719 1.0917346310468456 -0.25245785812440275 -0.98456130447919998 -0.31183365900580212 0.93244655434292367


