# Created by Octave 6.2.0, Mon Sep 12 20:05:57 2022 GMT <unknown@LAPTOP-P0PV0581>
# name: Theta2
# type: matrix
# rows: 25
# columns: 26
 0.10343400685700554 1.1026955544357464 -0.4573385992045173 0.54955088229433657 0.9485631729100753 0.38222067297226053 0.031285440497540513 -0.14739362376497342 -0.22987987058495649 -1.1415887397376681 0.81608916941490806 0.93817630411095188 -1.5841152553285935 0.60160994845773208 -0.93742571122481477 -0.92786709388345423 -0.70074178113998298 -0.54281605692996571 0.68426304464770837 0.076117616889290113 0.096694446935768993 0.76427411788591237 -0.92496665891888263 -0.25914384025163001 -0.22141548509735551 -0.30359789508098795
 0.12274821180889624 -0.025154386731219766 -0.049338990802359359 -0.55096428120594854 -0.12205630598413146 0.57082858885392784 0.091490816617017204 -0.42911981703386204 0.35805494882158206 0.27606530703492932 -0.50490043425954434 0.36134538537258665 0.55909758007653154 0.06133693897833218 0.0096189282228340504 -0.36394432655555048 -0.73871460522420751 -0.29842503899590433 0.38128725312886269 0.29559952409874657 -0.3722290058370093 -0.90049311363197282 0.96584315895376338 1.5084734337246788 -0.077844066261517644 0.23080903087342744
 0.064433738759999373 0.10985858023709716 0.19214423364892982 0.55771824660680003 -0.26930460898948461 -0.74615338734222059 -0.0019325395211304932 0.086709675644890488 -0.51291894236801761 0.19039679104448892 -0.1077278755608532 -0.91983924063366274 -0.21236332335015584 0.2636242633661951 0.49719259373330565 0.60717961731759296 0.62907566175215024 0.12407959896170337 -0.6202273055598122 -0.33890159834982436 0.14616188029047222 0.56247159345364883 -0.26362472574790075 -1.2442768116317615 -0.23616285794007663 -0.19712258911007419
 0.039248219095722514 0.98201595262073271 0.11481221144046883 0.41999587201160143 0.5169323274565073 0.46873381645494888 0.64644954652959286 0.19885994950913966 -0.45489890400969474 -1.6135715772123969 0.023366070283780599 0.43546882068494908 -0.85936690566801199 0.90527965480728401 -0.23821464669135267 0.16281087312991852 -0.82720272623565383 0.03609987800876404 1.1498566768866816 -0.4331081915291401 1.194872388238879 0.67470438336386629 -1.2933851882421648 -2.3277221202009226 0.43419762451383725 -0.16196080624717249
 -0.068932235684513468 -0.42341647901833629 -0.47715729387826811 0.36175229957840149 0.32448780926435389 -0.1757103897809148 -0.030764292309011159 -0.90325240972324694 0.038091568330558039 -1.7586906975320489 1.4294495500803694 0.9676626340987724 0.066022642581360966 0.33134497460464518 -1.5803831030642868 -0.56772512065857272 -0.33546285741000892 0.48713394517814024 1.527116022801615 0.60082216299643487 0.47292286655519561 0.67407806389397673 0.0034854728166194373 -0.91353942211845762 0.64868851617873469 -0.89608168207995942
 -0.028352271832921869 -1.2587176488365917 -1.0394974424307397 0.58243840782044931 0.20895715826946631 -0.95839559764968196 -0.071318184487091846 -1.4791827377113616 0.19169335354527858 1.2562199182943055 0.85699495503460443 0.2338103793658875 0.59933094518716412 -0.35611742077694819 -2.0982229560727816 -0.30796300746394228 -0.32135370313844158 -0.68827327857686715 -1.0358738830681107 0.050784854786568197 -0.80365035911466931 0.058707607561420065 2.4087175011907966 2.5549067945492179 -1.5976431266193301 -1.3029580827033265
 0.16791965116178736 0.72678286205364362 0.0070534489055908848 0.76340234104128657 -0.16558479015685548 -0.95814236258199759 0.74938819593230399 0.42438689832296428 -0.60448699414620666 2.0406799327129996 -0.75215158437824314 -1.0748485392260467 -0.70834012365329868 0.31192249609147543 -0.29977981245486274 1.545182244981397 0.9239856264466999 -0.21405239453586197 -1.9497151099131165 -1.4234172814213024 -0.21839078086292577 -0.024212791792943927 0.56828234784070508 0.59427801645433431 -1.9000545578700727 -0.20782184957963495
 0.010168164419101584 -0.55526781194076169 -0.29766896981393021 0.39874639216568497 0.28126799308036393 -0.23107598445871946 -0.025540101881249392 -0.22759677160294209 -0.15770817337692072 -0.54164542143335637 0.96069707685278327 0.00045408809354569843 -0.59955514140179578 -0.19171496886396647 -0.64936957623456903 -0.15034675047151255 0.2163412988165607 0.094912542979037132 -0.045951734738637409 0.21005086367872752 0.42437820767830142 0.37094054474732663 -0.078855425178396651 -0.80339410471230821 -0.087577670146901709 -0.93153615094754494
 0.017963748430198611 -1.0046322391325784 -1.2856156779074348 0.18643132331512866 0.67270709436355036 -0.31397818293092555 -0.08943321740338403 -1.3823150789806151 0.55225912718142389 1.2166114780656951 0.440954222192666 0.12459610338583421 1.1609263083247521 -0.51496762361675685 -1.8214696483717798 0.037405649080316135 -0.41655774383639588 -0.6300240120437427 -0.44449901663039582 0.20221270007365946 -1.5465638798251202 -0.24660438932010287 2.4753345612420858 3.3017151781055776 -1.3182223702713549 -0.45344036310544206
 0.049172636516785148 -0.57266964107651674 -0.49072859521037132 0.329715863035352 0.47972536888152179 -0.10886250324483951 -0.077344538406150409 -1.3163338891446337 -0.22373958695404594 -0.22035000306795646 -0.3583890870897965 0.11111876438506173 -0.20261153285057459 -0.29438435013778236 -0.64716974082573875 0.58490115346591343 -0.081372941037609448 -0.93969456365646042 0.68003868603355577 -0.7007399696361728 -0.50876770906893309 -0.36639867931670766 0.55425977658987469 0.10722819418660796 -1.2187208290597908 -0.0063574115726003685
 0.17926605551161651 -0.53192103608201013 0.64239606171660935 -0.35545181775149276 -0.889421003072562 -0.38957383709918841 -0.13412383709488723 0.79253448870541221 0.50453135795764659 -0.90584869378453625 0.61940033391349048 0.47912107754814365 -0.95159591111427722 1.4110109792505112 1.2041404887771225 -1.0994717985685363 0.16843692095721208 0.16649369132737768 1.3783786097378978 1.0729319860741817 0.047143050911694247 -0.40976489567324065 -0.36119216600571263 -0.12067050377700582 1.6638121057823019 0.25095165827340082
 -0.068041213767131958 0.81587060447906146 0.7034975691504104 -0.49694964325141067 -0.23999721814296529 0.012673995087256636 0.55656436231182926 1.0788551586536581 -0.37013408021671917 1.15709185631453 -1.3038099492786308 -1.0873483050957489 -0.049482992162249557 -0.23346803893719589 0.17167797616798816 1.3230338180521186 0.82948559899417129 0.14290117397609417 -1.0390310248925552 -1.1872086966132473 0.31924434754185449 -0.25531515557602263 -0.56050896476451739 -0.47397278927857328 -0.43923537904824878 0.27154367125696344
 -0.088004558333578953 -0.028343902774741098 0.49459960846786583 -0.43839240335740992 -0.91825214445243641 -1.0818154712117636 -0.21581181401522331 0.45843652305657806 -0.062608206850566547 1.3055763986419544 -0.54162793401161868 -0.80718262318618916 0.14606857033109563 -0.25128897424502095 0.64392035967238792 0.53457338963868739 1.0607105091554498 0.066380238037183389 -1.0377050497382398 -0.40031415937429216 -0.81584957934796232 -0.36901406245761381 -0.12771551297780867 0.89862027070182648 -0.34376733490713984 0.46860749117904776
 0.32426348546507139 0.1270242756111781 0.50788612809989808 -0.71215221881952329 -1.5367840779716271 -0.83784020228528444 0.36146988542038466 0.50644863674639917 0.44749314762691356 3.9541861676306667 -1.4414337460491549 -1.381789995619279 2.0796657948583182 -0.726455166215214 0.0021532737183743069 1.5898131488791898 0.74424587594723535 0.63981361531954983 -2.3732116785991373 -0.5458274430735186 -1.1386533800478207 -1.344799242682839 2.5496952110481987 3.7683241723449763 -0.9576184922749349 0.57765214128147491
