# Created by Octave 6.2.0, Mon Sep 12 19:57:46 2022 GMT <unknown@LAPTOP-P0PV0581>
# name: Theta2
# type: matrix
# rows: 45
# columns: 46
 0.11893174926368327 -0.30252230314016249 0.90685090268246049 0.49724978604428388 -1.4663470772542955 -0.53090827509095151 0.27713299240761313 -0.10158833239377572 -0.14658762432616251 -0.8788820820760177 0.87063305319081141 -0.48111240949372774 1.4379685896256036 0.01686882563755537 1.4493985204280004 0.19437148979759386 0.031087630104826337 -1.8733530919874886 0.1650189472788082 0.74934981453417659 -0.19272003212699509 0.29869913539992887 2.9101708272946651 0.49061001983581509 -2.0392136626313127 -0.34807826044466839 -0.14615391631395633 1.8504723327965844 0.14274119790469564 1.0645908982659826 -1.8746455775023945 -0.73220901387862847 0.44979035907424764 -0.64949458815331851 2.3918817798850847 -1.2035210477225564 -0.71276184959041944 0.49575770307804867 -0.066745166698223571 1.0246327202148136 0.34695050668193295 0.063004835367144976 1.3700501157806095 0.13526290554010906 -0.099736585725788626 0.35934659638597494
 0.022329590790637257 0.1411703978351925 -0.15834255824783341 -0.1969944600099782 0.347589103135999 -0.0055300850812265009 -0.276636784388269 0.11555957885661185 -0.01608130134752582 -0.46036909802913895 -0.12963384859899277 -0.33798866802552824 -0.060578129307515736 -0.27857340365531136 0.12737025268898544 0.0069114870573765723 0.16935828999103103 0.014126350044013967 0.19856696062412377 0.43432113338823747 -0.019186088799413057 -0.42294198024136104 -0.020708254581216227 -0.05115898951918077 -0.0043047726319103349 -0.40275397081385939 -0.047973294164968754 -0.3722901221457558 -0.026607510088579259 -0.20536587360530717 -0.22936770012903218 -0.23369815284261064 0.29109580690459252 0.035760674115359652 0.24721201703344822 0.12116020277253235 -0.29116390256332392 0.4145880351888 0.52515614267437882 -0.30562804039345393 -0.21718512593837902 -0.23177741651345388 0.15895824163370537 0.20672800526851204 0.13379637994182575 0.016118065563197483
 0.10167571896086189 -0.52347583111992047 0.86998006594784238 0.6853121268452852 -0.48252367381546446 0.25267924498497213 0.79654612930498025 -0.60767843617104644 -0.12236612570794737 -0.9667491493986009 0.1841777895624101 -0.64904093045395927 0.82742104850000675 -0.35509743838796359 0.72674638898235666 -0.11720532601372219 0.18328571318858927 -0.4265140110062946 -0.12499639803108878 0.29868688126871284 -0.26238801840834441 0.38905134512979184 1.2618812979104692 1.5343294466518742 -0.94198815820343917 -0.016734516046024637 -0.49539617293331334 -0.30060912645844551 0.64354327071570594 -0.43971273763122476 -1.1469845727142456 0.13475097035766331 0.26622162021836049 0.011529840536162517 1.8729190096488124 -0.42501367711853877 -0.5017005313965669 0.56568934070297794 0.20601270035513686 0.46641731885791438 0.6090634887982892 -0.29886765478644889 0.47414300490988365 -0.76045767146056698 0.034303854521069405 0.15717905226564155
 -0.044791796983857421 0.37628658839568108 -1.055821796184488 -0.80809879388037831 0.45765078627622768 0.31139149805746635 -0.33052133889623453 0.28642874966158699 -0.52825907045197684 0.43561727496803804 -0.31176125026160106 -0.29479848502801004 -0.89263856512672868 0.44423895530673857 -0.48974654690170455 0.27998454598586575 -0.46686801394528854 1.3690440247537299 -0.84914318110435438 0.19245183687303058 0.32380984641713989 0.082167381238001796 -0.95776847425081446 -0.37717981093105579 1.5090955864495457 0.5613782946286997 0.47458572213956091 -0.33850341235601472 0.029560270053577978 0.18892338542355755 0.99055530535656877 0.015603198105701601 0.22814895207922062 0.62039532681300691 -1.7820493886944337 0.75420472064135213 0.33791379740710531 -0.71231349583968651 0.7737164493043146 -0.94051813536124673 -0.33210671974759842 -0.62801259917937324 -1.1371966188219282 0.91340320218676052 0.10465917232522189 0.031169080796049419
 -0.027845681514629 0.39181995510915285 -2.0824589551650763 -1.0204334359840777 0.24799149535280315 0.054756153674994409 0.41916192565479621 0.69304805523367019 -0.78572610032620283 0.73990672489108078 -0.74528451239965277 -0.28577438274154165 -0.608029845755092 0.93046164541484677 -0.17285957302117871 0.39631221914676568 -0.556767951147495 1.4245627944000965 -1.280869437496247 0.22954469990949858 0.45413894118287962 0.38794380578299498 -0.91877842171527901 -0.075483155427324686 2.0081177322710344 1.0932235329357871 1.0822174355664742 -0.13092271266493408 0.67951928637417858 -0.63292208037734166 1.2829821538110329 -0.057134145377249347 0.28942832008177111 0.76997741119957108 -2.3342069820912701 0.96708057336221165 0.68851359870300921 -1.036075761625538 0.68772517143698131 -1.102938199776389 -1.07499448716067 -0.43005278427989885 -1.5231669813301867 1.1361229428244786 0.058775486826641098 0.11878584041884992
 0.092633772847338369 0.20685932276217314 -0.93987969672690586 -0.43151101424649418 -0.28030177497123882 -0.48161839436265436 -0.21060837901368432 0.67170250226599848 -0.27398997391332025 -0.070688646264871299 -0.075136652950754668 -0.75143956118077937 0.11918875441487442 0.088182425706031908 0.83002925595196053 0.42672412983435581 -0.21186975309565403 -0.43485466846199816 -0.12814192082381928 0.69944119250430092 0.33027885314555971 -0.15328308174236127 0.96093047387153785 0.63524190928151469 0.87796288505823439 -0.15214414663911965 0.14043365426625901 0.81074797285323807 -0.10548960827796293 0.010779754684357049 -0.10622217059072135 -0.6352918090230969 0.327424427084617 0.41276227270000987 -0.32001845483815572 -0.21337590230893844 0.036922610655998223 -0.21621140577558384 1.2308006623119949 -0.28383737475838078 -1.3286911325751807 0.29140078687747073 -0.30336358481370646 0.89538777005965464 0.080307892542964082 0.237611894877784
 0.058216551984563401 0.12432266155095002 -0.077410309391788432 -0.0036763814308073675 0.031710824174373597 -0.20379088309171342 0.065592965058498306 -0.11689027491133228 0.29203068397813586 -0.28289837755729574 -0.53275769185231836 0.5082487201073429 0.72950745023627683 -0.11045861890292651 0.31697725024706253 -0.29814674398952085 0.2952856666929547 -0.50374472694208183 0.50838618126751378 -0.15131291969852539 0.018199426892891186 -0.17597251060546332 0.19719308786404841 -0.16627225469556808 -0.52557298344239733 -0.22430793379902522 0.46610125630764154 -0.17321418140292055 0.69384163536374865 -0.62829935707166951 -0.24189061813843191 -0.013466183112459213 0.037747597227644807 -0.1561809594333993 0.83678080040068914 -0.11032598977344023 -0.24723863169005802 0.43776428541881252 -0.42200527675680805 0.66725797926593833 0.039685219290431034 0.67849960034910195 0.62225821082466115 -0.56003702605401029 0.042117105303935538 -0.051922187456372976
 -0.06878773313397471 0.2989629684795837 0.012398861663174115 -0.38862787583332986 1.3644197566063898 0.079580051645635322 -0.23208255044441434 -0.24378525079646746 0.55416319273932102 0.71326019549800401 -0.91354029799307235 -0.39517704790636909 -0.76651040646615809 -0.27357681177715376 -1.4319552118463432 -0.26218743380374737 0.42163351053365733 1.0011685393413925 -0.22864504958205928 -0.66998737779876305 0.187953207215036 -0.64604647574111373 -1.7562802116866059 -0.94782949641680925 -0.41056323076879142 0.16605097194710502 -0.25578848901476425 -0.98912837671503839 -0.06742664729336037 0.12784036694035786 0.6123759072910161 0.4285428175428731 -0.21831076078296655 0.20301738715824383 -0.58188709699399199 0.39140545233739049 0.0078638310343731449 0.032790524394178629 0.035665413245138368 -0.1731529082737305 0.4921106855600404 -0.045931046886566712 -0.087356740852442744 -0.2365604426067659 0.019017227962819447 -0.1588387378960058
