# Created by Octave 6.2.0, Mon Sep 12 19:10:08 2022 GMT <unknown@LAPTOP-P0PV0581>
# name: Theta5
# type: matrix
# rows: 10
# columns: 16
 0.058201114120934705 -2.9475731145263206 -3.5695164743065901 -2.764235749827233 5.2160598653087016 3.5129830556132617 2.1689905206809201 -0.65014668968625178 -1.0240438282509934 -2.6112001769564683 -7.7045340488741108 -0.34302414556524657 0.84353987091673932 3.0401205820663613 -2.4608483934171836 5.0694546634736524
 0.0036381851340120978 -1.7116390461608519 0.0023992711121676681 -2.370980021176524 0.44453037642571969 1.5555370745760242 0.42714995969947916 0.56525931458536394 0.27318597331042777 0.29986676563201858 1.7713347327593352 -2.6766470144947703 0.73413978255585322 0.64548858603089121 -0.46346616661954049 2.1049796603685653
 -0.029079094148911921 -3.4141393685656958 1.2375276046393093 -0.049659541254309311 -1.1749759525334007 2.5774559634328984 -0.14101244289739756 1.6184693542518784 0.7781798617049247 -0.24257154651758825 -1.3553433386513527 -0.29592467231206315 0.59049284933433177 0.24452659835160054 -1.6585357391821949 2.2193351631954306
 -0.44767415788603826 4.0209422645023656 -0.47301373075593617 -0.02198556279645128 -0.58829320913828598 -3.9156834669581793 -2.6054612652181621 -1.9658609018933466 -0.97776808803548221 0.40699701063739896 3.8823322847886979 2.0016082500496717 0.89246727427112882 -0.50872631390285694 2.1016656776601015 -1.7698408888177914
 0.62092109448377431 -0.099946747430502442 -0.2784161738122175 1.4346058230786043 -2.6978637016296223 1.174948326681186 -0.15050284147060472 1.4583777721952622 -0.25738585295572652 0.51649879405620736 -0.29817529293664163 0.94585394686995206 -1.3885320746667842 0.20817653735938974 1.3357318324031697 0.14327741431811894
 -0.26864158893010315 2.313673393295999 -2.1074347355603038 -1.4901455222160032 -0.6140441091439065 -1.8598476572220812 -0.73877397236695064 -0.15412315991850334 -1.470324000793817 -0.16994561306294781 6.2960189567625564 -1.6396661062217477 0.43501207779869633 0.83071146442824972 2.8314528916304251 -2.3846668966607107
 -0.15175460264438345 1.6816244178007733 0.75751299769402636 2.0812192776743208 2.5683560870659723 -2.0863669298885865 1.9464063800389708 -1.8481380582967999 1.0196653885007985 0.30503759399837838 -4.4253273015458454 1.5859380251024957 -0.57453896604336585 -0.69710172605799003 -1.3907476826838712 -0.98873205620239624
 1.3641111199008948 -1.2223739768523201 1.2835970258639877 1.5339295272071301 0.58728279349121182 1.0527036658014099 0.3526082251639665 1.622173898680769 0.067877948915706199 0.031255059660803018 -2.1688512292922804 -0.29508797537091958 -1.7172467327513439 -1.0881132586397924 -1.1696393459662846 0.24313980566254687
 0.24578144789232184 2.8545473690964065 1.9331486071947248 0.82181432639358731 1.3833069929358772 -2.8414346685628473 -0.50046780506933397 -2.2480116974038928 -0.46079851151103407 0.656163966383702 0.60691207759193477 1.2149798026610976 -0.069722669952687916 -1.7395035850670961 0.055029228809142683 -1.8492373551632442
 -0.95063326445406682 -1.481264135992798 1.1844944322388955 0.85007486607203087 -5.1592817394752322 0.85929694893879782 -0.76783280224294859 1.632346726463253 2.0183796522751418 0.80558753470498479 3.4201289872872351 -0.47693898245952876 0.24753480990251406 -0.93392965455898747 0.86756393110091534 -2.8019349021488664


