# Created by Octave 6.2.0, Mon Sep 12 19:18:15 2022 GMT <unknown@LAPTOP-P0PV0581>
# name: Theta4
# type: matrix
# rows: 45
# columns: 46
 0.055270775367701044 0.234305553317563 -0.055436521042541598 0.12119132777747682 0.049212769868659509 0.27318733595310968 0.1101911422111452 -0.10426721409098352 -0.025486751483159566 0.073223984336844267 0.086591418311741691 0.33334931398319945 -0.059821323885287103 -0.26043082484236335 0.064771053775739121 0.0047911877968770285 0.045666107305634841 0.052137960362962275 0.0064164635726633307 -0.085581815816651974 0.14806499129675213 -0.12853309177023933 -0.045087129001356835 0.5475137635040368 -0.23561788273816739 0.056466600301853603 -0.053072272784945036 0.14947150766483666 0.1507301983077827 -0.4875143745644564 0.015811970702530511 -0.52639425994129407 0.45746988449490156 0.24258369858851453 0.40123150474522629 0.51415171196007858 -0.24722962982783181 0.13721871443973452 0.011901243422514644 -0.344500100806994 -0.15342203177134112 -0.012723519543868678 0.033701225222001925 -0.0019499836506046025 0.28898172126796112 0.19534647904820729
 0.053960746746123466 -0.18278047517459631 0.0041903680337169067 -0.28187116761525444 0.49842637648652038 0.031274556630490981 -0.66585722370064671 -0.62880170491034537 -0.41022020126046715 0.17272869282956721 -0.50062930015134233 0.87779750679799162 -0.38213401134566344 0.2230960693026432 -0.68044925693845482 0.82064970364547984 -0.35973610122345295 -0.34015667701527258 0.0079706149535077892 -0.017599438507322249 -0.19302213349528966 0.34073276003569186 -0.1491320307714612 0.36897730945389418 0.16292129581439063 0.27056453626681254 -0.065341118433473622 -0.44330885579977058 0.12706335124459803 0.033488340491198212 0.58474423064514602 0.14977576225541603 -0.1988551837362727 -0.14023022251870629 0.46832529683690216 -0.081992093533068119 0.43396755691822181 -0.34911851767075702 -0.12129181255871004 -0.1490163557970442 0.63884230665055974 -0.063597269572453138 -0.41186918216045604 0.13705527475842616 0.098147448225619147 0.19521096950703068
 -0.049893309399881569 -0.12749553007442355 0.22971637607325524 -0.033128933906753408 0.25775878717081829 -0.1707593143489205 -0.084956366258693336 -0.080395373212321666 0.07474143853960323 0.026607986202678739 0.10147050723013518 0.29901044932514009 -0.30494008871643674 0.12679104665421814 -0.58063000153730615 0.14668942940456184 -0.12372694508395607 0.045210342566684797 -0.3903997467689686 0.069009444597043043 0.22077930763952427 -0.011652729862294027 -0.045878514028485799 -0.18675459597659494 0.057286687431274047 0.14158362970876948 0.088713671556907001 -0.074673957706380731 0.15257438564227366 0.16917161822712098 0.019940105185029394 0.19722465891296431 0.016250642093561477 0.030752793162355577 -0.045947572082816683 -0.33134139797068973 0.36438596903833775 -0.12425883097725897 -0.18577828784815981 -0.039116196768205061 0.68895428885224863 -0.0040298244827469592 -0.24066424177119378 -0.14809514677745775 -0.37947276537715369 -0.078663430638301141
 -0.15837738829111192 0.0032576925559810671 -0.34581701895290379 0.27077633919943461 -0.44020959048601571 0.17757849648704196 0.18159222523913221 0.38767958436201699 0.2140808366045516 -0.14788318610153159 0.1034307376302192 -0.39401032921300955 0.32464438279548263 -0.12590125585974665 0.59742414936228183 -0.51259931015176685 0.30212658188846409 0.34704155486096205 0.13288537629293679 0.018676042771203917 0.060110584716342529 -0.19826462944640091 0.033751656797068243 0.044715693678040867 -0.12913968316327179 -0.23990681114675988 -0.15366512553002776 0.49383995410638731 -0.17586114343435999 -0.045074958761658172 -0.12805900696885561 -0.21748414617589162 0.18103082917750254 0.21536162428122577 -0.17191214630078755 0.54009244635700371 -0.46486866619687034 0.18778967850761427 0.20191289291216424 -0.060256013705162238 -0.58246070957466944 0.16366934584183906 0.17580052340654606 0.03008860925348927 0.22504792688827177 -0.17600327766533802
 0.085432307978029073 -0.073116889595323808 0.40598984575917763 0.31595129929993626 -0.1353478112035571 -0.18651161553980991 0.56240856285483132 0.25986092049267956 0.19665368220069676 -0.043037584365253484 0.41702756284233922 -0.51622620108379857 -0.08443296851790752 -0.019245648298602262 0.16866560178207893 -0.23802283738052726 0.43717187908492117 0.093989096077169598 -0.17691149418722271 -0.27932073289051207 -0.10722788302006096 -0.069871885933866659 -0.39322552102972286 -0.51851609075320937 0.15701204891437409 -0.051912105871710357 0.35371204921915511 -0.13387547727855323 0.031450647958707396 0.2399726131418545 -0.4076467523469231 0.31623759995253775 0.23908559426568432 0.30473823728919425 -0.66572685050963254 -0.49564272612490867 0.23036265068685691 -0.15359973973715005 0.16742605727492896 0.043749607428595627 -0.2416904129022415 -0.32295812543266605 0.1992810185153793 -0.23821885767283196 -0.35162973957139754 -0.097696310395055691
 -0.021808103995490116 0.47573996980535826 -0.017770883515861615 0.26658167872731042 -0.049025208842541058 0.1475517871561923 0.58535956907424158 0.22367208397711238 0.29155872432102931 0.022915895269540885 0.0023299419053113531 -0.5570843122824356 0.4151369867415981 -0.065301467938185406 0.070983461102980774 -0.69032336070585354 0.36901222324717908 0.12070321855085671 0.081273628480927271 -0.051992057370935763 -0.044967128994143624 -0.41147243009231155 0.39589647696563596 0.22428047955361327 -0.25671968090561231 -0.30307960259305833 -0.31415814238212558 0.69440590523362711 -0.10676036256125758 -0.051896259907923271 -0.12772300202904457 -0.18967607617846502 0.16482566231445317 0.25743191398578669 -0.23028919743626519 0.4265829716381172 -0.32152359297539629 -0.20638535284609011 0.18565488686613213 -0.045957380902469612 -0.41653117077237689 0.09288608640096789 0.12941995371522683 0.16197511263815573 -0.043098405098366765 0.19350894070807748
 0.068189482110534258 -0.25382041847107317 -0.30161124397584615 0.067800774085831517 -0.21207624683081258 -0.12729878619947441 -0.20990751657082482 0.18575683333822063 -0.069477295997705732 -0.048674609342942529 -0.30120574943224299 0.14062305163959771 0.079520053065481197 0.17844946497145214 0.17804624421090692 0.11567369366943878 -0.29194796914355159 0.081734244951841853 -0.04511121624672175 0.30928994464502135 0.038216780781434444 0.35771146202747839 0.062442642920751697 -0.15331815788646147 0.18730518062751997 0.150647060735178 0.20075566783821247 -0.0011583086965702468 -0.55526772086808096 0.14459192424666317 0.13091009764018827 0.39497788223388747 -0.53215706620860981 -0.40666852579430651 0.014888875433674479 0.093481114729255937 -0.030260272173576689 0.1101334582049921 -0.13878684427624666 0.25649153117365758 -0.046543559864975728 0.11555486519371314 -0.040474298797109926 0.066239191538847747 0.013845188530236934 -0.36213928428858716
 -0.17741407678556742 -0.16353663210422087 0.090112523109697792 -0.31189892540064734 0.20445603135204252 0.17915799553371592 -0.30218912743501014 -0.34344986393037802 -0.37922123068108132 -0.047310004093196703 -0.5950956341737621 0.7415680369206985 -0.3414055538231282 -0.19761367496768975 0.21702642184242971 0.45447690834002058 -0.1617700128654147 -0.57554804661152903 0.55162392648204417 -0.22331154642355927 -0.35575285378305255 0.46936486766873808 -0.16559591852377253 0.45782032078974455 0.27159265195995141 0.36171768061662568 0.43350287165820256 -0.66126528898354409 -0.26152658800883027 -0.33331332823881266 0.4638460130137374 0.2287651724758604 -0.18829488878727677 -0.21671634366757905 0.63591477726405921 0.19531343012826122 0.020000945894440954 -0.06512090816437309 -0.23748915887372324 -0.26138508824081835 0.090662940718788096 -0.20121073699570916 -0.069549693940763213 0.16355791023849769 0.43299300082647774 -0.18707589298873423
