# Created by Octave 6.2.0, Mon Sep 12 19:58:26 2022 GMT <unknown@LAPTOP-P0PV0581>
# name: Theta4
# type: matrix
# rows: 15
# columns: 16
 -0.2828349518733953 0.61598751807861529 1.3581965055501952 -0.23817273508817111 0.72958419299005306 -0.73450587237652099 0.45317765498125556 -1.1728727196250923 0.75607688162543096 0.74741367811813719 -0.28529445711957846 -0.17753489766489067 -0.57272724083815174 -0.72007158502320712 0.30605801597708998 -0.82137585236452737
 0.47546566542352003 2.3457017078913687 1.4489409318190174 -2.1652199811188053 1.7833749309529885 0.40061203914051974 0.98931695337656067 -3.8231435581776432 -3.3521916659986828 1.6459573004613279 0.1752829511173197 1.7839106861145 2.9205808071661079 -4.0091189663931885 1.5406288734345508 1.7844649268010351
 0.15157720375602241 1.2426598602527843 -0.94790551281934599 -0.66851039663398681 0.74575954001494815 -2.7405911571612243 0.82055238718799728 0.51696268120736255 -0.95207813638817129 -0.34512047641935212 -1.1550712387013393 -0.53431284024455628 0.05205894971975799 -0.4481538395713911 0.041835651831555833 -0.31963972820506692
 -0.64333701297382495 -4.9925564185941349 1.2396753954744162 2.7282783089324338 -2.2306672297247032 5.1767860480400554 -1.7874006414352714 -1.3840673473946121 1.3184568049969816 0.16291378925717018 1.4827840531826155 -0.76901284571094752 -3.4241076843774492 0.77365507750498907 -0.44523970214162051 0.090900434302198629
 -0.73006171989425706 -0.41102041666141897 0.92209145343801502 0.43233638630268711 -1.2880187156391421 0.40917241958646772 -0.20093981506785133 -1.9923968515590118 2.8855926621071029 0.56578704246690614 0.49328863760938846 0.74875412188992652 0.72629044700663814 2.6011044306480393 -2.2921918945495543 2.8306284618860778
 0.16638044315347206 -0.01852731572143107 -1.275015598534037 1.2239424009069992 1.3778586940462987 1.2292610116469218 0.027229728834778408 -2.4418641508376351 -1.8531500189404637 0.0034725048785578267 -0.3099868007948724 -0.79650810579705367 -1.9419382303207731 -3.6815351844477266 1.6018937545114396 -2.7643566613720969
 0.4787860582763791 -2.4998890917598398 -1.9171687513961735 3.2420459256996699 -0.63731291683814739 1.5937880629485617 -0.89048159928842008 2.4479450709996411 1.8970305435544861 -2.1390266507467133 -0.16089154882863105 -1.0252815150172601 -2.8063853895341264 2.7245432141192363 -0.054533131650491326 -2.0849932614909865
 0.25012275773822795 -3.8371931934584209 -2.5058199911782837 3.1076820354542316 -0.91700925632871599 4.4960364654336331 -2.8692232424141966 1.7743371114947604 2.9720884159742473 0.27867678957930153 0.91639718210975485 -2.9976197152627573 -6.8359123586352775 1.7483142587939082 0.51778018698120665 -3.4524987658380102
 -0.47168771512482244 0.62213921122281035 1.380741596677898 -1.684520026580141 0.87882243207230348 -2.082223935636017 1.118971755708132 -1.9474492864623376 -0.78505700804270784 1.3809375289405512 -0.23850931058300964 0.66692349661084549 -0.41148438879673466 -1.2181864626147969 0.0062417255971748296 0.050100970420168707
 -0.084370135841948704 0.95897526310877901 -0.6842995852500855 -0.34900385789249927 -1.0685709325910739 -3.7484353528158261 1.1393834486746532 3.7307992029967534 1.3861287737997663 -3.0195572983794969 -0.62853363299737941 1.665538309265695 3.7880401740809098 4.0866480197029391 -1.5748834812153738 -0.42686701256532866
 0.12367166761713362 -3.0598576958601469 -0.33607917616287364 2.420135451205415 -1.437470342146326 5.1007489538488873 -2.2072786047285882 0.36700326553464602 1.9139150506229821 0.4136386509795747 1.3009224242238617 -1.0729958927793688 -3.4794080294924621 1.4461953011028343 0.093021541169361122 -1.1377949392566769
 -0.28415750553622504 2.7030491956109102 -1.5811015542653795 -2.3500258572359307 1.4941030150463133 -2.9426648461191043 0.54833555606327578 -0.037086265961251044 -3.4081464718428536 1.0672337506522125 -1.3600424931008324 -1.8337990573155329 -0.67710605941974966 -3.2193158218172906 1.3990350516668579 -1.9120901321341637
 -0.48074869236252499 0.15934373474912936 4.8901969720953957 -1.5618014797974491 -1.3390172787293975 3.2982399139520253 -0.10176096541551412 -2.3066614392706417 -2.4061638284065245 1.3790274987379172 1.5569355362392316 1.3002340792054059 4.651842970949259 -0.94304274193248494 -0.81050599308116478 6.1012141885638878
 0.14282419209911071 2.6198665068479254 0.13838760724423349 -2.4010152795293451 0.43565733935993517 -2.9663012085406542 0.80442666512660632 0.85381225037322495 0.59248562599921917 0.57808654653965419 -0.56620836130591368 0.61717149901313739 3.6567121392877873 0.94482983317570446 -0.86306280970736071 3.3431066221726566
 -0.46309058678975112 3.9889331157645116 1.1290053927438377 -2.7622890132128735 0.73866811401257415 -5.9600150952514603 2.8476603719859166 -0.78366463372198292 -2.6078197979830087 -1.1122032215904538 -1.5450243534205417 2.0990576519351167 6.2134808254595981 -0.53588605425378777 -1.4953715361659434 3.9079080446736145


