# Created by Octave 6.2.0, Mon Sep 12 18:54:55 2022 GMT <unknown@LAPTOP-P0PV0581>
# name: Theta5
# type: matrix
# rows: 10
# columns: 16
 -0.44586647405754221 -0.34550052901856093 2.9438599970683978 -0.36906445059221399 -1.2565024429976377 1.1354625174599695 2.0888008019041009 -2.1212102362830896 -1.0672125136065627 0.18009696908036404 0.70580015352000325 -0.69211598150548037 -2.7803021658360092 2.8866361505563236 2.7377925400298211 -2.8816520135472743
 0.22958865682119367 -1.8293990955581272 -0.60930032305635262 -1.7794985157896246 0.23646726247457037 0.1811796970591526 -0.62668853924280643 1.5897135336924388 -0.68866728194541493 -1.1417231816950988 0.70730238601159789 2.2521475736153902 0.88155256502812951 -0.19419554708132436 -0.46497341334181597 0.69153047670030121
 0.26269275520230106 -0.53338756573963697 -0.23600976202050403 -0.13679324387712946 0.39713257608935376 -0.10101893929120911 -0.12552187289799951 0.46569893510763088 0.42195751402239612 0.38185537739255448 0.10008252342053386 1.3369259696139963 0.38822018927270247 -0.70140984175226573 -0.37506735984004547 0.49515940703588091
 -0.11243757450442411 1.7417652719914805 -1.1237226578432726 1.2859458231394725 0.18994230416322483 -0.7025416195176768 -0.81235943703601288 -0.47987433997205181 1.2705985516896152 0.72384321092819404 -1.2534581606035686 -2.167790629178258 0.69804625028011291 -1.6786653678549539 -1.0296360725269966 0.8613037653682537
 0.33200558655090284 0.24117984268756118 0.073513969660684006 -0.08031282739509478 0.44244796582448959 -0.10667897791622281 0.058136136796963486 -0.11815337544164381 0.40490600539656713 -0.23847571106079132 0.74761534267481489 0.32102444212380915 0.32883985368245267 -0.3900369483754122 -0.19244061734494727 0.38951397330615434
 0.16391372202964372 0.3489131147941521 1.3504778353964197 0.80640290951260774 0.096797643000903391 0.64783381103017967 0.97338213582353217 -1.7608990693115565 -1.0863228191569934 0.0068094926732458587 0.58885314832878566 -0.27906675250421825 -0.64740395134952067 2.2691034194667767 1.0108623696724712 -0.7307258281674065
 -0.17919486982692551 1.5324436561076136 -1.4500793231425704 1.1798367588920853 0.11449206861520443 -0.54807995429468048 -1.0942835968160358 0.49493007450499799 1.4146727414570734 0.56635823386834316 -1.8549039579644955 -1.8180716365704865 0.89297707847535768 -1.6472716686843123 -1.0644291948274214 0.70728743655169435
 0.3196997267417519 0.15966219883444804 0.20880771057890088 0.087201454731299352 0.45113606462984868 -0.1953074730924918 0.079737962375136848 -0.61469620944345804 0.48732919963945664 -0.16021595453015422 0.91886096717174703 0.23038197581907677 0.34220041359528974 -0.47639207042299131 -0.14654970048681695 0.50404103425564972
 -0.33694107179121069 1.6005222697922092 -1.4531903937780779 1.3187518883104297 0.12298086319968088 -0.83925610420356067 -1.1099330951136337 0.34760641606175441 1.3535622992204874 0.72999149360619464 -1.5971432355888096 -1.9835383186742741 0.70944368043085382 -1.8106380972453471 -1.151845320218299 0.85277574761907604
 -0.21577599612276369 -2.5279443752873112 0.18891301582446204 -2.5712782475158815 -0.81159335347909733 1.0348265713655376 0.4004523220433529 2.1887123564829731 -2.4012862704913065 -1.3378635591741324 0.68988734767511029 2.949784670382444 -0.60289056689724108 1.6269166416236827 0.22268590064599497 -1.2477517027500995


