# Created by Octave 6.2.0, Mon Sep 12 19:05:06 2022 GMT <unknown@LAPTOP-P0PV0581>
# name: Theta5
# type: matrix
# rows: 10
# columns: 26
 -0.8037083954975609 2.1643518113956537 0.99895175886382281 -2.1319148170791937 1.6622360066511608 1.0246327571642797 -2.9568547628440069 0.23574589374633423 1.0046474345462417 -0.36179920685791539 0.96110915038870159 0.49369705826618127 -1.3578584354548699 -0.85808525609332686 -1.1074311144791833 1.7259839958648322 0.9924577209156128 -2.7951076669967843 -0.59326967373859829 -2.6777642856839194 -1.6812865961006951 -0.62670951083294968 -0.80135921939310639 1.3609828188962922 1.1093649665434697 -0.90333736220317484
 0.1087384434649921 -0.084626718290374978 0.54510789630029011 -0.98809640663067211 0.50775488749690623 -0.13705507602273634 -0.73051614416854171 0.38351825753655111 0.46958125922306992 0.22086277352765599 0.38501295208410158 0.025718031550914303 -0.35829333525961476 -0.10555852053532082 0.37098794840413657 0.76462873187300617 0.93797718599806157 0.33210036084339623 0.10717471697732585 -0.47933966832818309 0.61235112400358305 -0.1601763511061895 0.52500977923609093 -0.098994714066141257 0.58462863288296418 -0.72724946142826485
 0.015661422747058309 -0.82617889097220554 -0.24787796539803264 0.033550927898107562 -0.69219351127460038 -1.4837707413664547 -0.18625882320286546 0.33603871619395054 0.09389744244825203 0.58213691969096892 -0.075967680121983544 -0.54181012925579408 0.44481172212986919 0.18314395244387957 0.62480228240083979 -0.20710440024597757 0.42631498199559353 1.0510389045221693 0.22375988050902546 0.98413273054193851 1.1028277990092696 -0.038151522711830782 0.71851273701504481 -0.68636246386626176 0.47746530778061613 -1.0559462607508965
 0.18936770503710124 0.22239951354380805 0.57533553094303647 0.42043263280174581 0.4628389471787232 1.4313840143363978 1.0617584957587101 -0.14970093972115897 0.04336048981513535 -0.23610762199124719 0.62952297160198101 0.75403807294338498 -0.43309783343286523 -0.46622044376118577 -0.33929853683003464 -0.27599109111932846 -0.20257082771532212 -0.23730225757523118 -0.1868705608363527 -0.31975654202997361 -1.0738588342971351 -0.35219534910625594 -0.57467848064167315 0.60612665875639316 -0.57074297421928333 0.68223170859925508
 0.11595413742100757 -0.57102009937869591 -0.26749886906476333 0.74942053482977056 -0.5746215090341168 -0.56140695583581179 0.4244570978577864 0.20459633053927306 -0.1000246221485955 0.40697471394748091 -0.22593401530449264 -0.2515418870469221 0.57647391021675676 0.087789961614279197 0.50443400226844226 -0.36594991865836818 -0.044882546975548145 0.81969583876157237 0.14316683399092531 0.92978319177705149 0.74966559480935757 0.15089583187725444 0.48839803348068311 -0.14867631794864156 -0.08954350051573251 -0.19574520861715689
 -0.012514381135790188 0.69410062365429825 0.86598494363341039 -1.3585569956989316 1.4855511623779587 1.5210575378022451 -0.40099549351142888 0.45999950140757634 0.51268020972851258 -0.11037488135669524 0.80967314364834841 0.67252717653163085 -1.3402114856763778 -0.65720807809509973 -0.23417466330616774 1.1107023393375692 0.78529124728025113 -1.0984148362471844 -0.27425580651130554 -1.7451300744558753 -0.95030390725760894 -0.51647151565313965 -0.34521944753161149 0.62245714652180384 -0.065822089236522746 0.1090082036923174
 0.24880694460871447 -0.43111895506386833 -0.99848505931715958 1.4257809081736024 -1.1664667043515435 -0.95225338704600071 1.1979850596019903 -0.80194659890089703 -1.1677134280585653 -0.41783005134517581 -1.1204437841847783 -0.39803412562299556 1.389267528927298 0.90883234896744836 -0.1700185124834826 -1.1540122634088796 -1.6851481924980374 0.53387573807365607 0.19247240899867682 1.5482024483206425 0.29427422423451199 0.81022013235576995 -0.31267786513165102 -0.71316984029836672 -0.58174017515936249 1.5225689543869534
 0.14360090810969953 0.37853926937786175 0.44019905622982503 -0.58330746429514568 0.54180637110195673 0.4431252801966461 -0.53041122933132867 0.38305789573483251 0.71796875326633669 0.073168630109371774 0.50365480680910069 0.14319927066219651 -0.44023689907807012 -0.053527876422642486 0.37583948669317002 0.54041044708686392 0.81320331451917893 0.099173575912966314 0.066166449933256877 -0.72251703806651257 0.095367613710546223 -0.20778510958046106 0.12449339648518271 0.36600993061711251 0.37554558339769822 -0.5640477867899466
 0.1362666464081812 -0.21993600747563019 -0.12302346728066986 1.4608001543439311 -0.66774176050953593 0.96290553187889594 1.3130236078194311 -0.47270317274378043 -0.33778535902104745 -0.39405058001814042 -0.10467971073133044 0.51951291578103409 0.46861097645956995 0.061980361438131487 -0.3985515657524597 -1.1429739244799872 -1.0602466151145531 0.18900247386540886 -0.17228280946957508 0.96694579103517353 -0.73538869811607288 -0.017021973623397066 -0.5544975673366177 -0.0043359685126874324 -0.78099253158942783 1.1803038024764125
 0.06443561516398072 -1.5696520142080357 -1.3878822702936435 0.93730223618521236 -1.3472001358833501 -2.3583366985663274 0.8124656715727927 -0.58794940579972699 -1.4882089259906779 0.25094784024932865 -1.6593039111412187 -1.2747564102721431 1.0408530648288643 0.72509641768257305 0.76377427997526193 -1.2506992137603599 -1.0665033086297298 1.423770562260509 0.44885953413164653 1.5334798997156647 1.6162578988530081 0.75900781909526516 0.77677838628167784 -1.4692416575429414 -0.64169893262966138 -0.1566540495873833


