# Created by Octave 6.2.0, Mon Sep 12 19:10:08 2022 GMT <unknown@LAPTOP-P0PV0581>
# name: Theta3
# type: matrix
# rows: 15
# columns: 16
 0.023071952692167778 0.038259893503597868 1.4938755977985292 0.50431413797437963 0.88120438423634517 -1.1803785187340452 0.60334686150016859 -1.7487882864187336 0.41383344817663142 3.7436097698710968 3.0339204562222983 2.5946502672432437 3.0862099370938529 0.82501839014950096 -0.12851234284763255 1.6424571892268789
 -0.21033612233317275 -1.2637434554165665 1.4123449746495702 -0.67352675582175148 -0.38582955672773434 -0.25583694579936506 -0.16995924446448474 -0.97126964769839708 0.87916412936972477 0.7813649547125141 0.70034283123340979 1.2043179334811716 0.75557684225344079 0.19699191167392749 0.49055613565718725 1.0515260828670083
 -0.38986951078170595 0.25183538639715708 -0.2912689376879648 1.2505077101007613 1.2682061852139264 1.3151838606898172 -1.0633988291875374 0.69454435055998021 -0.18319643747863287 1.3339210231967811 0.34543508671832263 0.93395925096500021 -0.30776285132950132 1.8702991804344706 -1.6571898406659951 0.72959038006335908
 -0.18330288421260335 1.4087210931209724 -1.4967052105300651 2.1208610212978667 0.15068398464874527 0.86521338878404108 0.73467195742245028 -0.12827283908104795 -0.39600863260110036 2.0366407726429148 1.7662061782114038 -1.1509018191411193 -1.039424672874397 0.26619254068992593 -0.80660703725864102 -0.86503247896837265
 0.096092609061465509 0.55638896614049449 1.2627865362786983 0.046113579065371439 0.42185538823437746 0.11547155534588772 1.0207327736368244 -1.5429917539650033 -0.10082612922472377 2.0605532181821693 3.2359144900442978 1.1113371701603207 1.613146718579781 0.46627525998204516 0.048335007932894802 0.68642453292860395
 -0.69848072629360358 0.18917025266117576 0.72415425477641671 0.82833415791812159 1.3710625219004469 0.46051565137006439 -0.58026823282605466 -0.67892868844478516 0.37269808383258857 3.2317251766868242 1.0635193975218662 0.55985142130132703 0.95279810384982966 -0.94709987124939699 -2.8158592812440046 0.2374210715413281
 -0.2897327143331031 -0.65993631632821637 0.99556729004440059 0.5627202994393451 0.24767948595942746 -0.58452211192701853 -0.19690202417464944 -0.25459152612409652 0.20863510116672002 1.6365932560087395 0.44387300300242244 0.94724155534445731 0.45196427818033408 0.81584090378451413 -0.43068888739327271 0.64289083494498778
 -0.43676190266090437 1.205067948443368 0.17804136193528214 1.7651157540617859 1.9595510605639572 3.508567902464673 -0.31738656143603683 0.052242046069705117 -0.77697663627273683 1.6470105553195771 2.7323024671559115 0.3589280195788962 -0.88425503459503441 2.0655264709624768 -3.1102831917010132 0.26309155416562729
 0.030575988272652298 0.28655900741885948 2.740092350626623 -0.40445808306820791 -0.92647293826323474 0.71529975802569601 1.589900666238812 -3.1875555153764275 0.44633910436123231 5.2429846647627549 2.8581548586022612 1.9349077803199173 1.8557666557532626 -0.2092081661280456 -0.64251179696883165 1.0897854403999558
 0.42215019122032604 -0.35485297488062723 1.4497172898784918 -1.1530092741283453 -1.0512243211863921 -0.29608805953053646 0.88306733685013539 -0.98212583483724647 0.037540271407223817 0.69919053414587184 -1.4169521024800986 -0.073061398819560155 -0.065605087581976834 -1.0638779890642114 0.52236337920168119 -0.59473928876177318
 0.59556058024685954 -1.0565176861508172 -0.8662878419528105 -1.405315182287179 -0.03424935565203787 -2.6715923432768993 -0.18642796313139015 0.49453726762745392 0.71005534206022869 -4.3365140758964529 0.65276509555180207 1.3017913529206582 2.5073052884924865 -1.4879739656137365 3.7367306050872706 0.87082012359285688
 -0.44040090117351482 -2.0319212251012542 0.985044288905639 -1.0932452886151147 0.85009719073901591 -2.3532578177700989 -1.185299946072236 0.53627270083446732 0.82592306902820334 -0.55481703605927946 -0.14470354621464263 0.82627315720594585 1.1436363335594866 0.64645183644618964 -0.18266141540314998 0.96137424663425253
 0.51731114299546177 2.3310679478148253 2.1220238469936059 1.9897806454446503 -0.28197476212024619 3.533141438143566 2.911845215356474 -2.8178005695528672 -0.46969697826284046 5.6790417497123267 4.3326814761940051 0.17872510134235486 -0.86507477103364061 2.0841382009956186 -1.52515318138817 -0.11518995242947831
 0.39616529932845579 1.1255532809750837 -1.5237400996135577 0.90533130624918345 0.75318182363153263 0.76356389878881537 0.061544882581167394 1.3964710215497591 -0.66180746341623309 -1.2791434745408958 1.3875271126352364 -0.9670016131566026 0.55288758385312575 0.6009652560029205 -0.17518673615787003 -0.20631851839523468
 -0.027466962050010171 0.31047482492737494 0.59259391414473128 0.32272990636130489 -0.33683890141854905 0.87244396076891795 0.67983491172562649 -0.6491432779133729 -0.169016711832293 0.17893278302992743 0.88922637905158042 0.2372596533698271 0.084222581563835788 0.30462849779375395 -0.022817357645289381 0.35321314777668311


