# Created by Octave 6.2.0, Mon Sep 12 20:23:38 2022 GMT <unknown@LAPTOP-P0PV0581>
# name: Theta2
# type: matrix
# rows: 25
# columns: 26
 -0.014692372214127364 -0.25628879577845509 0.20093836469426565 0.2256294993226646 0.21110747366146579 -0.12596856539865181 -0.029694591268451864 0.34426215712356245 0.067005222212426524 -0.33523403090583981 -0.031502053355863348 0.10183437876784876 0.18276472862344315 -0.24139014013987597 -0.34412289355609665 0.090972765394033567 0.38065261851118531 0.22101346567508759 -0.39825839520346434 0.26595526159684946 -0.13811125842330432 -0.34654758612900177 -0.30833249195601747 -0.041779579170646286 0.11559104527626124 -0.066244757478137462
 0.14844764815507308 0.40986021760774999 -0.3016097502149705 -0.4510015629905173 -0.16934571197453141 -0.25760957090469921 -0.015559393149888289 0.0024755366545468143 -0.53676484501776445 0.15059157508391779 0.30561759191150867 0.23981494752541491 0.021114493182673319 -0.12483067645786493 0.29239931156690357 0.4726981318872952 -0.30824274144379671 -0.3307478284652644 0.54156022625161271 -0.19342745867856834 -0.34239706198814257 0.032629714683887166 0.34719334783232225 -0.48902564779713703 -0.03419586776356083 -0.037972008513377557
 0.12374797376224121 -0.096105548528090265 0.058006880762820651 0.063610431293222899 0.51256134116289631 -0.50598033475257098 0.30284315119816763 0.61546453807309687 0.31139531858627056 -0.32583416986001795 0.78581995114961345 0.14194466169171691 0.20031087296723796 -0.86892828149705248 -0.43574355272720866 0.64795083481155058 -0.052293333034122383 0.65011634047150424 -0.27214044324803793 0.24007074526446862 -1.0432241399373305 -0.74578273239638804 -0.055271877557710548 -0.17300792553403171 -0.1674755952154118 0.0050478637143804243
 0.096746222589993228 0.34844360257232254 -0.04666879644339874 0.23219976999181946 0.3511278665429064 -0.14634559895214624 -0.047195856306488961 -0.0024421643009829193 -0.077711746440896248 0.029732775425064809 0.26460433443281439 -0.22547539508578954 0.062098419067562305 0.027120870162052522 0.1146029450993528 -0.13148327414873393 0.071171130364910351 0.37333954651414558 -0.11607623739887574 -0.088734110892959003 -0.0193694220229579 -0.12621963845700912 0.075778182332480987 0.16816522369338596 -0.038836443631957623 -0.0091757172424431453
 0.31290927167774663 -0.32130763460481915 0.15272390777254222 -0.059574619795035595 0.091371039515170629 0.097721195645792278 -0.055659186535085364 0.45342175619420599 0.27086094851513259 -0.4309318282056131 0.0019359287700723411 0.30960410005965 0.17805205571133217 -0.44997699178548561 -0.37224287061035211 0.27591471552768326 0.3696380051943961 0.20136948640234628 -0.25125507609645537 0.48935562517867415 -0.34978085667726105 -0.26728713186787584 -0.32268631761142474 -0.36295866693865958 0.076492888054967498 -0.1578693988032735
 -0.099069767365457057 0.5055301837406222 -0.53242867022473306 -0.35571760333913138 -0.65197512290810711 -0.036652151687421933 0.14917310204251935 0.015209478990925205 -0.71600652322055736 0.44781020528849091 0.23335009887792815 -0.05679606640391708 -0.15564526388093053 0.40900500250366195 0.34762738980517954 0.27633359940270202 -0.50205792140954575 -0.79811102186118266 0.64013793502829164 -0.68201077166583379 0.0011906735580230051 0.66595951005426479 0.6516918411921766 -0.20252589382502434 0.18249862053219962 0.37733889552551703
 -0.07294745174797615 0.13788553303805332 0.061907341486921744 -0.46872587940023014 -0.50470886719289565 0.3697767775329403 0.015022013134358685 -0.40772750555873905 -0.34118150316485724 0.48388065890211496 -0.68451963519448622 0.090528548980401871 -0.1446623421861444 0.82665502060426099 0.52023109224031605 -0.3370743309954301 -0.13052784995112857 -0.76479276648660954 0.54332066148583924 -0.16522904620889697 0.8207483712237702 0.7216319699893895 0.36377614499856914 -0.15534200489482256 0.12505726927133984 -0.045357284549501109
 -0.081054479549104649 -0.24638619361682279 0.17834901227016031 0.4296651714841459 -0.18032909573414035 0.27624177199251754 0.1672024197285388 -0.052267518896803901 0.24418717450922353 0.022318681383598344 -0.29228970275202132 -0.085267777519407173 -0.03425362126660414 0.032107327985387527 -0.1737267697399458 -0.16503204625209394 0.14791378004862862 -0.13647770509197862 -0.10855648725989141 -0.017468449751553219 0.20796105869519108 -0.0021316687014077298 0.15318797963188827 0.28971536051508268 -0.1223038356102553 0.20118947588099781
 0.0044399175117240727 -0.22429704477652748 -0.30971535836105912 -0.27766491659698384 0.22015334012440207 -0.34676503837148009 -0.032479710616104177 0.29395176492238084 -0.11953178839435348 -0.083154017948306014 0.12539499056324102 0.21638619028617148 0.11246582315024743 -0.56048831994916859 -0.048975477783410992 0.65262768770169188 -0.01454459161843116 -0.080544686408206237 0.2101449518158604 -0.0012551335425545027 -0.59862774496415716 -0.39813386877357027 0.059845370111406011 -0.42572489787443724 0.13913749611525617 -0.20268652402037118
 -0.10351510881404738 -0.36710965422638742 0.073057805418016084 0.01242391089854286 -0.74088209062180244 0.57877891110560642 0.16156596486784991 -0.58447327881026867 0.31210960119633807 0.41061327375559575 -0.67534713141873903 -0.043779417177688698 -0.33304043105814313 0.7881498208355886 0.053865807374777995 -0.7165287277540473 -0.021760807090543653 -0.55126563431884379 0.027777419945780955 -0.1252848814359972 1.1773989819479078 0.4412625080215688 0.0994923837590308 0.55202396233034079 -0.12489166743201885 0.35240705130286665
 -0.015985048952524457 0.087399459224385287 -0.61329650499906774 -0.69546590050857959 -0.63812924742862687 0.051235222223702574 0.20461642368088459 -0.048423781968706302 0.00679399988799938 0.39847631377465426 0.2463240207915203 0.078771434817374114 -0.1901331335220571 0.21439236124226529 -0.021280963297450689 0.034295936190375187 -0.7558958367557933 -0.42887718659930774 0.74103991287907012 -0.24398320095406453 -0.31655656765654216 0.27703610040390708 0.429725120102251 -0.018678888242680044 0.01161144782926302 0.30639962487949995
 -0.083439240099077189 -0.62507710455980581 0.43812721663249904 0.94049710040687629 -0.034580121372378765 0.34179043007570598 0.0048598360461503901 -0.17409536663736438 0.61159697205092323 -0.021729857485799611 -0.71468314095097873 -0.23314435947125553 0.071924120467883809 0.11730339112934544 -0.32233972824404322 -0.61225304423011118 0.33270294851664511 -0.19543858897068336 -0.50570462731052346 0.1116750935536657 0.60273484269718325 -0.071643120207160266 -0.35204205035386932 0.51973199000583947 0.12948279114935904 -0.10498189217272973
 -0.023020814440190312 0.45018404068380552 -0.4858384740330306 -0.57081699334374525 -0.13366643174873957 -0.15885696628664159 0.13758951351094681 0.11114002854764575 -0.31443206343774233 0.21235144612965121 0.43737701109526422 0.063036087105794752 -0.18035670993685202 0.16539368521090736 0.05741335714320718 0.35596126879295276 -0.45655226533884519 -0.054197318922468728 0.4606939946666968 -0.28361099273498203 -0.40015435505931884 0.060719904595147513 0.54329274985136744 -0.17715691997548419 -0.23849035290452894 0.22248318651665333
 -0.054524162055855037 0.09602896672985714 0.10575871853074316 0.23244514890142653 0.59255094547670406 -0.37124851837156042 -0.19346715730092856 0.17269782258716154 -0.18887598458624116 -0.33829592306976064 0.27114662014506963 -0.2190307254293187 0.20806255454833111 -0.42533524800482841 -0.076290258808462894 0.38812485820223103 0.22112531729262008 0.47692366465802105 -0.2458190200091365 -0.11057770729974147 -0.25493377589125793 -0.42288308294015053 0.0091653885732073028 -0.11603652996530081 -0.22757632134635608 -0.19133834613606951
