# Created by Octave 6.2.0, Mon Sep 12 20:27:23 2022 GMT <unknown@LAPTOP-P0PV0581>
# name: Theta3
# type: matrix
# rows: 35
# columns: 36
 0.092698988524255746 0.58829062962354539 -0.37887871533664491 -0.2109954337726348 0.27007983681769676 -0.11836095078111093 0.54463807380528761 -0.94770220602597766 0.8878409162176345 -0.50353295706462964 0.046835093999215267 0.12908681903162814 0.11868001373132769 0.10294602766511196 0.69939598825885807 0.75353844814583604 -0.45877551190781085 -0.44663420469767545 0.58217275213824082 -0.26393324284146585 -0.10099386126309645 -0.41085903939606744 0.044256587651992592 -0.11478051878598383 0.16755853842380131 0.37822430636646498 1.1743503450692623 -0.5939497742240023 -0.64263375026372838 0.37195468693089295 -0.23135897900526928 -0.14744810785096982 -0.52886350268584381 -0.28027374678696715 -0.21119800520216611 0.26147489568562104
 -0.1546977761570007 -0.38779234825148956 1.5575702052964999 1.020256955685324 0.1262159654122329 -0.71539073624219962 -0.088641420039394028 0.50498530022634514 -1.0943982994123778 0.10108073109312646 -0.24058333732227125 -1.6076511809125769 -0.48063130231099493 -1.3679063161359639 0.13917874363254354 1.3545038367826536 -0.12061565410492557 -0.019741791894047487 -0.37927215458632868 0.54615211473481384 -0.74295088058819891 -0.49911157145140417 0.55748932097321524 0.48273650627002257 -0.7474029501609416 0.088188934297873486 -0.71006811205961007 0.47353411882015051 0.62659548047891556 -0.56340211309559896 -0.20463812146202107 0.78189317745578246 0.018296888955630999 0.62747511061070504 -1.1052708589196163 0.78534309372808964
 -0.013529178036265875 0.56824461674011151 -0.16389148382624477 -0.074571860710283266 -0.069104355978837351 -0.085086587678804657 0.34293113048611867 0.29778591229086782 0.19043396701726675 0.3050150010920144 -0.14253270002230015 -0.2951086491016946 -0.4674619026026508 0.015993050039073961 0.0091883141949485464 0.41404232964616638 0.35142951629150498 0.30587470627892543 0.27466109498174335 0.23526075033135441 0.068520218805015853 0.23117715862556959 -0.44878324226085486 0.0014544876652168425 0.011999703000411895 0.11889112190450374 0.33020804840262141 -0.18777844816902051 -0.062711055423000872 0.62891806755129853 -0.053796991000450871 -0.22797434797224295 -0.56564308226348659 0.071258056165231676 -0.20084341819114834 -0.15916854756178936
 -0.23232605220519173 -0.11069956631590674 -0.49019867923938931 -0.14987518480934292 0.36464476861948869 -0.31888472899828507 0.10309267753693466 -0.67726832868624698 -0.205002539615812 -0.48482988615455275 0.54445789485353679 -0.17253361710472756 -0.030335040714315132 0.40877993372016613 -0.41013675947808514 -0.57076923471706142 -0.56577577351918273 -0.48497171301703745 -0.54801697261241944 0.011665942608810854 -0.1201464090482601 -0.34758947532157125 0.21272037604765179 0.49669332551133366 -0.53829123015289693 -0.29847504968128785 -0.20406192093824829 -0.27815813100049253 -0.13512238536348872 -0.53469527638434211 0.41054272134546216 -1.1001825720096488 -0.18273965817311386 -0.24206224480700705 -0.45863805539187619 0.18334217012100834
 0.018300509354116951 0.11266132837328113 -1.6875250413201526 -1.0646038195987368 -0.21116950239170496 0.35303591465746692 0.45102133274310013 -1.1114810685066749 1.9363167179121341 -0.7995233401843771 0.43481050091759899 1.5378411317099128 0.57747431650138548 1.777413710034158 0.183860691749929 -1.9383871623139801 -0.023629270701181933 -0.17901896763239089 0.35642638453697389 -0.67098072882033422 0.62675130461083839 0.68899599319711113 -0.53447133297756333 -0.021992630044617659 1.0718723728257209 0.21884850713869436 1.2318216444930015 -0.020917851549726672 -0.88816787748383896 0.24662938884949501 0.19927295279535084 -1.3646350576928141 0.071420422856412549 -0.66038617323845006 0.74239116787839854 -0.03516152105310922
 0.18335537456182885 -0.22492076053822826 0.62897610873442755 0.23762438070068176 -0.4663408226907928 0.22892492537519624 -0.43435022405316992 0.25233206718247014 -0.11004231617187246 -0.026157813429474801 0.18776824534894451 0.46730089652587731 0.094067610878751831 -0.23259759094127913 -0.032630109618602028 0.30735264942456697 0.47859572461173083 0.17251189935826369 0.032065660333176753 0.15456906859985853 0.0092167923803184587 -0.35153149640168085 0.031978540438620473 -0.39214672705984399 0.023852363792978185 0.49572409770860748 -0.083768567161831883 0.65647975346074561 0.37612598077610748 -0.32175669182683814 -0.17350769065123894 0.38660652974906234 0.28117646778747007 -0.099893350241965176 0.21616262596958427 0.14060490254151392
 -0.17990236300707255 0.18738971605912425 -0.3822462206062584 -0.21515141644221106 0.24437627081966151 0.055542413608076525 -0.48007604859627551 0.87626307034084527 -0.90211065579931637 0.76074081071934896 0.94065869475411412 -0.025270305342303494 -0.65920527666744377 0.30756113186905443 -0.55503375961273338 0.16990408129632642 -0.20412272508852497 0.38905018301068262 -0.45719130497410509 0.26958495237900809 0.1866699264425945 -0.5640468132265789 -0.11460347358064034 0.18529802717770927 -0.6632080071186095 0.33237994229264023 -0.58558661887444574 -0.15971424467332407 0.40612566098086944 -0.30182948727340153 0.47772110032038018 -0.6300727036740561 -0.57983602976994142 -0.16972855464557535 -0.61452214782129544 -0.3920991150275126
 -0.088467561036727663 -0.044478236954884426 -0.0025995036965440906 0.43118208106800709 0.54608662608440639 -0.42661936437895781 -1.1015432834041361 1.1544833845225413 0.27092198269623047 1.0775121972039849 0.33358255226006828 -0.1440308965809774 -0.25213097646023636 0.62472106741481848 0.67244058187443467 0.28095021385598867 -0.91608126383493527 0.72261397980194775 -0.022356536881978768 0.29377171630422688 0.79432208932188186 -0.32798423575934432 -0.032410520581574821 0.39113909216125015 -0.66758134579728245 -0.83162886531678104 -0.84717410381079938 0.062051620238894198 -0.50283461800643348 0.18066785579087466 -0.71895683183269332 -0.1808992572715277 -0.55394006611666113 -0.017512202339942818 -0.11818589310178994 -0.12779457895054716
 0.1943750781497382 0.016603651882262004 -0.26964477019188438 -0.48044111927279887 0.12449945024277373 0.47473037832767789 0.23359297214585881 -0.7453793662520376 1.4772206577619038 -1.1521078687332731 -0.016540001806094239 0.73123602918810582 0.13513582248897973 0.61464949137308689 -0.11007892468637186 -0.60438488270261226 -0.46827889053279764 -0.5406055057378174 0.11056854182719786 -0.80514810274636928 0.17386925349783325 0.22179602358711933 0.24809723542057388 0.061412559562572522 0.50717550441750325 0.21911881553722093 0.458920205817958 -0.29135312250580009 -0.64661426751782247 0.29485454407644585 -0.074760677946098114 -0.10589483083437784 -0.10877423289476859 -0.72223865063783599 -0.022952922214748775 0.026924358396279952
 -0.084611495531851655 0.24724256717732343 -0.62960769934531791 -0.18241263582641803 1.0054043514582156 -0.088028699331539867 -0.31153054910019468 0.58186933579914368 0.032923002640755553 0.37511898954876077 0.38795553411793238 -0.17081051370413144 -0.37822056691439954 0.39648199037426907 -0.063880855197006384 -0.25233091958997628 -0.87267648284576693 0.21819188662069391 -0.16932887282932618 0.013657189111284405 0.28374296101616253 0.081130236808043155 0.084626276717311988 0.33657110032735549 -0.45366438426649586 -0.2301277328652131 -0.68577524087482555 -0.2441939929610607 -0.25838737492272001 0.11944961489817044 -0.061586180609553905 -0.26917255176740357 -0.33685318107706569 -0.34267360981288941 -0.48127405197014633 -0.31672721015315491
