# Created by Octave 6.2.0, Mon Sep 12 20:05:57 2022 GMT <unknown@LAPTOP-P0PV0581>
# name: Theta4
# type: matrix
# rows: 25
# columns: 26
 0.13740870166232882 0.33360335335939567 0.40377215731527677 0.11261881101903924 -0.23849100907038948 0.77445098621093988 -1.5084874892707607 0.012566525289827527 0.042313643332569435 -0.036904025695945114 -0.36774451080880288 0.79520287868052331 0.57137583411634019 -0.083546468653802053 -0.80130318422180491 0.2344783753364596 0.57447037422549962 -0.29221041988189367 -0.58648944381755841 0.54128180132628279 -0.83187019186267541 -0.17353493112871302 0.70962330383012218 -1.5702606018300163 -0.2496178867630936 0.87944376636706334
 0.14311986496225629 2.0658162378507106 1.1524572260889789 0.36210701097148645 -0.88643213709851487 -0.5203428791095055 0.85801383792659069 0.13905151949782327 0.25371136310350068 -0.277621552643114 -0.074532978416123136 0.080406481857728543 -0.36659831069685989 1.9749069081950548 0.44685960115937201 1.2517875298780534 0.21630557638371328 1.3900790071456 0.19359817383633535 -0.26329232596971347 2.5100869308875837 0.42301834090378709 -0.64221891176853052 0.12275534400308193 -0.27475540254553898 -0.27427029916619211
 -0.20675754724428519 1.2243270925481833 0.0057680125624932996 0.55090996924382429 -0.2592490132666071 -0.9191185713573633 2.2145096834334637 0.32127992060308058 0.4045998118832137 -0.3452183521030448 0.14754102174787584 -1.0099139254664593 -0.20158152079979377 -0.29236507335792961 0.86775666059854872 -0.13184894419438448 -0.70795817598854105 0.23084478562695077 1.3479474279642789 -0.94308526386640978 0.43819742054473093 -0.054040927973598073 -1.2008774532464308 1.9036691126337404 0.2196132824843112 -1.4192868950138005
 -0.426976486687004 -0.60391413473350997 -0.62327601737089289 -1.2067569287090099 0.32685700534467654 1.3525037676932283 -0.51130705719168246 -1.3640207957408603 -0.76980679926039941 -0.89009390077415129 0.15175358606565412 1.278784739859937 0.31801100693760709 -1.1414599276197377 -0.5693697244470034 -0.10871749457727015 0.70776112745231823 0.1127237513373697 0.41105512168261449 -0.29959217525835319 -0.16158788107043676 -0.41404790788880769 0.24763521570446656 -0.55871778442948861 0.95192024897407723 0.37477054726740283
 -0.18757895539800823 1.5850622430672936 1.4405822542291331 0.16457254831914789 -0.58177499026289714 -0.46305809571887785 0.034292076226690865 0.42237664749469128 0.024524146513656375 -0.02693074429669089 -0.44062215931974763 0.57678747277993681 -0.14914222679808098 3.2207679734105801 -0.88990065741310398 0.9373442737281662 -0.38962971314529338 1.2637953088266212 -0.516717312825963 -0.16504854285406506 3.2800267143697046 -0.3107049818438512 -0.45191397910002151 -1.9358248319453537 -0.99766785797478308 -0.83277625704814251
 0.10387591594865439 -1.6646582212809444 -0.6352304040264245 -0.71480850064330792 0.82258452326408604 0.51432334181014394 -0.4942550917804428 0.027319680741386177 -0.55169617842920793 0.23286899723168883 0.22501831866641228 0.10705044554466597 -0.48686350071424606 -0.24480708661472697 -0.95042859212968234 0.076421294027716441 -0.40343574567217988 -0.15562732857586251 0.12091068662623942 0.26319458402491103 -1.0302179191955756 -0.45949372808484779 0.16042422019008917 -0.2927784941287756 0.74909644204972281 0.58623470797898591
 0.17454393156709097 -0.45523923290056817 -0.68694993141700311 -0.45128846911971793 -0.53149948513521417 -0.64189781760155662 0.36295502646692268 0.54117082799267668 0.69974775082840801 1.0147552635277506 1.0035530621636004 -1.0459066163698656 -1.6949108323766915 -1.0681641288745405 1.080916265795492 -0.65222165495954154 0.072309807172724075 0.33875143453421913 -0.25564003335345797 -0.0430699189241351 -1.4989007814991482 0.48832425235459026 -0.42701072199451562 1.8086999979058764 0.76356655168995891 1.0546074285321549
 0.10334223153772155 -0.42473856330656756 0.28234489721039163 1.2162578891604459 0.75414128689331206 -0.21399192145289037 0.73265090700014635 -0.17477490145144814 -0.19721021016040152 0.11661076730462874 -0.77964277595842235 -0.86554788748615896 1.1789035739791076 0.67066783147617004 -0.61401116655746912 0.13942602270321519 -0.73544087622272414 -1.7058486193443139 0.34156317288331034 -0.06849436999608001 0.46927579609631559 0.31901738122783374 -0.22418733817187769 0.92028796194229445 -0.56114589386060565 -1.7803604780499878
 0.0049080870607320672 1.2871360993839307 0.20449565433460587 0.63013730403915191 -1.3406549624884005 -0.78575700233190759 -0.33478960940826297 1.8718333489317482 0.78050763502473119 0.46814727773795861 -0.49296602993118643 -1.3627735682715618 -1.4758559190273792 1.7900627422339987 0.45663197813975537 -0.057438630498342559 -0.41814550787489696 0.50669741990239292 -1.172427846690604 0.51035842311723789 0.69164546715772723 0.69770946245422161 -0.15015930470857922 -0.67459653192307645 -1.5910811752012912 0.284367635933858
 -0.053752024588063489 1.158228751134678 -0.66745243884815408 -0.3422147536944215 -1.3978366846424035 0.45118339011735209 -1.009224573799707 0.3263001420912004 0.857956977150232 -0.17793426294466294 0.58711603690896763 0.0010100787282332612 -1.0173117749665774 -1.3951251057342946 1.7064241666956041 -0.5904860315532432 1.2604954157105077 0.84488610251748097 -0.84724849911199107 0.23656813853635078 -1.411310397595783 0.79204224700418957 0.58661768847388263 0.3180868069952012 -0.025666282835645714 2.0287554362213136
 0.21059007177045011 -0.63289049834042244 -0.51590446402940215 -0.57011578916888273 1.3002613774677056 1.5727050941779042 -0.53781015310984981 -1.7076400505035718 -0.32473022167320398 -0.29782450999130122 0.55684634639839603 1.2083019810725235 1.7390662603230822 -2.3857357169542368 -0.2848716027712993 -0.426094978928232 0.51801877477560032 -0.40545146546892818 1.1172407092423171 -0.27571417175986046 -1.7164585382328494 -0.44177722183249657 0.72605717291566219 0.13883162194548981 1.2065659456508433 0.57942453875457756
 0.15058619909184262 -1.6051120660397891 0.064245404836209011 -0.96140531985744715 1.1652645608335181 0.21516690374878028 0.69111568464547068 -0.71463525246321813 -0.49345969930937977 0.097277055090134887 0.1158062286881857 0.56685437815392492 -0.15373257469481713 -0.26656988629916017 -1.4635485151506349 0.42166885986768826 -0.5179578605210633 -0.47131919421552659 1.0015461791941125 0.11989719508835209 -0.2920276505266769 -0.73901968022929265 -0.46086367962262365 0.23046781000481348 1.3880680838957915 -0.55828950035334346
 -0.090389461163365381 0.51944685035812188 -0.73297339053676969 -0.080282713938369596 -0.61557921373810276 0.36160167914506275 -1.4484118120843614 -0.5671003007507962 0.21694424435383364 0.027520771856398538 0.25385059390780912 0.17431747536495767 0.64854413901952956 -1.6650267511129939 1.470567640357646 -0.65540341984234529 1.4350675860960982 0.44512699892949403 -1.1615467916030708 -0.027271539285059945 -1.0282307585726347 0.7040299160069482 1.2181223928114548 -0.6718982748484007 -0.48189812163735241 1.6502103945431854
 -0.14023835419274183 0.62021728448174918 0.59062897533316205 0.0081518756898569678 -0.2619095174686274 -0.33789172930935574 -0.32294095730063382 0.17274340552732076 -0.36086800561073679 -0.066576740742546464 -0.43179158053659039 0.45940586362614932 0.50660033382287151 1.1771544800875393 -0.16161395398078357 0.72649982018737724 0.35602346134776613 0.60671933557679747 -0.67639794744231363 0.080575886849681644 1.539748306705027 -0.027825830590400093 0.40388179561242771 -1.4517748816701344 -0.79890223497636204 0.071895288995572737
