# Created by Octave 6.2.0, Mon Sep 12 21:21:08 2022 GMT <unknown@LAPTOP-P0PV0581>
# name: Theta5
# type: matrix
# rows: 10
# columns: 56
 -0.14441140097051935 -0.072784652778265679 0.75035004560988461 -1.6289010194833808 -0.083187861566754659 -0.44794497266132688 0.7683096947470055 0.55138740776246575 -1.1820232398890134 0.31243957131363292 -0.75700965847516077 -0.61332406554908392 -1.2004033010720927 -0.63098704458910948 -0.54329024746191923 -1.2973924149346376 -0.77202092330134309 -0.21087035317520328 -0.4328053539018904 0.41937890943612488 0.62638770199462857 0.50871738854850812 1.4454777294800303 0.69231074550903882 0.82169543363875042 0.48945251515260613 0.99747564625695995 -1.0644855697095965 -1.4005602681424278 -0.81922993524852183 0.60163996130094166 -0.93887793071028036 -0.81137702044681548 0.40786259917965717 0.38412063624751125 -0.43875293263467618 0.042531493528645367 -1.087674239057568 -0.9516021544664236 0.68655599973792814 0.26907048810353523 -1.2182039365179165 0.053826617025584514 -0.78150590224005301 -1.0711796529939523 1.1983855924683848 0.70940787727503174 0.58821644582870414 -0.62106119142422578 0.73453003483865553 0.16723772047597429 -0.64002750000396269 -0.79448011993782985 0.90707011534454318 -0.69343642590178955 -0.38495455587706273
 0.18514013716525654 0.11942801647277251 0.4030556908447045 -0.64514582370968176 -0.024338401145117136 0.10615923647395646 0.36222092177211301 0.37643640846549825 0.052651114541257739 0.467830819725498 -0.25492163858602351 0.028413091655928011 -0.23624988826629015 -0.18734003785659506 -0.26467855370496124 0.036814322101268941 -0.28930680726152208 0.019806169231196772 -0.18193426501445165 0.24984176172762224 0.2476436009684341 0.40814501793008645 0.53310927273687758 0.77395908879721942 0.5163815023305931 0.091484455238186643 0.53569196705038802 -0.41626677055416217 -0.41491740197308763 -0.44421475825538148 0.17410687977029746 -0.050673078595787131 -0.14805487482610813 0.44650177238302169 0.12495525530587379 -0.0087852622169470353 -0.063875736435522551 0.078970854009281485 -0.36103450862109071 0.33975910430309697 -0.20749068351644875 -0.25946792894021475 -0.060758873505038995 -0.25615620331699984 -0.088412047590730555 0.46418726730419901 0.47322353195410316 0.45654480525806312 -0.06361296837116126 0.42273604244097751 0.039201152679469178 -0.27280555511367088 -0.20935958536983407 0.44858761714609729 0.0039944359237792859 0.11929677604267848
 -0.016481805670596338 -0.065705073458145066 0.28192423521334115 -0.56045155356331577 0.25535095176483513 -0.20216771494707553 -0.037438688624943608 -0.45193848470452508 0.61448614900019882 0.55276072816061939 0.083727986823368156 0.69839165224795374 0.74308402552306496 0.62252529151075831 -0.58501879320493377 0.13567363494127382 -0.2914126921596259 -0.18505463571418815 -0.27880531472694975 0.65386769584999527 -0.39841948912472364 -0.18880198563027095 -0.1737715111665227 -0.78788954691164559 -0.22733793706064159 -0.41366210448771162 -0.22555306007557782 -0.36751864184576988 0.80605677989166635 0.026303940696088428 -0.025503021504636909 0.8913963501743023 0.25440964573303015 -0.07926214864018559 -0.020008986718778383 0.038005289056347681 0.11418872712439364 0.38357021504751648 -0.84997214274361166 -0.50958346834865798 0.46839143843006487 0.42910819207842316 -0.46745889440161736 -0.54890070640939592 0.53466409986858954 -0.57964427889604364 0.30942644652666401 0.23644064421558134 -0.42992424604352586 -0.23222819448746923 0.34208270890244219 -0.52963658049015649 -0.65621742303146358 0.38214481816399831 0.47006614771151439 0.16868572819656449
 -0.053945709102204691 0.29869424026424757 0.016390693738339904 0.91564723230823608 -0.43679828637660267 0.05786432308039792 -0.31440060922735363 0.18036266074018442 -0.18256222247515319 -0.15641117831353088 -0.015730246348247035 -0.59397130031722134 -0.37526511604908763 -0.47870439613487392 0.10959774889354232 0.36255733601830809 0.29609908551796899 -0.11214732290107805 0.36299780873387499 -0.30546691268967346 0.41338948076803594 0.30624212861208217 -0.43253224652267197 0.86659833567082201 0.25051512468299691 0.21361092312502949 -0.23193972512025221 0.56742808482268825 -0.37781542417848574 -0.43052130285535706 0.035016452208301782 -0.67082349338452052 -0.18955891802613917 0.44012504906776778 0.22086462246049679 -0.18121350078768567 -0.30954531563630416 -0.18211628265996474 0.65635380715173564 0.75797194825348169 -0.0074305170557530985 -0.074729111361460474 0.24619298292896 0.58399114354831272 -0.22484307051909674 -0.11325400000524891 -0.28971714632472717 -0.095981115765451375 0.15418578555359563 0.49615644077979604 -0.16613854447452722 0.4789555819330355 0.8847097209670779 -0.67835172738247385 -0.13886538706874532 -0.46757796448266814
 0.16840773886183225 0.032122604739088269 -0.17669872420933977 0.22690405455336826 0.28074533265010471 -0.085002326499854106 -0.38347565265473732 -0.44089207424905263 0.53966645380643452 0.29612120057031299 0.26814994398369574 0.52997371022786988 0.60154386185648467 0.44866007101244976 -0.22754384963254434 0.37981158940656923 0.069601451363587641 -0.12661967402359692 -0.18301378838983501 0.17026090281363152 -0.44120694320044163 -0.32847245543556075 -0.31225341498171949 -0.70483052376112321 -0.46864125634451692 -0.2591730771701522 -0.42204543310643716 0.36814160113098848 0.82272958441991773 0.55532551865463242 -0.267365777122546 0.75149667916901108 0.30485392977636055 -0.25870330890881338 0.045625494531127957 0.21371956315694804 0.18314125323729602 0.52471334735170638 -0.2454073207018129 -0.55345404070731552 0.27930462275134676 0.4292181512377754 -0.26165215070691306 -0.011813198286163779 0.37159139752245329 -0.55307942133704058 -0.25068356191704055 -0.23341655000882136 -0.11884003174329703 -0.2842163046753447 0.34791948385199362 -0.044306659501911774 -0.44799874201633805 -0.034715451106888111 0.37674846012884505 0.38208195857389565
 -0.09639614314447742 0.22198247072665425 0.45377685682424923 -0.43198216780878912 -0.76704912079234311 0.014185684740401801 0.5110920051020521 0.77436709028655881 -0.8916979311501031 0.4408818242039288 -0.70554439875200203 -0.75740605443522668 -0.70297861245011406 -0.41197000308044457 0.20900272325848634 -0.04372720274247454 -0.31010068205304736 -0.073948663111747456 0.20953957087887645 -0.32075949427971873 0.69083616813750559 0.412299404986611 0.30299950204947246 1.1612238205960697 0.75303256017147746 0.35045907448203595 0.57299784150128663 -0.059724607222203581 -0.82416118169017427 -0.59169360201931431 0.28373795685480929 -0.90203406727209501 -0.37003036271196915 0.67685786719239494 0.1301259061898199 -0.036517282160138616 -0.68049982139385967 -0.49885225600010319 0.51435171582817585 0.34836037088565319 -0.69429192148383068 -0.54608165970022171 0.40674353444186934 -0.086879520201119873 -0.63988581924024079 0.74753237307944587 0.45655844554372099 0.58236041996952104 -0.11250715244683761 0.29861547074981576 -0.41719817916104018 0.38788250594593249 0.56925449622059532 -0.18118336765611459 -0.31768346567486344 -0.29216323112801862
