# Created by Octave 6.2.0, Mon Sep 12 19:05:06 2022 GMT <unknown@LAPTOP-P0PV0581>
# name: Theta4
# type: matrix
# rows: 25
# columns: 26
 -0.23076796383840725 -0.36713472796699864 0.3055287940012863 -0.79302819863998009 0.28017797973298852 0.69669803729140556 -0.32497646774082295 0.077648880389776492 -0.26356242681123576 -0.37661648647175572 0.1916039331501958 0.086890831317379208 0.3156203027638429 -0.12744428421557308 0.12541301080227901 -0.69306991384530447 0.29992619442231616 -0.13046696774994146 0.024722265373908439 -0.25399433629670221 -0.49168948429722098 -0.83250617777035241 0.25314216650006283 0.36759477994970891 0.51718028136227656 0.27623658428984527
 -0.0055747714176588295 -0.15824218325781575 0.090932462981709372 -0.85248616634144192 0.47394170080819847 0.59864921592524611 0.042388447686030867 0.320248302011862 -0.4908046637383105 -0.37397838479043549 0.024801519416211851 0.38328792020117236 0.72718199311476217 0.2216337072613076 0.42094713320198246 -0.38822968330156904 0.27210382739856098 -0.074555758957348298 0.049617181136971784 -0.43743699691845733 -0.2143236816655332 -0.44746078452006166 0.22114646531543278 0.15663947223137306 0.58148045285534722 0.52931975452230906
 0.092368888109806424 0.53589603929513896 0.20806809150701336 0.8620287650163585 -0.0048450990124540728 -0.63507163272052358 0.16226512664955084 -0.47163408120219075 0.84344320810135309 0.61570246764157543 0.093425154612675143 -0.83828260060124959 -0.81434252139248464 -0.70842390777837039 -0.52348183132166282 0.037535973042662436 -0.52801876892920485 0.23695023779863433 0.41082390668660818 0.67916692646374477 0.74883899721994784 0.6045407574572278 -0.4728719907762749 0.021895981004691922 -0.42124559635138376 -0.42563861588135843
 -0.15752148368411198 -0.44038154829766341 0.12268026167590308 -1.0851759160471548 0.3482181784392126 0.85847336497841908 -0.11297291454049618 0.36252233845210707 -0.63583725924321599 -0.56587404226635085 0.16144544506750733 0.4356842323346703 0.73765217632544922 0.23765637028155001 0.40803013885086581 -0.40561193688734415 0.28850743337474893 0.0030592599570339663 -0.040551456611615383 -0.45562973677465762 -0.61833225486901955 -0.70600068725706722 0.26190324404940146 0.40675205595394542 0.5032878831135732 0.55895164248110774
 -0.20199446060205861 -0.13031717988057367 0.95560186733667474 -1.3199605329189847 0.82780428071605328 1.0454985378562494 0.0076845489105427526 0.17108248538679069 -0.19142265647191417 -0.51549467070955257 0.45721064805163381 0.20573650784997224 0.56398384760667841 -0.50994775853273699 0.089672676400212092 -0.93411414747169119 -0.30550295149572737 0.41138069045667769 0.23965817133042816 -0.094255923987311058 -0.00051991444446219612 -0.89811358873079605 0.1830704556198165 0.83199533148776317 0.77597283486881163 0.51975967730418959
 0.12314447962950213 0.54751575954482345 0.50487620552481516 0.41024545380813338 0.40247400352119145 -0.43285901354168327 0.15259901462806205 -0.24645709089407911 0.85064144755799764 0.66870029132281505 0.011381217795443281 -0.69235344645225683 -0.52622353728853044 -0.84131655162257057 -0.52688689112777998 0.039643526922575459 -0.62577911314071621 0.46215422932839673 0.46707443735618492 0.54584244957681816 0.96288697761343045 0.72683342940601015 -0.37192986439505094 0.10164998869647129 -0.2715187764159081 -0.29974999011047071
 0.16633434889457568 -0.1725974833092003 -0.14217246868339395 -0.12336529900277936 -0.0039792393838765285 0.24080825732948227 0.12158663137993343 0.22819501170608439 -0.45476620569126086 -0.22858638475071028 0.13323829960879474 0.59557855817561145 0.36474774507991942 0.44083929146034245 0.32676600074027656 -0.034497829643955237 0.31579310621179035 -0.24496453422351672 -0.17822884879983594 -0.39943962433218305 -0.45326981786793991 -0.27498499405655907 0.081761003151320455 0.032629627158972642 0.3188814017651429 0.18499643240931249
 0.12997649795593977 -0.2122644638177334 0.097937402573414323 -0.54574518239790792 -0.045073784257239784 0.57266199602472201 -0.022810293997594516 0.33343379284208724 -0.42459003216507635 -0.28949712089703461 0.18648682459670624 0.63895702563270262 0.45287852624868868 0.57047002658873536 0.5385745489170588 -0.35840627310503015 0.37465061777212966 -0.24001884695286585 0.099542758621645508 -0.46597801578492026 -0.53278549852270596 -0.53926335190794894 0.20034914955844907 0.1908667895724778 0.44931600837129171 0.38734464404319874
 -0.10612203052911691 -0.03575301191712791 -0.38554145250602262 0.11211687572650642 -0.12812443274873206 -0.40657266827873501 0.3221919873616555 0.048143084701425129 -0.40667171044116385 0.061152112571105685 -0.01779341593191313 0.16218414350803326 0.098143672491456627 0.40853960113898607 -0.032873244754599656 0.52201667274927654 -0.023790829978495048 -0.16136958098055357 -0.16857004885590793 -0.26408227628459796 -0.11725787851310418 0.33547002190979147 0.0080687539883562923 -0.38672291614623783 -0.090955490294904698 -0.021449887829710849
 0.14397327933572443 -0.11517228945176983 0.16167894649880432 -0.87201805954693234 0.44920046408974235 0.620529907033608 0.15167451782504096 0.33012808205792332 -0.60814254806761325 -0.18021015664409359 0.073498701604045577 0.55719050136675852 0.57819942984387007 0.19876908825194819 0.4287666038221814 -0.38608024086610815 0.36203554452559333 -0.1042871555079054 0.12752246936250536 -0.44680714793396875 -0.29133830345508438 -0.63074225925602834 0.22272901667748682 0.25138129070698734 0.54452636274924904 0.60011507519723817
 -0.058300863085889582 -0.1163912507015301 0.5449645570577708 -0.78225084687241531 0.56914634524123375 0.67738723631184872 -0.080883295826179619 0.061375647775658314 0.010164973203815568 -0.25058540888482744 0.26936883296230374 0.28023096813135756 0.46515699976476432 -0.13201757066114542 0.07636528667627332 -0.6699987624888859 0.04137743726522216 0.088918937389902281 0.039430946506815341 0.05367608304130235 -0.17050588275243428 -0.41082103903416017 0.1389958721813172 0.47391764736709163 0.40035935286813201 0.31897533484634116
 0.17535329783593231 0.47943565115776071 -0.17250981191365711 0.91945421504234026 -0.31088753883939357 -0.79980716533883167 -0.14696405230513368 -0.37558011129084895 0.47288290968440888 0.5047940839349393 -0.041135687966098108 -0.64472086789485861 -0.6445515000020271 -0.094092824593480992 -0.47879311053403567 0.3158496141089685 0.053221891556310609 0.0016961432406660335 0.25921550909370461 0.26061027871320669 0.4333460282817343 0.68641252808383058 -0.25040059530986281 -0.24264051376965312 -0.5655285844509258 -0.29760821906622398
 0.1524198853079467 0.20849022300137396 -0.12285459221833088 0.66151466994529395 -0.38318017894184297 -0.45557494784966035 -0.2604065739382746 -0.10534136756357156 0.49447421927212648 0.39922660343832844 -0.026920551870232675 -0.25575946811452416 -0.50815988836302273 -0.137108460141419 -0.30565785025516323 0.21087830960425819 0.12801743230935339 -0.13762796457834472 0.11838368425302814 0.16760916863701061 0.18678108325837434 0.18816556232525575 -0.017073291900835889 -0.092539647591063784 -0.33558838176201672 -0.23463218667908672
 0.027640943251460104 0.09166237942260351 -0.51305632985830651 0.50017845290606744 -0.4438255810542997 -0.32347197816860318 0.15669436943613496 -0.16547991578829263 -0.18273172712218536 0.25200668219394584 -0.099799968288195817 0.066938224568381652 0.034302968671196025 0.50155088951707161 0.019434458779644431 0.63680234273937386 -0.070279533262170624 -0.072923668581205497 -0.12455446790840216 -0.15991129503320672 0.040723745109834043 0.37620806156240522 -0.18483183966208683 -0.50835825636300525 -0.35140039490951791 -0.31078834944743305
