# Created by Octave 6.2.0, Mon Sep 12 19:42:48 2022 GMT <unknown@LAPTOP-P0PV0581>
# name: Theta5
# type: matrix
# rows: 10
# columns: 16
 -0.074794960702739541 -0.97581847382572462 2.2452723846032656 -0.9025545728280544 4.5870629890235515 -0.69001607999047188 -1.2455587784331714 -0.95225206742047452 -2.9497320683663246 -1.5275582084650086 -0.34967796163694925 2.8040168920337982 -0.7626218485395303 -0.77257625098027261 -0.54516908951655418 0.15402047954683462
 0.61049049307516534 -0.9759768353416225 0.62322560117904513 0.70645762940400669 -1.3077130699923187 -0.68598530329950658 0.84195225290235087 -1.1671356913328925 -0.86674763309732838 -0.55028582317626207 0.26955722774346502 0.86649216849142308 0.38551822570209543 1.6645583923342739 0.4178209726193079 1.1955238817145659
 0.23225610861288887 0.63730200907728551 1.3776991960056697 -0.084336066475473564 -0.20445919226420206 0.45569093558515189 -0.81656394975303581 1.5187089527500486 1.0778496704716929 0.1753504276970532 -0.71992308749109213 -1.315068670517773 0.3815205012040141 -1.0276121560182041 0.090090456320639875 -0.7375888238854228
 -0.3345864447760975 0.55109751416522601 -2.3017243216402874 -0.2466247175790737 -3.8616775637917296 -0.03149110788364904 1.5974774607668376 -2.279981061880699 0.47075693779659394 0.77225449313873895 0.84383241356757621 -1.0705353338047308 0.86027862688827095 1.3465161297083561 -0.36760435302279049 1.4058805832067487
 0.086110390538111967 0.2995070978549349 1.006043635661968 0.69531100672907398 1.0659949045676202 0.18594564888283402 -0.35437830450289859 1.4231087894545718 1.3015408641757542 0.002778644974933334 -0.14967163972904776 -0.83624371726201019 -0.16449340847012356 -1.3406988881793509 0.31464513856173715 -0.72362127610595328
 -0.040394279372190485 -0.34295340756439896 -1.6054350203890753 0.21984790053927303 0.68912376300653122 -1.6660248848545347 1.111350402028086 -1.6018278095557292 -2.0018722796498567 0.42827017822092261 1.1736541747051479 1.0468862287897469 -0.44217146147530184 1.7568203309910682 0.45462703209714672 1.3187092013072592
 -0.21580042713350658 1.1713130622086263 -2.4001652582707953 -0.79422743083554703 -1.7774025619632368 2.5627504266719341 -0.12567111094513575 1.5953553018839652 0.52755445946484791 0.65471589835845589 -1.3627279510796502 -1.7053569044734394 1.158458860668887 0.7199537819782601 -0.74176173489964392 -1.4438132739829894
 0.42565560376027595 0.094001473226650117 0.72634741883335807 0.16329066991778443 0.30354078409550345 -0.27585113432267527 -0.35077073138666803 0.04380770872697564 0.28579495303072194 -0.15715228757709884 -0.76475665301066476 0.72083670648327791 -0.65257893711471293 0.93665152300899202 -0.080496306231261278 0.61788328786344349
 -0.51268386245499242 1.6297066220928298 -2.6793915186756738 -0.70054064135461247 -2.0617174107235603 1.1018085450285569 0.91141523536968228 0.065430782926359149 0.77697601253772597 1.0905166158238251 0.14688004760072415 -1.4407152251927293 0.83488577345312198 0.65756071442015063 -0.43052830883458354 -0.1546387184668705
 -0.29593617650086618 -2.1138236906317154 2.9851104538283151 0.93210276818033533 2.6940181708458448 -0.73733358560188478 -1.414147180014981 1.2226814551224756 1.3693141156793232 -1.0206930753870636 0.90886165748219305 0.82955126711921656 -1.7975648002030398 -3.7972960805063574 0.59304112306720436 -1.5555339485300488


