# Created by Octave 6.2.0, Mon Sep 12 21:08:25 2022 GMT <unknown@LAPTOP-P0PV0581>
# name: Theta5
# type: matrix
# rows: 10
# columns: 46
 0.093668766268442574 -1.5233901126895228 1.4544592489140173 -3.9393623341153967 3.7821864564721253 -1.3434382851196158 -1.8150753689053014 -0.88095005591523612 1.2263809385995486 -0.55764344688301914 3.4150834897983096 -1.0599828726673468 1.2352880741245988 0.92027069946417317 -0.13555973839097832 2.5506582565744234 -0.82766671875564468 1.5856900869965824 1.1557598763121222 -0.15419886337130437 0.73691481602951359 -2.1472923592054887 -2.5581971349529962 2.4352156787357893 1.3877780398382336 -3.0241181545413904 -1.1320791402060086 -1.7816167593111463 0.43646006392537023 -2.4162251379528938 3.2834466561619835 -4.7383155245285238 -4.0927832779109465 0.45441208652564868 2.0077614790449925 -3.6671157869015252 -1.1827482842960391 -0.20836592412110821 -1.4258060689888068 1.2509135902771082 2.6167925174024371 -2.2676644474095844 2.6485081962196699 1.287155114885866 0.35759280954385436 -3.3329747155913023
 -0.084328969466113582 -2.453612871212056 2.3883426750533823 -0.20999229721258569 1.4969874958602463 -0.04558207286705445 3.1699357901193559 -2.15312337901134 -0.077658024206037887 0.22590261042215687 2.5277393557486558 -2.6292215709035092 -1.7965326590025268 -0.33256441587388064 0.16514115716066691 -1.4162013516756526 0.47838307428477422 2.2621496008062016 -1.2679699846764731 0.88894572036032049 0.71295606511382248 0.020974485125987919 -2.1678699155451771 0.75781106627599382 -0.54549301821857066 -1.6772338417852968 4.7546728939962941 0.029281501457591914 -0.34897548400579853 1.7823052744591901 -0.71572336870385944 -0.40256858441755627 -0.24727333910196989 -2.6403894484753416 0.73265126762441601 0.84699785258833271 1.0989645011754827 -3.8381156257009446 1.1051757029401001 0.93562749774104892 -0.92887384937918038 -0.24487044647066775 -1.9497498979364003 0.93798303657769733 1.0832893378478017 -0.62216076693145994
 0.17621165706729391 -0.38354833914408593 -2.2318057606884216 -0.54713847625641165 0.15918195545409172 1.4376731513535708 -0.02061858609745822 1.4365926147260699 -0.88901117023779275 -0.40293218742116971 -2.6683883078059414 0.49455786948136377 -0.21528064605007544 -1.0637912378677179 1.3282273437307508 -0.69177910759673855 0.39017736365112027 -0.43374558475615665 -1.1346692047509581 -0.17356709797183129 -0.036228228678400816 1.5135569023783968 -2.3750233104028053 0.62869629630383816 0.98457330699421186 0.38154344003392793 0.072921020756985339 0.25011316186865884 1.3136838346716342 1.4749236410688935 0.53708409569290583 1.8009587577259867 3.1378702341343416 -0.74631324183449055 -0.57217512257428915 1.1606283599713758 -0.58043515147362013 -0.37853196821914353 -0.54231319496783581 0.86357558014540725 0.53715664388174067 0.29616723586276067 0.60029136030034114 1.576484995911543 -0.61588827429861903 2.5227211160531788
 -0.38077122579690909 0.12561612227499119 1.184968049674082 0.54407502700889543 0.5846201425353893 1.7648366990377322 -0.41200958544171473 0.87779316954169295 1.2356219998437803 0.5198086594958502 -0.091548108280425283 -0.90111496383075285 2.2705860566359415 1.6661036903511204 -0.33375277401582787 -0.30486355101330886 -3.6923382395017752 0.87476200319349406 -1.7977677713841655 1.6096918446539255 -1.720891586736252 -1.0108030211413801 0.73587327329731711 -0.35202369787841936 -1.0229648211649187 1.3588998056568777 -0.61244866516385343 1.488807094734361 -1.2916196582012542 -0.75079875303600141 0.079780934428465913 -1.0892771458272443 -0.61209357054327762 2.3287679673594925 -0.57167118594795296 -0.65776282089315541 0.76084801955888504 0.8420513582311695 1.6691017666743988 -2.1947625149636658 -0.15595097663468391 -0.85399028009921663 -0.19959936228736461 -0.81720591373960616 0.19461055474392996 -1.5981001198534017
 0.38909922591455615 1.5250755077972504 -2.1977519447229494 0.487317308085356 0.16300752289221168 -0.33944912550186163 -0.81301566919655077 2.5654461215081814 -0.50065528911033064 -0.2386451747177695 -2.267290014899654 1.5493148228683586 0.4529883356114266 -1.6405999051086053 -0.40032472421097837 0.32487725308523913 -0.34977304349838839 -0.78810537662512625 1.2612315081838159 0.23575578058209737 -0.71820941159682883 -0.20116337279368804 -0.71848191816790363 -0.18680038143308489 1.0553379166219969 1.2398764008081726 -1.3157440291762661 -0.082612105796023724 0.39028531228409519 0.16295594024556856 -0.40588354598578025 0.68953973413745151 1.4117547911653043 0.53017835547717584 -0.96484906759404276 0.045976534515199667 0.22131538537458675 2.5197711196310602 -0.14568867369063157 -1.9762270202135965 0.604689021966763 0.89429553982849164 0.88270338171622975 0.99724305329180984 -0.17634063037362394 1.3058439000816913
 0.40526046808352484 0.001819437266160245 2.1492473395443423 1.1541533745433905 1.1729558791369321 -0.27285269100246257 0.7340776212971708 -2.934378532596098 -2.606932389715368 -0.4762774602091453 0.63768813974659444 -2.3988827649231355 -0.10017082389461669 -1.138664483959835 0.76764386866871837 -1.089732986305419 1.5170118489933953 -0.67868292368696614 1.7404676296307056 0.14206526032106281 0.83978739025509164 -1.7327636672179356 1.0627545060427099 1.0984345355299987 -0.83764227470910213 0.15463627315148962 1.8039467230404662 -1.592376168525415 0.70160981797491995 -0.42893005858274685 -2.2480988689346173 1.1355589659323568 0.36601272086376518 -1.4263394577831412 -0.23179759208197301 -0.46157756477175771 0.12912016855828853 -1.4012294251623065 1.9808788934049264 -3.5767724151387355 -2.4540532337987591 1.8480317248689655 -2.2317064482616811 0.8408542573891219 0.39728198031173956 -1.4078054099931436
 -1.2121204823996974 1.0176195247910729 -0.99206391022382412 1.7243851283539535 -5.6076653924121027 -1.1673734630568335 0.45412247801324457 0.72134901903004334 2.8624641672153945 1.1023020374434049 1.207926466409234 2.5998093270748379 -1.0930384449428985 2.9235488129317417 -1.7658629296411108 1.5122974377567333 0.67187792286222958 -1.039552653708576 -1.9869434919516422 -2.5051193366041145 -1.2007950009254578 2.1369351260509588 4.7465177804534724 -3.5312810785241497 -0.89128220048224815 0.34713240506490867 -0.14965033220308413 1.2108354247826691 -1.7640624435272998 -0.37994275464799721 0.52375455104038338 -0.94222448127973013 -1.932267281198583 2.4136093910141363 0.093018872912908696 0.98498727657672369 1.2552005818882392 0.71976046642722225 -1.9775385935860368 5.1005561192188393 0.57572918226015268 -0.61238164698750841 1.8586692771773334 -3.1983920837681343 0.37963404719916816 1.5639861723387702
 0.57993557854606026 -1.9285464895037545 -1.0997152424396242 -0.77419021888450767 2.0443162657608647 1.3417175963051207 -0.41376290780492464 0.091583929855568194 -1.0786693132231278 0.26697026951160213 -1.2356316203276985 -0.26964708250072189 0.94606479931830212 -0.47050345009687378 1.2281871545226968 -0.02556767866485191 -0.73466735009620832 0.38552895668133408 1.5281852788334511 0.63898597617819886 0.52380433656007597 -0.7645956843522963 -2.4400039951923564 0.1035867770858318 0.6822677707110536 0.047065079422343947 -1.77188786054152 0.8754260445673524 0.23132418280360884 0.60473424863348546 0.011471405542211014 1.6157357256305485 1.0181711837780425 -0.45500962919982935 0.70878597191329473 0.50083242549569185 -1.8819645884892573 0.80997289403826456 0.58706526915076529 0.18769169316093787 1.1457933481720768 -0.86391512386708857 -0.082805925931585422 1.3028387070605187 -0.48860492811845857 0.19682138148561384
