# Created by Octave 6.2.0, Mon Sep 12 19:25:11 2022 GMT <unknown@LAPTOP-P0PV0581>
# name: Theta3
# type: matrix
# rows: 25
# columns: 26
 -0.26244009024652348 0.71087290757498356 -1.1396526625499566 -0.73247833694570985 2.1056615196685762 0.65932464905516142 -0.92022169187152891 1.024814892455052 -1.3284455439202694 1.1262147626129313 1.0152623943671482 1.0796384675199198 -1.0753079009150213 -0.16942652770429778 -0.63244685834195669 -1.6540743539399829 0.013544588166412899 1.0107823931180351 -0.49218309790586584 0.25396051523874402 -0.80360546513476838 0.28101601995677922 -1.5839738954358658 0.42806407256402157 -0.60632726565346395 -0.2935027343782064
 0.034541616838147542 -0.34380145666116257 -0.73792055660952593 0.36221245690174025 -1.3270896841349271 1.6579610221910974 -0.50072610664357287 0.49562486802694528 1.0534323897822213 -0.91991039709874378 -1.1020997984076759 1.2856980490359653 -2.1802019254111595 -0.56808005982257581 -1.3826836869350121 -0.42038454451990942 -0.71661077337118984 0.49705129059789782 1.2498228356453367 0.29026696230545557 -0.76275614631895206 0.12818642304707178 -0.4682167818064234 -0.60672004638577615 1.0046766287940938 1.1208886064359846
 -0.085189169280086921 2.511127705908144 -0.27020588539378548 -1.489812121361564 1.7121449381305078 0.19154604453744098 -1.1018377813874727 2.2724815724336516 -2.2915506014842966 1.1449900641877719 -0.45073415732662869 1.5372837122290115 0.56433862436578919 -0.2000449103488188 -0.93311276929132969 -0.94988405640310702 2.6329628153190718 0.71626333151534238 -1.5060986455929024 0.19437048956233582 0.35377860100387898 1.7086600983492066 -2.0343629645441714 0.64853337667694089 -1.9858402386848664 -1.7105990063464427
 -0.050483200890590503 -3.0641577576005594 1.8512548912604643 -1.7955190950791053 0.16326257436287719 0.10406816428928775 2.2519948416091808 1.6721659811315666 0.51954003219292355 -1.5715231054474184 0.60959957890155991 -0.85303883566652283 2.9007617331493694 0.43930726948463045 0.015290242165062336 4.2083207658446655 3.4261394049842133 -1.8594154540231813 -1.6575005203922131 2.593978947239854 -1.4276428458203503 -3.5842189594223348 -2.0227074038509225 1.0429520498950915 3.9076386690738478 1.7775668579267194
 -0.20304676229315061 0.58203610569934483 0.97336570691642232 -0.57740326433519074 -0.19078105113634453 -1.9065213907951546 1.4580843694397663 -0.4440704156902755 -0.57143561731721315 -1.5227107799296726 0.88553065039820367 -1.146811233226974 0.78163553340461589 -0.54721076222342957 0.75887122088726922 0.71460760361470266 2.9682620555585149 0.56475504784202124 -0.27768065451053792 0.28400348375584955 -0.93221589304604091 -1.0644635325202696 0.95818967800310717 -0.48940729042532982 -0.98487901014793433 -1.2070742828536047
 -0.1158689372176132 1.7818915080371081 -0.97310789511468387 1.0783495285739171 -0.048916308949207184 -0.14371444655818075 -0.97803069757341854 -1.1557215616963625 -0.48295167880873463 0.74093223152852539 -0.12210189337208763 0.83876845561968993 -2.2004415606132222 -0.31437421688724321 -0.029345041105604531 -2.3814020641043157 -1.7402947517172167 1.2386020671913005 1.1355500732982815 -1.1480132852602696 0.39498642837566678 1.3668129046275896 1.1746276376967464 -0.63702743707892906 -2.0575571316634846 -0.57749658780076074
 0.087164349702804345 -1.6388528486975105 0.7891911700070755 0.63677875592911515 0.9825687771259225 1.6900801686197982 0.66841184081816951 0.88652305137114429 0.014783940243644452 1.0113222112549243 -0.078402635399982185 -1.1158093680183214 1.3116527569228542 1.1565798877037925 0.5097078814178696 1.8185733611378234 -1.7312475155651659 -2.2026195091320537 -1.4497200969308071 0.94002429853851721 0.93825764377652154 -0.7318055275965053 -2.0822027278041935 0.94957658593814609 1.9918892788214291 2.4640447729437325
 0.069883707758105568 1.0245360842599396 0.50500989754651193 1.6030688661435881 -0.42937064290118904 -1.2485559460864286 -0.21480016886070658 -0.8279346782537893 0.41452916925823124 0.18909818270176465 -0.83305718360110115 -1.3416726783762143 0.74097853156617521 0.24293049723766766 0.52601786632489389 -0.23562167858764366 -1.3439940015268697 0.15374028349434299 0.71923880234048121 -1.381661618056647 1.5196696624443102 1.9037718988115275 1.8757407392121044 0.24065814173117051 -2.7165663532631359 -1.6084578068494133
 -0.22807776858320539 -1.0361225788311061 1.5744058330136452 0.79802580958534775 0.66757087006683247 -0.39711046412209344 1.6200464109254826 1.7242948654221426 0.3607761845153824 -1.3061591977679861 -1.5320998508047854 -1.8703259246361417 1.4790801607700512 -0.25687303018841806 -0.50449660942487573 2.440019332428673 1.0930434183760578 -0.73496645843594355 -0.21287003829428772 0.69384367043146067 0.34140644524607583 0.5384016459045825 -0.58893911220731132 1.4893568179784202 -1.5334077262016019 -0.70970742440879919
 -0.048805988457118671 2.8005409084787294 -2.0373514693716226 1.8858332830189475 -0.45932945789038987 1.1433497585496573 -2.7685431271487637 -2.6232319844316061 -0.48764078621801349 2.959657423690345 -0.5762036423855238 0.83902665036413604 -3.0537733332533605 -0.24319932695189955 0.51244225050035086 -4.5321067982188517 -5.2755233332893292 0.7511036769139251 1.2245334293395729 -3.0660919213646856 1.3361635201330357 3.0467530916032119 1.9079678328659517 -1.284215970906031 -2.1744895132842816 -0.69464039526142918
 -0.18436181547084918 -2.9526600771205582 -0.21191779970054897 -2.5145960483141705 0.2816789078140019 0.74216421030846991 0.72402568060994443 2.3970422728559879 0.66127362743458784 -2.2813534326867804 0.56677420946732449 0.60021905107919526 1.4954304321122425 0.26344617580016327 -0.72626586387759373 2.2163822494303447 3.3689123341077227 -0.23463361897864113 -1.2229564128173116 2.4076470851291822 -1.857423334930248 -2.5160819514189408 -2.5336088144797229 0.8496390095436912 3.3710199584089935 1.0031684336402245
 0.046470445704900817 -0.35974342546252702 0.39069950155549721 -0.65046627371817189 -0.29384686191508635 0.30104112435904751 -0.2546754656986277 -0.81467072483191683 -0.71522313656561332 0.65988172570627379 1.9691669398519476 -0.58894750918906891 0.5528788087090758 0.27192154417115488 0.42501674777185733 0.10673252185417241 0.15030579797134699 -0.6501136778734653 -0.095478484485985851 0.59967919195293373 -0.70352372905662008 -1.6178037251106079 0.37507544350837041 -1.3344812267093398 1.2560064753390157 0.1348424988256067
 -0.14971463537538168 -1.4480312108486526 0.49552886405300639 -0.27940663545233163 -0.48723930182985198 -0.08337947612108193 1.0361285064139558 -0.20745325446525029 1.0941877159274902 -0.56611537736165651 0.40289203990094341 -0.63776804039012547 1.033116177241473 0.10571948972862368 -0.2428386685621271 1.5764555352235585 0.49247822857785245 -0.78316302001551408 -0.53249893543936422 0.3638693133532534 -0.45551000727991575 -1.403489853265343 -0.45879193940644108 0.10606967607267709 1.5742297969591745 0.66553280110058033
 -0.13878430241992598 1.1034261688302691 0.92255702085583757 0.82816310752773503 1.5014734335297319 0.38982577225119558 0.37305679669380587 0.35506172135138847 -1.3389902825812547 1.5500585404646838 0.1854391457608926 -1.2577509951435608 -0.024119447304312258 0.40807691373086796 -0.098470244336567106 0.21287333337837203 0.19010647894494032 -0.31041349373424942 -0.81906397473356496 0.61636743474787825 -0.049736392004201185 -0.51829908805716074 -0.65325704774371762 -0.13815417576634054 -0.76367173952202327 0.52812468874055152
 -0.16535649899196028 -0.3584657063702435 1.4626721535563711 -1.0593317724164306 0.82201459169278612 -1.2326364711841953 1.5098908130977375 2.1791906538681269 -0.53451312428927389 -1.4509861986470145 0.014043994343867281 -0.78454710412888351 2.2106948304668252 0.079341094732857206 -0.80902928904645455 2.4660628871389592 3.8395039946318312 -0.16576982328001927 -1.284705315820472 1.6643819081386058 -0.38895284285431314 -0.89899181058970512 -1.5705063273679463 1.0074577522870354 -1.0530146046783322 -1.2419844053435438
