# Created by Octave 6.2.0, Mon Sep 12 19:18:15 2022 GMT <unknown@LAPTOP-P0PV0581>
# name: Theta3
# type: matrix
# rows: 45
# columns: 46
 0.024827844381174049 0.38949658317585184 0.0064298508373999913 -0.77936781290157398 -0.12557984191142441 -0.49832017720159277 -0.29362143483773107 0.10554331191669103 -0.46557828915840377 0.089407467416465131 0.11043507469701369 -0.097085531524494895 0.65792271643715505 -0.21739396822011695 -0.1146123211431727 0.48718918040319931 0.25529083567851835 -0.17731458768491906 -0.065606204030672355 -0.035720140625660306 -0.066634436830026011 -0.10504641742897868 0.3134949447941322 0.086268913862717539 0.022280557866644967 -0.10366748544183738 -0.16233994740632565 -0.25081046501392179 -0.043773773038473893 0.14118437072067436 -0.29542977030181977 -0.062522341506487694 -0.017215961803742803 -0.15115071795922741 0.2450012393672617 0.0086058237841978667 0.4371629058006859 -0.31642771477641807 0.36951405643072305 -0.38923711332745581 0.13858078462810952 -0.17081949068359784 -0.018416533053852442 0.078868489890390123 0.16818830306079491 0.082478806066840119
 -0.11749917346104913 0.24547653001647526 0.24988654684169154 0.25542422549012028 0.15689465897159768 -0.008201638787261354 0.14562516924123264 0.27069130538283354 0.27843087656533366 0.16684192074761567 0.01781715461019499 -0.034449942013808799 -0.17988942754609885 -0.16454892523424614 -0.27099190106229726 0.25073756726408197 -0.40240257068029878 -0.09312168091696077 -0.032342546718154293 -0.31552090034952007 -0.078399476022250059 0.18125269510628558 -0.29342176011642362 0.11963953380688098 -0.27628144247842623 0.05048280366381646 -0.015550563498878782 0.42141504710888034 0.25165865160887396 -0.19591211653650809 -0.15414966327905361 -0.33837853307580379 0.33329944055110095 -0.085051447442003991 -0.15474489404856961 -0.27683424005725776 0.057942744023619368 -0.10552455224348924 0.16817487855346608 -0.22266107587343353 0.24279128511124223 0.17847614555351585 0.34368129645631207 -0.034872972233395201 0.037451584524828857 0.27513523888396957
 -0.025083654023951501 -0.25641222342720399 0.17232510490856884 0.043783362544990732 0.058314533437155182 -0.16656413509218354 -0.070323635765137019 -0.01991843561467577 0.14620132974150035 0.10684500798029214 -0.050621877580241087 -0.15898876269428472 -0.12117610443209804 -0.080417459506860786 -0.23368777679807745 -0.029262717994113369 0.056609861358692448 -0.13749842736209292 0.08774173924789444 -0.15300883984753058 -0.15884342880320498 0.1704188645075585 -0.14253243162721929 0.10581950208202451 0.14994660047968678 -0.27545154815984602 0.074601318582007761 0.031768468141333585 0.2208415342715753 0.076904196014635662 0.1167764149057402 -0.024902125766957744 -0.050244762832628423 0.14157812370523618 -0.39270464468787347 0.24714490277463749 -0.055855975946205942 -0.097689455829864671 -0.2302416645827178 -0.06978829348399683 -0.064822912484939321 0.047790699637051202 0.17439186884812052 -0.061112653319069343 0.080278718520011727 0.085861563002255767
 -0.040467744357157352 0.23966573426594601 0.17169762067222802 -0.36352338031960646 0.067629349919739026 -0.092050197243281423 -0.067138867429324012 -0.31938658350389626 0.31016234467748161 -0.04042989753058316 0.71435278349136555 -0.15052179860678783 0.023991667884963899 -0.065658330522004413 -0.024891802739061147 0.54941145531203284 -0.14135650708879111 0.045492514105477395 0.079638362595488246 0.16538152222522592 -0.045247395003376475 -0.05848273221639954 -0.16715516138087055 0.37978331918054109 -0.14985790078710454 0.064706189885020096 -0.29885041083132574 0.0014884856560992408 -0.10593658175233286 -0.11183623238181857 -0.38944293514569861 0.017116797860152303 -0.17343005360462405 0.33067860429620471 -0.029967387326706327 0.21541417157415169 -0.21822288273365303 0.37289685513912463 -0.045689235402057944 -0.24962440336673314 0.20770453104735132 -0.076667585490187123 0.20129685797388414 0.12646448755007667 -0.49239103593265077 0.011289315069707231
 -0.11039101593977577 -0.26052467452423528 0.17243295600602337 -0.21199959885973874 -0.19821062009105328 -0.15181851686566911 -0.04993333267174338 -0.17643584964060946 -0.13906477555388658 -0.15300883148664784 0.15510223238147314 -0.2732975102799311 0.3448313127252795 -0.23030511107232818 -0.10266997092938171 0.1448767299119107 0.51867286452712591 0.13076203179916565 0.14990415471877239 0.39444616312106806 0.27316943854508524 -0.18497744966441709 0.19516885333489351 -0.16062543896671677 0.38775156165835134 0.030650629528650313 0.39006703082948291 -0.53056268127401385 -0.045959893562363636 0.100352162043992 -0.29598050182756841 0.17744505231441618 0.046945896049405925 0.055126256738303576 -0.036955620090380087 0.035580610043212023 -0.0087122405915372077 -0.025923974081938955 -0.29488531068882384 0.32483828114657576 0.057088011510523257 -0.21602689162286701 0.015961899942168185 -0.15654367641157177 -0.19512916238295142 -0.25505861249006639
 0.061895894295556975 -0.098812968448747485 0.73364295735224871 0.13037459096829765 -0.050211237720795769 -0.17470585419937196 -0.1182858779242094 0.024366807044833776 0.17980717331472537 0.31188105054975629 -0.24195697346714132 -0.3959486696753054 -0.07001750728375683 -0.3980625544878803 -0.38085073755137494 0.29427137751029853 0.12328951058040569 -0.24957787638813855 -0.15011496342011757 -0.11862184845847105 -0.25756570950722357 0.41318687653531466 -0.30383847400560093 -0.017400468513695724 0.14928301204214303 -0.33767303859244158 0.45509926251266158 0.098397349102958206 0.3539487750697124 -0.12712742713302375 -0.0085573743647105009 0.10655362841828152 0.33876788932358853 0.076868100987015631 -0.65077526472968172 0.098842502791048559 -0.020476952976358233 -0.23497395737959401 -0.51133009883986968 0.23652890562104775 -0.092014050732563468 0.10921501498509968 0.49288033443198193 -0.21211578735776823 0.16162643049581071 0.33647975371472832
 0.13847773247484835 -0.32284986314920355 0.17433053823283562 0.15444014539971401 0.1524009153939917 -0.046445613316814197 0.35739541870019081 0.40181057521458069 0.037205427457846503 0.18819558638802683 -0.71816780229629251 -0.12627601632174673 0.0065405601922508298 -0.041820064779499684 -0.36475139519818073 -0.34763669813405662 0.30289066100031098 -0.1377049709919099 -0.0088051278984243031 -0.097715116219762296 -0.11401484572413864 0.36303152050049192 0.11049433224938603 -0.40232791825816411 0.25356735186324081 -0.18671978403633849 0.35481226866408633 -0.028277612314186951 0.36686997431343593 -0.14173272386804986 0.075886026335097043 -0.1260550140232248 0.59601005345712799 -0.0024074440736104197 -0.25061545339806107 -0.21433262738882977 -0.16454288404556472 -0.25084188284216319 -0.081467722747562588 -0.0087045262163867789 -0.24434637218620683 -0.034273750381660223 0.061843897614262469 -0.18329383783277639 0.4486706993004182 0.054691300103648942
 0.044949184564400585 -0.0010467822582776443 0.16416469588698154 0.051790981748716318 -0.15193492916539333 -0.24190455115452486 -0.18721481910391677 0.35114053333493034 -0.12578054800617369 0.31728152938330123 -0.27798379540438439 -0.04462523221304783 0.11577308750190785 -0.089877203557196597 -0.24969027001460101 0.041977497876168376 -0.0022825918234681518 -0.2740517521410536 0.115669193983009 -0.088332636169398696 -0.20158951535089029 0.2908755595754528 -0.0040473544857284743 0.056956407642761622 0.18200533449300019 -0.13439303664758218 0.13545997372901422 0.05315778149591241 0.16882878257805903 -0.1421476608445979 -0.112548409368785 -0.034313252237140726 0.5398681570647732 0.012093159892661815 -0.20925015932848043 -0.27552409192923155 0.0999673888848681 -0.24793420445142952 0.11299006486932776 -0.28876823023712422 0.12801911300027341 0.10399961975556406 0.10868564070126314 -0.1443427826295883 0.4521875785024862 0.23070634536068274
