# Created by Octave 6.2.0, Mon Sep 12 19:12:28 2022 GMT <unknown@LAPTOP-P0PV0581>
# name: Theta5
# type: matrix
# rows: 10
# columns: 36
 0.70218211094372718 0.47592341553200751 -2.9509479120990636 1.3916874659637808 -0.44971082035643517 -0.15339983224880416 -0.7664255149045911 0.3512280946229091 1.7980760659006609 3.1609522807106409 -2.7380463176029179 -4.4047721759402654 -0.085277319757375708 -0.38434855717779493 0.17722322362018422 -0.88790487753227954 -2.3213145350628204 -1.4084081516899853 -1.3001466450429544 2.6011114141262817 1.0519936444957998 1.3463974536785073 0.13551672076441296 0.53607306685369005 -0.14788951971976641 1.1287331335239268 0.73276842437804623 3.403716593567133 2.9253367495191731 -0.14577415776149766 1.5545184774062182 -1.004660771885862 2.0033286685642708 -3.2588996470199478 1.9746586441506448 -0.96332405146538158
 -0.19940987850984696 -1.2115056498622045 -0.62423816242357066 -0.40888914600672771 0.59971679001654699 -2.7875325417184036 2.9269732424354618 1.4648684056573935 1.5619849217955044 2.5088149818579573 -0.54860541987213063 0.53645863256396753 0.36247362602129751 0.57401708229537662 -0.5434325943821634 -0.047383096974581748 -2.0204136601342819 1.3098191270554855 -0.77863869111609518 -0.98292560488708358 0.71463861283613239 0.93809494608555222 -0.33655468929821669 0.2138903982412774 -1.225475764092534 -3.154656932990942 -1.1629427011813129 -2.6059073764378389 -1.2774814139077122 1.3095762744355348 -1.6737735898288282 0.39386456308380285 0.16231701296795306 0.57852194571677551 1.0708096028666312 -0.59546117612630289
 0.59976378143208986 -0.061031587666535138 -0.3161117525467213 0.40632000651498462 0.93215534992200733 2.5301537912874665 -0.54251494092223018 -1.4118449438147647 -0.978094681026066 1.1831171920327093 1.8380553708258025 0.72280498952907224 -1.6495548260359854 -0.44594651825651849 -0.39971339952311224 0.91112494474972239 -1.6613830876752578 -1.0022496822133322 0.065420200635642661 -0.53585321201961211 0.72308312005484465 0.71313429144349894 0.55239700095917843 1.3811953035958866 -0.16376853444646264 1.3643108306776481 1.5387165588147107 -0.92782618540318507 -1.1286393261432985 -0.37121974672615715 1.5118431572909634 0.2529480406570695 0.6573953831522632 -0.76737166509431931 -0.33496273884960598 0.61803300756806734
 -0.35641081464968538 0.80913112124872477 0.99775977481512046 -1.1784177695600222 -1.3920413086191894 -1.2588623021988103 -0.70708334292246078 0.93841367258383068 -1.1582319830247858 -2.1419986992148692 -0.42349006242467263 0.8685620615695907 1.7383740421865725 1.5095188027859971 1.3262803627140598 -0.81111219242747223 0.94018749089295572 0.058066786059528676 1.1791814436992383 -1.0508295598844606 0.32458769413492899 -0.4738835351443948 -0.94433889204113886 -1.7993525141650701 -1.3720659788662781 0.36477442218261524 0.29673987504987609 -0.013033465024896636 -1.6013482371411087 -1.4503068405661981 -1.4277714432794744 0.056567933097862136 -1.4100285875187935 2.5506502264517326 2.2669566263178438 -0.67590784122503655
 -0.014606591061300878 0.3356168367166214 1.0315858294350773 0.28340572118196156 -0.35062186361330655 2.6724723439030917 -1.3828892398925519 -1.0822383627680026 -1.1529450691819763 -1.6629793911878035 1.7544907590257268 0.80347447380587589 -1.3882637046645068 -1.3445007214364084 0.051704300733202223 0.72329282178195486 1.1526798916176764 -0.13406557279368048 -0.42133674605172328 0.54609096028713056 -0.95436395552272446 -0.47753464856716299 -0.084075690120526708 0.044250172884435772 1.2084526920087537 1.706629112520426 0.95341396651727439 0.84733388403757048 0.44262051767066535 -0.12619766532506302 0.42236535429140554 0.24767862448280301 -0.17021404994751285 -0.18820492373008332 -1.8517305256031662 1.6215621606818824
 -0.35536538236063248 -1.8387610719413674 1.3022052463708707 0.15220194178478946 -1.5141168997924863 -1.502107127551026 2.4120017586425129 1.4318482717925589 -0.47123650038009807 -0.91879082815282631 0.4690764214760933 0.29148934722467285 3.4172653347024347 0.26203528640624846 -0.82541751479425995 -0.83295091971813751 2.3992206282896706 2.148740885169441 1.0393777007783427 -1.0943798283029966 -4.048315601593842 -2.1360685838443714 -1.7556770144913985 -1.8961153577426302 -0.42714698786771615 -2.8106050328204666 -2.1934909953262034 -1.9765022177070664 -1.9736002104083437 1.3509655667153 -0.84460399522908369 0.24219920280575163 0.3805477154728813 3.1180517214530994 -0.24690352375806565 -0.63712800251176904
 0.16509117834346101 1.5331058224828655 -0.69037380453350139 -0.76786840756707142 1.2215932394262925 -2.0229242156361198 -1.1019958428057475 -0.25418563846793457 1.2639650754405396 0.13301409801022626 -2.8845098971146155 -0.91461645900881328 -0.56435722309186853 1.4726763995982981 0.36701070160317878 0.20523321305244135 -1.9317284827030394 -2.3662548567008499 -0.53341701795357788 0.61871050500280134 3.7598630119430965 1.0455999698556901 0.87820149491335842 0.95238197676317571 -1.3893779614503889 0.48411586281733987 0.29804330277918484 1.3341610090608642 2.1861695455655865 -0.93518543847213942 -1.1331514638753599 -0.39930840281684343 -0.60435157379664739 -1.2607867496204079 3.0286555141969478 -0.54321246795319234
 -0.070843036784255187 0.56865799332802802 -0.56849818604477098 0.20604894764322998 0.50778685584400685 -0.46406321512613763 1.2457996009534762 0.53632586046786856 0.018791134563343304 0.40768878997686525 0.5330498857578051 -0.96699575038508301 0.62902395354832386 -0.67143537725588831 1.0399398786160565 -0.16037500867486854 -0.39696498880221659 1.4461620047275874 -0.34666319886805308 -0.093822805427861922 0.59024103076452605 0.92370108714336385 1.158557030416296 0.84558143634275917 -0.34100162818938784 -0.4677623341404385 0.5203675602674307 -0.68198262249569264 0.52615054685092622 -0.65693463576196365 0.094555832808133011 0.21993118695290162 -0.28822582281434816 -1.3393991232483751 -1.2272795904161231 0.68266038721934807
 -0.05348590247623753 1.1176783392524534 0.15392522342029302 -0.19051334771774533 -0.29673687738791676 -0.031313259966965712 -1.3452332804687028 -0.48148081506040497 -0.96168833109012652 -1.4145659275965081 -0.35135653047516763 0.71894202090334136 0.17821320327233073 0.96758873786185251 0.97058533676404557 -0.060982492850237796 0.29572134910770476 -0.62369798968493095 0.42059841742100362 -0.0017158035506887354 1.4157930704679291 0.18182254102672707 0.43584697939475148 -0.22440936734206476 -0.47199002122163053 1.2854780449573437 1.3348712141267487 0.70946619434395186 -0.096180152216139986 -1.5444602083516681 -0.62856842821750392 0.057171166012164383 -0.59799753585360294 0.96482868996586979 1.3712271374544416 -0.00046402046816268071
 0.042058564365555925 -1.5826009240506678 1.5590879837337159 -0.053416773128112632 0.74664078898122233 3.3124021104235268 -0.62342586342467465 -1.5932577761084488 0.10585219796271972 -1.2676116074612969 2.2897406771490316 2.2843105608555301 -2.8981796186410618 -2.2774108224144523 -2.291770671387785 0.89382072809078372 3.434644000548674 0.45072306579223242 0.72360092940015819 0.17957386421299903 -3.3529651413413371 -1.9627933927063437 0.085033981300861913 0.20363266610018188 4.247837673491623 -0.0397222755015307 -1.8754673785081806 -0.12190017278269918 0.015044609730894384 2.278910053522416 2.4428956675236706 -0.32077633172795728 0.0050034944002836793 -0.31440775657901626 -6.101954049162515 0.4010686899979809


