# Created by Octave 6.2.0, Mon Sep 12 20:49:58 2022 GMT <unknown@LAPTOP-P0PV0581>
# name: Theta2
# type: matrix
# rows: 45
# columns: 46
 -0.021542284630268017 0.096728648695816627 0.15693513339877785 0.033382630082910696 0.38448417520077532 -0.54681341525563698 0.33083165241907964 0.30698832045846203 -0.1730606153090887 0.51599507585116844 -0.49029120911440138 -0.327068852538212 0.1064279769385001 -0.14303258969395413 0.22882076893854558 -0.16533161950687164 -0.15672601759016846 0.014989725354631684 -0.11132191407385633 -0.26691035687758025 0.37105555009325086 0.12951186847243151 0.2294281041171278 -0.19834233902114498 -0.24263424217828294 0.50255005902423855 -0.39980757639366937 -0.13762827280594925 0.52898905001820107 -0.13867611146318554 0.040405666456267406 -0.52833331446811604 0.11084166847405576 -0.2090803626116767 0.16282596099797936 -0.31113909733024353 -0.15454837036366875 -0.44684550233169762 0.2789628624865107 -0.012005334169572543 -0.0638584269480061 0.033833052148532772 -0.34073805844299654 0.3657541552029972 0.34823958613500272 0.082280907436168699
 -0.066500697343669063 0.059449387914802351 -0.14852524880496595 0.57015656926449521 -0.39669458531088636 0.057122833956214168 -0.92155194665279294 -0.71304358503499154 -0.47773817466110491 -0.85321278331157824 0.4007278881768308 -0.12747012364412078 -0.1709297391624317 -0.18049994751493251 -0.34327751873691226 -0.12312385788218624 -0.61519764968608526 -0.25593150189367597 -0.30613719775923098 0.45718079882569201 0.0093294523417501683 -0.1056767147753782 -0.15952154369691215 0.14089885134436994 -0.038372307342468624 -0.61182600817919119 -0.014994896055180843 0.36541521637444446 -0.82688872976011829 0.03992737851289406 0.3225539562253717 0.12290907329367595 0.024966452735628943 -0.27498445570020513 -0.091244778100903881 -0.14280595767604493 -0.4203666131332458 0.88002595659657046 -0.30421472684519102 -0.31757871069788129 -0.15302733618186778 0.84913292872816182 -0.33065023449582281 -0.1006582807350942 -0.18397649290206955 0.019175571278645942
 -0.15947838610586695 0.014640170887069688 0.32502605007051089 -0.29383887784885937 0.78596715793969107 0.11183788242202489 0.95279224422773645 0.093423491889162893 0.81405666719235981 1.0140192744581336 -0.50441036905699455 0.25124159352048747 0.087165525758005014 0.38366057532573972 0.0029393636741985849 -0.043896690520815219 0.28227971016941106 0.29461534261201056 -0.062575540130369658 -0.20800209338525427 0.17195812121964654 0.071515023448056533 0.70239007639832174 -0.24024979102111613 -0.042369169908320022 0.42027384835722964 -0.077382124036773692 -0.047869773396501669 0.57918221275740867 -0.12015711453240149 -0.038312985418363012 0.66838373729231226 -0.15897466853184145 0.69941323488622287 -0.51485370839803768 -0.071772634265417787 0.53395697453596147 -1.0549296430327628 0.28787515089652538 -0.22401717289660766 -0.12453583346852173 -0.70405411744147017 -0.10982721013366277 -0.18530144871938603 -0.29661731947718073 -0.14699527509734661
 0.045853979916383826 0.16226320193260121 -0.29563802109684079 -0.16637214709025486 -0.29991938137993596 -0.027611126635282153 0.062555943644813899 0.037206518947627304 -0.0017002429995529203 -0.31750299604073962 0.18251932273852342 0.33955000474617586 0.047410833406669288 0.29817095421917955 0.32523719695038039 0.12325959941594988 0.37498859813735153 0.056407094347968811 0.05268001227676003 -0.079167233376390783 -0.29113241653385369 -0.020874040385572602 0.16212834219617381 0.23099376068545638 0.078531908622456334 -0.072760494839241616 0.022966708463143217 -0.26521336305138155 0.15085230871766703 -0.071670530047057007 0.013946940960109318 0.016589826375833495 -0.15587285995292463 0.05244132637359316 0.34808126041198451 0.022390281527849599 0.62419889788337046 0.097051291868083089 -0.12272066117951566 0.17459532493832283 0.031289563941908773 -0.37047887673708568 0.52018931879962738 0.087557974870560676 -0.07963194294655622 0.1388744562421482
 0.0012839683558444435 0.021418599913091016 0.35519062165649279 -0.062312194964172021 -0.34317562665032864 -0.20657108554345754 0.41831898922891531 0.33323334422203615 0.19506069412313887 0.23457173425827579 -0.11278217612455951 -0.062558031225322303 0.00063307743880150458 -0.13254206864732818 0.25370046819777886 0.026851464048526123 0.35277759548973542 -0.21660680127193724 -0.10457419143002435 -0.57742105486306505 -0.46749308267096473 0.043779176561788813 0.36027460071047906 0.028140271508263627 0.43371256582197293 0.04271842093256463 0.36870145177561442 -0.43007019005724512 -0.013464694729412844 0.11932167669989807 -0.21565520036772889 0.05409114229148225 -0.073457119616962566 0.026155674444872642 0.0354646294710175 0.23338886548249763 0.59354156242659861 0.058694749142916017 -0.18992096937903286 -0.27718194604343055 0.092525658003673766 0.060750098248349073 -0.11909679672765273 0.025607862125438936 -0.33907292976098474 -0.1038738617921922
 -0.07640517843410935 0.022905039334869134 0.091930598544156319 -0.11465000108090093 -0.4159711353122999 -0.38118548873188196 -0.075797300526334613 0.49823931433286911 -0.24456241077088245 0.1045697668054846 -0.53767003882201436 -0.14732287450323228 0.29655551648924838 -0.068678111538308689 0.46715895503468319 0.13103913768607095 0.21554558931589771 -0.01743877803578844 0.11428997500501467 -0.45101947026525485 -0.45499129502813296 0.1601924606042654 -0.33011511870838101 0.12905535397443516 0.14044522466416118 0.31577783524107017 -0.052874055900337329 -0.17085929653697729 0.033567442298927996 0.072122927849401455 -0.57327934457477736 -0.37301380672673717 0.47030876661501242 -0.28660080485106576 0.63628313526650782 0.54638533290287239 -0.034947472292641411 0.11116026264643215 -0.04789694205845299 0.21094799727435121 0.2046367378274504 0.21636543486348975 0.36718952660464621 0.35135836002306964 0.30317139189582837 0.11220951540029481
 0.03716976664269192 -0.12056408762901479 -0.44431888251920626 0.063722362637714969 -0.16873087073199677 -0.27094249517236546 -0.29804400994681512 0.012863035244299662 -0.24548258362231679 -0.58324756575581693 0.59433865720711154 -0.12228070853952122 -0.22385102302237664 -0.1134294568670285 0.13533331619966998 -0.019708476866440342 -0.041953848900150525 -0.22901918044362241 -0.2390559237644754 0.29332383288604075 -0.14894110395603788 0.085393273852059526 0.24502761443730467 -0.020716741534964677 -0.014238589263824456 -0.33889340881774266 -0.12710014811232043 0.022997707896650534 -0.19549173614378448 -0.048291316527205634 0.37242592954085701 -0.05814730202811369 -0.23082579620320265 -0.37946826144393841 0.30805197551218566 -0.32577899257745119 0.1741009781977918 0.51115717651509418 -0.10021776409059203 0.073881279843618544 -0.20464782346111998 -0.022933367366676539 0.33839585933145944 0.1224529921668159 -0.1427559901502205 0.37258974739608608
 0.036063361863245727 0.15154844132289708 0.23921151745113101 -0.63897365584100863 0.86932614527046814 -0.29179916998989724 1.2550275934572244 0.29098753037905761 0.65770689488084688 1.1596074790939717 -0.66975799508272282 0.50438814259304043 0.06050651596915177 0.58884232968752215 0.20992010128332247 -0.071028632486428739 0.8214453638172744 0.44798928747061206 0.31740575284561739 -0.15374410093299468 0.5058471015438345 0.1504740894897873 0.64876113433827909 -0.29399432702123846 -0.41037310429808727 0.73247867319334592 -0.26031786441334243 -0.40324174030587373 1.3695302616073186 0.051704495220098956 -0.3500540176062889 0.056446623896841831 -0.30304808576958558 0.44629806253666865 -0.21935842916862044 -0.36012887117008374 0.76820523693896547 -1.398670534683206 0.68511330691851424 0.16792485162383464 0.02361255549179625 -1.4329633620623212 0.26181192831907291 0.20562025917804858 0.46901949461966008 0.44787729076392158
