# Created by Octave 6.2.0, Mon Sep 12 19:45:53 2022 GMT <unknown@LAPTOP-P0PV0581>
# name: Theta2
# type: matrix
# rows: 25
# columns: 26
 -0.082925839486563152 -0.039766616729185481 -0.61792753654110566 -0.35046323537800034 0.19926502040622807 0.71628029990090647 -0.15257856655575081 1.3428529103241076 0.39720188021537889 0.2917851770651626 0.0083634601328178085 0.10824506717493791 0.90134042981492868 -0.72107492468895107 0.37104727185892039 -0.91863695955237323 0.2772223790990278 0.32411067701255025 0.84792109634728974 -0.81484310488635137 -0.48879413763547291 0.5571801467798142 0.1091542753054001 0.04465771534246029 0.10850187683552796 -0.48633596832316245
 0.082454125288143776 -0.19221157496464181 0.43409937905949114 0.33682174332809411 1.0336796346336612 0.69990125836242478 -1.0760902290429992 0.99735351536177541 -1.2303701177823159 -0.65929038499650672 0.095984938151231103 1.2271805464829633 1.3162811684590989 0.051698567523596695 -0.76143826230777234 -0.26673064468300195 0.45496750614473436 1.0692728560225888 0.1989299087151625 0.31715748120936221 0.05348882852062712 -1.2772318491190493 -1.5585078779397099 -0.40724688035971213 0.53690448929233825 -0.73808632313965061
 -0.20331939933415794 -0.52187252644574567 -1.2923797121932421 -0.16402811000950401 -0.16626040210599502 0.50770422997663534 1.5603563035135375 -0.40149731744186518 0.27748879303036988 0.20414152010577799 -0.057445128804514932 -0.96250093234773271 -1.0707645212530934 -0.080658230426621222 1.0360608127561044 0.88419576176332382 0.1751477036311965 -0.29945215216674786 -0.60751560904305524 0.28754019444429391 0.13418331151648319 -0.060445360495767569 0.89223451934431142 0.051930420710695605 -0.65038923982505603 0.20755465069987086
 -0.46070208886152114 -0.18130528344790803 0.24483896166390232 -0.41499191620425857 -0.26724738797852404 0.17326954933884295 0.65102865939259102 0.5526082318874519 0.18909396899267644 -0.32985635602396657 -0.85955972688205606 0.97595324577386444 0.1487871315077981 -0.66282399378748647 0.2624249929611473 -0.029800538385369335 -0.3681089842906019 0.4039000197441554 -0.138564887503934 -0.53176085441362941 -0.3621606785101808 -0.55266830220698981 0.65411474319700214 -0.17008361357900262 -0.30150433814532346 -0.36393359565071376
 -0.39729641138902627 -0.34281382327272047 -0.56602636200198997 -0.38773491430698992 -0.50341928531268121 0.062089272877692246 0.46415295240858923 0.34820267253669501 0.55918344750286975 -0.71284158865366942 -0.89955535653994101 -0.29520570277466879 0.066944294791662209 -0.81616137742996309 0.80894550503741502 0.25478351476798455 -0.34047911559430022 -0.11519342663671993 0.34238096036388616 -0.94627862469288526 -0.19354864255269544 -0.34098871806617109 2.2087827016273467 -0.12857394932287183 -0.16525002224857113 -0.6741412957672801
 0.16094628119360271 1.2036879365930289 1.368255167248053 0.21417607058059426 -0.69606829867283126 0.62092325469278209 -0.41212177162161001 -1.7610736419534505 0.27476844367701181 2.0299012525126683 1.5196969254433923 0.63514597291947938 -1.5049979671390514 -0.083052286345399351 -0.92955289863935908 -0.97100310526060651 1.253981747681886 -0.73214945282324695 -2.2523402278923186 -0.00772961256464512 2.1760205815491931 -1.0585313078217691 -1.6306828146753505 -0.11912649053233708 -1.4815710374035929 0.43449545800689404
 0.13158804022273332 -0.25857688593077649 0.7665311522191357 0.11728379253814754 0.26729293015844996 -0.22611028134631339 -1.0581866855268212 -0.31720206590513711 -0.58670096002804872 0.59870503130293073 0.27983172935203998 1.4632325537994109 0.042076140117284812 0.4173919584885924 -0.83488614547750784 -0.48416040123472592 -0.35242971058490929 0.083199895726067633 -0.55652840665391523 -0.23391169703626741 0.28190111903354881 -0.62583534040717126 -1.9297750769706679 -0.18086863929224328 0.2226545510451248 -0.10340043817108566
 -0.13711058548489918 -0.67660344516357829 -1.1775573751876045 -0.3544176419418365 -0.045413416542818517 0.29403093238233324 2.2463001417132635 0.25592006680274682 0.13933315177473526 -0.728109014445116 -0.017995995331517186 -1.1145369853900036 -0.67149620802879972 0.026554328377669023 1.0202740825102172 0.8723540512405058 -0.2354133689286432 -0.039307672374850049 -0.47458969637931842 0.5215786564932996 -0.36790534605486003 -0.11491698631915113 1.8667768303648746 0.05998289045663581 -0.085095741462803409 0.32195497911210635
 -0.31427968887372765 0.13829825892942599 -0.010536241719002441 -0.30294465302851192 -0.48741981023395003 -0.36366070145070889 0.45390907362285732 -0.50588951514424385 0.1527108469239559 -0.095641579320618064 -0.029319936515268472 -0.77310224305502828 -0.13637673652935831 0.091512245717792234 -0.16192613219743479 0.58060850536955122 0.12020733573637429 -0.32410144546536501 -0.011281455930526792 0.29739795548075137 -0.071438463084792278 0.4567640425218184 0.83288821892873777 0.16055898984317629 -0.42740317325000876 0.36119704473987513
 0.02674597160400927 -0.52568079090741937 -1.3994483140059857 -0.17008073641893839 0.62878494182813127 -0.3808006304781279 -0.20336001541740309 1.0506600773440868 -0.16599609466114046 -1.5428095112523814 -1.4282148979100355 0.24219264140479529 1.4201280077954355 -0.0009860971474846751 0.585504300183185 0.77972566732753446 -0.22009025430587909 0.63845463531711844 2.278532798263627 0.58298509496291084 -2.346954375044922 0.9622395649395018 0.80316391683291044 -0.074385869643513181 0.37309258495785452 -0.054756801867590736
 0.055019403419010605 0.611095310029523 0.57236759953112548 0.24852235094148609 -0.19955115603626028 -0.099454975464457848 0.013551324015243707 -0.23112412449912706 0.1452551665569046 0.29659198967636796 0.32133138190286603 -0.28416118041895155 -0.77931435490625411 0.058218334013277515 -0.19547982726591359 -0.80363679047800152 -0.068736152441169665 -0.23031564724386888 -1.1979058235535234 -0.26225061755749568 1.7865169343215856 -0.64506982785743949 -0.3757543652718302 0.01467186245818196 0.12220075124912382 0.31025708392188572
 0.27275599269935852 0.29349813499417787 0.070166400757357639 0.30448030625498684 -0.088579979739559778 1.1027436305133558 0.37083676109769914 -0.87478488083114092 -0.19708569431616796 0.54192334417333565 0.97047255794619369 -0.48573049771813509 -1.1958505660901382 -0.43608714798373166 0.0092942849683449076 -0.47222253530131825 1.0463348077950998 -0.31496584928683147 -1.4141076568602009 0.014862952933160218 1.8133387507112428 -1.3393757007320586 -0.492754908134582 -0.10831407493864142 -0.5409993197408185 -0.54466125009817767
 -0.066770684796040702 0.58734497775154926 -0.50963331291116809 0.10470343823979882 -0.20464312025707096 -0.078092142465156472 -0.46267339522014062 0.35160220690539723 0.63163406024501334 -0.36770109239588294 -0.19132670565340748 -0.44044163318281576 0.06982548232138365 -0.56985563880789503 0.39245525067690712 -1.304341456833169 0.022786548098421611 -0.20524710043443301 0.57477516389634431 -0.79267822897388673 0.31303488442387095 0.25832675405557681 0.72111022529552549 0.083892601999222619 0.42832658835856208 -0.3778982192123142
 -0.18732866368423226 -0.12662502402321146 -0.41191259335670732 -0.036913906694563299 -0.68566627003035607 0.40447516947481649 -0.57814880466540519 -1.7678425409800023 0.21775943625341337 1.6123958308558595 1.749688251957672 -0.38005632174432757 -1.9351088754530279 -0.074693201382239519 -0.44407177881961302 -0.27751175458574767 0.65659529635389702 -0.78119065442116342 -2.3341165526204124 -0.81033353310055622 2.4448192010922889 -1.5730171561873485 -1.2895523440350258 0.58289294369321887 -1.0163621946357699 0.17414908568930926
