# Created by Octave 6.2.0, Mon Sep 12 20:26:25 2022 GMT <unknown@LAPTOP-P0PV0581>
# name: Theta3
# type: matrix
# rows: 45
# columns: 46
 0.034319904227371641 0.17620577960236838 -0.030523561564925625 -0.11001617624291471 0.041850617562442377 0.057125414758703676 0.076946744703483061 -0.1778975725764754 -0.27397334785007021 0.23036292608327349 0.086057150038692201 -0.18491074287548323 -0.49771002672033604 0.43505430644933013 -0.43999901930170254 0.27849438411908589 0.06325027175924651 -0.19874162564975167 0.41123862578279446 -0.26976139900871038 -0.040354653211005266 -0.037942136489382411 -0.12240111053013637 0.17778651000778981 -0.38029492253760722 -0.36182060199487837 -0.0060697461969738981 -0.11293394379074673 0.42146008321235845 -0.079542446888172816 0.091147294134016676 0.31072998681944147 0.067342828493013193 -0.11645047443993285 0.031283011394338006 0.41553778788410062 0.34443698928159749 -0.33061805031903219 -0.11495826107510987 -0.13357177299479431 0.079026337095848914 -0.29237426851890835 -0.049970987064752032 -0.11523495433392701 -0.0032620735596945024 0.35919046950312711
 0.069003200465694234 -0.67904143868301259 0.54072285954130817 0.49006750442150632 0.015055610535454695 0.20667373017397131 0.70136686891916711 -0.021605491517894267 0.25890489657666216 0.085030742624662217 0.57561894464053032 -0.25066027546977954 0.23376088890935826 -0.42719748239978006 0.3542215984098035 -0.48537676136797969 0.45629323965971558 -0.32497869893254566 0.0018019351950818033 -0.19068137678930241 -0.61508226978570368 0.39030906405915156 -0.079744333945455242 -0.01893651802331436 -0.41010242246700634 0.28775075989449711 0.067847637086823231 0.16586511842898033 -0.25326396014306424 0.32705117642233328 0.3247100569155375 -0.40266086122433081 0.091933796165798262 0.31141732687085449 0.12594930089709452 -0.15270242948173943 -0.0056672186945623346 0.089215356880339242 -0.14678146147567903 0.63070106739778753 0.057850968154588019 0.26480039275340833 -0.12649883090895336 -0.67035235930972725 0.20335113878808905 -0.51263024016920133
 -0.078993402221716094 -0.46636400436141523 0.07809204584993347 0.22942341371610994 0.18497486684416631 -0.027458654504965267 0.25614706993838071 0.16202279598427824 0.32281771933431302 -0.022251906213659293 0.45620306935440652 0.15583284369631376 0.67516873725498927 -0.66384499089950411 0.50185184537821625 -0.21630860810978195 0.41087106708498672 0.0073690472996686676 -0.49542425390665507 0.32851764022085561 -0.19531349666441675 0.37331436836065063 0.074074835860510599 -0.21995498892835935 0.16511555852337381 0.51270247249871403 0.14653606820571446 -0.25142001529441854 -0.5617015192741317 0.17752464029939155 0.083493242420321037 -0.053695074065987461 -0.23362960655444295 0.28637124592611529 0.081696381461580869 -0.51720427685596992 0.10712398906179274 0.49680212711876837 -0.41489079043090371 0.51584806859771282 -0.15489605819572275 0.40333981660877066 -0.036045663280176859 -0.29040143617537606 0.069152313985935993 -0.54610901429210423
 0.0076554744552261751 0.13769769704834472 -0.41110744360306511 -0.0079579749200207484 -0.29699733018511892 -0.036369154960983717 -0.14712040207845697 0.24066902280189861 -0.20914234352642785 -0.22412567410916551 -0.30776561160794136 0.076523314482059054 0.56535139847676008 -0.36256798971464665 0.27628820811363514 -0.49910124965556057 0.24660247116858183 0.44778247489142059 0.19000776284424439 0.095443959529365172 0.093387595483344715 -0.25450035148123018 0.35378171533290981 -0.16916065679172465 0.53147822798857292 0.42358563659076459 0.44291220126013614 0.085951923828436319 -0.16634911528022212 0.0027635059826934972 0.14575787367528398 0.35060135194276387 -0.073949490520112474 -0.41884802179976527 0.10928994302372853 -0.23873734738034491 -0.2809118864600339 0.30671009981356073 -0.031806839925614935 -0.2059337868544048 -0.14864108485423819 -0.20143969233325054 -0.15332736509604003 0.16725644259429523 -0.63169776212417028 0.18760700424439519
 -0.10902278562002178 -0.32777281718262902 0.15702030030731121 0.13580697660643812 0.086375484312877837 0.23171351649637878 0.51056304566741151 -0.11902443820085241 -0.0097661775859405851 -0.23984324282645156 0.35111944670058354 -0.83420979509137583 0.23687281519440681 -0.60498660885172295 -0.095242780007745623 -0.83095550792983386 0.69004566397490175 -0.33565846984972658 0.63150896101738885 -0.6378356874707316 -0.29586530293109203 0.39966963780838088 -0.47469133033824945 0.29061844468195436 0.092028820330668851 0.14769080420683056 0.041101526581357892 0.30124465492924857 -0.13159718839522844 0.076847266567138153 0.43705473036818804 -0.29742529664210371 -0.053456026509371042 -0.068681252710903584 0.55160638989065913 -0.0061476841649330755 -0.077903273551205104 0.5585534442756207 0.19995768085723517 0.34873231398946725 -0.43331219181492286 -0.36379894067932672 -0.36362938828657249 -0.96220731626980671 -0.4195642577372074 -0.60553535758248744
 0.091974256794583653 -0.081599818772133972 -0.037492120778323076 -0.037601161388308366 -0.099286529162350062 0.1258851258984848 0.19873352928025034 -0.12533015215387444 0.16384106384446739 0.11967700263176406 0.020382617158395473 -0.54149366467930493 -0.13826384653635931 -0.2810831117197185 0.0015443868457942634 -0.49062589585276783 0.34268023095994687 -0.16289436799846041 0.54770668395847233 -0.62419900496565262 0.11340284896570732 0.044578116558271597 -0.29607105127013178 0.27517863531818637 0.095978503519109859 0.21569792285942191 0.072910452890008429 0.12195121201508806 0.21657760655948499 -0.045152057468952005 0.32576374556923926 -0.14029912198415609 0.19915651601703521 -0.10695528349765432 0.097481390439306342 0.043169901298117937 -0.18850712553071924 0.29904046597748002 0.25880499349378183 -0.028030657923628174 -0.098575707574354313 -0.36684140091937278 -0.21822610882530308 -0.44197182691545295 -0.14301037291572521 -0.28107321468731089
 -0.10957950978172223 0.52752203109105811 -0.3323318738014332 -0.43969460195397092 -0.25102600246334267 -0.14513275024066241 -0.40617568510248064 0.039856755029224589 -0.015702884901331524 0.26763065380082651 -0.79731690465286142 0.92346749171847398 -0.36809557953215444 0.4518905465660123 0.040926045824200154 0.91995034357000505 -0.70021367140769464 0.19083102479478947 -1.0341089025772428 0.84597595808833603 0.39986902259634405 -0.14077673860673345 0.48498527362494881 -0.69012342115091774 -0.12414943611639473 -0.49152140781038944 -0.1759287804105619 -0.82181005781513417 -0.44065278897133026 0.095233839309543294 -0.48733559249007502 0.32896627860942884 0.044846769091708892 -0.27414451780329346 -0.062817108850366427 0.31979888997275796 0.20527408571590769 -0.17953649914043318 -0.1680139456226398 -0.53954471066866294 0.099054069830050176 0.43795932309868152 0.14470407174155206 0.89804124274453867 0.072124667365563763 0.64055119786056547
 -0.076900555909587429 0.12371262919373952 0.038732081400555798 -0.19290164910964919 -0.24763619862909289 0.028156935809031568 -0.49762467493649076 0.16202190293066693 0.022524431578873006 -0.24147225176680709 -0.11315438502567825 0.39229831006347732 0.076396128873038774 0.16190364202970334 0.22918175557296896 0.34525263489940061 -0.3521866262022248 0.26342318367256257 -0.37375389391429875 0.54195754885816472 -0.025758806726231202 -0.37175758333754383 0.31565186165488091 -0.024184479352947548 0.029118483102770425 0.10276010376849332 -0.1597349941491483 0.091215400258573137 0.057767747127279882 -0.10990259570980498 -0.326891159226604 -0.10333207643255171 0.095486764626863133 0.28083891780937642 -0.44942448787567713 -0.23717398828020525 0.077200872478549745 -0.29507302713624595 -0.24173223708236699 -0.14567825926831116 0.086361970893145137 0.28262236577504973 0.41931437926182591 0.51277318069336209 0.22466943230476125 0.18802924209817976
