# Created by Octave 6.2.0, Mon Sep 12 19:18:15 2022 GMT <unknown@LAPTOP-P0PV0581>
# name: Theta2
# type: matrix
# rows: 45
# columns: 46
 0.087427197556870118 -0.2922118152029915 0.13136531210477984 -0.018078252570152536 0.30131518422981285 -0.043726942060651454 -0.19333910023637971 0.072557277958546176 0.10603196994987185 0.54182984357246478 0.19705558997456882 -0.053314946248580797 -0.044317465734872517 -0.29933978222279806 0.0095885606961375359 0.0059103759013593151 0.069562784479148682 0.37186871506617902 -0.3915132073126838 -0.11161809630281698 -0.01826602625595846 -0.43308793405356749 -0.094989980422860595 -0.042024415683262796 -0.27100010867185531 -0.01922829084821976 -0.0060110079345592612 -0.0070976248659577286 0.20019125080379713 -0.40908412219285145 -0.18544381190406928 0.046507599220816036 -0.55773452988899164 0.1816568729296329 0.083769302332916365 0.41600288300362681 -0.23249718560064914 -0.0010102366186960734 -0.18898426957235656 0.1084338622100135 0.2303744523150448 -0.33333537545599778 -0.17479510820170269 0.41681676874373158 -0.18014942444192389 0.3317463055167939
 -0.0088503104198561829 -0.23194191896098554 -0.061934409120129222 -0.56280643121043539 -0.11827991998780826 -0.42522606238230309 -0.20696547344383912 0.63818431488789973 -0.026778439341362412 -0.070701300017704999 0.24132950079467483 0.18577669265858232 -0.037573479720724313 0.25230584428997865 0.072327329160638457 -0.062133388947174219 0.13687282448041746 0.24985340634098027 -0.48790278087212036 0.048980281271342539 -0.040522358886152757 -0.4881217044971673 0.28187642563895554 -0.12051958203033822 -0.03775910424056262 -0.25973017564074652 0.40691913568698868 -0.20715096325567403 -0.2949065048840549 -0.22133581680194039 0.35881718073751406 -0.071873161551400833 0.071828167088854714 -0.014831246187143998 -0.2873336284572508 -0.66670433881062674 -0.33696331081054642 0.065239789884900035 -0.21950821016624261 0.023206459118479378 -0.021517321291814294 -0.56463507872989049 -0.026741395153046445 0.09931171606309333 -0.25285561923724786 -0.07248550017901105
 -0.20237717896269394 -0.024645334017328741 0.27247244926817737 -0.001764569951495243 0.13102962025708145 -0.25425343795179656 -0.25659904738491474 -0.23610883300592397 0.011777402593181959 -0.26688342352401451 0.55835052349215819 -0.11474939222785777 0.20529566911681379 -0.21545607480550466 -0.27899548472498092 0.38198405480493719 -0.011181620175919385 0.51681065132812853 -0.46252593749887499 -0.52471713206836057 0.13934469322903892 0.17551266724693107 0.046369318453702575 -0.1781718958203552 -0.328449462753309 -0.26861600418038345 0.50145851006876641 0.12982566666515841 0.44773210390335705 0.0075026403435133815 0.12277094625305972 -0.057885785931091255 0.32250455119535404 0.34929548431245627 0.22448401431105505 -0.11635490423957184 -0.13217900447504405 -0.095395248447532041 -0.077789950461854968 0.12483368866648664 0.074379809520932247 0.22264505880863419 0.0017204620521789075 -0.016382549890392391 -0.068908155092820639 0.15592653412538143
 -0.10129538950150133 -0.17148914781751412 0.34513896701698071 -0.15021241592684029 0.063218481820199221 -0.10420803908177678 0.089385856340778613 -0.31962164454158792 0.065957944204318747 -0.38718556810000426 0.56989278910451124 -0.18141509687706758 0.17657643824236879 -0.11344888290059715 -0.11420938600805856 0.33083901065555038 -0.077873906002848575 0.1562423197958798 -0.33583839090114842 -0.47867270565795816 0.093047096199604135 -0.14830325795741167 0.19057683270457623 -0.18824023860370631 -0.14395072616326215 -0.089248594914925095 0.43957898772089166 0.30119371246697357 0.29778652782361803 -0.080908796788315293 -0.030568106501689549 -0.11883198494798319 0.087048066115294725 0.0036979575746920639 0.35830832855621036 -0.11393023965398731 -0.098868555191560209 -0.27559460593888785 0.12053977668780504 0.22885689791400726 -0.10706022519306119 0.32205573750754468 -0.16036426390084321 -0.052101718535961461 -0.3039092025029666 -0.012970577979378856
 -0.010380318260779484 -0.01477341715294541 0.33323449968124691 0.058021326365310794 -0.1084493148276237 -0.14735926851058098 -0.1025287061089499 -0.29509285461733936 0.13140158458801168 -0.35050180377561457 0.38410737132392886 -0.21273921415967786 0.20267446380833062 0.11608727019418377 -0.14024797473751976 0.040719954024699127 0.030838885759479569 -0.0025636497943916266 -0.15462204273686334 -0.2808380640303148 0.14040322030607466 0.052597655278657791 -0.066255584655987784 0.17267676076566257 -0.077984958679140876 0.1170127019076834 0.39923044832490928 -0.078405855474529981 0.13462999419675861 0.197599956909316 -0.13754611064184327 -0.051334655559928465 0.14178541511455797 0.30291909799821071 0.27122070400230325 0.038959623955189551 -0.077020103636946599 -0.11631819213956208 0.2163990400139704 0.10223749637242859 -0.31855294061050893 0.52367877642445471 0.14691106657713693 0.057511832381276537 -0.0091331872768942342 -0.2223724269110274
 0.016171774870859135 -0.12524954956750978 0.04350290931102057 0.085948908178731687 -0.30841544340395216 -0.087005293624225988 0.086337604217026992 0.060817867213105378 0.12551817846429511 -0.52975747335406387 0.088951086037153487 -0.23733311809979132 0.12021377878131781 -0.18723596692194069 -0.019801623621304564 0.1770760008367844 -0.006446772081734501 0.15663753387990995 0.39246914801680211 -0.2100988973861439 0.069722217759014882 0.24867632291595082 0.11964643079882269 -0.0040225458994061726 0.37452931508133325 -0.34823061155298407 0.4187454972913322 0.0067574553273484833 0.1661581800330188 0.19004698534118386 -0.069009075430581143 0.20279427700410066 0.52406640772780011 0.040174979623097545 0.35535765598858238 -0.19995142792491483 0.23627824322127522 0.038970331256795866 0.27417434558417331 0.0036895320194617505 -0.010065987202394933 0.66117811831285278 0.17262468712701301 -0.42446339401684868 0.30497201865719187 -0.31667580252083538
 -0.070546727331775361 0.28059091856367158 0.066439608510461101 -0.10550336163352907 0.28147636757101374 0.13053497776116829 -0.07055379647921374 0.10764738371680591 -0.02779422860123916 0.090778196302803621 0.14745827779169413 0.080970178503714921 0.070418966356986856 -0.25071448051207057 -0.16831578430700325 0.27070718957631718 0.054247595907388362 0.32457859368966741 -0.1489981054378873 -0.073026934939334889 0.072791179004887949 0.02043010615535271 -0.18580275969404214 -0.27768742939646013 -0.17276332847928055 -0.20341524178098766 -0.23901299021807682 0.24848159802649897 0.27539667773125898 -0.33343210367823445 0.22707989260327877 -0.053765646278517411 -0.064263768016739067 0.092840391094043281 -0.11139654573532483 0.10051616385639683 -0.23146082463164602 -0.22336960313580051 -0.26106865468904794 -0.12410925729766757 0.28817460210956625 -0.23538717003307374 -0.054567952748038405 0.072308835856857906 -0.22303136083778638 0.11957822481025951
 -0.042515117012429084 -0.22026858525211115 0.53701878655500435 -0.18226486486947338 -0.30051119500450046 -0.6001107717250066 0.12787749823212521 0.096593053840337742 0.2882772157530708 -0.20959157744728465 0.70142178655389786 0.34745256576626249 0.054695860144029655 0.60859940446712868 -0.018385789547410845 -0.20146321525756514 -0.065622805379091265 -0.02383385610414801 -0.47442554189332242 -0.1330433688437837 0.15647646483432096 -0.43274790889328119 0.34153840841610034 0.34457731984187723 -0.096129960574278389 0.55859483147739841 0.72554364343053246 -0.27520434219367668 -0.080950350906244209 -0.092535765369811382 0.096385842713157491 -0.24639240413318145 -0.056230408800563035 0.20669683367339256 0.20265738922612159 -0.49612950889632285 -0.64668594830233161 0.099022056388427995 0.11462923375150477 -0.18625221930343411 -0.91815566809413618 0.12401428457761622 0.10959011927111499 0.47266083175945039 -0.30371525075017397 -0.40595921413636754
