# Created by Octave 6.2.0, Mon Sep 12 19:57:46 2022 GMT <unknown@LAPTOP-P0PV0581>
# name: Theta5
# type: matrix
# rows: 10
# columns: 46
 -0.10389072490596828 -1.5414830977853162 -0.51344558787291883 0.10207408564101514 1.2652817860615417 0.42160908929248669 1.1827501385345991 -0.28460688603375622 1.8806781118009466 0.18886986530239538 -2.8952986726783414 0.12377800571081113 0.58178983301958598 -1.6143911430832423 1.0140234405142823 -1.7055812264082484 1.2591643696020629 -0.52745548003587206 0.67511607509201066 0.21438143597238252 -0.8009882361922086 0.36693283411678834 -1.1294909055086952 -0.21807760721666428 -2.2329348867162935 -2.6493249378057313 -0.27116579632284521 1.0682036302858013 0.0090394527196364129 -1.1864253317158926 1.1308052996283631 -1.06907651636752 1.2205175664625567 2.1185830725004036 0.38660101359238636 -0.012252237631955385 -1.8406518265291627 -1.6691089121010041 3.288136776226291 -0.40671120611157002 -0.71315864018841568 0.39341441225792356 0.61081406477452471 0.67516832044516994 1.4824856001289031 1.7519422550994317
 0.41468082013721086 -0.37694844154857721 -0.99915972332351 0.49525710917390564 -0.29943586267119293 0.024306463666446319 -0.31904635296444789 0.48999007157896857 -0.48078004913307881 1.3222716937332617 0.80055850143745866 -0.94067688148850126 -0.40586746247280964 -0.099544023463861708 -0.17602071663151142 0.75263898456969491 0.85583134682202933 0.92688179772232793 0.050752933708172715 0.33864513838014987 -0.38946592761815646 -0.099226873636568777 -0.11422890836808325 -0.11279302156089871 2.408158926247943 1.7953193834951071 -0.47692437540369548 -1.7223050401915456 -1.0182669357434631 1.6182182299729326 -0.44835352270716194 -0.41715490232153213 -1.2874898779309361 -0.076653439306672816 0.76767932546200657 -0.41778589686479639 1.3359875809161583 1.0368579459101372 -0.24950847696273104 0.44840621894720412 -0.40276288150074196 -0.20316574645517377 -0.03263568017815794 -0.21290606475901899 0.98166439167439179 -1.2518768090242431
 0.11055909287325486 -0.66595181107630363 1.4401653675748562 -0.93650728028931762 0.34629740388777441 -0.32530459961075764 0.095234841720952007 1.2433167729660612 -1.8889108928958864 0.48755186971386572 -0.35459848734725891 -0.30240145192163992 -1.0498533055527313 -0.55386669558406654 0.98667819256580691 0.56074867486151891 0.84329546849031223 -0.18598055783083012 3.4468971189468327 1.2933198074440124 0.050748738529060589 2.1139728855836313 -0.75062362220456458 1.0887426939731255 0.23976923719168228 -0.98856375253567552 -0.98485024677501187 -0.14766861514791774 -1.4567526300758844 -0.64836390533127042 -0.27494098816298163 -0.23748420158816555 -1.1912401848376095 0.78889251578371866 -0.022697545784265853 -0.79886779359736249 0.39295942331019817 0.53978682725033966 -1.265005611486691 0.3200700561956451 0.15636971206790207 -0.08458998080533757 -1.6126265636427346 0.72308169780502096 -0.70884655269363772 -0.88009616175965677
 0.077975145790891862 0.58691299812013087 0.43732404645135536 -0.19815833118177276 0.76190889346702551 -0.098496887642433736 -0.16768123674100766 -1.2333183373392793 0.098055096011621004 0.7364651010906853 -0.25569440317219122 1.091554352923797 1.4737381303071451 1.4350879767459346 -1.1815885874553085 0.64097515721828446 -1.8915414857979402 0.061605416861448686 -0.53777871379021613 -1.1564423217087934 0.73953007155303585 -0.87629404543329514 0.0048226037998356994 0.63167578348851727 0.37769903955442269 -0.13628860232138298 0.84275112790017614 0.4089567797130943 -0.51131456343752557 0.0059564344935541065 -1.239758785638899 0.38018270773634083 0.054922705341979565 0.44321391652048903 -0.98202279414324023 -0.82546860772499031 1.1873293088185346 0.26357352140684392 -0.4129518398867279 0.62935252840934475 -0.31757757753056498 -0.88216896981220072 0.15983556440895522 0.12178658543497038 -0.19397726068861401 -0.16600281860604466
 0.1958770351268613 -0.54242862841094563 0.91011600236239221 -0.96242412255482035 -0.29794420899641288 0.53878848782093447 0.55341327129388429 0.55809636018965392 0.20200817054149753 -0.77452157825956303 0.36652901005363864 -0.74712946733680796 -0.66779145834563847 -1.2521181592581885 0.93108488751250451 -0.81488068851282913 0.58404599471165553 -0.1615054709795255 1.2624036672037313 -0.33293947470367646 -1.3697246796134499 -0.41828391072327642 -0.05610094065969691 -0.41951357085057345 -1.7180115783792318 -0.36260594801538187 1.0801250825597151 -0.3818731541961059 -0.30880344405435295 -0.54424739388942001 0.75341895335354947 0.15041877839564663 0.050707826894191198 0.66895090253394873 -0.25351206906883067 0.5941437029159069 -1.5752445715507164 1.0791163406930822 0.4258731624793044 -0.65842215662971804 1.5209378864653122 0.89739904988060848 0.2805838510783803 0.42884659995471586 -1.405200796548975 1.4931652268725324
 0.15607246910211509 0.92851895008739627 -0.049023382511944595 -0.1349918043076053 0.48092004016779877 0.39596427568511466 -0.91957185471154135 -0.4095192140749635 0.42846376379456208 -0.83306973462622391 -0.092265132341025027 -0.54456113436645759 0.28561805902323772 0.24922113478718566 0.5923592461766779 -0.52428762298220866 -1.0109564772447863 -0.60542339938667822 -1.2264471648801485 -0.26456281936601028 -1.1134935723864812 -2.4365865621667568 0.11482552723928333 -0.15471510546287764 -0.37837781446981 0.63794629652619284 0.21514943180734919 -0.40815703719286878 1.6690811614256051 0.74863755733038428 -0.23589893822699684 0.28692804850333115 1.1597155036272253 -1.3659412886740263 -0.44866545723575163 0.8861385746623911 0.53401749906195495 0.78322992849952966 0.58499729246793031 -0.25085040263838332 0.10738375062404748 0.70357727108684975 -0.12642724966395721 -0.013312465999643402 -1.4442845480394977 2.1033279917321241
 -0.48643925368560376 1.6721587389566497 -1.2909594228112897 1.5301263378775045 0.17692682886780686 -0.51293650093236798 -0.01098042586839108 -0.79118449855505169 0.67119922355339046 -0.16200374537640694 0.13061242755427077 0.88143592115157088 1.1239437972487174 2.2958958286658233 -2.1079484129701296 0.82079523157796874 -0.68439269758840537 -0.20478759495405913 -2.4807621842128835 -0.26164046784163064 2.3035519565499509 0.23903383549229315 0.85279549414181077 0.024445783418318583 0.57100661169839795 -0.079109996437267266 -1.2309699727107355 1.8552892535077645 1.2281180429029621 -0.18916852540094592 0.17787745295911853 0.092562608590364304 0.91149655979246347 -1.2607575284649528 0.8295196952724545 0.35158454295787944 0.34295147499871298 -1.94371394841564 -1.6376351077043838 0.58783808071250132 -1.7263831564681549 -1.6465385307921985 -0.16901803516559155 -0.2869724360438608 1.1450454820886562 -1.60580498181806
 0.081020813875439288 -0.8708626692462732 1.9737764365551334 -0.75873305949449765 -0.056436940857473035 0.36223610474660856 1.2687898761282064 -0.19329488079620261 0.38552465402859898 -0.051567211080409771 0.25729223093565562 0.21534388274865002 -0.38627978860505124 -0.34100224269680013 0.019823884414832689 -0.73494650852931154 0.9988872030741206 -0.97639682327935362 1.772623933254589 0.089658679326201321 -0.83575532360947202 1.0478432236877624 -0.19673836502116401 -0.48434016422299159 -0.74284924256710505 -0.53215975647878888 -0.32049809908673044 -0.91106124345852812 -0.63042071244119424 -0.4378186914794745 1.1832826318567464 -0.94084867412552109 -0.15872416363670483 0.89865098181601366 -0.36915592556471644 0.37890130531905564 -1.4241686930984072 0.48010984641100279 -0.35330349127928273 0.029540125159755536 -0.30379985664845477 0.53379839183122657 0.23846656687126025 0.31366996341347475 -1.1105139394750996 0.16456441830269325
