# Created by Octave 6.2.0, Mon Sep 12 19:05:06 2022 GMT <unknown@LAPTOP-P0PV0581>
# name: Theta3
# type: matrix
# rows: 25
# columns: 26
 -0.11044665346038494 0.13249941790087097 0.20404170036488381 0.4259674257942403 -0.039254893284337067 -0.11916175855524969 0.023460689986253155 -0.19489089719338537 0.055840835380145733 -0.21334984158333917 -0.38659107272034154 -0.01308117377537743 0.16168392566500192 0.23342262620996407 -0.27117644700366667 0.27748012210138207 0.30466846373363049 -0.073145228833559145 0.19417649307755286 0.21453004148917265 -0.21313078334268656 0.29834817708197919 0.11977084312137536 -0.43329461885949172 0.32182675715206155 -0.23841395667198761
 0.077898505119424713 -0.083728539046363334 -0.1872759353024383 0.56929822238545802 1.2160000702718545 0.50985007393070148 -0.39205624791919574 -0.29126841682510363 0.10290547994314891 -0.04717159444922895 -0.38852822281449056 0.0035910057074315157 0.011102436204371144 0.033787617037877714 0.26029833386888479 -0.22432222608122626 -0.10101918345742161 -0.37242070187685627 -0.094302931939535012 -0.69524470145854256 -0.52426098210059824 -0.11044383431825693 0.77608228702445725 0.24359638214861898 0.28557549183781433 -0.2905405470708608
 0.048750586029992611 0.18053619059710729 0.62993584772638889 0.40160268769232094 -1.1696065322889275 -0.94956982229722009 0.51606985788168513 -0.17302902372142534 -0.095054580031891142 -0.29363711853916796 -0.13487349192458567 0.10645653751259901 0.29877762141384984 -0.1237610922620872 -0.30619622190804135 0.53614347060796519 0.33194097186419508 0.1925384640966081 0.3988857357785966 0.90187876356689567 -0.21478187077699279 0.3769700332985601 -0.5284813749841355 -0.67630611505394 0.39913998341653412 -0.16677786531847957
 -0.086244408948754306 -0.063112613426640984 -0.22050796244081441 0.35154703942705229 1.1580222236578561 0.67579504129255707 -0.47235255792386255 0.0053427948128032489 0.21944523536400423 0.067342609725650204 -0.33463328586708413 -0.082669581893351746 -0.22285404655731822 0.052489212478393013 0.21671032641014137 -0.40686468165513678 -0.10642771654872457 -0.17699919022206778 -0.071738449927388953 -0.63857620218430322 -0.23086763117626294 -0.12668539000123577 0.58487426421376509 0.44053175628795105 -0.018663657924459946 -0.10011971062765768
 0.0094994843833040073 0.038497013384845194 -0.38789097972621595 -0.50828633107530252 1.0380853235336585 0.89093434337960231 -0.3340442342051641 0.06526820206128206 -0.052469688510368241 0.23898773107233753 0.2239653048154652 -0.075515237476781585 -0.057853619850147808 0.22562502327376929 0.54625292697555405 -0.62379104057012347 -0.58000439426075212 -0.42660864127009357 -0.2993220638969466 -0.82026368815591799 0.039465505856918666 -0.3286629523409143 0.31043779408941247 0.71974227305246274 -0.54502433646838999 0.1035408679137471
 -0.070902653646381569 -0.21872486475105374 -0.075097483222910238 -0.028893037300777163 0.080263205868812817 0.095842083801197811 -0.13538608426797627 0.022047021278946193 -0.085419066586430434 -0.051009501603394021 -0.043204355641337788 0.053800084865138799 -0.16478898708615924 -0.2340659234608779 -0.10053278378251071 0.31318731011650747 0.039012378635924848 0.20392749619072084 0.099203788532875398 0.21995754665527767 0.11376809330388053 0.20860962328789945 0.024829278254399199 0.01248467581859292 0.25807724388533415 0.084330366273124166
 0.10512383924142596 0.06973215869826882 -0.36196022009154816 -0.49345896793259253 0.2413023596940542 0.21502401492961967 -0.0023062363655142653 0.28890731832554067 -0.10551327639697566 0.17338685974345958 0.44164211486788851 0.027680068053717494 -0.14043166864203743 -0.019441423860767588 0.12854246428225011 -0.33781106976866287 -0.2237338377303755 -0.10976494771957743 -0.1150525792122442 -0.2232909955384656 0.35473233861614784 -0.30219901052000953 -0.049671837980248837 0.44467719082218543 -0.33848247310706536 0.24799124217970797
 -0.12229937129925954 0.20144289483524508 0.48320066856895649 0.78502661902441639 0.069916052869630554 -0.46861907553853444 0.11803433767860684 -0.641219623947622 -0.08595898937062818 -0.45111222729199646 -0.7161153469220779 -0.015296830468162345 0.57287563009460729 0.28083596162354391 -0.12570992188679742 0.116199218867147 0.40704639869121856 -0.19879902178949027 0.13135348397931643 -0.11365549353417292 -0.7440158301955313 0.18678180771201242 0.1858099207212458 -0.55181450785132369 0.40882159508464772 -0.39774659410274271
 0.060945300079815391 0.11540245047961302 0.35958737371884647 0.58372256581670479 -0.29575808676233578 -0.23053806566425719 0.12202512888614551 -0.18944022105031197 -0.0088835123302255445 -0.2380556285872964 -0.5195138401683701 -0.1044268966954556 0.16888199621257641 0.16474850446896375 -0.4746205530796509 0.49302898706020226 0.37040412200395884 0.22493421714578257 0.27038012186466776 0.44911558992811795 -0.4347521447828222 0.38017421196070145 -0.088659777190814706 -0.5348488741879357 0.3278017415646064 -0.11647819190514416
 -0.011680814713726888 -0.051667013038142348 -0.11208919482548765 0.049492699536543512 0.3923693510806272 0.13259855940986828 0.032013550806934875 -0.14579257217888461 0.042246159366246532 0.040963838704981305 -0.096573825799109794 -0.10581185090345513 0.12403756537558687 -0.029718219697909852 0.27409984314258012 -0.046005596201573344 -0.24024899102731295 -0.14564009869922376 -0.09460804108865313 -0.324502516867889 -0.09592999887865114 -0.12870757505231484 0.15310874357840221 0.12983508073819033 0.038794367599617484 -0.10310599006667681
 -0.071175439917904912 -0.048855859973755328 -0.45369074889609723 -1.0540400259041367 0.20514082324534727 0.51866840992552987 0.096333615029009431 0.61488721313611072 0.036452002138919547 0.44135925003963949 0.59525415016034167 -0.018022454826351161 -0.17272952156803917 -0.11055643557530301 0.12631823844413073 -0.11287144135238703 -0.42192240037789869 0.1403906986127422 -0.19760015476326517 -0.13571318877111888 0.66677524867447702 -0.29196885089545666 -0.30038658476012781 0.65484963520799355 -0.34705361151469205 0.47750204659073148
 0.028648274776824224 0.07292134473272624 -0.5209948356716686 -0.8304386961452721 0.52740367925951337 0.68777248878477337 -0.23444471770610442 0.59329158514818969 0.068150698278109101 0.52211925102762025 0.39232341258167946 0.1223360281268409 -0.34297969722124372 -0.18037465093095839 0.30740479728118664 -0.31909853412168121 -0.43954371821842592 -0.13091719120222062 -0.067476397381386166 -0.47733219975218188 0.43755522009506337 -0.22888174442411335 0.025620861800696195 0.77632410621026426 -0.52421736149552722 0.27810357355822934
 0.097704017421998066 -0.090300100064059502 -0.099014858603771808 -1.0423128424329886 -0.70555789270428237 -0.1725369347339947 0.33561753530694516 0.63095755553201183 -0.022376733089363599 0.33821437324605103 0.89410081604615943 0.2026164080056056 -0.14935971449847049 -0.26694377868387204 -0.030423912247142491 0.18263606764349519 -0.039313464592293228 0.11499691342244678 -0.11479959473631469 0.34432110336439403 0.87234340219258666 -0.21645663195508691 -0.65133208494592842 0.25901852179146972 -0.4581932771730558 0.53619042454110422
 0.092778785782623441 0.12464407555941233 -0.34435929943385579 -0.78459905798742169 0.091453504799808391 0.39057159353096949 -0.037891050702369831 0.41986033387830485 0.060460520507833113 0.21145835600375956 0.43476182931433166 0.038780249572763797 -0.28964950003331907 0.017129901943398047 0.21021158123352746 -0.1339840115348466 -0.36862765049157625 0.11110673418832824 -0.27574004186938544 -0.19668527934629432 0.65190207695428071 -0.20912282077283981 -0.16999238557891344 0.36716459661672662 -0.53435705411207646 0.32928893311577334
