# Created by Octave 6.2.0, Mon Sep 12 20:58:34 2022 GMT <unknown@LAPTOP-P0PV0581>
# name: Theta4
# type: matrix
# rows: 55
# columns: 56
 0.12530610838837847 0.10184158382867453 0.31198042580046403 0.060926355925344775 0.058452845617933263 -0.43590292339151798 0.34739609416210826 -0.47629640472705281 0.0058655158174755907 -0.17079409791441313 0.084713933580977493 -0.026988543890785473 0.21568019654640297 0.37642057772256859 -0.25399580079840622 0.076523285507698505 0.34008135292477604 -0.026933982843465813 0.28635872495716819 0.19115873038355352 -0.61244006194830947 0.23814330910766721 0.46199747727940987 0.2463508575091802 -0.037826530978192281 0.020315596604285197 -0.28477286123558471 0.12720494055148635 -0.2718653592833104 0.18268071420209164 -0.37373586326906372 -0.2105001037595369 -0.17977233566485401 -0.23333712398196446 -0.49857128226307418 -0.57036099607509028 -0.38428434955968005 -0.37395245718006176 0.09728694116059293 -0.32916261914446671 -0.13492908914621909 0.14025682402109113 0.6492789021334866 0.079150357061577928 0.36698969886920674 0.1199318205717146 0.23140202203029617 0.050191228862419737 0.52652336742845229 -0.3709554508736625 0.20793259016614632 -0.074331101869729715 -0.36523055192880066 0.6192535714849009 -0.22934282845098677 0.13334572694001742
 0.1110125448002344 -0.11421518220969791 0.26017074531266532 0.027822070249379539 -0.6629727279837021 -0.082703396106588153 0.83326747835824921 -0.15765725174598366 0.011600106302533116 0.028537589124242882 -0.18619452999735994 -0.49632237827478132 0.76013952550415675 -0.20243755588696163 -0.32849994842328961 -0.51257584957448021 -0.23390282137384641 0.40307244364843109 -0.30526782885149845 0.46300007940659427 0.19244003880679283 0.34631531901073948 0.011766412470614357 -0.51208469450013994 0.18977653909370593 -0.85523741492962801 -0.43910176269366435 0.59494199224155297 -0.60904377048321034 0.04783475471905467 0.58669079648315969 0.40077464467834262 0.24829445395319341 0.43376520011872477 0.50568242381940043 0.35243009488782517 0.36048264850480055 0.18180283055392818 -0.12737043154779734 0.41540130008155446 0.081828261497996754 0.42125329924953292 -0.38882196232668992 -0.1325247287610837 -0.38521075800597648 -0.098381449051812397 -0.029173549744370093 -0.1168217756506278 -0.16242600784331462 0.46179155610743966 -0.066594258980996801 0.17222160500997366 0.41688793542399039 0.15269801483356166 0.56129118296126757 0.12597341244499602
 0.14433098118136212 -0.12816927443063594 -0.22412194442677777 0.24562900361366796 -0.24204972397365276 0.32773128645781424 0.35468495431760128 0.67148289471499445 -0.2592688419263397 -0.0087247450030790673 -0.39467333828077339 -0.41785789089191755 0.16734547714557421 -0.59477727696605842 -0.1417457073408267 0.51926629676241032 -0.63354086451994218 0.43642763618292713 0.6593760635245508 0.15427983357799432 0.25312348483508784 -0.36499779226394086 -0.45808481482080809 -0.16567445621518839 0.47909770406457275 0.048014064162692875 0.53415999961881411 -0.5716913141209784 -0.22334879665761043 0.02489301158144169 0.33989228114650544 0.68412426673074489 -0.049702396261819236 -0.0062369101696409714 0.28611764306809684 0.40274667864690794 0.64655235906953989 0.90192787278197528 -0.25041441724787694 -0.32766715785051964 0.19683065003322861 0.31320713466227651 -0.81786841045885539 -0.083303165773133944 -0.29918158052646621 0.92820349226732779 0.037955448267881255 -0.26044937887705943 -0.37525155760373541 0.039888430999646826 0.014945736951077072 0.34556363895660908 -0.051333799625486363 -1.0606771568937203 0.10812357700727634 -0.25950794835401514
 0.13495084930387863 -0.93554500311753441 0.39682020639390964 0.39757687897022026 -0.43697145718213865 -0.1268083035523471 0.79071490095705743 -0.15331661751572978 0.34386246407262799 0.043950959323261228 -0.73509444859160722 -1.1991221618429548 0.55471354869910094 -0.59780764562880173 0.26738956735223673 0.26785870962120878 -0.62236345200176479 0.26271514450333611 0.86644813575522817 -0.064329229303799307 -0.10521513925845233 0.59154817189991016 0.14181892078078628 -0.15929591124476356 -0.29500751160693167 0.21942670059829261 -0.2344083694938742 0.16178652572581312 -0.35440430663269834 -0.22904674990811838 0.0048568749368768909 -0.19275539481809201 -0.261612102635501 -0.021041764461154685 -0.56230155395976378 -0.087342394184990277 0.52592172913032886 -0.3072793014212164 0.1855974174790006 -0.72944807988945581 1.0725247298640592 -0.15023470170589429 -0.32278972232928949 0.40390253982092272 0.1628408214875238 0.37778826375092822 -0.094029048044958166 0.18668047168870178 0.04335804881481084 0.33492311008924436 0.37127356223711311 -0.26885298543372743 -0.15808774349883611 0.6339852919132537 -0.030592993253423798 0.80395071051677269
 -0.051142114924856978 -0.043239485919170782 -0.33946876328916564 -0.19830577191867083 0.24853798518671849 0.015859756122173049 -0.24284259766215696 0.36562204759315725 -0.085234820421462784 0.072332383080429705 0.037108053950314836 0.28887722220167089 0.090953655511926829 -0.14181049254971431 -0.10410762175142382 0.24677834732118528 0.077745803004437744 -0.18514674230676803 -0.25508671610529915 -0.12024681445208943 -0.0033971528493495708 -0.25656501719013269 0.044838833719798681 -0.047356350193694906 0.028415724885752114 -0.11143669052111581 0.22582070123587894 0.34183378899338956 0.041555172200690993 0.17771619967773791 0.26794506119388184 0.12530275345087022 -0.048233745127412797 0.12481413817460638 -0.0025658977411851967 -0.036336710414043377 -0.21157352122648126 0.090581753625143022 0.17885564240614282 0.22534480761879905 0.025820824215465901 -0.03265466048061387 -0.24321723096733924 -0.10980767724607339 0.079007869987607143 -0.019037183963931788 0.018087340655401997 -0.20871960268117076 0.15565451206963102 -0.10681866225023622 0.0707093988059663 0.13554643257446763 0.19148732804383889 -0.27318247306554344 0.11423045779389943 0.1452330554722345
 0.0042276250692097348 -0.24497687763491457 -0.41110360521723449 0.39286171281532578 -0.67645212032579161 0.08079605489250595 0.25839405666765974 0.58981973254473907 -0.14883651701954551 -0.31312339552131535 -0.17694473746863607 -0.5289373694153533 0.34925657752422767 -0.89916141735271338 0.072145456942384764 0.21663632219245085 -0.47214354245405843 0.47332995145723289 0.49205429600326572 0.10993932717243005 0.54654720619664543 0.021889265368634444 -0.42139534643788229 -0.38369582534416269 0.36955105527594012 -0.31600256251038 0.10184816312237353 -0.18211431365432357 -0.36100511551328329 0.3571954451796428 0.43650875707704367 0.86996578074646802 0.14061553695639073 0.023123649572387876 0.49111677244098567 0.2843223527271177 0.28357369151635048 0.75288003170589402 -0.2478176160177423 -0.42391482044379802 -0.25570966298494968 0.51304239471555524 -1.0288089825020996 -0.49127259597216549 -0.35950582719822294 0.52541647826955795 0.059815352919869058 -0.36576461904249891 -0.30939494736466888 0.34372702468536631 -0.15809964834392096 0.29343582928251072 0.043467983324956321 -0.67952134668521069 0.22788653770283768 -0.37695494099272464
