# Created by Octave 6.2.0, Mon Sep 12 19:25:11 2022 GMT <unknown@LAPTOP-P0PV0581>
# name: Theta2
# type: matrix
# rows: 25
# columns: 26
 0.24129068355622157 -0.20914279892662663 -1.4420101179754574 0.70954972670188221 0.57409604049725316 2.6227594803227268 0.84122621289718558 -1.1903802572722628 1.9129830988880334 -1.3493810401421786 -0.4966153965831081 -0.19844323073345913 -0.25365392576534079 1.1617948331484222 0.73804925044570791 -2.7158319176366263 1.0662393822706244 0.04298295364105522 -0.0063075672864076416 -2.7139682410057717 -1.4042149240864399 -0.19776005917278702 -0.63219343201470435 0.51300650033590844 2.6048655890557728 0.085157809512454399
 0.10035431534430012 1.0655532258150235 -1.4546350470745926 -0.67710265189855523 -0.95535576013161205 -0.51766436087246126 -0.64973925359551832 0.87675223717847772 0.89726893094071525 -1.4554819824299214 -1.4922410290342738 -1.042425130566736 -0.60147533961823862 0.47896358126125804 -2.0360329447957932 0.91022005175502863 -3.3304844442238641 -0.46024514956084633 -0.00091128683369645592 -0.17122687170839096 -0.50167466974907526 0.72916456363352367 -0.040192328526239905 0.91769654342539009 -2.3699338652492767 -0.91915029915807678
 0.26204306856425169 0.4545970976050287 -0.88830463586438002 -0.0142860508663113 -0.38674601751481869 0.61889291367905641 -0.44741866809529063 1.8269974292605167 -2.2375632096062321 -0.78093305459155704 -1.3603305995182555 0.013245326978260964 -1.947322038201853 -0.316815570481771 -3.6067732210037393 2.48660738001879 -4.1515469966933489 -0.82417287857989729 -0.040534852701188701 2.8441076621254644 -0.093824910138810613 2.3505662835929102 0.35496649127150015 0.27422229383568425 -5.4260712928792536 -0.94575362812294794
 0.21837360373421322 1.4538328775980789 0.19544885977251619 -0.26727574845613178 -0.10502501208415377 1.0821241902408023 0.80090650124112472 -0.024714770360592584 0.66592223758250468 0.53848345095364469 0.14848221509443929 -0.21157243465793249 0.49998013974418742 0.8259766190975627 -0.10336440136795333 -1.1578367667046245 -0.40404005080022914 -1.2847948912523428 -0.016696495165287491 1.0693375864426546 -1.1334789005234689 -0.29601718526686477 0.086500859408069314 0.43096492644834827 -0.79323230852600657 -0.97638408083485095
 -0.099839908031056024 0.0019084507021531194 -1.3039253115579432 -0.26796795699996429 -0.43364333235995955 0.33681008788108174 -0.40890600993455645 0.70486673041407855 -0.32613055209234032 -1.152585792636275 -1.2841345010741063 -0.39388031271318297 -1.4274424305711793 0.064767424999762846 -2.1193514028919913 0.65423735967676955 -2.4779207426537839 -0.69948046736732006 -0.080723134859173096 0.4308894023280242 -0.45317010243698047 0.81715584385364404 0.10855640222621264 0.33810995988069026 -2.4715211134235222 -0.62317597006430225
 0.12526379359956336 -0.77635863361199853 -0.8760766566810837 -0.32119612776041712 0.5477738073047651 0.92772044439826995 0.23231594579552803 -1.2380470121153793 1.7398321463500566 -0.66411215377090027 0.04022998037029131 -0.53974094237109349 -0.078282163370392233 1.1019630813098178 1.103010787902905 -1.9007169248381359 0.87395568499384091 -0.2374560522005402 0.097899039845193644 -2.5641658471117719 -0.7115517426702519 -0.45423929022323178 -0.43310882028262693 0.17561980403602659 1.9895502587920197 -0.21923304952591061
 0.061252907761757867 -1.3822131442817551 1.486116266363904 1.6526981803724852 0.54867279665316326 0.029243043663223063 0.69643120098999323 -0.64769234447071622 -0.25015127231329115 1.327842673650327 1.2451595601052043 0.42762575988539853 0.53338918550675041 -0.45280486394566005 0.20703738099670196 0.15881630843059891 -0.14345017144877731 0.16359091378453858 0.050141839325317857 -0.065431330398523641 1.2199589677290059 1.6438805177180129 -0.017039093139893834 -0.4682654302883501 -0.25120369157753647 -1.5155725896630556
 -0.14588128018034971 1.7435315490208547 0.044173114172349849 -0.50431329273853076 0.23865631855355623 -1.0440469591858892 0.015065578454445871 -0.40552484949187378 0.82256785967422941 0.67438991423009642 1.4079746530383757 0.63849661023626825 0.014882479729672755 0.15528876425658983 1.0358529821136826 0.19434218930582745 1.2862270631698771 -0.22191945414645967 0.045498773613725965 -0.44948327488258916 0.5933773070762397 -2.227538944684623 0.099171350856147769 -0.67821013630686666 1.3218790647478009 0.53059776387238988
 -0.23135017244863629 -1.1666823854093518 0.19431587394526317 1.8854964517462014 0.64483732965463314 1.5817253648864504 0.15325608776402727 -0.23673887314640465 -3.0917276202854405 -0.17526762725761458 -0.5779192015942034 0.50739110775796559 -0.64026457746562715 -0.15466819462846257 -2.0882015112819188 -0.40914277614813882 0.43156014220612315 -0.9850760144949251 -0.0035417287181348581 2.7321026231100833 -0.0742256457193049 1.1574778593224277 0.10582814953653392 -0.69582846041227608 -1.7767783281405736 0.52505902817096239
 0.50051762937076372 2.9121832687622256 -0.41667015162289545 -0.83513764637352939 0.34750745984780695 0.20742720837342749 0.079172254191950717 0.2336474726127781 0.67114762392805638 -0.31186481511672709 0.77296556259292237 1.6873821501148076 -1.4770942194008927 1.0905351744095424 0.93128430100434723 -0.69020538645665797 0.4944549266710882 -1.5114658479160135 -0.042162765709235564 0.063257256339546042 -1.182920831663488 -2.9989801185506066 -0.06308774934130533 0.093385744395302117 1.5013869710811942 2.0470738706976577
 -0.28756502321796085 -0.4605357521160901 0.52480970391997728 0.40455590735544672 0.48063121642437151 -0.37575408994791898 -0.19310455974528143 -1.3080794646410272 0.49632823620130107 0.71606081565075141 0.84291852612217633 0.016853404705446096 1.2803728707306059 -0.36765322762169611 1.5814866759625834 -1.580816838139171 3.0164438082586673 1.3614102917049973 0.076568531551510235 -0.66216081993008202 0.92402236983101305 -1.5549191455206524 -0.19235347416528772 -0.76953783068337911 3.3350807478657085 0.53558285683210571
 0.012895901329820925 -0.7236412041340039 -0.80008689416634737 -0.19131504663754692 -0.44950585296792483 -0.10900689755722644 -1.48533333716043 1.8266896448651171 -1.8274404336467349 -2.2401979556262033 -2.3954551347094486 -0.95447430444405112 -1.9120210150985411 0.81871987997269458 -0.58655591650712224 -0.17932750687638371 -1.6147472086680821 0.87134601480575413 0.10531828987971981 0.3036935346775696 -1.4578298416009587 0.69737855845034868 0.0074542173334640324 0.21741185493210247 -1.9424425765636395 1.7366371869021391
 -0.12656905701669813 -1.5944415344441081 1.5271689427492285 1.5891844419947541 0.81866082912957849 -0.061018044926786454 0.27483180480547043 -0.56972015885796667 -0.77855877051867739 0.82640925715006741 1.1337661836980524 0.79553580918072753 -0.00615349670420155 0.18665820679875766 1.6645412125525789 -0.79990680255877611 1.9457753594612617 0.5127905219867207 0.0084876233873743875 -0.9054881500905545 0.34090666180535273 0.066209894902885272 -0.079171747960714328 -0.612487568308278 1.2611318576697512 0.40806619973077768
 0.24811826882611415 -0.59815339338340412 0.30932677408652098 -1.4780190988201416 -0.63795235356977731 -0.86195406627698623 -1.1955247754833194 2.0077242266003092 -1.3388260927656657 -0.95441309565767929 -1.1417521730871463 -0.43248928791862001 -1.6153172434268535 0.20673948628362798 0.39608350216127486 1.1602997520673606 -0.80402373650564884 1.2462437816599088 -0.029388333271550666 0.31014075836899396 -1.12293626697817 0.59974731386186197 0.048883313949550332 0.44697498778529071 -1.7254170721429323 1.2035287411739533
