# Created by Octave 6.2.0, Mon Sep 12 20:26:25 2022 GMT <unknown@LAPTOP-P0PV0581>
# name: Theta5
# type: matrix
# rows: 10
# columns: 46
 -0.41580532318011842 0.44609634685508787 -0.52505122083165945 -0.2574644716400924 0.58010884881427982 -1.2090521076905303 -0.95422659931145215 -0.96696893438664522 0.047895384543166719 -0.32116652775423776 1.735799212984902 -0.91330621372488952 -1.8084949846659391 1.1895740726757009 -0.19391824225453455 -0.53538037884376466 1.2508895879701927 0.50393042987777059 0.34959598213017956 1.020104675503819 -0.4722496213418661 0.43118684663090401 -0.31938538842878211 0.27511469461950927 1.6322202941362713 -0.27333819120064928 1.4880605349414662 -2.06112261175103 0.31771171586002955 -0.10471302817845266 1.4077946979372795 -0.19417023697864502 -0.41815194571346809 -0.92246236610338772 0.34468998238393395 0.49436416380013104 -1.0255605559328471 0.95164472880821505 0.38456517474807278 -1.9127445685391589 0.24450062835531514 -0.8452749216492601 0.80411428725362066 0.49952396192444432 -1.0951230588720291 -1.290393727298512
 -0.0060978117211667191 -0.64121779543603996 0.023400963851246522 0.22724138873381375 -0.47409308763311825 -0.68842614324289497 0.35953222028691589 -0.44369612342468906 1.1512434354589489 0.35936962685894736 0.68280899516845006 0.051546654170139171 -0.34804490559076673 0.3925237962250176 1.1181141011497218 0.39032301756763726 0.52306450728413112 1.0683504021653676 -1.0881634934210631 -0.098733728353656569 -0.072152172578196269 0.20885190758107874 1.5982795590911139 -0.63743883222840836 0.26653622112278874 -1.164488529074013 0.59111568488497623 -1.1398522213292688 0.71408911528894747 0.20572537885681455 -0.28783843957507638 -0.73203457867681809 1.074396206970508 -1.2259228567245215 0.19427150208346308 0.38966249284441939 0.083107644229760469 -0.57726293752752522 -1.006683019446565 -0.03198737351516933 -0.85662875077720368 -0.99671712059878748 0.88706585466552457 -0.20617100496317861 -0.8258375753152678 1.4188233590458681
 0.11468675756087798 0.48556169098582358 -0.15077122928696154 -0.69459274486569855 -1.2351466886254612 -0.67693928715928597 0.40819796553934312 -1.3274623116190187 -0.2335010757521768 0.28162024090787857 -0.34188966734721854 -0.86249337282887895 -0.18154842792294293 0.37621152862710439 0.14391694447525133 0.17069350842869582 -0.73711532699773241 0.25947404721491152 0.80608909613097457 0.54594345324553362 0.020564664032460513 -0.560018108949629 0.84953277792433823 -0.50548381098612705 0.2840294831910597 -0.36481656951004282 0.804917527521124 -0.22105738198303357 -0.6709782468591563 -0.043685522742832619 0.58342165538684032 -0.030617192823114668 0.45309749305247604 -0.01437357524772739 1.1102829451446941 -0.38508552263842932 -0.43165667894682586 -0.42474068638543166 0.98830350159052072 0.84237678174192787 0.53233707190380408 0.018611920350238131 0.48952920600618732 -0.0030852507450372336 -0.31049508200518933 0.48921300940808654
 -0.040450285667822987 -0.48428612453684028 0.30773670900774674 0.70050894790052176 0.65673690828327203 1.2724464336537635 -0.22744653990957373 1.103360354810339 -0.35911402964744682 0.32584476595116918 -0.15566125613369139 0.76940786893091628 0.086512619185711112 -0.36584861310270994 -0.16991836504289673 0.82496487023048315 0.53002521763872434 -0.099635483848065587 -0.57063739378607681 -0.10625307286821134 -0.59920866099401138 0.10004572157947567 -1.2144477055856631 0.14819625919272336 -0.504754725303735 0.31183624135810672 -0.81455344202081315 1.2696190220042394 0.52375338844689168 0.1971382418876047 -0.76732296242362308 -0.22193486371328705 -0.85897100110268043 0.59127960637862509 -1.1167473692106766 0.42057317581231768 0.079990964413010943 -0.20721833155333327 -0.7644199417379538 -0.24805494309469131 -0.19859083228158139 0.70918675372439222 -0.67274365221167942 0.06541806859915078 0.19872518911405118 -0.78480811553864482
 0.072722898159081117 0.17268823320785606 0.1190646105071817 -0.35959711487849649 -0.69136421623179689 -0.095062845502075444 0.73379594316830044 -0.10542417349543685 -0.35620701206182237 0.34589018826243589 -0.96130883954674606 -0.046338400682035319 0.34850318091016091 -0.29532255898553023 -0.046060591222203344 -0.091340490084965684 -0.75950012010929724 -0.66110788426877709 0.67662946973537952 -0.1010175283278664 0.056859420361545211 0.035173708054134403 0.34855608766913226 -0.3587304306974356 -0.58676238922854096 0.45356501628922757 -0.053449203810606097 0.88797520607942948 -0.61532219948774947 -0.1707400630082884 -0.17777002241815892 0.47129022022414319 -0.21973661461681221 0.40727411688114951 0.53761623372353939 -0.44822745739617548 0.4413704190883424 -0.30118833099001702 0.61223396102289096 1.2319770610626912 0.27597024248702828 0.70981176244371746 0.06690187099625014 0.15770552831878812 -0.062635970419216119 0.42326355460188503
 0.11426203555538887 -0.27318800955184452 -0.18772712044374054 0.39468937115569402 1.1674890654734795 0.097409732468948726 -0.11844654049019714 0.36333889973979677 1.346321954000508 -0.15127545548866705 -0.21025794114475344 0.65116757412756987 -0.073917475291916682 -0.71640617112611338 1.3563610155810362 -0.57496296392062096 0.67574933627392908 1.1822867235120305 -1.8507130728116925 -0.49394967144019092 -0.013975661078391296 0.27575521693969879 -0.29268621886915558 -0.83349474224656361 -0.40984235615684639 -0.28958138167692993 -0.78055488383678728 -0.31364196165658642 0.91242813783155496 0.64507157093652956 -0.8358629956182414 -1.0003668573528761 1.03837342115305 -1.2469626100146298 -0.17300655979776808 0.25269627055765492 0.20617867954036206 -0.39412468851491073 -1.6221568676259468 0.016807078701611317 -1.8278210336296972 -0.85424509865433673 0.49244864144441797 -0.70569043083939031 0.011360944366804931 1.8097251365219365
 0.011202208674933241 1.0401574310471307 -0.47700683851426007 0.28824270272893027 0.626718391990846 0.9285599350534931 -1.0053666374843591 0.28487724825321808 -1.3554674252220957 -1.3842924592857091 0.63343543852259698 -0.4162282330037374 -0.15865659813908253 0.35309356973014366 -1.4481423068911443 -0.025417165408142286 0.19688703593865978 -0.90769194746366555 0.77440469864871875 0.31475236927351458 0.95657644552960419 -0.63305469333361797 -0.86478820746283891 1.7759531887291853 0.42761838635944865 0.76284127008553804 -0.34419363318273166 -0.42442503144009192 -0.26975142466368518 0.39624477170384081 1.0722645898547423 0.83190665452129098 -0.70455944949898641 1.2077979865293287 -0.6790550219880509 -0.78648140023618085 -0.40002077241923351 1.8274925165242626 1.3936173861979817 -0.66145324045493104 1.3505614063114422 0.72036872913302019 -1.3844813641132525 0.031113334476612579 1.2037683133971118 -2.5180055302472253
 -0.093904832657137047 -0.80763291362388889 0.17572478488982923 -0.30925865200959857 0.083458191843372206 -0.66132981527960566 0.11984329769047578 0.49867547761108844 0.46855435810670071 0.67569045588556809 0.25490356335174663 0.033251807650940948 0.22255708345949229 0.29204735961044004 -0.1447146019963417 -0.21208268614987455 0.17565108993173106 0.090387804784100689 0.32266925031750626 -0.22531814497404357 -0.11096228921369404 0.77870372272869137 0.44789965639205753 -0.087113788161727088 0.29068444715217323 -0.40243770485619018 0.73027360669618557 -0.2737461709090202 0.11118998266132402 -0.37540057525910242 0.68901598075618253 -0.041362036844472844 -0.40284986631667907 0.069617923016080052 0.17362422619865117 0.82272695618736635 0.1374038114919956 -0.30200795252518464 -0.68690278265033178 -0.57467281974668127 -0.094886118921508875 -0.42363299753840394 0.57682523686510456 0.16761213182068121 -0.88709356602897527 0.57488422236532644
