# Created by Octave 6.2.0, Mon Sep 12 19:10:08 2022 GMT <unknown@LAPTOP-P0PV0581>
# name: Theta2
# type: matrix
# rows: 15
# columns: 16
 -0.66285567300321679 -3.0644590522834481 1.4935606394107073 -3.8185439145133975 1.3364719504736324 1.1996951383502521 -0.71475819083690406 -1.4435181367349836 -0.57451475960544618 -1.5248457845749639 -0.6638782834941821 -0.91489736799655841 -0.95515271077980501 -1.1617615737422735 0.12109227141627314 -1.0010700879905572
 -0.39549253848649857 0.28915652267062703 -0.10766218731958437 0.0094251440978345823 -0.74807998128087894 -1.2778761367073466 1.6202863108942733 1.3564572608793806 2.6194685369212021 1.5213470396894115 1.8963598168971323 2.7445789542494019 0.16477910468710452 -0.80151922435419698 -0.20427101264200576 -0.44830677978649075
 0.17007962998951631 1.4116584988993743 0.84537837767076818 0.69629171557987979 0.32062732328476218 -2.2311310424097486 1.891009930979952 1.2631489200444668 -1.9820521594063438 1.3661753769006562 -2.0737917530085701 -1.1458369427672832 -1.100431852139772 -0.35794075657201641 -1.295269327786343 -0.61619446738526851
 0.024750671526017884 1.7422682790173949 0.24188057448293332 1.2541153308994581 -0.14989672594513068 -1.6457429858259238 1.2306105288399143 1.354123125210503 -1.0442384851785602 0.76730900095862098 -0.6627233361793512 0.088044025418770364 -1.119968202129427 2.0892236731863822 -1.7681155027148689 -0.69795728326125439
 0.17227394637723614 -0.76396049745745842 0.78263428016730785 -1.71146078599471 0.89922310642584702 0.52286261705934867 0.12371446390173077 -0.73710777056114885 -1.8787131467149554 -0.12890118810572612 -1.0224505324519595 -0.8019519266896471 -0.531060176832447 -0.3425034809024653 -0.01263074804027663 0.046385904205918531
 0.48698114332887998 -1.2862496101056278 0.12612094885218703 -0.92115208454976172 1.0009172729834883 1.3049729894452653 -0.65573900293476051 -0.21513178223507554 -0.091761053072287588 -0.10205530456565884 0.60994966597278966 1.4365790409154906 -0.37625096066410846 -1.4072630688330328 0.54268726781091936 0.58480925159164376
 -0.65739809616062195 2.036291200356203 -0.17175051216700227 1.2196352370418992 -1.3942239839402859 -3.0031090224781538 2.7282936629282908 2.729463841989936 0.24432676901884912 3.1269059643778587 -1.1395023877499151 -1.5724590171764343 -0.38298790176886427 0.5680263690223728 -2.1702962869251632 -1.2963561886089348
 0.16344154321581339 2.0450196724536109 -0.74753917412395043 2.0845867316886477 -0.9072674922256222 -1.5644768896987569 -0.58373640397103288 0.69741499167866217 -0.067536450364047332 0.38194096287005885 -0.1977031607132094 -0.63060957444541132 0.40446899488659099 1.4758385339209994 0.57759738716654618 0.21902918969667098
 -0.1778660994442415 1.1652029116884854 0.42651492059791618 -0.59978879155120435 -0.27907180616549776 -1.4984245585821718 1.0735340254460808 1.0106225557328454 2.161617574603071 1.6069939846188306 0.84921326140682318 1.3126903496850792 0.75461649256993146 -3.2318516804829542 1.0609612185666202 -0.060461149870965639
 0.23266263553894137 0.94118074501579962 0.65070796551014043 -0.99356647501001005 0.77221905365163157 -2.3075723162021098 2.3362794518478922 0.82057997109470449 -1.133899317855531 1.8120386734411844 -2.0515656093420338 -1.4114673617063727 -0.68971502018802611 -0.68128722481838333 -1.026961419755468 -0.3455465287609894
 -0.64866150014604351 1.2674294174314633 0.23724053599354419 1.750430936601826 -0.68955153058404062 -2.8629598009522996 -0.18682999142587281 1.3609963752063647 -2.2890279172307468 0.65006287830385723 -2.6951652736511038 -2.8908300679078875 -1.4789387925207813 2.9032807129562657 -1.7140308184156645 -1.5666558630340754
 -0.15920322703452125 -0.51264419093339453 -0.44546664963277638 0.94849733662718649 -0.34758272417216834 0.11675418479936449 0.63652622474338061 0.13726155155496497 0.3033219058481853 -0.52555721511707154 -0.26280216950438379 0.029620684506011331 -0.76435823653445456 0.96809260351743509 -1.128387199717277 -0.98845792228808793
 -0.70485452755524014 1.1584690910362738 -0.85417257854833573 0.6706038012293124 -2.0604697918452777 0.96676045185921355 3.0952778943025265 1.764576119244923 0.88181251695444951 2.1017987693500304 1.8899580453463181 1.9848379801484826 0.12005167907055353 -0.088593145948492588 -2.5967409239397381 -0.81277383467500264
 0.56583200836649206 -1.0010963063495053 0.63585135015308025 -1.1133085057725121 2.1621340170969234 -1.2117889471343957 -1.8871133498545107 -0.1605066197099716 -0.40773177504110408 0.36888474316099362 -1.8260273727967389 -0.50265313918182197 -0.17353113983416266 0.36199472237740821 1.6028116687461964 0.84436853474543427
 -0.26855761204247802 0.58147581267396931 -0.32846602343958387 0.19103886411740184 -0.58585062943471233 -0.77985274161809859 0.10567564442056596 0.30927691194125434 -0.17100908569360676 0.41173618893178598 -0.73240174014597748 0.12669500244308585 -0.42782260403924116 1.0854789357612464 -0.46531344280110204 -0.61964264483325504


