# Created by Octave 6.2.0, Mon Sep 12 20:46:20 2022 GMT <unknown@LAPTOP-P0PV0581>
# name: Theta5
# type: matrix
# rows: 10
# columns: 36
 -0.12876391477913304 2.2513063348819502 1.900623325455159 0.20197525411573636 2.5196411438904005 -0.42346775065183651 1.1286052261512833 0.85401283629582425 0.12027850552357888 -0.33641239783168797 -0.13032707557495371 -1.2590578186595933 1.5156866393955311 -0.33962411769832335 0.6339261144924897 0.74759564012220825 -2.9366948235542694 -1.1597082697974639 -1.7216479635532991 -0.21076950011286794 -0.14771047171682439 -1.0680542516397096 0.2311353765179949 -0.56310516009811584 -0.96553718888493456 1.1934119272729551 1.609008614925987 -0.36480914720660063 0.46533187155220135 2.4448514553981666 -1.2002017871377946 3.3386652725704842 -1.3182463761864425 -2.8712972462191075 0.21826335524832574 -0.3239117679538821
 -0.096513709242548693 0.25708044526105595 0.84635118914433849 -0.54653707711598531 -0.19935334797993792 -0.17151229087345418 1.4769040655127648 0.57096020408979398 1.4379648235711433 -1.2683302383956558 2.0261195414653295 -0.47745910091310517 -0.59060784426714119 1.1580973383823856 0.5157262588891286 0.46138742447694264 -0.91758129123431098 1.1294676146816149 -1.0947854484779194 1.0217491720271856 -2.0419316991749636 0.60805585508581428 -0.60426469060245924 0.95649745897037153 -0.03919354563535913 1.1890293542868229 0.839139187194614 0.51958637111568973 -0.78788788350146333 -0.27102877879456477 -1.2398101041734033 1.04496844716391 -0.15227987041790858 -1.0971379974272493 -0.32893822256521993 -0.74559367629480844
 0.032213379021525664 0.28680545086967013 0.58060901488884697 0.42078856345999166 0.023252920586919339 -1.2213752322372839 -0.059545661314786343 -0.80682802097142292 0.74416222860795012 -2.0842033635511306 -0.61801755803714442 0.37878823092110414 0.13380390855012569 0.19177707692602014 -0.66369490110502771 0.86421251554354073 -0.66670893955845689 0.29567242199796595 0.60056968072561323 -1.5420975162666786 1.8199777884377577 -0.16845070721864847 0.7060650233444189 0.72447277960920753 0.29061576189754473 0.63132643770872876 0.34969320718713148 -1.9000124639108229 -0.66302181226933388 1.4095262941681515 1.1247520876430399 1.5608435825913771 -0.3587887403872011 0.41169540936712468 0.22072719523241785 -1.2738151418056014
 0.3506619408082628 1.4518982097788653 0.59819296955989654 0.14801910756762443 1.0010122315009025 -0.064000682347160484 0.27134629290210655 0.73497024718310677 -1.4653439074002299 2.3362890497326489 0.35535286768980179 -0.73181307738521983 1.3185926174803031 -2.8835953623379984 -0.20111169810644006 -1.2339211658090481 -0.35536738891667796 -0.51839361869047274 1.0803193327205096 -1.4798023575823731 -0.37254656537995823 -0.39903745129213886 1.1604061980047393 -1.4121592865279493 -0.81565005704419213 0.36578469609586439 -1.1963759473170512 -0.18672586002866309 0.42958580429092125 0.61515391963709865 0.62478464561431313 -0.77068229885949302 1.5564814258565358 -0.82355035311053759 -0.093487534106816955 2.6218789167001257
 -0.11750362026318387 -0.59472812995009328 -0.4296133621403308 -0.10413136764173617 -1.2911161070406334 -0.013000848151491634 -0.47726775253508535 -0.50057381480200014 0.55554048644275689 -0.04863095275767066 -1.4998998844262708 0.29490641339283724 -0.52578548493724608 -0.54135142595115282 -1.2659287097483616 0.66655559756283345 1.1166821117135077 1.048097390885885 0.45568124166956808 -0.60067299866993928 1.7170095742358811 0.034316901616641603 0.56054637471334023 0.19919659491762534 0.51624372355430292 -0.11220052439484564 -1.3023322367833483 -0.1330815241930787 0.46597705827064756 -0.12822010235720796 0.84042248121440766 -0.39501502846367159 0.54237457277861167 1.2894686033803031 -0.13345954066732069 -0.25535751869386436
 -0.49060311945877555 -1.8332795172776861 -0.35702111173188777 -0.23098702988406178 -1.6369315074029906 1.6549825833688239 -0.83492391263824783 0.87848805887761827 0.28315105156302089 0.58716603045976268 0.79409471876738724 0.88454858231320999 -1.0988503460276158 -1.1353153347214064 -0.34488636294959168 1.4662658922056317 1.7865023257453809 0.25911587337523478 -0.65519984812572085 1.1255055690645344 -1.1501060115727926 0.012551427428322475 -0.90203559066245609 -0.89975269935939073 1.1669645643910194 -0.47281000890734792 -0.67475702969434848 2.1723591881093012 0.20424273975743154 -3.5186618100373699 0.37430022263166957 -2.1458717001429162 0.85766255180575979 0.43697231554934413 0.044505555024098614 0.55422704876089324
 -0.11064235554310174 -0.43892647978455973 -0.27779642494530143 1.4245455257415234 0.78535852029059972 -0.41335690841397166 -1.2253107005142703 -0.1142842655621612 -2.4523892781958843 0.3688797164967148 -0.138244464563888 1.2445856327881626 -0.038756383138081489 1.100601918198457 0.5123445064719776 0.48261095713676827 0.2291083111646382 -2.0195677350065933 1.7722662471578581 -0.68753648524598365 2.1592763342561949 -0.34537794753555362 -0.14201152932168593 0.63373506326559359 0.5963940491708446 -1.6696602114379502 1.4337961613164028 -1.2343811748908831 0.14043717412474085 -0.23834715664257536 0.52495837319411021 -0.98156026640433069 -1.2783341307097429 -0.21018528403867906 1.3970324378826799 0.13034513280745436
 -0.13822383122225895 0.46487100737852377 0.16295554134604068 -1.1429094806032407 -0.5826144885322998 -0.23031606082363421 0.47727647833824627 0.46826523750576748 0.93941424897806403 -0.081634221665752821 -1.5081207384297957 -1.2591053149220888 0.34620505636980126 0.90967840502201458 0.54801822429293112 -0.58993767068807701 -0.29253520210742839 0.54788130249636302 -1.3264979936562886 0.21820023023678073 -1.0717051492100729 0.92391643012543467 -0.024814809875953036 -0.46259808538204888 -0.56162466884896556 0.015424780271469584 -0.47149630176494722 1.2918711712660225 0.43254789990614301 0.84542503267774405 -0.69176596361698228 2.1202029610743671 -0.039801497771012377 0.40665523060212605 -0.93377740783852337 -0.89711713959736561
 0.38458144692155904 -0.19428962584179305 -0.73524340697499835 0.78080607855261974 0.62546289763743701 1.0662101632890686 -0.38457296821492248 -0.66280812602716288 -2.5911756264237003 2.3963230108969009 -0.78661090846770743 -0.19502988997326617 1.3234507845266874 -0.12487847901281771 -1.0964346349134066 -1.4554219509052755 1.400765373629719 -1.8266044289620034 0.45792708349838196 -0.27389909407531721 1.2561507553399094 -0.2772505404740126 0.094868136283611057 -0.77568499184980888 -0.35254426791298837 -1.6118224462998685 0.21384149947465889 0.41816004066820589 0.51350548086724246 0.57339075204974654 0.86923090686199178 -1.6776155758411782 0.43349599306023961 0.91361022791214719 -0.61449556097594449 1.7078688323319389
 0.21125452508146539 -1.6546793722897311 -2.2881300370909075 -0.72178993600982511 -1.3516996305662099 -0.38299489772040229 -0.20177622876028012 -1.5367723672927078 2.4020922280817487 -1.7231975815363181 1.4855009081642954 1.0650021132797052 -2.5938307265193186 1.8810583183232363 1.3078826794693945 -1.2805932812095284 0.80998743762095438 2.3331994048553 0.35310469296107366 2.2189536677239881 -2.1896788741500415 0.63220092910725212 -1.0763172161783585 1.4737052847778851 0.26924146288489553 0.21986642585831204 -0.78859401186733769 -0.57820346030280945 -0.861403081516254 -1.6430641128618317 -1.2507142779857798 -1.9153196756592785 -0.37449796599163243 1.6365604775975395 0.34112542834808735 -1.6476160319134463


