# Created by Octave 6.2.0, Mon Sep 12 20:49:58 2022 GMT <unknown@LAPTOP-P0PV0581>
# name: Theta4
# type: matrix
# rows: 45
# columns: 46
 0.031134654476329324 0.27495738869465985 0.26586247940391483 -0.17006859097757665 -0.32198566125927863 0.34647757787813444 -0.29915755134232414 -0.13757567223338116 -0.19118832785969392 0.21174416594977249 -0.00076351208861226904 0.18142848160497244 -0.37684633079297775 -0.27702817904589305 -0.11193568008837089 -0.0073562433266741462 0.16635775459760366 -0.52763868701791494 -0.32673219646981572 0.25749463749579204 0.048814910693433397 0.18055746884770427 -0.12448485531608253 -0.53987779851680484 -0.35604018270446142 0.15444416528963056 0.35734899988219315 0.34111956368567481 -0.23898629174353439 0.16137758887985534 -0.09848146398559128 -0.55837708152682086 0.044966690619861131 0.073435868275002897 -0.51729070959262358 0.18591110791893026 -0.10193006854528955 -0.62956306290969255 -0.14181249878610139 -0.23483803848384852 -0.21394497611518984 -0.0083067945980140126 -0.37361213159621226 -0.24593609692908067 0.54309862922002949 -0.23393667844723678
 -0.12387134094128693 -0.46298349997643745 0.42316228349734081 0.059777303801876923 -0.2497431359722215 0.14817974777167983 0.20596000444345031 0.51528028228477274 0.5010248876774227 0.18273549020683955 -0.11207011776836338 0.1830234714732516 -0.31946061614802157 0.0099369285103829176 0.28727450054570786 -0.092419968017743839 -0.059248178846303741 0.11003786206007331 -0.82507029408050936 0.42981963233382869 0.46357760856681074 0.35042367615395142 -0.048240041218006319 -0.41329174289315102 0.2120952480787531 0.21678710213617414 0.16928863950413969 -0.28914670910897278 -0.22241986609356892 -0.22837658410688977 -0.10137267432791375 -0.0013052034159220787 0.24359024334632975 -0.2904324332408853 0.36441325942896985 -0.86957153387844111 0.051432174089379695 -0.094667452658905096 -0.038180264728575053 -0.44441863157883954 0.35145177587338472 0.29373623704743052 -0.28868197375532972 -0.48716564505177595 -0.17471924138394249 0.32257868982698967
 0.11506401591289914 -0.054338512790754197 0.19800761370073711 -0.056756639647185941 -0.12887505310092889 -0.28217950963148253 0.27649140323537641 0.3785299634302155 0.62908403729661233 0.37294413136815102 0.51514863455792292 -0.035194677037354516 -0.13636221951247857 0.018123934592763982 0.45833466817115381 0.18114835420123446 -0.24041163597514958 -0.21964378497645043 -0.51911648100711305 -0.10207872629725913 -0.075978125807218425 0.25833458207896742 -0.34277025675106249 -0.17481186387260708 -0.33705357579952405 -0.45758698281264859 0.19698280552505948 -0.041434962184266837 -0.090326922089544057 0.14073551323457165 -0.012730861701730087 -0.048484724874789539 0.32921539201611177 -0.28570136309532512 0.09415499583677199 0.037901572422506254 -0.069734162687292281 -0.022960228362137826 -0.32836440933524763 -0.041049105647524689 0.31971371055112596 -0.23130243292166838 0.72206315992099546 -0.16766523963522678 -0.10401273671760819 0.23229510495344427
 -0.049494594611810175 -0.056495660224845576 -0.35234589044194053 -0.2352454745607559 0.3584492194345274 0.21503803846226674 0.33641785083445841 0.5847438902649037 0.38713813216261583 0.35361810686712492 0.21160798885504967 0.14696055954360163 -0.46989043820576698 -0.28576570778183186 -0.064213378854800621 0.028216073421641324 -0.0060108164723326916 0.33727008919222606 -0.56871625957699057 -0.54626368111013646 0.015175080073730576 0.19281609780995923 0.50545465828131175 -0.47184009488747591 -0.82987526398635469 -0.093790404383387802 -0.17007563955771435 0.27561407949238165 -0.12348870365165214 0.062873192775468573 0.46957664027160018 0.46881846413326966 0.74156392423204587 -0.334086424609291 0.2400467921355148 -0.59931193755937273 -0.20148644333994686 0.040857650080852223 -0.21152857818704213 -0.42458673565018734 0.51083446762599283 -0.50727988027218729 0.60013366740978336 -0.54631378816269349 -0.30431828993518628 -0.10264035863524641
 0.069261776245173837 0.41041346208818758 0.27142382628671435 -0.32385132668351729 -0.088815586193096568 -0.24366949797435042 0.31724998436570045 0.73988481807928275 0.67687944434849001 0.37375746586692127 0.50566861270223262 0.064846027351817687 -0.55589186758744691 -0.50482862950554341 0.35088172331580225 -0.46199840018309035 -0.23486231333598051 -0.21258740728247574 -0.4774938737016684 -0.57289229976623379 0.069104552949183398 0.76670635857385827 -0.01108952911130473 -0.12005457378418018 -0.81174586115003078 -0.3973497569103257 0.19278611629402906 -0.12415836316347199 0.0084406610922947451 0.14773383996929035 0.05380641217289462 0.44925628708270143 0.53433912522428439 0.15303584999964071 0.12184210399283776 -0.12535625765093628 -0.29088651659702935 0.23250737147622672 -0.53440490815612074 -0.27132863509501393 0.43160701522064393 0.023467435156131006 0.9158203663534159 -0.19912628528039317 -0.022455983869510494 0.36779044392298327
 -0.043559623996786374 -0.29587844506863842 -0.32596509364813386 0.11735345792570612 0.1151684145701421 -0.29812225447373952 0.34650091778837849 0.51539718747116681 0.54877658722811062 0.11274736622361912 0.13238875621468502 -0.18137977706870068 0.079535243975632761 0.031492389601809355 -0.095404941133287596 -0.014102502625647953 -0.046401596886246635 0.48350549113689067 -0.41973067148161691 -0.46644310632061786 0.35831894599935832 0.26472404185384563 0.28293938143383351 0.086438330330005878 -0.22383241829225489 -0.17389622422134821 -0.014225871731506282 -0.24347463244046399 -8.1490292669510633e-06 -0.061374840484593886 0.23408461104033579 0.42130937900563903 0.46210614687298929 -0.288351554046757 0.77261325851580254 -0.55924131230253682 0.037246994020448697 0.22584386282843982 0.096783768773099285 -0.3579164882039666 0.31754858652077861 -0.47640081323506861 0.82539989783182977 -0.19468533569997068 -0.65304864729272649 -0.023927568289262874
 -0.1735276522810183 -0.79417587036609671 0.52719432542375855 -0.13230737545679833 -0.12802342238931991 -0.30593409541168171 0.055639043195956965 0.61374578965108584 0.78280727070776002 0.35403104124738977 -0.1850857378425724 -0.16554008392972933 -0.61675823685848952 0.16254680633142748 0.94403644699154299 0.16598598564203823 -0.76321528584926357 0.34271327993213252 -0.87441295871616187 0.19797824354005364 0.68337766351127627 0.20437282388749498 -0.28488743910519271 -0.33840347709847468 -0.04402817249711613 0.24991849177838305 0.55894566412446878 -0.40842913453253427 -0.43250594377856993 -0.21608789266949838 -0.27118560095636352 0.2053801031968939 0.33283477784862936 -0.44611741033767682 0.42457049043032341 -1.0929253370763181 -0.034370399600656104 -0.15910703306342536 -0.24966298351803076 -0.70809767032858817 0.90923053077700777 0.24597730084018279 0.1386166670782942 -0.43945682693707377 -0.82152540182376077 0.36858668074261641
 0.051024284224545718 0.28382197707212758 -0.33082821981041649 -0.24290823042955131 0.36585399578160782 0.16147249032080754 -0.18197712125569529 -0.29224112930218554 -0.387931230892129 -0.50579852064798314 -0.081989232253206215 0.12079500767420344 0.089272704422220975 -0.18652460553126796 -0.40426300718144231 0.1310009710673791 0.4867068907638647 0.053650589199765973 0.80596827516747116 -0.2669444762780559 -0.34360476152628194 -0.51814896209439865 -0.17148145223535213 0.082011054926171251 -0.55336598756910971 -0.21425536992585451 -0.46493065655237076 0.19695059870273793 0.034548689094258254 0.11469927829156737 0.2234524135401455 -0.34243642753252929 -0.25775583465896834 0.24926196905665587 -0.4080858647558443 0.76403895073682737 0.1435353283711655 -0.023379313354155818 -0.052317539846472472 0.18625826611260662 -0.27085059524045446 -0.40256444147384379 0.43461917822146851 0.31157913058613484 0.25975192595469992 -0.20770387546487615
