# Created by Octave 6.2.0, Mon Sep 12 18:54:55 2022 GMT <unknown@LAPTOP-P0PV0581>
# name: Theta3
# type: matrix
# rows: 15
# columns: 16
 0.062244322990876996 1.7719542139499143 0.1800930733010406 -0.26604224342748156 0.12123174681143496 -0.87952344418277506 1.1312206664651319 0.85543557930031178 -1.0267717232635987 0.23609334414339575 0.79395462530769978 -0.82330585484987562 -0.33072050632128941 1.1337550132526322 0.20553570290404588 -1.2747444939734427
 -0.09742503256380261 0.72962236133540193 -0.86425830897548905 0.43585955930016795 0.62335097011848484 -0.6274727942969287 0.95082657578802421 0.6101479888740089 -0.78410080211416333 0.10254863999947633 -0.17311351613901005 0.23936251599473754 -0.060635229120920314 -0.092282921230367729 -0.56881699265897179 -0.84918918644167407
 -0.0041825047910284997 1.4709806685166875 0.073113394276672405 0.02639209949982153 0.08835779158909704 -0.59217729953556975 1.2928391383091307 0.43708566263297777 -1.0543814431483778 0.30432734075650919 0.27719150538721149 -0.70399506127573597 -0.16275104412792266 0.89623070932325444 -0.040924796580005814 -0.78206513979957393
 0.051610312785156688 -0.1292061890727218 1.7669425623492931 -1.0741150764433389 -1.2433449989155034 1.3537967224214191 -0.7072870522772482 -1.3523862765923327 0.4118847353643349 -0.34821423738209956 0.59264914063180107 -0.80767576913826966 0.37581096341130499 0.76767061916659596 0.58853043845052222 0.85827909865548557
 0.16863205674943108 -0.69500080776878725 -0.52760541854251364 0.57141861271837602 0.37358299188451216 0.2010620407202153 -0.43309867108115724 0.012944345167258009 0.59527855039342603 -0.023902470757133667 -0.39487951482531852 0.87044643200866345 0.39069561153717713 -0.81244742518083457 -0.10433138556551022 0.17978029235303508
 -0.24125390060941079 1.4149043802863439 -0.56870141161270249 0.27071770526745614 0.47000280177872494 -1.0606393881998268 1.4542614063678236 0.8649602835739213 -1.4436950786469429 0.26091303911191788 0.16021100193867249 -0.17271697239692388 -0.13760372122022507 0.58637184362837724 -0.23113705962650249 -1.4637327689415256
 -0.063135083204399992 0.25249504546313795 -0.28814830944589931 0.27613931752624027 0.31973623222853198 -0.38385313408436023 0.33438828240568241 0.2090455178791551 -0.20744495040834895 -0.024963846820639617 0.0035698989758654962 0.2429002774279076 -0.13035175113641528 0.07434099878165637 -0.13464718442030074 -0.29577362813586305
 -0.11590964838506525 0.66673732918576034 0.48163699698981399 -0.6778818544264692 -0.31074636941717043 -0.24169377363059302 0.37136463543014225 0.049910849189615518 -0.52335955121891464 -0.17536518175855445 0.65827899354639885 -0.85415550821766251 -0.1083219527935388 0.911571122046404 0.191087234273142 -0.39398208480907826
 -0.19725924646062995 1.036880082357537 -0.15358818808076069 0.090793286006502813 0.17366111052694805 -0.61846930793750776 0.83121785289714145 0.42757342677514054 -0.76764829330049245 0.25087108727051022 0.17531191347042444 -0.61557756146455733 -0.35118350481587224 0.70360060280316017 -0.011972084802792785 -0.5331778118353423
 -0.16925773092729901 0.64931785168046519 0.18251467313499531 0.066803535060201147 -0.011818490745604267 0.068933868014524141 1.0175688521379564 -0.33972375368862906 -0.82223278798462229 0.24490681902769715 -0.051557314951217161 -0.3523511107194594 -0.16596681952098358 0.4087065792289119 -0.64016039036653449 -0.081041322122138867
 -0.020316952105244222 -0.14278288844040893 -0.18172174720503456 0.1743270464613268 -0.041193053612960641 0.30291997862268921 0.47006156971723123 -0.37113113047726609 -0.45216588694507009 0.17675584141498649 -0.32496167138457605 0.0077562487709131088 0.13799689779994018 -0.098068027511361747 -0.53869774256562353 0.00048455373632045842
 0.12432453075192362 -0.079642797292968734 1.2380582608042801 -0.70453857298993439 -0.8412738504702888 0.76584170584937017 -0.24855404531656317 -0.98934547259889827 0.043159036920377064 -0.40646334999136807 0.5212399411559836 -0.55690673063237772 0.10086287863108104 0.59553510163924228 0.17419024939405167 0.63869175109294729
 0.38301234993731353 -1.680319828889747 0.2476147047973308 -0.15532789013033313 -0.071940084033582763 0.96560534176347124 -1.6866286472624004 -0.78971354413128925 1.8243625140675745 -0.35251486769561974 -0.17108404469674904 0.8192301001079757 0.38743233120510917 -0.85644007520570598 0.4053246259051998 1.4744449971429674
 -0.24773624777035141 1.1843609490182623 0.34438380104502564 -0.13390209307803633 -0.097493373043053028 -0.45333129342738604 0.79532395926735044 0.22833016775227161 -0.79520522942726435 0.16451465876719784 0.36715975911534388 -0.91002370850472381 -0.2318845015123813 0.96567905916710062 0.21157467807609154 -0.65872888990026468
 -0.066481381219674701 0.56424324304986351 -0.88448300887812448 0.53665963269806793 0.41643835765243425 -0.86358313603776182 0.5977187294725409 0.71841194560883737 -0.66192340785268178 0.32562133227088802 -0.14855631849352785 0.29336564886553596 -0.084877214524740938 -0.066319673940316778 -0.18233222013087322 -0.81851067788783038


