# Created by Octave 6.2.0, Mon Sep 12 19:40:13 2022 GMT <unknown@LAPTOP-P0PV0581>
# name: Theta2
# type: matrix
# rows: 35
# columns: 36
 -0.13307912878889022 -0.28087366313374662 0.92819299862117011 0.27880536168024977 1.230355236513565 1.3312827452453528 1.4704233962707685 0.84821513057580444 1.4288789485909221 0.87334667557797463 -0.026876676289688442 -0.38391161196529788 0.0061763160165740029 0.94870884101788855 0.19540567312696897 -0.42426166193393727 -0.27043411152408797 -0.96042385387047957 -0.74960380001322824 0.28257626031630162 1.2791824849896296 1.4046819512941235 1.4260395193036539 0.11856043360720837 0.51657250554821466 -0.17623793224555034 -0.2172893329660765 -0.1262881037920221 -1.2119745762922935 0.36261956363821435 -0.47986797563397604 -0.24920550891657584 0.24731422324565222 -1.2478516306255705 1.0846943874618489 0.0092176375394871536
 0.051829633148568512 -0.4488978553684756 0.40663874976430592 -0.010188373811349342 0.29231567564603872 0.54345048023903053 0.14051906067243347 -0.102865518327925 0.43215052250276226 0.1532583659061228 0.12159915105979546 -0.036786653699492314 -0.014273981605661729 0.049907078551536629 0.029472100432056919 0.21399131768134425 -0.20664258750659653 -0.18689730732139084 -0.37976660702872633 0.30155849058774004 0.20305840686329665 0.20194550638934886 0.11635971231361231 -0.13713854041537754 0.41871219953141675 0.19614333857726529 -0.048385206229995682 0.10200752036792991 -0.39596858350264524 0.2382099411425532 0.016155843996520963 0.14845756796551399 -0.069655085519713569 -0.41286663920991834 0.4149115595727868 -0.19558757453129125
 -0.023349939688160921 0.50048644269548259 0.020271718191594231 1.9478131362509292 1.3906078735126923 1.1653785503627545 -0.14105247464388321 -0.018575762688556863 1.2371006338180062 -0.18363431915816417 0.35764069749887401 -0.17265401725435181 0.21194347447390086 -1.3966391771132862 0.097598376806745671 0.19411405743052645 -0.13340016381673866 -1.5145938656568352 -1.3023971611361056 0.45015096329023158 -0.14485224308389913 0.51819673330723304 0.17535018786451112 0.39846729045257701 0.65513569647478709 -0.061568992980730382 -0.11315237286806828 -0.77729658918492239 -1.1893494554413921 0.73455692084472779 0.195327986143257 0.2812723139625915 0.25046951420982633 -1.3968101700067959 0.51532766115316742 0.20809188088729039
 0.10071490802707879 0.09234610549468468 0.77075809979014398 -0.61366583806419617 -0.11926534090297397 0.15642641429799656 -0.3284824570142067 -0.44761331916183955 -0.089645522022414881 -0.43674063368400873 -0.077519315826147864 -1.1411061855197666 0.36628823294097546 -0.25592006376689785 -0.16976796685667431 -0.17472127893701142 0.4013864402107219 0.54613252654570688 0.67922122094203585 -0.4955886996549308 -0.1798564430674201 -0.064494222229718304 -0.84500313144030481 0.012223439244720621 -0.45220834173952107 0.69169770887018689 -0.29182277537801649 0.38818051249845015 0.68337036286560071 -0.44472064143384765 0.088351802355272707 -0.78480203670834059 0.30162227211309361 0.15894240979998114 0.57802670154057423 0.044505983147574209
 0.15036177515200402 -0.0077703129868514102 -0.075459760476201648 -0.85895354042728844 -1.0825068330074854 -0.40580212796069481 0.35312681875429802 0.083481514864814199 -0.65316483551087912 0.59301890584993788 -0.23926864843597281 0.17622180539585014 -0.33016960242268045 1.1933711001632736 -0.10060541539948063 -0.3242243865808877 0.041463736330325483 0.88704972997371656 0.83487636429907719 -0.39415337963752095 0.39750910115393157 -0.50591735344018662 0.43424529140222612 0.29264387977097717 0.046591955889812728 0.12786689384467986 -0.14688088049398151 0.78313031789420762 0.80678261306672916 -0.30113433057863898 -0.27721966072863041 -0.31742541049990419 -0.44310776719382811 1.1827675630295371 0.078610936810274035 0.14305636317136178
 -0.24540349611241982 -0.88894256133555205 -0.20684856398189252 -1.1952387606063284 0.029026216695874418 0.55499699295910498 1.592355325817445 0.80356142619461146 0.17541234999913122 0.95113196044832082 -0.13414235954170192 0.5731112688719141 -0.029458322686443324 0.40999263446746698 0.37767761446931863 -0.061518701753782254 -0.10969456085530593 0.19502951561190573 -0.071904478304218131 0.17257986506103462 0.062201525909694737 0.94271953898496919 0.80982472553468787 -0.87174672244605012 -0.084947391518300594 -0.52776203815202161 0.37420572544631775 0.087024584236878727 -0.3514707266983228 -0.16021735733690734 0.083210624590505336 -0.27074295262623899 -0.20853456468766501 -0.34052422902973428 -0.097650643559538092 -0.83682571506877856
 0.22912065604514675 -0.26018292797653625 -1.3827270713147355 0.84219546649691002 -1.0089751334730264 0.38765818484233172 -0.29815598705301793 -0.89158314880295897 -0.60634501296483478 0.46146195841376569 0.13103123245014109 -0.23457668768224793 0.036901203042968879 -1.7457375468175584 -0.79213495754434982 1.1469729408034659 0.53036744887651166 0.10343305276148036 -0.35336363462934361 -0.098066696855413471 -0.89955592351464486 -1.1834061722243649 0.13891778421112297 0.27822636844218912 0.53725761096096436 0.48918262530056777 -0.22138285417876291 0.5614925264353694 0.38481044206204668 0.51012530459247551 0.00072563073221942865 0.41703682928845881 0.31285998443250368 0.28609160571846076 0.015793827851600231 0.14529245356611054
 0.026132303049755511 0.0077690191011760817 0.80802372685550417 -1.9690086396271211 -1.4759348300006949 -1.4733373042720939 0.39282748655295757 0.47729380466510296 -0.83246280635531911 0.077000609275606216 -0.3944979837094672 0.30959036132616197 -0.40995079302868903 1.8555324806255664 0.18436936963331946 -1.1173465124597262 -0.098471851474375205 1.9086029686138419 1.7555192689357342 -0.6410822163255846 0.046120215219995944 -0.050650700861411047 -0.39383830226446387 0.1104747120929854 -0.31924528833483445 -0.07211259634028265 0.19888839679719988 0.22943781042128458 1.3189502872113488 -1.2214579374294652 -0.13553504979810072 -2.0198077027372934 -0.42238704490815054 1.7120853112826921 -0.038439708589053427 0.10794124615999533
 0.010545667990839733 -0.48509694766568862 1.2855743312529879 -1.2974661502788616 -0.18211959646573425 -0.32189192685735302 1.0268175144432352 0.44525074366155165 0.022077825154227779 0.32288743118371266 -0.26538946018143289 0.17399535039084521 -0.2457626494389282 2.75764605877364 0.71251314194118565 -0.70289104193532992 -0.3661467842628443 0.65545596640186476 1.0211941661423956 0.006426482485295878 1.625235797542135 0.85007361609417531 0.49657047296175894 -0.059366146442663741 0.056683490710246393 -0.14868559568565398 0.2095947468988392 0.4518670087770858 0.12751459028662768 -0.49200620104906811 -0.43217047861766522 -0.34004030121130852 -0.97424474383952897 0.43114929842628302 0.53234070171420078 -0.42145094910779324
 0.036334389967477503 -0.13003315737656065 -0.083731649752591869 -0.74700347324851724 -1.114744255240085 -1.4775981885956879 -0.5349187315320425 0.06615915274695762 -1.1426838051968096 -0.53643895914220252 -0.10393797101052729 0.67292252673140152 -0.24254240555212694 0.21787072272341465 -0.037140229971027755 -0.42385128578511727 0.2381220218201783 1.4328697135149704 1.0145537981880355 -0.45924354404912043 -0.8152905072851554 -0.41155295724691565 -0.85474008313243122 -0.013079901522239791 -0.20920378404637668 0.10662947142107626 0.46007247846398464 -0.29379093416527496 1.0160349589854885 -0.52922811588885965 0.21617049881839251 -0.96816490311217118 0.19288530789697733 0.96811108096507925 -0.95292566085586106 0.026144668417260705
