# Created by Octave 6.2.0, Mon Sep 12 20:05:57 2022 GMT <unknown@LAPTOP-P0PV0581>
# name: Theta5
# type: matrix
# rows: 10
# columns: 26
 -0.19799199796727809 2.1526571331737219 -1.3325767000230275 2.2944699260816668 -1.5992570607301564 -0.18493331420257278 -1.0560689367561606 3.4619149812077135 -0.11629476564704481 0.3937092062449577 0.69116458943242143 -0.63438671292222615 -1.3718901019363576 0.10969341659491674 1.0814026706612905 -0.49735594438701514 1.5704708938344225 -1.6891225706221611 -2.0182400187202769 -0.23077510323127878 -1.9583342477600441 2.357255367272193 2.9108036428794115 0.41265306021143583 -2.0331103551310039 -1.7219672912474862
 -0.056357043418236524 -1.2244912689734206 1.6776220557983217 1.1637944082973066 0.96722418918803321 0.52118926661750942 -0.75745056883884243 -3.0648653627099565 1.4273932094882007 1.0777211061111112 -0.5669312896349904 0.5990261045450036 -0.76182982772767271 0.73517322853380584 0.82587490423874688 -1.0121517406352689 -0.35978459784660355 -0.070844508246780999 1.5689481859546743 -2.1775007739708201 -0.51090940653930061 -1.0006994146407309 -1.3570427679057366 -0.5218548682380183 0.6591807413401255 -2.3340023498382201
 -0.20819731914529788 -1.1377827015926758 -1.5348202860151949 2.2014709197842248 -3.245146839206857 0.41271703517655145 -0.056768728429453019 3.5393714127829128 0.99371151045777184 -2.0094346134247814 -1.8949840652748318 -0.61243360494551158 -0.097971696435204966 -1.7607511149275585 -1.2871076641875954 1.7192971388972207 -0.11662700385275854 0.025420352169799376 -1.465303278171699 1.2184824316253475 1.2330698878029884 0.21489268045342716 0.065592733582515203 -0.20036435654232407 0.94444082639847793 2.7298815049697414
 0.1138759529509769 0.75702711338616568 0.35903310775205238 -1.6336816177316484 1.6944134390905337 -0.48193658613845863 -0.24049151971996865 -2.2002438818473693 -1.0418174001718683 0.22221600229829822 1.032627522144199 1.2301946918257696 -1.0656178627147337 2.0047483736970166 0.66782904498941287 0.7143623794527626 -0.041961480323182788 1.4957892691795716 0.71121565141951981 -0.48264590359499832 0.068683761899336143 -0.86237480732843819 -0.52121770834503101 0.061309186032768387 -0.45803456425918687 -0.32235909317494216
 -0.016904018195142825 0.11613466328742111 -0.13704657057520864 0.0033903042145554561 -1.2089656383689096 0.38308253612356041 -0.64440984416133107 -0.34514064777276382 0.60553260711758283 0.27984119026672699 -0.76111291251301838 0.55823444244287568 1.264106563086753 -0.91675913199654524 -0.062777389245903925 -0.1647832294212786 0.046095060355533644 -0.96112140176588168 -0.17560865073135659 1.1347214923796209 0.41350158091817901 -0.06357971723683048 -0.3593843246163767 -0.31344338699551255 1.496062976369823 1.2598026150422215
 -0.4506091957542106 2.3758378041470034 -0.036637749948054382 -3.6848568952687941 0.60889702059470519 2.2526017143120023 0.092501635041280159 -2.7421064086192137 1.7229628455940555 0.73035848205178078 0.17613102228469033 0.8545439601720356 -1.6012120281989926 2.276074163902178 0.54579667989706282 -2.6646039230467644 -1.4906055881906788 -0.83746626083647813 1.7392015260371541 -0.088462962087921815 -0.21782417261365461 0.21875713787322826 -0.47771915327273484 -1.863022354639664 0.41506934863319372 -3.5914439626712875
 0.4130069842843862 -2.4961430451201085 0.57725408400452805 1.1897979051234833 2.3032260992388602 -3.2048251462938437 1.2823483669725182 0.98032752137634371 -2.2824140227365803 -0.060078815527181313 1.1180636157156965 -0.95336752594854823 2.3407733355538278 -1.0572281943794117 -1.283572324868411 1.6775334278394995 0.72198457121672854 1.7308113976691484 -0.30890119710461744 -0.74037685938828657 -0.14847079052819462 -0.8921229814043492 0.15611016975108352 2.3135740669561584 -1.0771348829004503 1.3596710313095426
 -0.1694000560439321 -0.96672558452683743 -0.40353596624510207 0.78173804139706882 -2.5065621350461922 1.7102056275325976 -0.32667908564097259 1.1028305210540792 0.91910187416336975 0.86515906791520114 -0.73022822770583495 -1.5213426700952382 -0.52218844963802158 -1.3420547415635364 -0.44606751723908011 0.52782485656852651 -0.15532562069350889 0.12076593053751601 0.16019456346774963 0.48389787603746787 2.2424342399900836 0.50265048577473315 -0.29657581001245559 -0.92073853313642207 1.4822149963246418 0.72115617131435261
 0.22890403865503073 -0.48729619668569496 -0.22387438720464187 0.97316841550970046 0.14286768613037731 -1.98372289969257 -0.40957470326224976 0.14956400004097969 -0.87784640990352614 -1.3752388504465334 0.642669871698761 0.73882361798318485 -0.91898214068235184 1.0389588653040438 0.3307429648636615 1.544476893112642 0.55111902944973723 1.4857913417341773 0.14016339386801743 -1.1098062137673079 0.039812897622973117 -0.93348902896354746 0.71551832199889787 1.0692132787094764 -0.57031662279134709 1.1792456222909111
 0.092322242387871914 0.79403550638714948 0.92378860379571803 -3.3685630101453015 2.929653408173269 0.56427911428755362 2.3424937810646758 -0.78166516886325021 -1.1978856309027155 0.28378701879681129 0.057616074832877319 -0.3554414933533987 2.7961822162479804 -1.1856790760579494 -0.89118364532641092 -1.7773638234321474 -0.61057016573585954 -1.0910545451858149 -0.27671417394830838 2.1949464592377113 -1.2587000489094939 0.4215906354447711 -0.98035527018293722 -0.23990220520939104 -0.49163497370839465 0.63673728232500471


