# Created by Octave 6.2.0, Mon Sep 12 19:45:53 2022 GMT <unknown@LAPTOP-P0PV0581>
# name: Theta5
# type: matrix
# rows: 10
# columns: 26
 -0.27047355768141584 -2.1880141133986046 0.57732496698071645 0.24126621778016658 1.553622280187428 -1.515844595102513 -0.077505747525874649 -2.2252556618969801 0.20855548008554306 -0.50615947978789289 0.84432756525398078 0.10859449314014552 0.3849476126018529 -2.9719478231182741 1.0064597715424026 -0.40793103594230928 -0.1829099634055146 -2.2127341170236505 1.0750816029558645 2.4797913976283272 0.097419982558928864 2.1439337550085602 -0.66319177117662254 1.017300416132991 -0.072698715103706249 -0.13129205432511726
 0.16702357867699935 -0.16902170653177515 0.57585981665221653 0.36073690140356307 1.03374428938879 -0.56942828404917623 -1.3096821890284231 -0.018298938580708878 -0.62021665124467151 1.2810494197662885 -0.27614967662793222 -0.69817356798429075 -0.6113400116546398 -0.40444889449790095 1.375503220131769 0.24776121196364992 -0.35338336390624658 1.1662303165172356 0.12561626555806421 0.84693035590298504 -1.3253929902190877 -0.23187064573835195 -1.0074737754776262 1.4648937950787773 0.85949875458615488 0.24497204483718391
 0.53506387685104195 -0.40107381819812027 -0.14733221344033764 -1.2774930445874 -0.54872412920592906 0.37357317066333273 2.6044409661397894 -0.35460425037123228 -0.66696284081246637 -0.47634391579840502 -0.37678027242323864 -0.39822533730467258 1.7725518320507192 0.62475638917877385 1.4387984830103286 -0.08135213243280863 -1.9609012079567885 -0.24981693895764767 0.51719415221072873 -0.27310955122645975 0.32737606741849862 0.37161510338880349 -1.3072311048651009 0.040991403289650626 -0.61826620138547106 1.4464678940647455
 -0.59426537939464652 1.2798473000173536 0.18147989767230727 -0.84995531909260158 0.77169592099163675 1.4684249669283478 -2.6769334576416508 1.716035524842646 0.80672564796973911 0.84917537206252303 0.15189122479259054 -0.61951538711891019 0.82757807776365866 0.67498543685172363 -0.72019285305004788 0.68689949941318273 1.9389726944075927 -0.24457690203154045 -0.37522609313855448 -1.2518887482667636 0.14325556795798169 -0.022669334337423259 0.058915248034346411 -0.77869676846036695 -0.17945798438058788 -3.2242619107128454
 0.53023534271135631 -0.15170832226818867 -0.7922034750971868 0.67802788083159582 -1.1011427224960617 0.20375693464184075 1.0813541847455816 0.60671132687420359 -0.25872824760641339 0.095547235790527471 -0.081272707756141552 0.23234785659527507 -0.24975363357670879 0.83892930141664768 -0.34863757899404624 0.25138255093005113 -0.53756583194274943 1.0241350860706828 -0.44296086496703807 -0.41859233636590532 1.0150823736505767 -0.20074560186873308 0.051054692726382807 -1.1248089240838024 0.035846134456440686 1.0970606479588774
 -0.27229992742490711 -0.6098030276453924 -1.9705539404746009 1.2712021862321619 -1.4984595900714943 1.7111940701633388 -3.3059020152012066 -0.84690436629028965 -1.4628131370350317 1.7565296379224129 1.0045197042013005 -0.66435375786757078 1.4237967073374673 3.1871441335496216 0.55012931415928368 0.38128497500416408 1.9853187174586673 0.63976629207647639 0.74181318829908516 0.28639208390494053 -0.043638265992283994 -1.4881557793982874 -0.18778825586637091 -0.95524002938736208 0.24773741392287824 -0.9985885582000642
 -0.04006698070386177 0.71808380078186773 2.1215771342372522 -1.0221886699778029 2.1230530306943032 -1.6287276371888295 2.0833001811979828 0.22912898722122238 1.611177640219233 -1.5851903488659667 -0.44377345187546485 0.68360287719912838 -1.1206986537755534 -2.5734222201333927 -1.0358557754775131 -1.7454553283717558 -1.2821318521594698 -2.0865432592085815 -0.26629425451003502 -0.12738216142031569 -0.97755953566485043 0.78009759098648412 0.54565262851680407 1.8571007384224536 -0.24333972209567509 0.19109787969267034
 0.010758379646612602 0.42823656898396573 0.97900069751428076 0.68459713099107999 0.53377199604303505 -1.0445688485652416 -0.21374577413143972 -0.11971540865978057 -0.79062819330186351 1.1164866889861167 -0.27297042482810507 -0.15823752720986931 -1.1318166420046638 -1.8832985512115412 -0.45708148807764221 0.75580263678786386 -0.56849599570972376 1.0734942161863763 -0.2921143313268989 -0.51649453847559557 0.45021574336992853 1.4393012132506733 -0.33981589605142021 0.17158482180532147 0.061156529732401897 0.85467857430608429
 -0.13737853934133126 0.50372347598750833 0.94048344669421036 -0.43282952656030799 1.0563477516931414 -0.11790569577522657 0.32661414161365715 0.96323578545462551 1.6927974063249984 -1.8134967433022398 0.28723175537133672 1.2092786174372285 -0.68574344792878772 -1.0015950064299677 -1.333235759331574 -0.053507643535330073 1.0079833101485691 -0.72560001230283699 -0.57644583769717694 -0.86466241350051587 0.20482694313464644 0.2377504287411524 1.9302167283752463 -0.17994573166302955 -0.093871998908310425 -0.84874631214134677
 0.24519772114931584 0.26879051797184439 -2.4651534746569368 0.5606583502513246 -3.6255449041326675 1.1978011525912058 1.3451846007239412 0.13712735162253342 -0.068775691539521858 -0.88401929552819958 -0.97667966304937304 0.2237455751797674 -0.92533154871813428 3.6301057918209372 -0.40441165206823426 -0.11873123856593619 -0.26209626286884435 1.6217780438035383 -0.62565552148858938 -0.024959947503373096 -0.24711460439027413 -2.9533640429773453 0.91561898392772878 -1.4367889074265965 -0.20539382251092045 1.2924227297279871


