# Created by Octave 6.2.0, Mon Sep 12 20:32:44 2022 GMT <unknown@LAPTOP-P0PV0581>
# name: Theta4
# type: matrix
# rows: 55
# columns: 56
 0.014629620827831044 0.10977059613120722 -0.23447316431099377 -0.11075347840997188 -0.0011136470237117521 -0.51478412416742991 0.092424135158949608 -0.18529921404487629 -0.3146624894742836 0.28874319240222046 -0.091182801402402841 -0.13193172255168845 -0.67954727429061257 -0.0052224523607366583 -0.59013555160316533 0.03440258127306637 -0.27201983764390447 0.44780222775190048 0.08805347708969076 0.81973482420276622 0.30471942044510003 0.14426972955467274 0.2129060181823503 0.47688257599048967 -0.54040709198846348 -0.72820744418087335 0.027958859950248015 -0.43253189016518406 0.83242756544805696 0.25289044997514393 -0.35049839830432289 0.32448241582267084 -0.083909891611883503 -0.12950203275363847 -0.076970588466418785 -0.093927428951714395 0.52071040848754224 0.56448212384356466 -0.45616432883702068 -0.73793466141993969 -0.19610039217422698 -0.25541235726355543 0.53937519256431166 0.48443405299298858 0.42657963385560949 -0.22610154424587195 0.35159640547685844 -0.92208705111171085 0.075015786251120917 -0.01360474126604579 0.27190001496930477 0.34711295317793239 0.14277166552196438 -0.37580168354286309 -0.33832466364481795 0.50277040101540205
 0.064622590785264875 0.23097461626586754 -0.1619554733356004 -0.19492145548179729 0.10577050331398126 -0.57428169393974382 0.66601856392061876 -0.71426371122160526 -0.29079338750120193 0.035192979658150152 0.084045173010869501 -0.66235072650808968 -0.16341024227317039 -0.24840220722925166 0.044449375356406133 -0.22859767287859145 0.60177889397225182 -0.79149368702951317 -0.20534465330388316 -0.78440110720678491 0.31573678030534047 -0.038525458031018207 -0.020942274504895553 0.85631237120046433 -0.41242624246714443 -0.22918129503824802 -0.95263697176228634 0.040680729312936009 -0.13775587643059761 -0.38045741822595375 -0.16783718756832033 -0.78119432424763868 -0.57843835951143185 -0.84357785685929665 0.58351328179023421 0.55783289085969756 -0.29956430824678593 -0.57231399120646331 0.12758239938573507 -0.45874076926475249 0.50122352683866689 0.060732285510410641 -0.067867446283628396 0.93282107331497188 -0.60066176337628607 0.81973333714694718 0.27774820920718934 0.2515344077390082 0.25226400932279108 -0.54420991924746376 -0.50434403092362845 0.45542826235139305 0.56655608444512384 0.99087682364030694 -0.78718008290344821 -0.7122868479816642
 0.10032565340783872 -0.2033757907680401 -2.2999290668119245 -0.34940222793604864 -0.56726523066794099 0.60685165065093472 1.5338021167892817 -2.6249398699839146 -1.9245992554931426 0.48156794676802533 0.037204285258723616 -0.48200782384870533 -1.5740625971615094 0.60595073171525815 1.9047114809751913 -0.11248664052572178 0.48440278795193592 0.38357143489322654 -0.73558911265552718 -0.72174619571405241 1.932732605380904 -0.93279198332077728 1.2011804287278154 2.1789926057247189 -2.6343674178215353 0.22760997995083385 -0.94074198671012754 -1.0408686379660936 -0.48515727680240411 -1.4571827395164632 -1.4283883186585535 -1.3655108628588235 -1.2817582572885302 -1.9248897203741477 1.606824595422379 0.94424210477598503 -1.0219493203379335 -1.5411351207690487 -0.49389114934077938 -1.9853285701576031 -0.14469789969585689 1.3339870404976015 0.73339933837531512 0.55250829456234685 0.38283937833703985 1.8928705973514928 -0.41350452047324732 -1.3067170502330105 -0.75408027109134601 -1.2468939051954779 0.56170002640890859 0.13189922463568227 0.54300470299904979 0.53468920038137124 -0.92905653033185998 -0.8572352153840771
 0.081348652772845448 0.17682730511164826 1.8394961566977359 0.29955367691521112 0.15464923547622852 -0.62408182009683 -0.74897562509157967 2.1084454109460871 1.5517489209473856 -0.17607688896616711 -0.014300352609081989 0.42628818308539784 1.1930137867320159 -0.35206983796746205 -1.2265913052235431 0.43003552284700558 0.084933178096177939 -0.88201120024642543 0.44602131886377261 -0.068630370408355207 -1.4740593559016997 0.45030596703122849 -1.0188303175991362 -1.1985207911216771 1.800480801876192 0.49840805586894416 0.61615811817009469 1.1044548946254624 0.050799349065756519 0.84991549847711301 0.92836650103988028 0.384144311722107 1.4145235711471484 0.87848137091699907 -0.94879912217573992 -0.46967182059165807 0.34424692375781984 0.67365395180413734 0.38714073368252089 1.4472336773336618 0.67243065066636654 -0.56351526913055761 -0.71943839531766995 -0.47193900646901216 -0.57748721147713988 -1.0085361757944891 -0.22800750034145531 1.5875298149899535 0.18679367087768453 0.36469634852623617 -0.8863580959728139 -0.11335097250802523 -0.23012982627814807 0.31403097553329379 0.31615028662874389 0.48595824693832684
 -0.015793266275096314 -0.033271804362534171 -0.96877364618539341 -0.054768534112867397 -0.12605784274859633 0.63935841170611063 0.15537315224969053 -0.46809105734650136 -0.50275740512656808 0.12454302459342192 0.015806493022336485 0.41206320801021068 -0.38716975290501587 0.42495299808503156 0.53205552640884179 0.2341383902924648 -0.074572439349503403 0.14441704058045385 -0.032072463044817971 0.22503423405555192 0.43840135056531832 -0.51338806406618853 0.29740416042865547 0.18292603101869567 -0.53801333927972328 0.53512718725869446 0.18864653640121626 -0.027562501686762268 0.07017735418491039 -0.30591525744586751 -0.56558868784767313 0.003368030484879376 0.23023180855215999 -0.33927327964005743 0.41832666565838711 0.11203359991426298 -0.17131769344095554 -0.22398395658410675 -0.24486522283488157 -0.33268705982198371 0.059290263420990613 0.65293164858788155 0.46063061278519135 -0.35506887633153594 0.38833493507144973 0.43018730400764238 -0.39227609932082141 -0.44920914112930943 -0.12199569480000047 -0.26821404643402663 0.24963611194703542 -0.12234711348619215 -0.18484170599213171 -0.1493921207946324 0.078021297643422971 0.20639773329680922
 -0.030850488305161235 -0.15139335603384899 -1.7102003110889705 -0.33357653220761452 -0.41866190597256375 0.47847779866651868 0.50610885076152501 -1.3874259889594536 -1.3638755203779616 0.29076452908339262 0.635098822622847 0.21272457765622962 -0.91652054812492545 0.25133651582509953 0.74139962561528416 -0.0081157880584406244 0.16784288760744517 -0.10723972308956431 0.38286798516822962 0.23355623055863844 0.80027356098971292 -0.71331474782824655 0.70575292993249972 1.0414212509752607 -0.97285458957958215 0.52536811302037756 -0.43068444751055468 -0.035272146083479367 0.38405613467594063 -0.30891182779771137 -0.9512818531226428 -0.37390931790887372 0.42264267482929468 -0.7373312706298113 0.94687345718531113 0.56364185452237026 -0.54454363950776208 -0.17582065394542484 -0.58329990650884467 -1.2390593925415521 0.45963074311887375 0.77911876370060795 0.85489355270606027 0.15413405982297979 0.51737914883348912 1.2184025137701724 -0.18823137185968028 -1.1144644063779336 0.52139553218895185 -0.72919268279624727 -0.16820299546368225 0.24636966208287947 0.40406854577255008 -0.019147745405933322 -0.82832868806462545 0.34461724430961199
