# Created by Octave 6.2.0, Mon Sep 12 21:21:08 2022 GMT <unknown@LAPTOP-P0PV0581>
# name: Theta4
# type: matrix
# rows: 55
# columns: 56
 0.018916052026984716 0.081454899012658802 -0.14282154450815557 0.13209839901959844 0.010246477080465933 0.064988920715863277 -0.00069412087827839207 0.14193240161190598 -0.10564039422089058 0.19209352123107779 -0.040973257379342223 -0.08732124009447792 0.10267716545214202 0.13633894504425989 0.065708549952727138 -0.016420576026979005 0.033020805664755529 -0.13067585951794672 -0.038255542566768934 0.0052689209723514579 0.068412661183785944 -0.10378246565530161 -0.089919915774181125 0.17097152454331899 -0.13318814776424726 -0.001913446003519839 -0.0063283209297077571 0.090264483022401157 -0.13995002601294648 0.027564501214333084 0.0098158570620661516 -0.20100064944982576 -0.05846785771845376 0.045768806925433565 -0.032718150865752089 -0.085264708644574735 -0.078934442481451678 0.065634629742543998 0.074871816794104623 0.061582060323349376 -0.032734993478944721 0.049140819640997382 0.097335781277386443 0.2044381183487676 0.21885721450742071 0.045848160466126983 0.082437685654453044 -0.25045382676490902 0.16501471878248941 -0.1587734679817798 -0.040043056239972973 -0.061956841410124877 0.061928367395305266 -0.017167271456031166 0.031771041550234178 0.067461900657809687
 -0.011443896263190154 0.19948124737796641 -0.28584922763048942 0.39179585351319129 0.05146502716372154 -0.019334891346364177 -0.11368147627745855 -0.089985792593390498 0.083777627492220258 0.2082014091725998 0.12899092635568046 0.36725892615569211 0.33963109381064638 0.35843485881557702 0.13621019906928983 0.19160756664044309 0.052723663760597506 -0.27266778581864565 -0.096233826776458239 0.1471193869812035 -0.00044885846136756774 0.2799812653881647 -0.057988206368147534 -0.16390147799093696 -0.15845976196826414 -0.018278099470340571 -0.05786505944895004 0.17963803280820423 -0.11814303187414488 0.081062789595651386 0.18438073036155661 -0.44203096749652038 0.33837771647469284 -0.27592385161810462 -0.21569564466645236 -0.13256452505670499 -0.052164934877580879 -0.14917293439743928 0.28332312111999147 -0.03580524791416153 0.20623866075436037 -0.079008056216539807 0.11557056510272781 0.37042570300079086 0.19174792639197555 -0.037550840081954591 -0.15866067642159409 -0.097673147881410474 0.19445150783686471 -0.046334132547684252 -0.14537301781924483 -0.22410508683637212 0.17453221688901074 -0.1620835972498168 0.13323662793286487 -0.00042536008246098754
 0.1149105606812534 -0.14700280962962792 0.18797691812992803 -0.51258302665852651 -0.23440588127402701 0.075003283980722299 0.44428319014399897 0.32192513077694435 0.048465935329966264 -0.032960309796041823 -0.090117698661791826 -0.31470370024617383 -0.49040921328293041 -0.44681488451531198 0.11151688259817563 -0.37773862353023818 0.12543831650503712 0.34709373897520746 -0.12891049305555996 -0.020511407531107986 0.20383414241984329 -0.46730669386955509 -0.19667022106409252 0.43259276001234725 0.22826020420238438 0.28279737827707413 0.25338026083369258 -0.15776186316155361 -0.054082493087086521 0.04759226302074869 -0.23352582273620878 0.4578233190435364 -0.38870599071655998 0.46266748946615383 0.25260276763356343 -0.22159602516672192 0.14631357394551106 0.35923692919999756 -0.13845361017642352 0.10364045663237338 -0.31899776246296169 0.20336873184599766 -0.29548351212860463 -0.34599565427020573 -0.18067265479919969 -0.13153559662757716 0.44114677806057329 0.22498630216534993 -0.090068243613334917 0.14121417016625415 0.2008453165588224 0.55508405320391851 -0.35210033204053837 0.16597956502219444 -0.50302931833103914 0.076356784601038841
 -0.057285020395320747 -0.046844827073600721 0.16331864010874417 0.094377534998622448 0.30405489245626632 0.1796460145323806 0.031881017649365913 -0.023682008291448769 -0.020013472748931838 -0.22641443576917109 0.04260166869127769 -0.07919924148514948 0.055468908724900755 -0.016387981243540219 -0.16632720752092234 -0.15076138426584151 -0.16650058353484556 0.16616624061395446 0.13855263814925869 -0.0055382345499490676 -0.14750514670911341 0.24892112651581075 0.30646929453902078 -0.10303484550689483 0.12014303853852333 -0.053837902764045771 0.14875178891967786 -0.012155671627976785 0.19499465546810171 0.1565411438250883 -0.15708449173570557 0.16020624764046368 -0.10302368675255789 0.26301542508787334 0.067182929748374698 0.28087567868567398 -0.031944471081358609 -0.067435630747966477 -0.0096667910732141094 -0.22207635973492235 -0.0032208598393828115 -0.20773833390538191 0.017634677985604613 -0.17877005705032264 -0.16661630919490336 0.11851782549431668 0.089316711822330641 0.049817597956811066 -0.093396937482758208 0.14897270279080446 0.099602245119395513 -0.21669374267260738 0.018341204238598332 -0.076980274077799948 0.051624074255853962 0.11454529332296191
 -0.071636815941038101 -0.017248010815527924 0.076884967453505274 -0.0091890735707162267 -0.0012935169808187914 0.0025840056344008226 0.099805409216353724 0.022913388001721761 0.12590756020579671 0.075952311671782541 0.086895664131786551 -0.073960079481214885 -0.098190849355492105 -0.11611230458437474 -0.022154076362207269 -0.18084555512729744 0.16267080164200037 -0.019717976042180521 -0.11768424553994346 0.11241593492103953 0.015083973885322786 -0.16659304344324979 -0.01142407675901797 0.018489857194505622 -0.061132933462359783 0.079291011414711204 0.089199632461187145 -0.1014522902581611 0.12546547182101173 -0.13891826093383478 -0.037659732940557814 0.15891532889961185 -0.18646648104026217 0.079090863857361277 0.12508018198599122 -0.10486176659360862 0.075281935531311073 -0.044037040551557514 0.030142878065412167 -0.053930096616765281 0.001226896945835324 0.18115260913876749 -0.12924909289251535 -0.082876713930470802 -0.13227244912993494 0.022777830604970909 0.17640745515989897 0.018359171146632845 -0.078801682908670012 0.050211780836875004 -0.084134883679628611 0.18932099349465303 -0.14979374565591921 0.12804493520290716 -0.10914233287753475 0.098949117941383169
 0.021661477552810806 0.015782953978223276 0.10185426063170896 0.10023293781154596 0.10113586883037873 -0.20731488030697848 -0.13060558441643935 -0.18002552446217165 0.1952596583391675 0.12525640127156984 0.24294104178991252 0.26974620631563134 0.20875712383105405 0.082844223214738846 -0.057744314385313709 0.089100897218521352 0.15171260226491337 -0.23409016750810008 -0.31594884582018345 0.047571133394330764 -0.070894381675961918 -0.051502107235902581 -0.097678676764403047 -0.27009437329835334 -0.073428626825770324 0.17538034939682159 -0.18867919084727527 -0.14146874360663805 0.14033640910775252 -0.12760584789736185 0.18648568737838106 -0.11147566731557065 0.16097988049285741 -0.4703768486251777 -0.10870103161482908 -0.025401548553801681 -0.09969630444026599 -0.22545084348928818 0.24608744411930086 0.057617128681735463 0.13757220027929623 0.11804061149710049 0.10198508713996995 0.027186436809956332 -0.075089455084612441 -0.22278868609556121 -0.25749336920565019 0.10366865134753819 0.15989117136323458 0.044069701153062156 -0.19328916813950198 -0.17373834092952578 0.068131394597430811 -0.041260209761176891 0.26473525280941984 -0.01305838218394393
