# Created by Octave 6.2.0, Mon Sep 12 20:06:00 2022 GMT <unknown@LAPTOP-P0PV0581>
# name: Theta3
# type: matrix
# rows: 35
# columns: 36
 -0.2382417973045578 -0.81069161234892673 0.13993135714739266 -0.34228139941272595 -0.08403165284034933 0.97587191213978175 2.0155616289316889 0.39603045668304188 1.001065222257433 -0.38167933682926575 1.7633669536598491 2.1386680958601501 1.0719290040177942 0.23898590426491076 -0.67243688778859778 -0.25914150333921382 1.1804661122641209 0.6722876203654129 -1.3284398224356806 -1.6375672443906002 -0.20690221302873946 -0.1781935713334333 -2.0067070495315793 2.4249948240974541 0.84813845366461538 0.5147420497003421 -0.63594326849160587 0.1906327024368874 -0.10994581176147739 -0.39941102351389834 -0.44289879384501268 -0.21039215865113492 0.20908944136595367 0.20483549203063495 -0.23556755278611005 -1.4677073888271406
 0.10532853705670317 0.97177389989690111 0.63572164584878432 -1.1118998294528886 0.50434771007517509 1.6017058172973309 -0.95782087755675072 0.80956549626972829 -0.30236994222607699 -0.26168827104513909 1.340038076058087 2.0627873182818268 0.72708503833068605 -0.11173883347286709 0.6300966576459065 1.0397114532512763 -0.28445750059586306 -0.26309910464514724 0.98324109793856562 0.021341707654989033 -1.3853179227074277 1.8765044276324425 -1.7880812063230742 0.53377028818046957 -0.69703874729994497 0.76845601238492045 -1.150651346126045 -0.35634849532877894 -0.13720198964822541 -0.30584068403723713 0.099811092161282977 -0.37457689056713012 -1.5124706384765383 -1.0554718628510753 0.73916536273507605 -0.99403799262662818
 0.12811337083498833 1.4003267763087706 0.44983452447229672 -1.3353778336949016 -0.52350243456457157 0.36783616575486111 -1.6878910340914919 0.51215300528875296 -1.8514404707921066 0.54684374463966223 -0.17918736582574502 0.98660780541393323 -1.2850906905180683 -0.03582108959749538 1.1426013244080881 2.3646886914686522 -0.92733409445929682 -0.21437150706403735 1.6561083878925451 0.53362810670816507 0.32354546603691614 2.1301676141740349 -1.2017951917825427 -0.54719654568798293 0.31354314987558624 0.38086216374607984 -0.82746649777595205 -0.052701650353027756 -0.6486774548837333 -0.85661510300715715 0.11411427316773666 0.024621284792516188 -1.3182626758956071 -0.3108094223790499 0.76583979765299537 0.25567214395639326
 0.009983331900783151 -1.6499253756991974 -0.67005889013389075 0.99245852777295618 0.39511990846798778 -1.1912567143233046 1.1236025738832203 -0.1601016516372093 -0.44824613573594246 -0.2850341814453301 -0.63675010619205086 -0.095007464003905487 -0.34186305843059517 -0.10344889813964686 -1.3353654671057691 -0.71001239483483403 0.1212212955342768 0.15252539642000409 -2.3855552758056491 -0.39454012206756256 0.94062414983605236 -0.91187971521775235 1.3557356183710148 -0.41779515062005707 -0.60295160404168302 0.19306187547296189 0.61431245904507348 1.3987036662566792 -0.36997431148737386 0.085551153802609983 0.49531855090338267 0.88087942232580319 0.77889233613576847 0.93501358649896049 -0.43339518981379532 0.31596287472722673
 -0.12035881643217239 0.63057332033276536 0.20881459149454584 -0.18729887415847052 -0.41001602453782593 0.72238746388356501 1.1598517282605749 -0.1132783166139008 -0.55366675548180233 0.49586350674240448 -0.76659581897744145 -0.28354221199330937 -0.19964576246513721 0.40824448510231215 0.077765736584529413 -1.101191687368831 -0.60990602433545948 0.79821219584849623 0.47698480289008199 -1.8094174982517335 -0.61258536924196072 -0.65287427954568078 0.24098800861931763 1.4236679471917051 0.49925460160077062 -0.75043429132509099 0.49854110422816383 -0.31618735152044569 -0.67514521391676496 1.2404865825476621 -0.9090024512190068 0.48803813740202934 1.538929292727842 -0.14953438864153387 0.11247723811408265 0.12201269139709696
 0.074253504515854066 -0.51180179416249927 -0.79167612347477889 1.1841402767191498 -0.97654285673882257 -2.869910631428974 -0.39831768895607478 0.32403793900690664 -2.4347364008113397 0.31599872643806454 -2.2672323254987736 -0.35313611213469709 -2.401736671165521 0.093356160436079125 0.28411877868109303 2.5056428017590173 -0.0836741090143895 -0.13779608112345157 -0.75328804870210819 2.054791132465402 1.9017543110479125 0.4672013565377407 -0.084328869114900729 -1.6926310129691418 0.94041702477405087 -0.049454177148861141 0.4504491862118194 0.049681239981101105 -0.3229745786664987 -1.1603779371493028 0.45890658439950066 0.1596178082064357 -0.15844050696605477 1.5404581902911727 0.21296345252933152 0.6682382644183229
 0.023132440391361146 0.054800539648004014 -0.26138593985727093 0.45155845445362924 -0.85325030224845166 -1.1073933642554599 0.96885587286521724 -1.1973441465931602 0.015299313303566091 0.50165634585039842 -1.6100085699544178 -1.9981584411172177 -1.517213463412882 0.26648789989221888 0.015203711325254483 -0.73048351489748986 -0.30538532304558669 0.58181960417837197 0.30163506712656807 0.22996800479562801 1.5305210169521395 -1.2926954820984946 0.80428818309250172 -0.13309616426289764 1.2111926951380623 -0.79672813798912145 1.1824568099715655 -0.42788659484007846 -0.12983426297442169 -0.030412152962714656 -0.43591583027010172 0.56571301681202946 1.1825512392812991 0.83943257103415825 -0.39074502677049522 0.98481906617844994
 -0.10291814796734533 0.052258761679962566 1.5773006344656229 -0.32916003120787252 0.28209788627015764 2.2587093273899015 1.5073295072587127 -0.8726785193033515 3.4023740914663922 -1.8179659073569754 2.2786644646522709 1.0224839744967564 1.9190653367288697 0.59608901489086408 1.0352919312770408 -2.4154518933882594 -0.56580074696626326 1.8849193698997964 1.0011403681057802 0.37631102862266597 -3.0982560913959225 -0.32255639045502082 -1.5844171935383176 2.7201136313184127 -1.1551499921705368 -0.20696839820479329 -0.87583925189659473 -1.9801623999878786 0.86173626553504712 2.1435521536602002 -0.066567043793861011 -0.57443241329939998 0.33031767916486171 -1.8369686581973037 -1.2401102241702837 -0.062184986889790302
 0.096774224973411732 -0.59622341626793263 0.77463464469770726 -0.071198445793076701 0.76312867511275062 -0.81072360316496084 -1.89207640665634 0.44841883073502103 -1.1912691778525994 -1.3822599009292564 1.0897894443870091 1.3254016499922883 -0.3548681714702242 -0.29838162598553553 0.85141946254560952 1.4846622059799521 -0.71807134192023903 -0.17948452720402069 -0.15712007776637557 2.6059024878494963 -0.60209715073216863 2.1700462362267428 -0.49204750681782283 -1.5189935418498608 -2.2085282852021244 0.93462054750903012 -0.78414494265725387 0.37286357493518946 0.32524396150306278 -0.13908210587549405 2.0362450328279071 -0.21849879619646664 -2.4533734290902096 -0.61172959571193974 0.13263327363961558 0.61282566541505201
 -0.20407785342807941 -0.10513624194675059 -1.0216777227236107 0.57401910563999259 0.54974498803045724 0.73369221538798945 1.2239938943631143 -0.63129003401052264 2.0991103844832 0.55625442579176521 -0.67342694494291255 -0.58498140593685544 1.6624507704709606 -0.31853880989191208 -1.7020548214409637 -2.0867719961714628 1.2479275537565593 -0.48506957657036709 -0.4911949366068476 -1.8345079108577211 -0.12254576768312492 -2.2500134051147969 1.052882930147615 0.6942080433832114 0.66945263944677602 -0.25905461978636424 0.61475968357061583 -0.059530757763327648 0.0030289345919859421 0.094913182793353756 -1.6391469298561527 -0.12977281107463937 1.709537318144805 -0.13181102397895442 -0.36403720191412337 -1.1092275917579777
