# Created by Octave 6.2.0, Mon Sep 12 20:46:20 2022 GMT <unknown@LAPTOP-P0PV0581>
# name: Theta3
# type: matrix
# rows: 35
# columns: 36
 -0.2463139913386917 -0.44824127140921638 0.25762604982593434 0.58704556626862803 0.59282022233909359 -1.0112410852894853 -0.16144347601837233 -0.19998507121393957 0.24034610436002005 -0.12174387712710952 0.90950262971420104 0.67426727022201693 0.27700217473916361 0.71208816231648264 0.039730594807516902 0.14919751921408853 0.61668042995002592 0.34144530040981103 0.045191130613841848 0.22390182374213485 -0.32097807088003116 -0.52544067693349328 -0.87878520976275543 0.71220069174818457 -0.51565589072663931 -0.45178949203283442 0.1292644984046043 -0.63653154302772641 -0.28648735966966499 0.0404176054046851 -0.48106711293931942 0.72507262752105417 0.2914715345670475 -0.69824742614174828 0.05465577419132954 0.67206747454900229
 0.07636724139008276 0.33939639241043168 0.20415700593824448 -1.0454607426318772 -0.27142923952691328 0.011971178056596025 2.3817683121830435 -0.036931656559520534 0.76136885533665544 -0.42374478415946237 0.15477000484772585 0.15207926260510329 0.4783476940588306 -1.0743370709958282 0.35252096631013036 -1.2610813747289944 -0.50131368387816777 -0.29957451754156406 0.12395615199082564 0.96696205592976836 0.076594428448941348 -0.049620200218231617 0.18826614774332562 0.23561832304061603 0.84869650599507496 -0.49935211008009678 1.333981315471356 -0.71284615664638284 0.52927067377293935 -0.89391930004790265 0.73584774762894578 0.52873071819819473 -0.63770201011150507 0.94722315845653671 -0.60510374387359522 -0.37498307430961925
 -0.13905093301166183 -0.43184568179559646 0.43090107310480102 0.12994645991055639 -0.0039647988788398068 0.2311371348035661 0.21288432978318123 0.21543220740574084 0.31365447310191391 0.001969491394163404 0.56161833443398801 0.38244875364977804 -0.52360603945671946 0.2859263336886862 0.46417056315187055 0.14767963421136085 -0.17898872737013075 0.027900542021133866 -0.11855998722909356 0.34511110346467527 0.02037236298240578 -0.27703152097471478 -0.30996889732766031 -0.18094947026400068 -0.0089477971161653277 -0.20562471034412852 0.15570322540080953 -0.002694327097526027 0.40685091570005921 -0.60482062697680417 -0.059164977804348727 0.24214673103439002 0.39697498526530289 0.0063806338405195898 0.077806673054700071 0.54880193153388557
 0.14309517371384961 0.66037660061401771 0.20079574444908713 -0.92954919859802865 -0.4688557823206505 0.1454190989904724 -0.55937458170897825 0.13009506897452131 -0.30831843366857548 0.18763996822033877 0.034317280877772617 -0.5065409462206073 -0.35550248294683973 -0.263257554990457 -0.80316877009878118 -0.11774241892378341 -0.48694632346326661 -0.4891402833442321 -0.67366378096018487 0.058644998568389096 -0.36390081792059514 0.67950541142690091 0.38053127556652666 -0.77552053318839875 -0.65888604848660126 0.029535789633272445 -0.46960784106966297 -0.4120483121663886 0.23380686049010685 -0.13030535684466749 1.4650530635866565 -0.74353699555542907 0.80321724170406028 0.67320162693570218 0.31178339650538001 -0.28264878869667726
 0.20062612757496046 0.69814540018297444 -0.29449279525213096 0.4181032769213644 0.54816727969790857 0.0034900206260475197 0.92825540933696649 0.34001774322131229 -0.047201686020989057 -0.24283186066199217 -0.23344699941105165 0.15880443888948431 0.59794275307050559 -0.38686214583319611 0.0044274201838240936 0.066182872329528672 0.28677964256725241 0.054845082537307584 0.29423211808503857 0.39300409285976529 0.28103973017849426 0.057323284764851379 0.10160702091569784 0.92568795940163062 0.91696154652431561 0.24458100063706534 0.83695436154194991 -0.22973051218032942 0.80296266553085494 -0.077217671278229066 0.12113425460997487 -0.052214355710043028 -0.14529220042933919 1.0493929580642254 -0.47789758853378567 -0.0053486202493402118
 -0.1588679391049069 0.45503429267190038 0.24090503180915784 -0.25255222496698965 -0.24201093973126578 -0.26736427392657425 0.43127639205001234 0.29060281974966401 0.11936624282227967 -0.36413425879367528 0.2863379477688045 -0.16214903977217329 0.14660151867207472 -0.54929152505053813 0.13141804101198365 -0.46954706156157461 -0.17779553434478729 -0.057054078009566495 -0.44842811295797552 0.72408092658295919 0.025141435965801644 -0.032378825417657651 -0.0065886470221069027 -0.023604540664735652 -0.25093657947275505 -0.27496308510819301 0.13953414311656312 -0.40132651089557791 0.509102689559088 -0.67574260866721925 0.56840960717578126 -0.57352925847067204 -0.22870021011085237 0.56991636034444115 -0.068475866284258377 0.28394024296922304
 -0.011843575963088923 0.29682865577024881 -0.036547795867334462 -0.35002134757802289 -0.025071486066560983 -0.48894889193476193 0.50657102002900212 -0.49328817138055436 0.15729078905992927 -0.316129263501635 -0.707174596815215 -0.10231564669511189 0.13702000796997643 0.1376851348433214 -1.0539380183106759 -0.1610413026749552 -0.18579589134968438 -0.32732791347746942 -0.084677959395747127 -0.11066528477315074 -0.74821026934288637 0.6565812199221952 0.29850351723377277 0.33681406985474793 -0.16027562900723613 -0.2507544718839137 -0.36894625420518751 -1.2006883757443148 -0.26597811792209614 0.49893604213878412 0.22332627427790921 -0.020600603690137203 0.28737996386619385 0.16920156800002212 -0.70504754869809005 -0.72835746901879739
 0.00077731834916486091 0.32809400143345557 -0.27063809895071511 0.35905380188195868 -0.48075143653459579 0.43525991810319919 0.2233982730966366 0.6346952759616743 -0.24996561846094345 0.38086740147426507 -1.0550624386224599 0.21266604758459909 -0.37697407999917459 -0.20022638718668126 -0.55985893826786526 0.47076180680364971 -0.51407652577185126 -0.17888827046944203 -0.11839759018463691 0.31715402162330569 -0.15536219006296442 0.82042272852000131 0.28635025891761912 -0.40769355583695405 0.077212503677471581 0.086227497539588596 -0.4127592195371888 0.54629249915997202 1.0471964345659075 0.36674781356078379 -0.18607715461961552 -0.94841176052233389 0.58722338529204277 0.63107277858784705 -0.19622066561953364 0.18015368771227661
 -0.021571642092067328 0.11563291016330181 0.20888264809165219 0.46812574055125067 -0.45106696703780075 0.5940006096412126 0.12630569786975668 0.36423086583388259 -0.064431258026658889 -0.1358212585858608 -0.40565594360339458 -0.66811557929120602 -0.96688153457939729 -0.049880661330834082 0.24630715963273658 0.11283491154845632 0.17229560951983905 0.29952685987069755 -0.4437915811754472 0.14692038977497809 0.017738227736446018 -0.16905690236878756 0.32254152627819571 -0.83295913873670291 0.68051338778320869 0.21407576414520174 0.025723646562317865 0.82950074716826627 0.53945253952370065 -0.27510192611224699 0.28610105591405643 -0.43315450377553977 -0.22954990492994273 0.16386650736435995 0.33094127401940632 0.24017127188756135
 -0.033229287286376211 -0.59248122734866016 0.48503194286045703 -0.27442004455282737 -0.36477760846004698 0.077645197305670752 2.0542293775519651 -0.18650113933078943 1.2260048062808457 -0.3122659185748945 0.42739330694600486 0.69662400982125872 0.15974150672949369 -0.057286517363913748 0.73210500079847929 -0.60444518231232403 -0.20648267202057202 0.27617861847469494 0.18495605244624083 0.94481322079740149 -0.15720640062471447 -0.44351805073765127 -0.41757637177780116 -0.18174013694014104 0.81698812066157667 -0.98903807834599955 0.84518046586771278 -0.40610464624824788 0.34758259375854567 -0.89995600931174902 -0.5907152512529219 0.80847299899211644 -0.42598358393652896 -0.1150675034025449 -0.62798413976972056 0.28321310344835232
