# Created by Octave 6.2.0, Mon Sep 12 20:32:44 2022 GMT <unknown@LAPTOP-P0PV0581>
# name: Theta5
# type: matrix
# rows: 10
# columns: 56
 0.34359997037373385 -1.2071865980161853 -0.56012391501093961 -0.67698394487722879 -0.45824668573743843 0.63308454349168419 0.30668656644711384 0.30016854262990167 -2.8130597500184056 -1.7454767721299722 -1.2724894720407354 -0.39806382259645101 -0.047673850010393613 2.0368950841410824 -2.8005456018623001 0.91674663598587014 -0.51143119593464403 -3.4394785578200393 -1.3343678127246548 -1.2965707148358729 0.010614442022655005 -1.0493335322019877 -1.7806191525874704 -2.7286811547985552 0.6345541481868352 3.2793134915773186 2.1094325469685242 3.9486264564608788 -1.471556566767404 -1.8551571457814038 2.2395864002978807 -1.6465705700207844 4.518035057658464 1.3499734688868361 3.5326749137834641 -5.4775877315962145 1.5477057089030251 0.76595614018404812 2.1969796183973522 3.7466827002437939 -4.1241281825020764 0.37149699566232358 0.51345465774335808 1.4220125685728382 -1.527444662132714 -1.6249529182244451 -4.4330652295018327 -0.13731988133372536 1.4932698306970151 1.4426601425923293 -1.5410610099863153 0.064552942253395848 -2.5454089162717066 0.10805065446409613 1.6194086571144308 -1.8251878999842868
 0.26589638126249343 -1.3156095734684961 0.73777328774466078 0.062581467672447946 -0.26935613199941333 0.18606053720638327 -1.5417234594114777 0.11752606301308569 -0.28451508593242941 0.84118891815144237 0.84738966572155494 0.60397664445428412 0.22896213390939801 0.70431589135563566 0.20884733504777561 0.70049895543856167 0.75480848497494246 -0.74496906802870355 1.643279655654776 -0.55009523139783234 0.15791309804383027 1.3681580937752515 -0.87389376627073645 0.52197334420178787 0.93062720156713041 0.37225376614270134 0.92583859233071786 -1.2192593652554917 -0.46002413043098278 -1.1487215441785008 -0.39833398118177232 -0.018994745874483986 -1.2423115049591449 -2.6217114042927085 0.2121188360010354 0.66322900490155534 -0.11531090035820235 0.19776738792095797 0.56835218009220312 0.048909546844020664 -0.91538985885711543 -0.68199764273148777 -1.0192503999186855 1.3719747068302912 0.58595757390038583 0.45995539839232213 -1.0681556382828981 -0.55853286149618753 -0.095227815596951704 0.23878041720521004 1.8178542044715915 0.83204997161921102 0.64758650229109105 1.3153039705350034 -1.2863199204404769 0.057039121103835182
 0.15862065004882608 0.0012148771919198839 0.22979942551171564 0.96330894081326068 -0.10989572640963551 0.31867811262934548 -0.23970806673217734 -0.84075170722340631 -0.79907152561624473 -0.14177672569439925 1.5263502671826132 0.27376520279487226 0.68535344355762373 -0.44220260277618295 -1.111848659073587 -0.4729107657241523 -0.73858921479433937 -1.5327420079745055 0.8020479771565947 1.8451102291934445 1.2812500824647099 1.2311239201959236 -0.35736070213407428 -1.5672362010005632 1.0687499398550837 0.85986014374191599 1.7854493891044745 1.0142712982800717 -1.8378023593711965 -0.39671351162057988 -2.950629706481894 -0.52128878196392658 -1.3177069763785947 -1.1264104591077513 0.34563904564610487 0.18808981224471649 -1.7347637866909251 0.34951721895110316 -1.1022151186666558 1.757198427899505 0.74920749859757629 -1.5700449595226644 0.53047786678104047 0.82403379328274784 0.0082799933081428908 -0.062924779399267924 0.71739125932048553 0.1786371904609324 -0.55479790092425618 -0.098065668713854262 1.8091773258006745 0.84997826156218548 0.37238231211988781 0.62072345930555561 0.96177604143495576 -0.51106701459705006
 -0.10948802010024168 2.6485124988593154 0.60880899554162615 -1.5933666345648834 -2.8870509332619396 -0.45900430735151798 1.5208727057555049 -0.58575035240697659 0.61677272701995578 0.74009682989570869 0.73728491422703901 0.010460700415791795 -1.6080765658900882 -1.1231949441622968 1.9931405535798286 2.0792206336300643 0.70032266489222494 2.601950704510362 -1.2800695886637246 0.64648559984122989 1.577618022196642 0.7252553899796349 -0.99993726200797173 0.50922878056963061 1.1270064501126513 -2.6314162276573922 -2.9135509666485198 -2.2880944960212037 1.9167559789705126 -0.081356290502356723 1.1307960203445835 0.69986046198307628 1.9277367026012828 0.73955901412902236 -1.2484996410901317 2.7029541762886606 -0.37880971887941189 0.13768889226398698 -1.8865728518969316 -2.4703464672776398 0.11314304310885523 -0.59101682333411243 -1.1202263191912771 -0.94706331196097004 0.61727847387052281 -0.38239120841301283 3.1462245313297825 -0.62117517015858303 0.96494457116195886 1.0018936623685053 -1.7517028602871003 -1.1980633037729829 -0.20098414040632695 -0.29738014231378351 -1.7876256455104276 1.6217477379498786
 -0.30248002949935909 -1.4808370544454843 -1.0859348489719274 0.98433366574652348 1.9206831067461176 1.2003292298377468 0.9405776838712494 0.087821110131128283 -0.52999319337226469 -0.2125984059456508 -0.75219008630075734 -0.047063865810720168 2.172688172542613 -0.15437049256919888 -0.74430291364652745 -1.5278169901767396 -0.49207864470183599 -1.2966954403307296 -0.6172047031760417 -0.13777600600659515 -0.96291109136906861 0.23335071123593815 1.9682187324819913 1.2609375231824096 -1.0189147232936508 -0.97639210271898602 -0.205788486005238 -0.055434013674617512 -0.16129199282361442 1.6629640780339763 -1.2299144808356057 -0.95254924404341157 -2.0276505031913752 1.1238806448510703 -0.42017102244842885 1.0309544150377443 1.282139687772941 -1.1395260039481045 0.42724526987357064 0.05008035995349186 0.86644669927643081 2.2119931546158424 -0.21527246922998997 0.043748989068833934 0.031662874773667748 0.39958434689705374 0.034381177453778354 0.51766543679386201 -0.97730180898135688 -0.30802081978499379 0.095290754938510913 -0.17982382868324287 0.26989481415301581 -0.78035539674423293 0.23410866483173895 -0.077471063813244451
 0.34636453708268744 -0.26090323828591067 -1.5442335471986299 0.41741276161563207 1.1303867135439647 -0.24730410771975142 -1.2494266550844446 -0.58401480554551832 -0.27886433254879833 -2.0315119639229118 0.3825259345632126 0.78379052159336904 1.9225314544083925 0.84555918420124243 1.3681267464651061 -1.1562585762172279 0.88351997655754144 0.20851874522853336 -0.16214409758168186 -1.787448351453278 -1.5372362026130284 -0.66427751029949478 0.042263439904717523 -1.5679601780484451 -0.11947459693674412 -0.94617318804036343 0.51866095416943681 -0.27577192810827522 0.50965097991849628 -1.2930943989204684 0.79561935526085736 1.4469237136556861 1.1075647070965606 1.737742661735157 -1.3851453936225122 0.31395545249679635 -0.54963014593865289 0.87713809729179193 1.1289283700784989 -2.5623653987607189 -0.30390018384643597 -2.8063648232303895 0.89973008871542204 -0.58701647215141728 -0.84493297204277373 -0.28218039155729818 -0.2454350614045083 1.4325408127784716 1.8387983824519885 -0.32673991285453896 0.63405857972402146 1.5162525418422934 -0.68974253119895945 -0.58555322711595459 1.4128948516041258 -0.71381336196675271
