# Created by Octave 6.2.0, Mon Sep 12 20:23:38 2022 GMT <unknown@LAPTOP-P0PV0581>
# name: Theta4
# type: matrix
# rows: 25
# columns: 26
 -0.094309548240924079 0.02453956659589912 -0.353937470480994 0.67821601542170817 0.1896959966458662 -0.39387643429218905 0.57285098301020643 -0.51975499659411728 0.14017885124544707 0.28005295414042347 0.041182101798775218 -0.75636754199886536 0.22063098062688788 0.64315068862926461 -0.23392164990323791 0.46965699094981572 -0.85698529247646205 -0.16153556930324975 0.32568448649356335 0.42603399948928405 0.6699054282892648 0.21386378014319826 -0.12138715281379775 0.51689522091647822 0.28267936030220225 0.53293992494150999
 0.11573471207075965 -0.41639658926681788 0.56759113473701905 -0.36857555691540222 0.1849893988979715 0.22447430720320707 -0.14245744704024266 0.55945649448327528 0.24082246185370998 -0.37218501544006277 -0.39486603049935687 0.36432424249398948 -0.070754769414087967 -0.020346632962905471 0.30956526405506779 -0.51959887692587259 0.31115100529042988 0.28713870502515371 0.2472091570573261 -0.33988726280059428 -0.13949190374338596 -0.06613007458736618 0.043300632791855219 -0.032249433197159554 0.20196278410721347 -0.20493094265363965
 -0.096162068529117933 0.076523237825407514 -0.83930492565467252 0.81719390105592826 0.16781489319885612 -0.41669699144255334 0.60871615638895249 -0.97201233150390542 -0.076758684144261957 0.60683091423207713 0.34463878342142118 -0.67842274661882163 0.65527511440674646 0.41263878929808562 -0.35977233472848402 1.0402179528221984 -0.69594591085649249 -0.21959668396114354 0.18948726569551627 0.66333398793494547 0.46832190177655231 0.29358057085106254 -0.16688098699573117 0.23782427901050596 0.11794536624457511 0.35756762860960317
 0.076812379855325671 0.24695019737521484 0.11372006061735677 -0.30797800360055255 -0.34005793576106791 0.11251413678424438 -0.47595496224433542 0.13878840119613481 -0.17701957904412627 0.041417860567328553 0.4304419200317342 0.07657801617950255 0.0084174941537661571 -0.20815933449903595 0.24373812798707495 -0.041608056701654732 0.50577262960811142 0.50510649568617982 -0.048116963051787053 -0.32551796609558592 -0.55130625287492208 0.059741051815358708 0.068728622468605019 -0.031786428838183903 0.10634130865510359 -0.20502939594809574
 0.13971009998406228 -0.79522508666710001 1.0580373778880328 -0.50463982837110199 0.29179429893139658 0.3351529362028739 -0.46958239927064915 0.84857479874985697 0.051675902084680203 -0.95873236967981534 -0.73988784242777927 0.3095402196791589 -0.47175092940102104 0.32894294968386001 0.20162070294154841 -1.1684608363586413 0.1704669270208205 0.098537742352033428 0.42087726814188942 -0.30392281530407422 -0.33190199239731061 -0.2799666380013266 0.099039200568624516 0.17964073966617783 0.39122333481550076 -0.15710389319438089
 0.2759568584926112 -0.7086105463274468 1.5314433420424318 -0.54036729869467737 0.46783895562164529 0.58507319968499782 -0.57244695261796097 1.2959888550861793 0.22032891244104968 -1.0116390852047799 -0.83551803840197669 1.0240491177528779 -0.016162763369900975 0.037044820715411764 0.68875923357939572 -1.158060589978684 0.86658490118102072 0.55068034316972425 0.30145108060883358 -0.63876453436524927 -0.84444647469343315 -0.28973539698460521 0.50208900044304605 -0.063441198234711269 0.15260519951459525 -0.66100362315109862
 -0.040788011245466937 0.50149142233172017 -0.48918037454361546 0.023599529725146146 -0.0033814758032148589 -0.13548136265550054 0.09675875041689895 -0.43834956308861261 -0.17328761671663079 0.44000818003892728 0.64987567316470574 -0.39044661851739565 0.21517707849970194 0.10808462225525217 -0.10167169709530477 0.50916443398073807 0.17411191714943974 0.016642630760438957 -0.44593343442254169 0.22554598410951976 0.13707855470131464 0.23506734266130139 -0.022615583575459203 -0.336538332734097 -0.28132124530820296 0.20765021277729387
 -0.053812045287146643 -0.7335439755220825 0.97750319565139443 0.17209824599045248 0.27075482497884285 0.10798427567485516 0.09584499503985508 0.57422070427538086 0.3033867195450341 -0.76787056043327639 -0.73904071429869611 -0.0062451839040721067 -0.20557464530447203 0.71350042680858705 0.18493176036699749 -0.9478326124796157 -0.62745174508242652 -0.11581242977808949 0.72212723295306791 -0.080406099017716198 -0.04048142661236951 -0.37530841801147818 -0.22307818424542714 0.79513769118397193 0.49449237554985148 -0.084230103287931971
 0.018046504773208492 0.01208863390426507 -0.60615817192393218 0.50164546179547187 0.098055440021517212 -0.39085249050288556 0.37195410038534005 -0.66433794393309686 0.10480704616749331 0.50322580875253664 0.17116770448618404 -0.53106267215073699 0.28463148899881313 0.4948573778953882 -0.16600916548394426 0.61432268241718968 -0.76719579471657462 -0.20763574944441998 -0.080506945952810605 0.65299663670439856 0.4985333280167798 0.18997877615095907 -0.084874695250600221 0.29601056867286091 0.067824868235130092 0.18403029737442264
 0.017080535464831681 0.76294911820798283 -0.18856067581641739 -0.42235391714714859 -0.35948044678287505 0.22971733573454792 -0.56597394616388419 0.11462223083263726 -0.41805479565287429 0.24647294001786973 0.70096456526701789 0.59039750084934739 0.10927203689982587 -0.64569282665760885 0.15572985142858198 0.2562328720388759 1.1970416761916132 0.53438139826460274 -0.52171861044017198 -0.46961222151163534 -0.57809619038447924 0.15309759319643412 0.11702947249205781 -0.49785744264156295 -0.34063556637193754 -0.27234737357510241
 -0.16338228321632411 -0.27596364176485 -0.63907488499219123 0.33417468050391375 0.2061304844319497 -0.46864837700308104 0.68719355845730978 -0.30818048752927912 0.32666253188325939 0.30355815808239345 -0.40982127981793731 -0.41411405528315298 -0.13393931086104374 0.092313658026150783 -0.42588757968832031 0.21036377745639048 -1.0243577454010189 -0.72226600881332836 -0.021271009660378672 0.58446235418082537 0.81949135077637136 -0.11461127552451564 -0.21561039025949699 0.1061895020778791 -0.17004251895331918 0.4099954860057855
 0.085928701671637672 -0.40871524569117418 0.039114969141668024 0.33346352102457716 0.16284530007917136 -0.15851850750856936 0.27053296823482181 -0.1372268404289704 0.09279499311912405 0.094018553602173427 -0.41340788345998825 -0.36644927135983119 0.092296714154343151 0.47819882042919892 -0.054686543871462275 0.049117795617113089 -0.64245344248612224 -0.23183580996422665 0.17890548590954441 0.1652884090304198 0.44206106586412613 -0.15325564655487472 -0.18152125451352899 0.43567095554066226 0.19530924125705557 0.17003996607171173
 0.016190703533486991 -0.23060249415585299 0.2569100634126783 -0.53176281280384963 -0.049554979830793586 0.3989672591353402 -0.51891551272590164 0.42234640806681906 0.094905663859182615 -0.28272675893017141 -0.10830776564474971 0.53140438666807677 -0.42339181778409257 -0.41828125940728383 0.18658557381973231 -0.37473458520918745 0.64136614872765507 0.29856461296116588 -0.21892826813551283 -0.11727445448292204 -0.37902215424832864 -0.26424956585749926 -0.024221193836802241 -0.45741057804237484 0.056138854864439029 -0.33927831452146834
 0.064985752397171734 0.8541207629158678 -0.37993269707261329 -0.29806082363565911 -0.2118447415547326 0.16778529901102468 -0.1996079834617896 -0.16713602618627527 -0.31168837482255185 0.56992356733783955 0.85148168960305248 0.094629411830064375 0.21925643084574251 -0.31408962275861524 -0.07425071551616691 0.36628491659367407 0.91332007630211276 0.2941271351522381 -0.46747118799373777 0.089041980095098103 -0.079081473516192852 0.4373444637587946 0.35373665680861899 -0.62171700318784551 -0.483162072887657 -0.12139789765971105
