# Created by Octave 6.2.0, Mon Sep 12 20:27:23 2022 GMT <unknown@LAPTOP-P0PV0581>
# name: Theta4
# type: matrix
# rows: 35
# columns: 36
 -0.090591936824166552 0.81332661243492888 -0.92947486960710968 0.1403486486197256 0.22431258013872293 0.36748124260519133 -0.60283418290259605 -0.1143855341748284 0.41248641006884229 0.26520996906033101 0.4883598962013832 0.022150633526027228 0.036525244288903115 -0.7845720600849736 0.10239067978848143 -0.023501541851818551 0.55595827791279606 -0.16006035347589681 0.44624077146472602 -0.53261978922777697 -0.13733286025222338 -0.26885631402311178 -0.47966313528804289 0.28076067326226051 0.12626553425657711 0.71349851821823007 0.13518901788619078 -0.47073519294231164 -0.15603562815782684 -0.48128341096531163 -0.14576515307855584 1.0829850587894712 -0.13241122026198562 0.080891063329671359 0.50141575729703769 -0.11815278285763894
 0.00085822633442325235 -0.16649612047773352 0.9049485228465084 0.25678271521442814 -0.30863608826830519 -0.0085861564378875641 1.1967130941292574 0.31095453822601038 -0.9776819497752377 0.72010919226138626 -1.0552066353206635 -0.20825728656146869 -1.2651120090881554 0.43087023686422193 -0.2069086774527131 0.83878805261916212 -0.76627996594835623 0.47223798062620087 -0.67487283339386206 1.1088695853575028 -0.10676420578140899 -0.25187864857205605 0.32676177913696713 0.12623520836152477 -1.1962299377011063 -0.84867830187259896 -0.11642568933792781 0.56817311518782865 -0.36163508565243374 0.62891030152119776 0.24808687907566643 -1.1311363649791135 0.0026165478974088771 -0.82860409971911064 -0.72783934194332001 -0.85872275759825223
 0.077587551929204732 -2.6977660082954049 1.1875651973541006 0.27120993855985959 1.1081403794162215 0.034458067327131303 0.48070038440177226 -0.4007727454157054 -0.82370094407876271 0.92368866986524334 -1.2927225085204039 1.0408708275021032 0.055033644763835307 -0.066407265703106941 1.1762124976422732 1.3280622966409643 0.092192376643488463 1.0449405284381657 -0.948317061634536 -1.258278117705613 -0.17977216254725059 0.4924346520832743 2.183127772792341 0.15272899108497828 0.20284646115547267 0.90840156694633301 -0.12115278513981108 -0.027931448617379916 0.35727561276516157 -0.68672202491318457 0.47154130298550206 -1.4006213979895232 -0.27563573504950928 -0.76071516239887538 0.54457762615316974 0.14740957677108985
 0.073556900478129614 -2.7166291830056832 1.636074587012184 0.50018531723305981 0.16885794683153682 -0.1381617132773609 0.87547461786494873 -0.91991905132604079 -0.72723017949580582 0.2768478445699048 -2.4140321385117973 0.1142114606497385 -0.074171816207635424 0.61535645877263345 1.462233860800507 1.5323528747773119 0.68906534186603197 0.39937390964071573 -2.231966298321598 -0.38103124669931432 0.059640410072058128 0.40492171411400257 1.7013179167849635 0.67370638181662834 -0.2084232466854479 0.54099262358570022 -1.2178366153576539 0.29559139404909757 0.76195664541170793 0.01357701962892976 0.079066224653192171 -2.4302570913926589 -0.29053229457680085 -0.78069200486754053 1.2084347303793816 0.98951368884878077
 -0.10016375465327101 -0.68258603752040448 0.97294044317307604 -0.62698525364330349 -0.53630320653842722 0.048708973959948311 1.4895334094360291 -0.27115800382321598 -0.91666186777725434 0.50997197985403375 -1.2910419697398143 -0.15773402097843953 -1.057123622682459 0.82178723911872131 -0.26144955379761176 0.062430104893439316 -1.0910161523271131 0.37136931137253715 -1.2871464122869645 0.30687238604626615 0.3007899675206826 0.40101701900668213 0.47386240163294174 0.28083403782540861 -0.67319584862132176 -1.84374481495919 0.11471269352759941 1.1228128412949554 0.27372209371133271 -0.36004805076403618 0.34526085317445154 -1.2593986776084347 0.24577776544374139 -0.091793878636610621 -0.61491842649234585 -0.72549211136915071
 -0.0028708160416509587 0.2356043480739333 -0.61738956514058585 0.24744966756055081 0.28579714685615798 0.075724526188332114 0.1728656198230393 -0.57447147627061423 -0.46734131686480773 0.76643791351912194 -0.28115721637812346 -0.024317798391338848 -0.51578671397795761 -0.34202055075989768 -0.26525333691522607 0.92845970056003124 0.83730438423833864 0.47116789553654037 0.022233466580164681 -0.60072599989728492 -0.50006192999116406 -0.095386871363257408 -0.093520628053510788 -0.303544133350167 -0.35294817396220091 0.90145283784353347 0.26795174438446151 -0.5167324275198002 -0.075894822652203209 0.02730918189957493 -0.51761417701377122 0.53812957796450378 -0.52723502775639741 -0.42728047349626386 0.072058918706690595 -0.07351625138725483
 0.16036703781677872 1.4488942642517437 0.25015986265812262 -0.87222206810999925 -0.32412155348103588 -0.2772210082012318 0.28913914114196687 -0.26023642134682212 0.48495086680960692 -0.15678146068045923 0.65737859799583287 0.22047733430494501 -0.49576417614280655 1.0330502739011573 -0.97745086117118751 -1.1238308706039923 -1.1385779118828483 -0.36719860754540135 0.56680998275723626 0.78685345379471905 0.57942022666120896 0.035324036173214231 -0.81613371283400593 -0.1793916071338644 0.6908006682808574 -1.4296143523171403 0.28407273021820739 0.71019561263277864 0.55930152776329223 -0.22970075213461835 0.021796224539337054 0.77393599568578098 0.30862293791358369 1.0079069479406648 -0.82763737701593998 -0.66014415644684854
 -0.015348597251365005 0.22835903575864233 0.10253666996899222 0.232486580205646 -0.33675154334425017 0.37002376646422197 0.44424528507986022 -0.20691469546097727 -0.20508405290801074 0.1152392217336479 -1.0326403201833276 -0.58965753629063833 -0.77017221467635566 -0.19080366509853258 0.4533587036592282 0.60348128310070015 0.55797587591748865 -0.19601479283609105 -0.87195843007670459 0.32182086519623831 0.21491123296207565 -0.2340344265967553 -0.17420846843936352 0.54097319516967102 -0.58857419166164993 0.14302221107522858 -0.79556899686156834 0.38153845857899849 0.003645227185016676 -0.064879632531289949 -0.25263162067372263 -0.54759641273821125 0.069202858863042449 -0.19165924010128116 0.75614601618025734 -0.24968661075327198
 0.2900673345285143 0.24041008427702934 0.0063233475309540333 0.71544173492986729 -0.12987372951187853 -0.34268038402550988 0.13573908022536341 -0.36637951499572746 0.12387564127957749 0.26972022603218476 -0.80879579149114622 -0.090897766548186737 -0.66688562073427482 0.07403197519203214 0.17245503177157578 1.5536615305178072 1.8392270221941391 0.5292670526566019 -0.60606142554136044 0.075548826129972532 -0.16179447470395997 -0.1770780878881677 0.13734771302614945 -0.019479640681761078 -0.25966793186136555 1.131954788644933 0.081244957525270972 -0.20213798417996623 0.48385938547277008 0.4532209413439095 -0.26882073154448632 -0.071619861921010303 -0.51554213236889945 -0.73173245608379878 0.66573472209689444 0.3874639074441098
 0.1063976681453072 -1.4509738921502568 1.3736492735351862 0.90614064818269391 0.50676628994230233 -0.17678706551295292 -0.018927324442223253 -0.69940849078122713 0.14677436238858682 -0.068593651221105764 -1.5773540932910526 0.41690990110320325 0.18509560398066516 0.3124473184826409 1.2842740883266544 1.6709567510575156 1.0159481381343662 0.19208822147432728 -1.6430371638121022 -0.52210050987436152 -0.19301890688014758 -0.03409130442461189 1.2326406208246319 0.42236902957526623 0.077003318489561809 1.318710229503548 -1.2820967806496355 -0.28134636543915292 0.65843021012135683 0.079399331332533685 -0.017159820532990686 -1.0822316407243349 -0.63948024704680084 -0.21509603012128647 1.6390541549087108 1.0757440288628446
