# Created by Octave 6.2.0, Mon Sep 12 19:58:26 2022 GMT <unknown@LAPTOP-P0PV0581>
# name: Theta2
# type: matrix
# rows: 15
# columns: 16
 -0.0058684353965825541 0.19745383552095908 1.3870699059083516 1.712098079386742 0.30578950191483728 2.8335397484108316 -0.31720335115961368 2.1862727577706926 2.361566085106471 0.48413135501666876 -0.90329437587112826 -0.13459405494684734 0.0010603112594446437 1.0721814491386059 -0.78309223135747519 -0.30928305760160585
 -0.23886797300970541 -0.92483248328191514 2.0732809409647217 2.6186581010747885 -2.958205429804083 0.11072217145131 -0.65704342643337676 -0.19424731187306582 2.1572015332253676 1.1479424119026738 -1.2258648334860243 -0.15524621215412376 1.5608111371835705 -0.29680844049303134 -0.24677351298704325 -0.60528211778686336
 -0.42689675291624102 0.080995750846266978 -0.56513866297759685 0.57200279915418528 -0.10531597467884114 0.82625708262627828 -0.083778364307191447 -0.5649294997492782 0.24283537472898994 0.76607617819464779 -1.3235020533822803 -0.14515145039273442 0.13572806604029586 -0.67527879946965352 -0.4238637068195138 -2.0332849489762079
 0.84062651412833844 -4.6137542638019218 0.26233896767349807 -0.58028521102934505 -3.8018812621382048 -3.0356862391465462 -0.52000551970774822 -1.492952048225844 2.3180697069795131 -1.0336193490360464 -0.72598510063620181 1.290681911315239 -2.9380487505700379 0.1549842264375291 1.5027617401921889 0.14446066605220986
 0.20437935473207131 -0.51125738728866654 -1.5188342588021801 -3.9203681410710884 -2.6660157873127708 -3.0485354717329218 -0.28824202142484046 -3.3578393709796757 -0.74075145135483678 -0.74015564545714974 1.1916947814026497 -0.12703399722111741 -5.4825026738225615 -1.8620379111536316 1.3987807893215678 0.25275766102995073
 -0.79661503715664084 -4.0650891841108683 0.78974350473227406 3.1354937024836333 -3.7466866978929847 0.065983880554343885 -1.1236714705745807 4.333879977735446 3.6136163990513559 -0.92322594517337864 -2.8040708190881243 -0.49646416601225324 2.4888650846577827 -1.0535522886647741 1.6237106225895974 -0.48217360924649227
 -0.34420585384609675 1.0622559273226531 1.6740772707782872 1.7715080396664467 -1.2222565675272716 3.6659428022882663 -1.3995890697547655 1.3875003690892513 2.8544124374332971 -0.3323587134715778 -1.8623461769986036 -0.78103846791489362 1.1375761135326041 1.4184717205127193 -1.0226513922863536 -1.5504615029179158
 0.35562411810461786 -2.0087229273778622 -2.1879000718056112 -3.4713580175914056 -1.5134869488076468 -5.3600756009935653 0.36320520648464599 -3.515519492698314 -2.0773805570896822 -1.8536420373327847 -0.051076074913364466 1.2911683065159567 -0.41020352519567821 -2.3723209448601987 2.6605087737994548 -1.2949056788874962
 -0.28831835883400481 1.0293236383861724 2.345980673329993 0.76085262317401747 -0.37717250269161218 3.9977994893760549 -0.28573844713399732 0.48883945894588815 1.8337862308265562 0.76172707724649114 0.067668984975499974 -0.56508647102253573 -1.1742041894881738 1.0572092564716546 -1.6635846007241022 -0.0057848383738578245
 0.38690127645889988 -0.19017511380826763 2.0068969182215675 0.88222537075213481 1.6429457551434807 3.9652851062310948 0.56977837225387962 1.8002546642235779 2.323660757680277 1.4052809570250246 1.2052563910159422 -0.140030625005301 -1.0517719578110625 0.54044346676714705 -2.0567856289253132 1.7118313251221557
 -0.1273937777980593 0.94144073725211841 -0.65809728563285264 -5.706398488984127 -1.2730163205998837 -0.36441672462718938 0.13064403555272683 -4.7943779312784578 -0.47561602146403215 0.42241025324614351 1.405750288794902 -0.66690271178718397 -8.6163481811531426 -1.2716662870603199 -0.56120993272429265 -1.2565619242857464
 0.053951045546879954 1.0990510783896466 -0.76782366556824311 -2.5630248725648395 1.0479145223311053 -0.26115090943044944 0.58832293107369804 -2.3966336062850839 -1.8277629753920293 0.74059723143334888 0.92681658481449924 -0.49195958407473556 -2.6753024842272035 -0.49538826672880415 -0.70902727886366246 -0.97090262157411078
 0.089921718322476127 1.26011789340132 -1.5184169952589424 -2.2496783066322887 -0.45901634994498869 -2.5322248038640578 -0.059009067145954504 -3.4115441584802739 -2.6886953597792895 -0.960376314322411 0.12169932851555622 0.26998846000357768 -0.13269845215337675 -0.24256350204229044 1.137330102564728 -1.4011764105115341
 -0.2610461843843197 0.52525908469262395 -1.8775828787988704 1.1776549952692112 0.94194193191454334 -3.5352786261460789 0.55433809779242793 -0.19020671032886319 -3.8067965395747594 -0.17174171643747421 1.2572969452165359 0.40242379080059509 4.57739925841065 -0.028860139578688031 0.78816181234901461 2.8047718834300865
 0.2785649203120123 -2.0021174659751377 3.0494316586456218 -1.6079906177338295 -1.9995291251150111 0.24515384499445581 -0.35701310011046022 2.0685549375373218 3.9394053214148608 0.027128249963507871 -0.22598132846656566 0.17445808220634917 -2.4675652450704755 -0.025925055379332908 0.39328239610240634 1.2379237028244068


