# Created by Octave 6.2.0, Mon Sep 12 20:32:44 2022 GMT <unknown@LAPTOP-P0PV0581>
# name: Theta3
# type: matrix
# rows: 55
# columns: 56
 0.011526080006911734 0.072601035597252395 0.006293509471905644 -0.33625410552517737 0.77341738988233422 0.96608202305132673 -0.11844310700092507 -0.11884286417445868 -0.20080115779388111 -0.8066516753086288 0.064601660930389104 0.34978842572537805 -0.52928691768005975 0.22091160466605886 0.52222055559637082 0.15966144825786127 0.2248535079347474 -0.68666829413421504 0.60355556944551358 -1.0042255296364919 -0.26359337833095214 0.087670100869341627 0.43223023145454964 -0.13377422554960541 0.0024922779721931218 0.27261960064537127 0.21880027080799413 -0.15325024933774786 0.75042252385652253 -0.75104181344410836 -0.69223513390207947 -0.39838423039304277 0.52450120328909156 0.18419376939673321 0.86318369331372524 0.24475418217403555 -0.19287647375677189 -0.25487091342766133 -0.82792310246915346 -0.11168569203476301 0.14707281903644207 0.1828382294032328 0.72206958702433 -0.3129975463132269 0.0089605786423586596 0.52669979381872634 -0.62906206780124374 0.16864729760630823 -0.85348514129211706 -0.50228661423954069 -0.42609521856015498 0.12986238651337606 0.50167980541037571 1.2600362507263407 0.16994103106069805 -0.42524432335743767
 0.069318797948046962 -0.58013863800115417 0.86156905433556186 -1.1669214839061535 -0.009852711538815475 -0.27880427109829398 1.4687433992445276 -0.33221963961343043 -1.215428596744814 -0.87972116925422728 -0.46069055119567043 0.069142560885817494 -0.74399530515924428 -0.21078170076394195 -0.57283248108114337 0.48153417824640726 0.26875908790664033 0.50666048441346356 0.50740028938448511 0.18090118505264535 -0.16212792271901669 -0.70403879632507937 -0.10337007957068729 -0.20867072753099089 -0.57433528392603539 0.59985418310263272 -0.26740252687058363 -0.59963489969309036 -0.77710495015983949 0.74483094317051546 -0.80026793769851368 0.032865085043440344 0.021003459593718108 -0.021261185725269621 0.28090578490368123 0.0565249311106591 -0.63555663440929 0.37055053843739766 0.27194109434261787 0.15266456371405995 -0.32155900333601561 0.69886143716498739 0.30849660396976231 0.24456505521051614 -0.78466709054046668 0.16567843539787375 -0.19718746312590765 -0.15470636869586873 -1.1522575151571084 -0.17104820338814561 -0.67625445682886809 -0.57217915770652272 -0.29508044649844928 0.50773922406548533 0.5872206019902827 -0.8557023402448739
 0.06556855562349953 -0.082401318213800048 -0.017327346295317122 -1.4337966697799136 1.1505560449883008 -0.25552875911889178 0.80992579433054801 0.71721925572559786 -0.12407638507605771 -0.41183263389208319 -0.088132765362427826 0.080893757269395281 -1.0454459450330309 -0.69751184011544853 -0.10978422993132061 -0.45539430085829197 0.10618893363479373 0.2824178776236338 -0.3375293491358069 0.33598668517116137 -1.2217461679746626 -0.039887248743091318 -0.17942777512692648 -0.025309723298652123 -0.61423908330671417 0.16538534667544363 0.607640189211202 -0.66372721096984644 -0.52283759063295943 0.56466677558273792 -0.012699627325366839 -0.0083908366997996926 0.23992452583098742 0.93479654386869715 -0.04655313806386769 -0.64296859319669275 -0.66608879528884235 0.11607673724149653 -0.47767307417125859 0.017897379146084566 0.079975080592350853 0.54990281790195661 -0.42909773888984937 0.25504504470350658 -0.48750440851695093 0.071855449681315561 -0.37630571152227277 -0.92304235258378475 -0.79203935442454876 -0.18169239187323147 -0.00027143387145252122 -0.10213906689296566 -0.055546830014319856 0.90645288941754831 0.75501449945089438 -0.13114470047183102
 0.10565699198372161 0.13633249521942298 -0.61904869176205057 1.0873317347469824 0.39022436525525234 0.63516343368576511 -1.5773235605754394 -0.030571166871884495 0.59005902642416308 0.99699890095050714 0.35568359676772388 0.54363702064416086 0.59366190965990939 0.3659935096285214 0.73450736768471558 -0.046218837723900265 0.0025571696964921528 -1.0235000681683823 -0.39703550228648421 -1.2075538104011729 0.26223652435810202 0.41212128086623778 0.35783755095601572 0.14524090907834367 0.69234313550373983 -0.22433930326554627 0.17625828529917623 0.19008402629684479 0.9456135034443236 -0.69475887100490186 -0.11494818381842868 0.28184451034683522 0.63824518624142423 -0.7570041818584502 0.10976225785993433 0.41868278627703154 0.59311981340858588 -0.013335309813052608 -0.30317140275743315 -0.047202171438580409 0.82514153215830444 -0.27976082827129722 0.5649108625427095 -0.02259150974258203 0.8511077597040908 0.67155783771515232 -0.95216763460713816 0.22345137671846288 0.54115772046993305 -0.65705281537201587 0.4963660684055714 0.20776608533494323 0.54558837831093088 0.088844170880587658 -0.46502527342736927 0.12863955558579485
 -0.12360574084490021 0.65894030641433754 0.16587904038861284 0.073087293548679419 -1.1553262255111656 0.98141395865079539 0.025720469657318251 -0.44136989917931513 -0.34235769867256255 -0.41756103590760141 0.12316063186770548 -1.5035424918916811 0.075414117634089922 0.73979604271362964 0.30456474650751747 0.44887092438840226 0.21397342181036014 0.19394556849083996 0.84010360799007644 0.22235335873237994 0.33250492015449279 0.24128332479081149 0.10176652385004605 0.37141448558803303 0.14859378328159259 -0.12604719574978429 -0.32501085167269911 0.54362310103099698 0.67703365284757722 -0.40662774327616047 0.40174298514930157 -0.18112059409519396 -0.68032287088268895 0.67675260963920747 0.92186741673173078 0.45976565401573327 0.87809264030530099 -1.4270959638464116 -0.60999444338115139 -0.35489025690557463 -1.0482971491201907 -1.0554243328019601 0.02397346973175421 -0.41670893768934492 -0.1372781419581322 -0.16969344704299016 1.2131522009014546 0.40179646127021312 0.038936098878129599 0.26308458533966661 -1.2491016287851358 0.26692514258754518 0.21132879295212431 -0.35355220141449978 -0.44158064732907748 0.63695708393641115
 -0.086172886202069143 -0.75616388892778308 -0.19640419986621374 -0.14102678312559322 0.15604362124024804 -0.93035681399387704 -0.51426556948122537 0.27044466976969483 -0.062389311491052452 0.026122827820638392 0.10174747883581074 1.153737744819147 0.40290687669436404 -0.33340987410808776 -0.14220777552753239 -0.56682748278426121 0.54648521155179408 -0.19098100464541837 -0.45807649499326636 0.35861542782766037 -0.30210531118066708 -0.9704542443417149 -0.12512818916442572 -0.52724565194499307 -0.71231697484564238 -0.42120040432650679 -0.73826349081498044 0.10095392416962864 -0.43795194031742135 0.36700655547095673 0.35092207385561736 -0.13127036460231917 -0.28159484602335227 -0.5003528171440591 0.10704442707709473 -0.73456605318552581 -0.79674592262795418 0.18828430831815574 0.47012911357225118 -0.0081611408289965041 1.4304857529610722 0.57696222552092935 0.58264423302074952 -0.1354501116507886 -0.50651181830301739 -0.31578657930645265 -0.27557368643844621 0.005758181022113733 -0.1551893817944226 -0.51146876980457445 0.49417621132895717 -0.61578431732561278 -0.27821219471112374 0.038474586467180508 -0.049256890503998646 -0.51846475765483246
