# Created by Octave 6.2.0, Mon Sep 12 20:49:58 2022 GMT <unknown@LAPTOP-P0PV0581>
# name: Theta3
# type: matrix
# rows: 45
# columns: 46
 0.13836668948178618 0.33626269543795057 0.3385287715480651 -0.15036808282900821 -0.24523866138109168 0.90987091172053902 0.13411624824639998 -0.13335195710764994 -0.63046233213323766 1.0327617635101427 0.14219716701838572 -1.0269037515406076 -0.63486924591801119 0.32275977256555233 0.07783566141064964 0.48372611357349837 -0.0027324364766148253 0.87558257717494359 -0.3763404919090676 -0.50979581669648955 -0.57485363544706736 -0.92771282957429224 0.98316429374650094 -0.097177480704808181 0.2711890440249885 0.027212211524893993 0.1333875691233459 -0.4997719415875933 0.48991950402809753 -0.23124518167822783 -1.4631069516422923 0.32483340327010557 -0.071587274158678244 0.53978319126186458 -0.63233676430135743 0.29633423593292135 -0.19360026995863525 0.37293397161081315 -1.1567935253071049 0.32288839247563861 0.2851353753911926 0.85279380054200127 -0.08557663909366986 0.048300648457582022 -0.40108651758044894 0.23552742160555132
 -0.16324161629388353 0.14335499991094564 -0.31732198330319855 0.5364079179065312 -0.24309618388539064 -0.55153018968371326 -0.19240043621272956 -0.53378268827111386 0.46145258282098245 -0.20096634671235958 0.15218277322062318 -0.17206253521969578 -0.037734449352965251 0.081156349457264396 0.095805286241377186 -0.13965156624496564 -0.18822018558312856 -0.58158414620348264 -0.33640081083073498 -0.34403289268794357 0.71703346438707083 0.11295369452910929 -0.15153749804621386 -0.29580010727544309 0.25127686110214359 0.23579149696026941 0.22775558957186959 0.20297213168565495 0.050694385327109327 -0.081657434818619493 0.55962062249858346 0.002601894008999637 -0.21677538688312228 0.33194428640617729 -0.14105828501113393 0.16309904280512585 0.24839570674797173 -0.27024691964391179 0.48855605901197074 0.12187313041210711 -0.13043288392936458 -0.15185364638585891 0.06984003481136962 0.11955909921447488 -0.096957155238439688 0.050096664994847606
 -0.0075391225899785882 -0.5692850167882274 -0.2186307280584765 -0.28812611256276355 0.76425416595722306 0.2292891665509143 -0.010006223351678582 0.34715194751061501 0.035994715842665503 0.047889800160335262 -0.3125441912515512 -0.20106207417844044 0.23895267756014568 -0.46378622096691585 0.030625470266654624 0.38329942152076285 0.16191002573682065 0.075575570768729144 0.35555434955214571 0.65916030715196638 -0.74498217453428062 -0.09317095460712492 0.19175512069959766 0.026549871884290449 -0.67295264321505355 -0.45567019184632934 -0.079794602112103638 -0.12070309741323118 0.02844617324827103 0.25799819633213789 -0.15429126959226216 -0.24443404527955162 0.18787936762698448 -0.39772892799296278 0.074424481673878301 -0.51881165665168349 0.21885100860764797 0.17846983205357719 -0.33396230722713582 -0.34258698838637058 0.25891482279237799 -0.43852287230000048 -0.17356564195588267 -0.097117922984604185 -0.11234884458898445 -0.23264586576557858
 0.0022803590887115082 -0.20029467274150878 -0.088361394441554567 -0.11916818461814849 0.35444654809828752 0.12614409828323167 -0.054367491007613886 0.029592629623885768 0.29765540789455208 -0.36767192770110851 -0.23190849074892589 0.21735325694448163 0.10525935069066002 0.27500248513771314 0.2278291521304846 0.15747739841004116 0.10170280662288859 0.0315064428994647 0.23682810764603851 0.25848017024102349 -0.2247459129437385 0.13893750060661017 0.050868336728697179 -0.2046802281311117 -0.19412919582390803 -0.0084248035995028708 0.1786609673678983 0.19785848741329259 -0.01926877418117183 -0.21796693247259089 0.42368509375593455 -0.035184695325850585 0.16293885863756277 -0.28555180669724034 -0.014526891354363339 -0.51460411587116439 0.17492688281068453 0.15243528403809026 -0.33797428365742221 -0.4290506939326611 -0.06623291644647869 -0.24718581347829574 -0.35157096681983319 -0.17426561523110629 0.37096292707239725 0.16294592051199538
 0.019896045620177924 0.14133949354579078 0.071414011146419251 0.34934679025040866 -0.47394001084782955 -0.48297248622868016 0.033762130010405088 -0.46320184458726471 -0.23710952849032524 0.20436329773104034 0.21184781868920247 -0.31928566864491192 -0.0075229761566514468 -0.023923993328262665 -0.22801052825663928 -0.16199828830230356 -0.037993507439408818 -0.27680984785599311 -0.72604132106469632 -0.44171345324298855 0.99287346446206914 0.038168233704782534 -0.045461968104952948 -0.20640989731190812 0.3895631410289086 0.61118590383887839 0.18802215207458869 0.038009671649595352 -0.0093943086828624945 -0.1738473363203388 0.0012256701048111143 0.32777149901110969 -0.31601325601201968 0.013999817695512793 -0.25596382899715764 0.32546679252606786 -0.31652288184510458 -0.14924074820094238 0.57646592074486602 0.66007569433677715 0.17344444814022092 0.1276431524036461 0.29237813380041539 0.31006704784018035 -0.10877906219460572 0.22614079144353572
 -0.11173797359252725 -0.15929514989889243 0.062828012077431147 -0.25572203863767634 -0.21478480318291718 0.079670225039510004 0.41042563557244582 -0.049689130541636456 -0.54672707708651558 0.17785201012133683 -0.081303765786337565 0.2267201705627517 -0.21194199447120177 -0.16281617197837245 -0.20914338149202497 0.19912602063090337 0.15949714467315507 0.093823550330436239 -0.053415877141144451 0.018309084398399858 -0.57108579820772709 -0.09851360916107145 -0.21219915669909722 0.19634974480250192 -0.011123051699893095 0.029221779412334295 -0.094649228666083149 -0.091675740918095536 -0.16364454751606808 0.29833677370699502 -0.8223449178046075 -0.1736722288340318 0.058043929611479694 -0.10777152637122048 -0.097197153799368913 0.089645613033546914 -0.13652947511809835 0.12116986756389835 -0.14048159988065065 -0.00861012120942122 0.28316965850969167 0.17700723451914416 0.096515751490179519 -0.2272285631616322 -0.26003967067669759 -0.098392928532591573
 -0.045842037362605392 0.035577402693064843 -0.14516113954564261 0.21761252086514349 0.16367046879806219 0.12159826468293781 -0.43225261155852041 -0.33565473199070622 0.40583490754905066 -0.35220417394893694 -0.096350526790910065 -0.13194333475286252 -0.08269212434936124 0.29735568101618326 0.45533911896605028 0.41579763407065085 0.22608424953646755 0.16431047698406195 0.32993908115195414 0.31434181377893744 0.097563463476641257 -0.36780189914951306 0.4560396968406098 -0.33449406125227255 -0.46258509845942042 -0.24668840972593406 0.23486901027192977 0.19282851498985698 0.15721350468537867 0.21134599339832774 0.18571491331979598 -0.16837402722625097 0.10246198457577027 0.28700098344795588 0.25816548839789794 -0.43118253962702219 0.28305811273889442 0.20113512792988997 -0.64012129882959734 -0.43007552186008502 0.140328195087458 -0.35687053795342399 -0.4697390458100455 -0.33082885433668247 0.32734270404617882 0.33988471795531883
 0.054602189130018769 -0.0070048559618943124 -0.017002726525932932 0.33519823565526463 -0.41913348987180982 0.19082755862714004 -0.12268619866218089 -0.3550378161750592 0.068524646795058222 -0.56192350933042767 -0.077670732264400535 0.52239044943464386 -0.2673935400369235 0.21333518860319092 0.14563716637183452 0.71030130443116712 0.30016787117188171 0.0076427639606388067 0.35090375438958782 0.58526690870314479 -0.33090298927194861 -0.05415143230035456 -0.19891882980468889 -0.20271278029304812 -0.46382592753705787 0.051925650359743072 0.10190511139293257 0.27027563595038817 0.105610137287992 0.73407875023990732 0.16319832526879147 -0.22794126368232598 0.066370307114151983 -0.11114906084581683 0.07725336722671805 -0.018444698303157418 0.079846067246266292 0.38346081595483339 -0.39650060632802497 -0.56720461546393341 0.3274875428370051 -0.6453410797312511 -0.10768675058794386 -0.13359722832163579 0.15202136392658444 0.083705863869913716
