# Created by Octave 6.2.0, Mon Sep 12 19:42:48 2022 GMT <unknown@LAPTOP-P0PV0581>
# name: Theta4
# type: matrix
# rows: 15
# columns: 16
 0.040798271905632885 0.42066376268270333 -0.51001360751359537 1.4252534928079392 1.5499680146279096 -0.33798534191093488 -1.0299077791144458 0.28362432476276739 -1.4300384926486491 0.086855265774530621 0.042099690298927385 0.418738885567843 -0.45205067952664651 0.17314578233620775 0.41237292857065083 -0.48251134944070706
 0.03195432709845944 -0.066206745109382042 0.63012501656179964 -1.4469503238895998 -1.7736568001004716 -0.59990306071748367 0.85737484672993203 -1.2254925147766407 2.5891323861375648 -0.91283537584262486 -0.13218680916818848 0.10412660600140961 -0.2947749844412757 -0.55396800309534799 0.54428971587630137 1.7642623535588857
 0.044170776612108477 -0.25276241360944812 -0.44869446743747188 -1.0785586683629849 0.20129789227883155 -0.70321779033912357 0.79590159498828306 -0.62646187662277231 0.072368440887976157 0.35922256137174796 -0.16901146069883333 -0.026140482993444243 0.24801793176574236 0.13653555609906451 -0.30254800423615641 0.24771038920873112
 0.13416201753314244 -1.3410078279025732 0.56682472577057563 -1.9727374939465987 -2.1854029575825629 0.61282038638574443 1.5504911672668964 -0.48565202840997285 2.9402298772719662 -0.45732855007223255 -0.31733369367888498 -0.15594619582686767 -0.18725144814955219 -1.3738699198570765 -0.58296306625457073 0.73512842980119664
 -0.58876146796601103 0.42693715291224654 -0.65370846389992776 0.59289384787019062 0.87342751471629021 -0.54881467823539454 -0.85039092370237646 -1.3766607403816669 -1.6619970158205666 0.32930942799355312 -0.084411905679663071 -0.23723997989471168 0.35991319207017164 0.25599317139330119 -0.047811310942091366 0.46367412193784885
 -0.088420441424344812 -0.21063536664542656 0.072595764722253806 0.055483508528845482 0.070857279105931481 0.017650397675170237 -0.15876137471095025 0.41501048891851117 -2.1448396256913309 0.91712276586888741 1.5707436665001693 -0.89852010717741526 1.1878964836340633 0.55975564873343331 -0.90056204229289871 -0.52803245610164939
 -0.24219501689595785 0.90411071604153859 -0.98527883861672394 0.009240567024104555 1.0203219223498867 -0.62377335332502426 -0.38871351050520714 -1.9910088407269433 0.69392855254521968 -0.07667267564580367 -1.5606103359421475 0.37438214178973644 -0.50146659479553446 0.26479885862931785 0.94810542640432593 1.069909735779383
 0.51862753718873777 1.3064976141824856 -0.73776382641271621 -0.6564993098709927 2.1380367226765125 -2.1839775871358218 0.56226281786107846 -1.8237444132883329 -1.1873077159516454 1.2510475810484589 -0.13052450657290796 0.34492974880323313 0.70488457644521907 1.4531228018584117 0.27446109414761838 0.92984857287627232
 -0.51172353325784981 0.26555349185395066 -0.46469301282618025 0.76689874344662667 0.49730816180794901 0.38694301600373415 -0.71886109991030467 -0.17440222443805092 -1.5339426963070113 0.54264835467373984 0.40904834454682676 -0.54632311659600463 0.71662693558339785 0.57493819044906991 -0.047530938206679571 0.12297312103596926
 0.056485925937024069 -0.041871733564150374 0.70302306915370272 0.35189715476893152 0.35947534901721484 -0.41722406855857164 -0.11140866058323355 1.3160329453928248 -0.87468847984136489 -0.18607753681556477 0.11063245994593793 0.24416443800481857 -0.6873720603883835 0.14527131348488803 -0.65982917620559667 -1.4480360890131607
 0.14008681087225841 -1.5539785498893994 0.21174932090808188 -0.0518911599509932 -1.8611684334135072 1.8068336861271042 0.69723753125625765 0.57248695358654755 1.7253463157617785 -0.68937612801314618 -0.15507280771332749 -0.50523482452144375 -0.29869450506759748 -1.1101716654796787 0.41138312783395753 0.16526566713060836
 0.36938680541155794 1.3116593208269209 0.29764530448889531 0.28015125152458326 1.5473780935215908 -1.2744984031505473 -0.75702917885921439 0.63245151023402446 -1.4028392002577841 0.53518233993318542 -0.14215351619848252 0.30010247401112816 -0.076915881440783346 0.50551276381090404 -0.70515632436762166 -0.87340279982021429
 0.30167281833072035 -0.52049032179633714 -1.0183791788363643 1.4874525260999636 1.3216028223154415 1.9147209843515074 -0.32653488042823114 1.7219688348899103 -1.6253032615972474 0.86418039032855309 0.42409485942243497 -0.046445086189482343 0.98203638429395668 0.39978853770862322 0.23452693204469938 -1.3021245433627804
 -0.028094522920712385 0.42792523170101049 1.1383836630694164 -0.67968600491859765 -0.0530009074461225 -1.2409225562197781 0.30510905551502143 0.21411185571393868 0.2214522977278103 -0.23017781936277401 0.22199313722346925 0.14231081139772819 -0.38913402156476762 0.0937438277561643 -0.60190135809853273 -0.3314576268842222
 -0.12269259101563119 -0.42168050656706185 -0.44163409981771345 0.53015844219196617 -1.139953032080353 1.5273794749322576 -0.32700184077963768 1.2367546956242743 -0.094410991155136986 -0.42028716416985162 0.2612478288265726 -0.49544186150855879 0.34001408279368844 0.45483521132786409 0.40860866795294282 -1.1568053347622265


