# Created by Octave 6.2.0, Mon Sep 12 19:12:28 2022 GMT <unknown@LAPTOP-P0PV0581>
# name: Theta3
# type: matrix
# rows: 35
# columns: 36
 -0.16381386443313223 0.9141331067307904 1.1384132724190372 0.4465856558554841 -0.63637236247722129 2.4967251619940991 -0.77978843303239331 -0.46482435642097064 -0.55865756649030296 0.39962105236737244 2.251855192487803 1.261940168800572 0.15442692163641236 -0.41528305166645268 -0.61227554669051543 -0.26076055286374156 -0.27616264121529105 1.2581313518284449 0.17968341031586224 0.028874647295565058 1.0046529864690352 1.2982101324952011 -0.011257881698078712 0.96354524433251232 -0.61225352086969909 0.57870148892071493 1.4433277348035618 -0.60283290378382481 1.2737306742981924 0.67100754559904574 -0.49019112982802282 -0.095931919138773192 0.78603684080522174 -2.1535792017698441 1.4068926545463336 -1.3192501333292035
 -0.045739919722016291 0.51927313820180332 1.1574189492303641 0.26276459382485529 0.19920051089044741 0.69591210236820789 -0.012980270051227309 0.45066778562190907 -0.61388826024470255 -0.075960334568549337 1.7545627287434997 0.091183529900245933 0.27578965778350562 0.045612183822983356 -1.4067228158541414 0.27237313301380489 -0.78898889604868938 -0.1710389118219281 0.75428040079982295 0.10406927221077127 0.6169903849240389 0.60791542709688084 -0.17354784665261264 0.81009055278685527 -0.17408796635386223 0.39485042458836112 1.1055879182284341 -0.13177733341515072 0.4161523600244918 0.97203367147475583 -0.11603421152173189 0.59964416626738082 -0.23177444326620139 -0.32016682187589596 -0.49621055412527859 -0.12812181703497094
 -0.10262564079988401 0.18130476218977748 -0.3821367294405395 -0.64155847489121343 -0.32500992803548112 -0.17121427567083464 0.047911551036150919 0.22275738221663466 0.27150272434908107 0.58909099031122203 0.074587121056212208 -0.15108014392237346 -0.043575314500730204 -0.24990716507810087 -0.086337723297472732 0.21129790339649443 0.17669394059678351 -0.27840765262804756 -0.019515455133135812 0.18787685136258506 -0.061645211457224833 0.50395547125722107 0.077471331823086825 -0.28136251761985093 0.24714302165094165 -0.66572575497280762 -0.78397167211131857 -0.43187710876379243 0.085686936169970113 0.11106910401838781 0.54681793652068622 0.37659968516891368 -0.59268878109307566 0.35725797758683514 -0.63488897699047042 -0.57939409431113276
 -0.26167441774289363 0.65540213248137502 1.5287062845628201 0.77970495294987274 0.032867757930099238 1.3012425368411031 -0.42943806224741976 0.57512327633953597 -0.96998391225201075 -0.24153242650496598 1.7511849460042159 0.54118894824256825 0.60184899553901539 0.08721620907319716 -1.2235635023199374 0.033852825102862777 -0.78333845789320489 0.049537307686933735 0.35983043438466356 -0.16696811723458554 1.0666946406339608 0.87971923528192308 -0.17827391584300184 1.0368189347307686 -0.26608986535458085 0.41632469006478373 1.4179469264806495 -0.74715546402649546 0.95883718832253118 0.93704657145094017 -0.47705222243180118 0.15352587056761541 -0.13591727076593813 -0.98241088662731579 0.20501896098406125 -0.8708854876288018
 0.098163643881435544 -0.21215752786675479 0.63420824993138702 0.52100684432486777 0.28115118845069076 0.068120635029456783 -0.020003417674506002 0.44449802403164002 0.085510612479910195 -1.793524078135718 -0.72457696042890218 -0.092889937219213556 0.14751806733597056 0.57782285647567855 -0.22823484939661165 0.054398651585627338 -0.082135123152783249 0.95655959047530503 -0.024055423874729958 -0.3200948779992252 0.25216714589716843 -1.0900358799392531 -0.01060052613955321 0.46844796048833987 -0.58428585408761047 0.44547791329402064 0.60558650447820594 0.5279156202367129 -0.2392588031426382 0.28002304919310506 -0.9031533152340101 -0.14337610388624647 0.26944127182992977 -0.41673484994516963 0.50182801541235966 0.78325216511248952
 0.075476749545014626 0.49533379815025147 -0.79268716821232788 -1.0894802422081908 -0.46524875448147646 0.67708829041564256 0.028782147845256092 -0.4936694990203756 0.04323889991882595 2.1048574915068539 0.47068748551972384 -0.40740342800776402 0.31194562810379911 -1.2347459469279334 0.49157214101660274 0.17809003479779456 0.81739570737802159 -0.29321701908317033 -0.97229298216032478 0.19558609021701692 1.0983716075359018 1.9981785913742141 0.06181144680201682 -0.12567212748604017 1.2715646890475163 -0.88483941274035538 -2.0328458519918517 -1.3329125933748058 0.83626771092884855 0.52233429519552388 1.1385961909333624 0.70548430668369821 -1.2866314648738832 -0.37828750076207762 -0.72475117011747603 -2.2382182193094815
 -0.069045206809825913 0.11260793883810281 -0.99197716439431893 -0.5219565412345506 -0.3290340548592699 0.059368252709792776 0.14609675518076426 -0.68180325145560294 0.16088589909907997 1.6220315288495457 -0.42463127893635672 -0.50753202317774126 0.42252152890850719 -1.1966231518185904 0.74488545790614746 -0.28660103059785563 0.38458286661776309 -0.53339351251995415 -0.98364277105899167 0.22824179156686292 0.66569821245409178 1.1177590304402645 0.11387281571344381 -0.30592204977731757 0.94733127829570185 -0.748234602314365 -1.3752297611327522 -0.75528493995061374 0.58237532170658868 0.028250906200391574 0.66469340018253098 0.098744376578149093 -0.41529208886811625 0.073222865421419647 -0.22146172086589486 -1.4522423410295915
 -0.088894944869433501 0.38709575157598858 0.1821442787310496 0.46856350089610299 0.11117351501986614 -0.69352014933921902 0.20828715351428576 0.10984090469318895 -0.5089467511319834 -0.22199152058049626 -0.48143369568551708 -0.71253214750672156 0.61025211825801928 -0.32807802760644994 -0.39292297831191658 0.11677950289225966 -0.54395653789900622 -1.0149161660079833 0.16652328699637481 0.21772498602774282 0.34271856571604248 0.18888678034974368 0.18172876120943371 -0.17636581526043321 0.16455669885598301 -0.46429791971231366 0.17606125004442402 0.24285037918849789 -0.080592774099638789 0.23899054571648767 0.16430198078626518 0.076327127154769914 -0.32744670087802141 0.9534423925595833 -0.64934471561844165 -0.26994930707055087
 -0.38217801276381408 -0.075390361479776305 -0.0068329021684530589 0.097715839643955027 -1.3731419794117663 -1.3818717022613256 -0.2102197776519765 1.1586743268556758 -1.4594808262869947 0.78642524243528367 -2.3885159363717263 -0.43580275624744408 0.09692221787530074 1.0486043278345658 0.79244121750754437 -0.79010401296061628 0.59998969779370326 -1.1521257104380425 -1.5611451812644359 -1.0000463857903823 0.14605467874663952 0.75516794409590904 1.3123564261649567 0.0030076855320787378 1.5491981363972953 -0.49103616652061177 -1.4606138066041778 -1.8208814750424023 0.75802789561986805 -0.62185752668287286 -0.010038491023897096 -0.064810310409020175 -0.3523284941947295 0.40249270617086103 -0.3399802886760771 -1.0401440041507117
 -0.25447227630306712 0.22228872520485884 0.4393215959144639 0.52838148430602572 0.049794416142114641 0.34878321603588186 -0.15189106869468055 -0.57323901573514047 -1.0570903347669254 0.62372126202584999 0.80258375782645108 0.0063737720427220384 -0.12408166777356304 -0.17349209083075443 -0.48678374047610184 -0.17909909688026382 -0.42721384144539648 -0.43671567376732423 0.56407603184610156 0.093228661765893672 0.55037524296523044 0.68149262004432898 0.36903192559135023 0.7049936325327778 0.18918685171341604 0.38365533408983038 0.9331347462293007 -0.31461630409912095 0.19317275629169237 -0.010978056543485432 -0.014230458751322917 -0.10108760749219228 0.85816311709520443 -0.18708024772742132 0.063316231777613197 -0.37234074867316375
