# Created by Octave 6.2.0, Mon Sep 12 20:01:41 2022 GMT <unknown@LAPTOP-P0PV0581>
# name: Theta3
# type: matrix
# rows: 55
# columns: 56
 0.063246032840313215 0.19517666491194291 -0.14465226230907005 -0.26913227519051991 0.2558132549796362 -0.40936842827336895 -0.18484640947014191 0.16019531023199174 0.28492168169437471 0.79509518378723465 0.87038758331497867 0.36178593754199762 -0.0013175443583699415 0.60148445175767729 -0.069354935865526171 0.4470092022587574 0.2025333724117559 -0.030898813103887972 -0.7237219953698476 0.0016450645328091717 0.32813317210222087 -0.27613448637590815 -0.16012955115426422 -0.46586440020928005 -0.33886111134493563 0.2447240798573164 0.053118753063586523 -0.23064504335638261 -0.0040567810710203048 0.28965093695753341 0.17953658312170592 0.11030740764935451 -0.324556116378792 -0.47394420109021468 -0.26091221020782546 -0.19673038263725026 0.45225327983567215 0.057445448257549103 0.30812764196719478 0.03226566654030659 -0.018520990542187591 -0.065084042873235173 -0.59111087661250272 -0.4411028721889545 -0.47831462810478065 -0.13306090918989746 0.44412017893072958 0.23713681556700353 -0.27068150190609486 0.074322984780369403 -0.030601138420160563 -0.45689540186332028 -0.10973633016650483 -0.16604530643504523 -0.13424795453714017 -0.10449948106690533
 0.13202489865719705 -0.40029425741968089 0.16376180548582142 0.36304874785057495 0.49602195844898123 0.35779213815602562 -0.2616979484372568 -0.32150580453711031 -0.49729921069338329 -0.3294975873705025 -0.76451021020524834 -0.21148827138131945 0.12931955030129844 -0.8097131889202458 0.67410263230695378 -0.041228202310745803 0.34670585386213049 0.5623774242985794 1.1690404329072508 -0.56323253699543763 0.25481649231779624 0.21491329080338731 -0.67559391539162794 -0.70559014523761354 -0.024273512227239197 -0.050946058722463494 -0.1198345932019101 0.10602800847665003 -0.057071026419447529 -0.11076196473818932 -1.2540979936581793 0.47995880680127173 -0.025769859397773882 -0.39531218271456398 0.36373093607806223 0.82602744015514307 -0.28241182740692472 0.49859896431669826 -0.38637022542491301 0.1657656990640401 0.088566537222546635 -0.3527611897238383 1.0228179177514487 0.092728037627577101 0.033938726555439988 -0.613939804385914 -0.73760885931268194 -0.0036999005404080073 0.53772698796333329 -0.13063677199186291 0.60630208238731043 0.45734072276545651 -0.67269848285235057 0.11458827601586027 0.7962683515012956 0.80156360071293553
 0.11368987343440214 0.0036578457284281293 -0.062325329345595017 0.075883105207200333 0.015724673943774088 0.2162369722387523 -0.64288664893786496 -0.46270390595459343 0.14262726946120446 -0.69806539367739084 -0.16694174386598512 0.27018609292280871 0.34071151540480227 -0.23161994314045922 0.24530400363528393 0.012110911946238645 0.34385208002572248 0.41647372008343631 0.57685288354585718 -0.37443429852720422 0.22774149231890639 0.54815683079790956 -0.062095834881710249 0.019297536829307925 -0.24974831479479181 0.49931777102849101 -0.24932328697812908 0.23269002171388509 0.26239200335871599 0.203773195726975 -0.6625447875274475 0.29522920292924443 -0.19848330523955388 -0.30213902613479626 0.37594234418740585 0.66699464813502085 -0.58574789953514916 -0.055021098693001882 -0.42009528472939089 -0.077260115584996542 0.17735106633675837 0.26477923384914009 0.49279676840556691 -0.24502417035034871 -0.018989426135952534 0.27271842317156253 -0.77863384364979193 0.070971555068777545 -0.085716623716872997 -0.57714560755099342 0.24484877999923138 -0.29920922192391447 -0.15470669721303446 0.092834320983167906 0.39122114569742195 0.44845287790254051
 0.078843146155121419 -0.25271231480559109 0.78933702746704348 0.47522469080678914 0.20520820479495219 0.13050292198319832 -0.14060248272238882 -0.10919350948652251 -0.54145415394335838 -0.29100953163703791 -0.14791876066496579 -0.22744099092669004 -0.24692115763369107 -0.20847887748742194 -0.21092272199093712 -0.38305560647302517 -0.37963309088875125 0.58356560155906467 0.30015395939099809 -0.48254369889959248 -0.13923920379333413 0.010066001854364655 0.078679633932550383 0.37662829436659745 -0.5714873385327689 -0.1793950047982924 0.12471358725559629 0.31703094245704766 -0.3244684121201607 0.24743796538816806 0.095923469702613645 0.22048441071332411 0.64248723080820214 0.4808557147596052 -0.21529075279075591 0.022778247243054921 -0.31363368840582129 0.10781365308318586 0.58695953681405055 -0.36650952963764427 0.2138406644838545 -0.097670074031213708 -0.059425216422334545 0.51092938824344547 0.53199964887441631 -0.054498189040274939 0.5556650726764063 0.25393025001229336 0.14626749818685919 -0.26624453664894077 -0.55393469031072329 -0.22944508269666242 0.057524511555001621 0.26390348635123922 -0.36781815610368046 0.31895205469869164
 -0.022311711687587676 1.2083749029758708 -1.096628249691233 -1.1215980918411494 -0.21802158470512464 -0.17924024712104586 0.25182999302323916 0.36418563280920102 1.1162287811337932 -0.035065628081586177 1.4458623326899098 1.2288022400509728 0.87829557027506744 0.91035400765016927 -0.1604574043822434 0.37163672315475477 0.39399410850844918 -1.3006807690427695 -0.68101479860001157 0.87281421596142605 -0.55730716642583567 0.28847367698887716 0.98077251117183184 0.24576208229068372 0.2136853692977537 0.31892225993743201 -0.12808676205712435 0.10268853526749032 0.81850934022199084 -0.42778805673892328 0.87732037383891448 -0.43921007962798547 -0.39606400207518766 -0.14117652268617625 0.27976146565895049 -0.32837586673993679 0.54767709942876219 -0.74762758804467588 -0.37077733652794059 1.0069971531589539 0.04309799485445389 0.74388615039204253 -0.44420624874611803 -1.0604242432707356 -0.38839294555782361 0.34475202205077027 -0.16091066748949831 0.0030599188234170516 -0.46142459708843458 0.15620465148845708 0.65103423232456337 0.16102463167534423 0.84463700638774331 0.2538168386305848 -0.49805750262000636 -0.61810084898385331
 0.028175321656949248 -0.071906197897903548 0.011357847013711968 0.214346181890747 0.30672787386031963 -0.30368586512494949 0.20704414363553481 0.41271000647093842 -0.45979740723094387 0.32380472087646522 -0.053718245508178136 -0.20515492324190193 -0.17234998469087276 -0.058014684746490852 0.14934852397764695 0.20550199505872388 -0.011193406340160436 0.13817742733393257 0.11500076116742777 -0.50319281733054322 0.056850810153795853 -0.23229068770618821 -0.24331815991911857 -0.24525991801620681 0.096397716362311189 -0.082326259280596628 0.023558821219171251 -0.36149703954603796 -0.33307353006586621 0.053513571944958017 0.047810104658632162 0.40240414449512235 0.071467614304381269 -0.16932906322522737 -0.19319399761948952 0.10239545030455743 0.088211812387700886 0.36781699918826721 -0.11557512535649837 -0.07460108216646906 -0.073372404295020399 -0.17766940783973745 -0.28549451742366894 -0.1366748732489235 -0.16083445313859993 -0.45864089282577852 0.31111585901353356 -0.16283665732390595 0.25065374699282333 0.56086594601786888 -0.12920526492352125 0.17765992200340316 0.015679120307928295 -0.27137372480966698 0.30274820050038781 0.38918779558827443
