# Created by Octave 6.2.0, Mon Sep 12 19:27:31 2022 GMT <unknown@LAPTOP-P0PV0581>
# name: Theta3
# type: matrix
# rows: 15
# columns: 16
 -0.29300434972739747 -1.112853611590481 0.70474385281656404 0.031885644378984564 -1.5172364059660082 -0.76063139101768862 -1.7600056501638874 1.1998858995959512 -1.2527899352559759 0.54480166192398694 -0.93541384442464692 -0.21589521004971168 0.47378275363815459 1.2963362127397322 0.73109197991906172 -0.38677858524765679
 -0.17865248542781034 -0.12658953641267726 0.34287836513872261 -0.61148340578829663 -1.9727442864298708 1.1102011639775882 -1.1779452986975072 0.54714026053526521 0.017284842608109925 3.9859471361459851 -3.2709646543883184 -0.076649242298922796 2.4051670063890973 4.3359179342609826 0.83520083748406138 -1.4120072094415925
 -0.28886966841852024 3.0357400833496593 -2.7348749094719293 0.5284024145352002 -0.096688108153571331 1.8634783819026688 1.1698795221830445 -3.3516343390341508 2.1901310477013691 1.4655508391024068 2.3601237902180698 5.7561635424976654 1.3193176282057635 2.4902582064663918 -2.961223623703626 -1.7553428238667195
 -0.18900383055721937 -1.6782637924439194 1.4701356446537985 0.93822827269491438 -0.7889453637462408 -0.85521565501958119 -2.3771593411067764 3.1601499312595496 -1.4361974059040399 0.048807245669153843 -0.88213105330731156 -0.72733557583782427 0.43848562679838876 -0.22358599280151739 1.6311808683371722 0.57948005596375174
 -0.0657159543479819 -1.4583783493634623 0.71407979649697573 -0.1151923725318256 -1.2272651912272465 -1.5712611429527141 -1.1785630828079094 3.1050755208063521 -2.511419635958787 2.5027179703805764 -2.1417360978019655 -3.0624001428364407 3.0353888399568092 1.6555010065108571 2.1034289512352369 0.28326491681618426
 0.23464053887995387 0.43651193429987251 1.1783221181602304 -0.38105951116452597 0.95546203162089671 0.95281575621084336 0.70032850050979634 -1.2725163715595253 1.1402521515386483 0.068263997162663015 -0.88835490277327767 1.3470748590196489 -1.6338543063387951 -1.5161869587412078 -0.3305567215245957 -0.057663664168298268
 0.18265294600953802 -1.3245685896828818 1.0619368792218431 -0.64634899279326663 -0.068297795443349518 -0.66884158119491266 -1.3732502298066258 1.0333470610265685 -1.1299077158753297 -0.66552754153083882 -0.48161844611077526 -1.5169246418758304 0.10906159947255767 -0.60027767003396315 1.7916538386565384 0.59321122150686667
 0.15360090125520176 -1.3018007658063726 1.4006087937857186 -0.96697723681742542 -0.81820544344591772 -0.3875216004967269 -1.1550553339320275 1.3662566514734524 0.26261012327410993 -1.3091782495279809 -1.3793386332631248 -2.0353740411054271 -1.1340674318189916 -1.8074203186333995 1.6525328308020926 1.6189811479283913
 0.11388438701609947 1.5308132661858667 -1.5229699464965085 0.41423514483286955 -0.3096989866640833 0.98784848868300656 -0.36660639995450639 -1.8128558850252927 1.3084130760338351 -0.82191245583670891 2.8045183651148817 2.7743997960489377 -0.25448395461484502 0.59600929054251939 -1.5606327302148086 -0.39813916872497307
 0.0031307546930508237 0.034386762633771308 -1.0872012286720232 0.20552384659467632 -0.76202030691892431 0.63811678964529084 0.45194290419925692 0.69126307845314949 0.72747173878581406 0.11691901736702129 -0.07555504720762439 -1.1015695644042005 0.91325833432442449 1.2083653511980139 0.19963048740669229 0.78787433767965498
 0.15122590489155016 0.52318324275587569 0.80870365199070726 0.33933411924016005 1.6244649566004554 -0.14831816967224332 0.4487804566736428 -1.1368890407564654 0.13371692530769361 0.18518026391169573 -0.0013319386620216469 1.2305881000075534 -1.3865468688032707 -1.004675821597631 -0.69728455818426227 -0.82226053879225491
 -0.050586370246184696 -0.37061009643048237 3.1942981145328551 -0.45509857490858407 0.15479977190330232 -1.2210565755841101 -1.6179526832583253 0.97698032115361255 -1.5882286322407684 3.1705871160928276 -2.8528296910244624 2.7048138255601013 0.7741309085119823 -0.20584068701031166 1.3629979463024033 -0.50436400731997078
 0.046128569662261261 0.83735552133338886 0.34948675797740675 -0.4310413120521881 0.49615328153254468 -1.7448080699163857 1.7217114725654048 -1.5712204327357864 -1.0147017764436621 0.65453441738963103 1.5023484697422211 2.3054629330331999 0.4329308127798735 -1.4554870789492373 -1.3707132658881904 -0.45156796850682696
 -0.086767180510904887 -1.7460138467832642 1.6720667423196593 -1.0120448845223917 -1.1274799804293365 -3.2367287333142203 -0.48017610644032271 1.5499527271103917 -3.6635436721117833 2.1002997188681638 -1.5345373500174353 -2.2920817708722407 2.4431066587662529 -0.21505326447880849 1.0100045834578635 -0.64710146005286018
 0.051692178389033408 -0.012634442475195693 -0.49827743730722551 -0.2617665488293322 0.41890282114936306 1.181962733240606 -0.17110187303971394 -0.37855824632920138 0.58695709616905234 -0.3731135614663133 -0.86671618201434897 -1.4796024362435614 -0.65006199498605177 0.096677386520803335 0.014088865148776436 -0.35099967611930138


