# Created by Octave 6.2.0, Mon Sep 12 20:05:57 2022 GMT <unknown@LAPTOP-P0PV0581>
# name: Theta3
# type: matrix
# rows: 25
# columns: 26
 0.24325332267814881 -1.0935232614091335 -0.22608398745698194 0.36109156872828446 -0.56291681095915347 -0.54756590083864276 0.040812234922793691 -0.36180424672761397 -0.34032638584904118 -0.25013483984167167 0.30151305675012385 -0.28627970471307723 0.48091190319452604 0.034525363211159066 1.3119729336068791 -0.15444272726620203 -0.2503033139245186 -0.40829952007733011 0.82922611402428492 -0.19291646060844619 -0.030262582500871153 0.43055365174478777 0.24565375280829765 0.061692533316059929 0.13247873722967146 0.33902002526141323
 0.12863405949684489 -0.038970341015943648 -0.66617886837944229 0.46988473365769345 -0.3216884494290953 1.0106775956744174 0.18178132574971892 -0.2716251910637541 -0.38443757861227301 -0.86271637565698911 0.016332703771917794 0.38532769173409848 0.37962399291242599 0.32596998136416305 0.14348420403816228 0.59419844286156698 -0.55162423824600626 0.49674164915230501 -0.40719337875671635 -0.27210367253546114 0.85016640058520998 0.55003223511535793 -0.53071912445919633 -1.6154637533924949 -0.5281755070938986 0.48652671356162974
 0.26414649393305656 -1.6249311857332007 0.40835618034542603 -0.054897862899478705 0.1282865578714858 -0.5830779247536253 -0.21240253410599361 -0.15215594701384655 0.35962514676238033 0.69231167204407751 0.18766143115612449 -1.2037619635889021 0.081604244224036837 -0.041850194010709489 1.1153114143600122 -0.61660945114741295 -0.45577385554779393 -0.69340193221458035 1.1513378533284719 0.083346374567126513 -0.108522054744933 0.20792395865418364 1.0457232942701131 0.78602295681893619 0.43118516996880923 0.39698388212122604
 0.14278210257204399 2.6732842796077345 -0.9018284912985034 -0.31415879160747096 0.26642406858235335 -0.20212476163693363 -1.4591014837375234 1.2355212012509404 0.46452218621451641 -0.46168152500544224 0.051336809256272806 1.8117496941868161 0.047829541882237751 1.3168086977238331 -1.4557433564421645 0.098047190787104527 1.0764264438350486 -0.26004082926569244 -1.7335977076354554 -0.20094265524015456 1.8426565902050729 -0.15180104858571761 0.55206704416998709 1.0128901244171222 -1.6364527248930916 -0.79845811580726322
 -0.10693049273549707 0.88724785161821418 -0.31985976460730203 -0.57384192913744736 -0.28163875961780066 -1.1785474924283654 -1.4668209941766084 0.74967759250225563 0.81213775604038274 0.25772775713476775 -0.29640346886646979 0.67141087574066827 -0.39196967172837266 1.0390721107069112 -0.5107080930664275 -0.89751129315649747 0.66976322101628794 -1.251847433244609 -0.71251516143025373 -0.3348575324409761 0.91785973587834802 -0.39468968417740929 1.2560353163907199 1.8894632294477762 -1.1155216065616569 -0.29247665736623507
 0.24846157784903317 0.97790715675286288 1.0814246650669161 -0.89073150228629427 0.58888833124840545 -0.89381920767782197 -0.33208051817813034 -0.39872671293352047 -0.63059455004661824 1.8033024312022814 -0.14044984744679123 -1.1900891122152704 0.045496829803988295 -1.4866306985084681 0.32905920805639016 0.75838931013004163 0.34633887563025673 -1.1319738626755429 0.32812043027387183 -0.84027321534110977 -0.68468258968504903 -0.64576873318963179 0.44714218228329 0.59012572521078732 1.2118749214752325 -0.89301064881862069
 0.010451955020269313 -1.2934715190071591 1.1396323221528672 -0.076022960828074082 0.22193968608386744 -0.25279798098037642 1.158937573810773 -0.65240881325744482 -0.10254213162159648 0.84739604295436088 -0.18315246608634486 -1.6572545734839272 0.12418900279940959 -1.3818808308001214 0.35940877591278853 0.11578074061456599 -0.06102961547019449 -0.18384705730870515 1.0648439990203644 0.31738653411334633 -1.9455494268519478 -0.37311025275214127 -0.18984788659022078 0.091710612114966547 1.7026605740072802 -0.061712991808162705
 0.029549433199609364 -0.24980588726023534 0.33854251536910784 -0.31861664856724564 -0.48622973707404449 0.39732851494187765 -0.087185794997784033 -1.0351240971843141 -0.14477009038992297 0.5691159442685868 -0.46044787164643969 -1.038969489703554 0.030347508750631566 -0.37587440551635443 0.39973193572103294 0.42986821242619888 -0.60234087698895267 -0.45539184526508802 0.27929021066966009 -0.6867074211273333 -0.18160672798074409 0.044586219987122602 -0.24210468752756481 -0.77374995034204308 0.94470820119508225 0.56061191988727732
 0.12688387612582508 -0.10300797567803593 -0.068459800859036121 0.12597297156767773 -0.36936762708858123 0.76317276039364013 0.1953607676468033 -0.93066434996389724 0.046918581869762492 0.2940969228176703 -0.036821461847188618 -0.62481679862104855 0.15512554293062658 -0.34139567625779077 0.3948132138405811 0.32094305982857335 -0.62326713699265301 -0.058961406255223357 0.090826244012274987 -0.62206293747043284 0.30614339429127913 0.47589744085882979 -0.39339103067610554 -0.94849574320977348 0.45822347256500939 0.54890499056956199
 -0.023268717438485284 1.3404484659402842 0.11540932155849988 -0.69159425976440736 -0.098050817920088518 -0.54095125659331367 -0.98299062631281264 0.021794381574106361 -0.061277350709019303 0.3961774713657249 -0.32939438011230393 0.54747780774281674 -0.4057454934043877 0.16255889609850288 -0.36198156685668548 0.24336144849495639 0.32530273028223161 -0.59888192695947795 -0.99460038116344984 -0.31782610600872324 0.17676941342604374 -0.18958362495213249 0.075290232312042557 0.62767658107532409 -0.067178505149811316 -0.61092802175900618
 -0.032282592405682084 0.30958191397306073 -0.65205174643784791 1.0299587087611199 0.15279481328753292 0.86932891528558931 0.79778744599826756 0.97524622841378705 -0.37668906000218755 -1.8195599011647257 0.36889455551363443 1.7100603670250276 0.31119760010650971 0.73544804019518939 -0.61247559123072559 0.33931196044862361 0.44066161732914683 1.4536416349085595 -0.68019817516682224 1.1643004025964743 0.13175020075757918 0.33006358617526782 -1.0617627811625756 -0.97131252313163907 -0.94723856941164664 -0.51219234109109268
 0.01957692620583356 -2.308476929460896 -0.14472709727722841 0.87321946766817671 -0.21476706034015045 0.26462425047789778 0.73750492165963111 0.03600681282675159 -0.63258205221132491 -0.98150769120425374 0.29636902932197035 0.40617897200747333 0.31418824520385707 0.61572121148300951 1.086230565460319 -0.069479345386480929 -0.63675089347894942 0.99975293203558124 0.6753994030267112 0.86323475624218293 -0.21304175113141369 0.10834910550254122 -0.066346878543169993 -1.1399054665927266 -0.47212617353713221 0.51303120108108147
 -0.022547066310611347 0.8084691692736784 -0.61102524099662203 -0.51079878360843933 -0.5119201631440603 -0.011588803726248521 -1.5381036909961994 -0.058206620217038096 0.945972155034141 0.1471994763308217 -0.28418060106626042 -0.55710285773941026 -0.10973823911522276 0.77281050488303127 -0.27919200555633744 -0.2554941594908155 -0.67500788860516692 -1.4441386681899433 -0.57048856862231268 -1.4267837553799272 1.6769527785814571 0.30133520781683137 0.88020909975583894 0.36147734875089926 -1.0405422600304965 0.56990209806666026
 0.091361959377824167 -0.57016789278082824 0.67813459310218183 0.21832228542612006 0.20849033149001459 -1.6975950502723294 0.66143461295855954 -0.11551656510708685 -0.58952173002882136 0.96294900461974964 0.56727981177393894 -0.66106452235815039 0.14266009881370736 -1.0143370871580086 1.0721628396505165 0.044926007753031919 0.93640473965369331 -0.32892839840414073 0.85323518861703973 0.55885771148466479 -1.7499275053505727 0.11652747418667041 -0.099530739272385843 1.5098060491615548 1.2402849710964183 -0.79317810740212735
