# Created by Octave 6.2.0, Mon Sep 12 20:58:34 2022 GMT <unknown@LAPTOP-P0PV0581>
# name: Theta2
# type: matrix
# rows: 55
# columns: 56
 0.14874087101299821 0.18888370937480509 -0.42455739709651968 0.40008763899122285 9.8485196886332992e-05 0.48662147839393116 -0.28743423892239328 0.17767066942931806 -0.052323071573338334 0.14582046150140571 0.22696942416218682 -0.33006771933976115 0.38323719205980661 -0.11436195420118823 -0.34570563908177282 -0.55231450941474258 0.25390628650145619 -0.74604821960810697 -0.51994387067389547 0.70540503522880604 -0.19056915968683968 -0.99204225721521999 0.13974713268522962 -0.39683918922438788 0.76900365933839165 0.24160965451607125 -0.069906504400394906 0.86650693558515468 -0.005083716093746124 -0.69693238307942618 -0.64723462460985459 0.26951912999271904 0.09389260954481933 0.31165154833179504 -0.67646680320844021 0.58519238402350637 -0.27279034994354001 0.43083354999583795 0.0044268228794216071 -0.030937953430826119 -0.10933504543383855 -0.15345113750699599 -0.27087171619001321 0.32892374831356097 0.14656808735571311 -0.0064983714798118363 -0.16391719062001506 0.53880248450066981 0.1335106212132747 0.3589880131113114 -0.58289732436434083 0.16880248473199086 -0.19722790657584538 -0.46993497303997811 0.16240531325268837 -0.79855420159282697
 0.02282618304800613 0.36463735871431857 -1.2729098319451664 0.1382000545173554 0.52227282140945974 0.91664221891854025 -0.84400858187063044 0.5830372222886876 -0.39328378460838187 -0.16019655425848503 0.40573390181853985 -0.1363842573546476 0.68283089973339062 -0.37726359833972217 -0.49312225688962014 -0.57101988204835752 -0.39011745824433675 -0.066628802043450577 0.79175130212531142 1.3350637922258983 -0.50665024719879759 -0.52535949437325546 0.27111289533510952 -0.22607398569139167 1.6206190460445788 -0.29716163852736688 -0.069847710738077537 0.40079036037230431 0.46987093090929816 -0.29478325401420091 -0.61275133735524001 0.59583492981444564 -0.06491550402183674 -0.36584783175163332 -0.46945748036554091 0.43354173896273213 -0.72325074035126469 -0.98479896809344714 -0.57978989467539743 -0.18690681102421985 -0.45551897125305651 0.56647533645981252 -0.56865027064149065 0.20583442409775399 -0.92875875254507301 0.18477080875294558 0.14664334103834281 0.99830610099953132 0.53965056991576832 0.91666806031499881 -0.19274319654668384 0.49398908506915717 0.089701925410839892 -0.55220911386758542 -0.10028850710588251 -0.53640418938261214
 -0.12079007201723084 -0.11898901673834385 0.56657243931868062 -0.15121141358822621 0.10133758563854835 0.076932352581361815 0.19358968547038269 -0.061537605963605121 -0.12752476699097018 0.1640443249852577 -0.79916766358717484 0.22674135485763849 -0.42824171084984508 0.22246982291913042 0.21768504725286134 0.56593189911892783 0.060059329014346081 0.62015385307933713 0.012002408970941965 -0.1888011708329449 0.64767312962660939 1.0237230564994517 -0.46614233680628875 0.060292829519754641 -0.37939230587561895 -0.22534102006381249 0.027600646747753685 -0.8875556799559905 -0.28902933506352735 0.35627308786120299 0.14792254624725182 -0.55055303394676569 -0.087140288793619763 -0.49675490759301871 0.42014916016719456 -0.27223631980266294 0.083197300005214997 -0.15248976776437881 0.27538817548020328 -0.53322785393276084 0.040708922842174304 -0.21692063035588524 -0.012769236662357466 0.22701363896916188 -0.22048003804590813 -0.40724544890065556 -0.24020907678010883 -0.19607703175469382 0.034958537218480405 -0.16130104527731504 0.29324215168154966 -0.36283141882415598 0.12088981364950052 0.50110777312085431 0.21975821497427564 0.40956944894293457
 0.035086752565142452 -0.11558273513191318 -0.97775670014213678 -0.20179126662875857 0.070526520631013057 0.41213820705771814 -0.093419700653434523 0.15718644345230967 0.18088473325284815 -0.1158314295358574 -0.20454721985360735 0.20396228994280871 0.13758276525364582 -0.11341849527434703 -0.56191378717112517 -0.18306742711879564 0.13348215418703124 0.35600161445229345 0.081115809611869621 0.24480581269318505 -0.23248761418755864 -0.021446279599276252 -0.053092372608987068 -0.03358500578465614 0.61117322956733122 0.1017349388302127 -0.15254011773573056 0.31305602020611756 0.3022837568862185 -0.61677058410662455 -0.074163380443408894 -0.048355112612450929 -0.058573088419451878 -0.37292373584926747 -0.29583068318596756 0.34681986667931297 -0.4066875410347246 -0.070084827616460579 -0.44937713253525924 0.048417930643353292 0.11108241204263473 0.45339335762442734 -0.25651428039085006 -0.15256612658306501 -0.1421542452489436 0.048172540633372472 0.1334081837982134 0.42404400877315751 0.44736278132926993 0.89117743430259933 0.32683876532428263 0.66137633706308518 0.10437464477100296 -0.10461205148436636 -0.19572316879988275 0.46603564741947467
 0.098181488358921182 0.14220245391092279 -1.1240897163491319 -0.57650218697117028 0.061137847610573004 0.95668268919992427 -0.26179820485571509 0.61031823661186246 -0.06229760772123636 -0.1091206525587925 -0.23136054561657868 0.23592843961585364 0.6347811132295067 -0.31321409233728154 -0.33783962433378623 -0.16259726386149251 0.022121146958130403 0.74603638763801627 0.5569253985720618 0.85647186753447024 -0.19781916246613285 0.17114772423220673 -0.61853187798497089 0.029932105725067881 1.3604062229567568 -0.26423718049534101 -0.1345189764794173 0.033740317019127324 0.44384456895205943 -0.15208389940455605 -0.15736523892130577 0.18065895135496496 0.060056832149290994 -0.3196700285812224 -0.14085464028031097 0.35019358555912339 -0.40239478391021105 -0.96426025106879698 -0.58761247866838817 -0.18226513772849057 -0.17040474096600602 0.29789269465126933 -0.33708681291736237 0.25926760648998159 -0.7095673037099135 0.13625611334002766 0.24682974791149292 1.2780483519190151 0.69867399164869548 1.3219215464246346 0.53536259345123494 0.79565263785149354 0.22486439664812963 -0.037475435483225808 0.039250980730314737 0.26095392943249751
 -0.026008144817374818 -0.4220479120672998 0.70503819752643726 0.4468710930068906 0.14169036170724725 -1.3513931010764983 0.14741408034424888 -0.80576187574641112 -0.33719928118578574 -0.20492656155264838 0.23873637219585547 0.024920651408185168 -0.61870873685586758 -0.05342489685909553 0.43198425192533879 -0.29620237860685361 -0.45799406664951114 -0.26232144218107006 0.39771396503733575 -1.0873252306602241 -0.2543527448567523 -0.39446018462621385 0.45798887890393752 0.097282611502342881 -1.3194104809273053 -0.20942807909741964 0.061864526155840517 0.8891595046821873 -0.20284089905725916 0.64022559609773233 1.0129155123163522 -0.15983654908013598 -0.079647694574208644 0.82151779016880522 -0.029889766237484055 -0.074538220272892863 0.88215740529278763 -0.1855926685178558 0.42747676731483641 -0.077292483758157268 -0.21504247121433115 -0.49255394524562363 0.78808386507440731 -0.71049857679878237 0.39488902751130001 0.6759535624853652 0.037342720541850824 -0.65237504111013012 0.25804517083355599 -0.71476251187156226 -0.087049747144209641 -0.61174382788053094 0.11154389813460978 0.088598046044163034 -0.2733062159584832 0.27399075044460047
