# Created by Octave 6.2.0, Mon Sep 12 19:27:31 2022 GMT <unknown@LAPTOP-P0PV0581>
# name: Theta2
# type: matrix
# rows: 15
# columns: 16
 0.37001292698734056 -1.2409806037280131 -0.74712081767567751 -2.851465437188526 2.2326457408241631 -2.2459755250929709 0.40418538022034284 1.9918816196075637 0.026352099562361512 0.12850498691370357 2.0739030038604138 -1.4223127475550423 -2.7794367661029122 3.0734922204177102 2.0516217567254693 0.14208090223300637
 0.17186294073083708 1.1235216184355341 -0.0031867620476711323 1.9952366535763171 -3.3407577276585183 0.68448391940790354 -1.4136896062724731 -2.6875657249042257 -0.098890095778254819 0.7497649069982415 -0.13344507103733946 1.7222918345927132 2.9584038256897243 -2.2455253773900261 -2.5483950129239847 -0.63593056194947861
 0.13268388880638676 0.5821305186519572 -1.2492643107881758 2.2364166013349975 -4.1027786465469438 -0.87383833995352955 -0.52275998242367583 -4.5922247896612864 -0.20623369361070398 0.20455540095497746 2.9119820498197067 2.8913416733768624 2.0970329737716162 -3.3597694070470903 -3.5527833228079344 -1.1021048972079084
 0.055319748160658981 0.9379981657706653 -1.9938371385485032 -2.0157261359478338 -4.0156712507850028 -4.5109514127895176 -2.3747321897528408 -3.2777466327780154 -0.49418675746463059 0.1363395565131057 3.0485709189610439 4.4817596835180069 -1.0540849269483497 1.0643001619944417 -0.80068414926267062 -2.9410122169445971
 0.14158480953960273 -0.72622373246727434 -0.77149669865178516 -1.8597203800101096 0.42730822196502971 1.1002226263636445 -1.5048333169057202 0.68655425228649003 0.10236897213916032 0.57820594056453156 -0.98762233919723397 -1.4572163776665703 -0.37161317553524081 2.3572441714567098 1.6995076641721347 0.40960985990066406
 0.13190004178303932 0.26958777941125744 -1.6146411211755691 0.2357791034418677 -2.1615447735436866 -0.71802938613268263 -2.3513042867828018 -1.6602213652806022 -0.10738960814495926 0.77446894878659012 -0.24239194042787654 1.8619766911004889 0.96295510729075273 -0.13543339067349855 -1.1464147266359495 -0.83259180919257336
 0.079755790509577498 0.09572172338843718 0.50485785769661307 -0.87725729877841552 -0.64555573626512175 -0.95624058999839134 0.0017281878951237088 -0.36292581138616326 -0.11457901988020151 0.028506684023870823 0.38792236119777895 1.2486424590312351 -0.45516931320655024 0.66841379771238951 0.17524874459326995 -0.76697393231010469
 0.34466068528182625 1.4903851091893794 0.055545105450489039 -1.0346698104950585 0.64408705813070133 1.1661981008680136 -2.6644487423579521 -0.13271210957062149 -0.067261823017503122 0.62120397274242878 -2.1980449439297196 0.27610136653580231 1.0858732057330112 1.3538105527906734 0.87142176709056574 -0.59283322359732427
 0.041914607159820684 0.63333463560236858 -1.7455534251787217 -0.26944987735940362 -2.3045213594046885 1.1996232223170766 -0.35207130472889991 -2.2019872433111884 -0.11011469791998227 0.063323372065475822 0.69989508132250522 0.65703152028032574 1.1521415030719391 -0.91191832705329889 -0.76398911582393414 -0.59506200198725223
 -0.31008904262625941 0.36974355952371429 1.8616644892729926 2.3728003361379684 0.74285927279827235 3.3026079829095889 0.46932404228358399 1.0553326410987744 0.16127890371997275 -0.25762468381632797 -3.5186673611909391 -1.8717881369150617 1.9762620213807767 -1.5691235016462455 -0.62169411496163496 0.97344655627494892
 0.11891344039634617 -0.18861887344787989 -1.7246161223612759 -2.8027338187073259 -0.77325508035553814 -1.3910940087874808 -3.6106880588691084 0.92568829619302972 -0.065795090366412443 0.87713651197093101 -1.0278194970748251 0.10841189161440788 -0.69602767676751809 3.0482670756674985 0.96149262985050499 -0.79103876750094049
 -0.28712091827270836 0.59341460704020144 -0.64995722632260788 -1.5095545504973109 -1.2897136450042306 0.24252648437962804 -2.1530161399705037 -0.59916299963602571 -0.079849344764961611 0.36446923584134883 -2.2151980352722767 -0.1378152999070186 0.45775029137021117 1.4721108548692667 0.87642384886583879 -0.55684788594472989
 0.10156729295231109 -1.4473473581106044 -1.1067823266612089 2.0783742225788266 -2.7519015903052169 0.46978457827449549 2.4688432951697559 -4.8923568936745161 0.070571813470200723 0.059322997511201299 3.6150062928490567 0.41459922072041017 0.88035540626682973 -3.380504219320434 -2.4775244164355938 0.4931633836610172
 -0.14092078465740196 2.2757716438517348 1.4184068115426198 0.86542760446268019 -0.93712404267497762 0.49673754241661588 -0.10725862555384379 -0.45002256243698141 -0.20592295578188419 -0.4606880351836673 -1.1412259258248481 2.9805649506635783 0.77373973039720678 -0.99848952230461907 0.30383006291209674 -1.0779574359722701
 -0.18919803463656473 0.9660119925075491 0.93658118543432745 0.00087171862982299102 -0.54452082321508466 -0.8381908919389871 -0.86745872318352457 0.10919170154675803 -0.079628823639852214 -0.25339452687999409 -1.2811846075285753 0.81453808666938277 0.18874183069311387 -0.026168371009932398 0.57741030584600062 -0.28109411813317314


