# Created by Octave 6.2.0, Mon Sep 12 19:58:26 2022 GMT <unknown@LAPTOP-P0PV0581>
# name: Theta5
# type: matrix
# rows: 10
# columns: 16
 1.122743563748571 -2.5662126729240398 5.9928948529716486 -1.0194926589311368 -8.4901781070052653 -3.40888289334631 -5.9481100959114537 -2.283819681772385 -2.2164180335548256 -5.6116278199747365 0.65296316932443488 4.9751432749733366 6.6571802241023281 7.4955139721438844 2.3611279384660393 -3.4022301746557568
 -0.39202792105896356 2.343695860244436 -2.5808749116934404 0.4667994909115335 0.47261021866408459 -3.0165946134426171 -2.6779152203856067 -2.831740188056231 -1.0308201562638943 0.28030479520832419 -1.0881030701423526 1.998146450105992 4.9536307707618379 6.6598882900999161 -0.16344822705911888 -4.9093978647138456
 0.4318621684263339 -0.84591196209979169 1.8773706937047183 2.1008007442009822 -3.6602058171713487 -4.520122487433305 -0.84379954541552571 1.2679524001784195 -0.74248185347917162 -0.96627853752281534 -2.1361966440570535 0.66531787658620956 2.5009026650568495 5.8660220223984236 1.195800205090261 -3.4297834657214614
 -0.29543453624673949 0.96775655024548368 -3.7425590396175896 0.21400108998327858 5.0711217681383571 3.9135429194710327 -0.018270263101708799 -0.882567659230868 0.15798982186735591 2.5500085001474546 2.3349305304488173 -1.2511474023728242 -2.2883519489801065 -4.2230039251187668 -3.7796620984795326 1.1240262428135128
 0.43582977620347679 -2.4961719581882988 2.5859715025969097 2.1508736787477987 -2.3686989462567736 -0.96355322802462506 2.5852834392583941 5.3417314928962991 -0.26445906063024832 -1.4527980512877714 -1.2063447148404176 -1.5156909398061214 -2.033274308676182 -0.96348562112975022 0.30490356505313626 0.332140707506282
 -0.45700256209252477 4.6571895842557627 -3.0633648148061217 -0.96064677957774691 3.9884383826175411 1.9615791533229319 1.8889171682374082 -3.0988070109120369 0.0012371418240679959 2.4838986411391724 -2.7734835949501564 -0.26897979878655343 1.0453068184146115 -1.3075353875311799 -0.71542012213630679 0.95860304812681352
 -1.1017279823287087 0.024282598484185351 -0.34696609670087358 -2.7747163213433463 1.8252244783502267 3.5521357026435134 -0.82240334888577094 -1.7988652577243915 1.2311579155967458 -0.48751566137174074 3.956179172292873 -0.80708875349132658 -1.725919905987509 -3.2531117076194054 2.2607413414472499 2.1511527357604709
 -0.65460507807225987 -0.46325960314385117 1.0246763197170574 1.2639196777868213 -1.3894233718682398 -4.29093453981013 0.26862519939666329 1.0915095453074375 -0.39534411257455926 1.0252296554992759 -1.8229059022196419 0.16745360262877768 1.4607748165790295 4.7089787857679148 0.67283952014701898 -2.6366683275228273
 -1.2427861511537859 0.35914848583312009 -3.0848554964070178 -2.1861754024066977 5.0690054472258854 4.0313677862068324 0.63333758877030166 -1.6215095500026933 2.0505860665313307 4.2775960446507169 3.4721399910419133 -1.4093239903202106 -3.7652065862785653 -5.1754241047530556 -2.2787629080153615 3.8691539235269565
 1.5603664033602065 -1.9723797135340708 1.3385824407042584 0.73286938828706372 -0.51641185805463807 2.738078004264068 4.9268014350097129 4.8064332660696003 1.1962971734815995 -2.0923733801979734 -1.390141978274799 -2.548661498143133 -6.8219038383599697 -9.8079956149341321 0.14028438067177562 5.9344927976734319


