# Created by Octave 6.2.0, Mon Sep 12 19:42:48 2022 GMT <unknown@LAPTOP-P0PV0581>
# name: Theta3
# type: matrix
# rows: 15
# columns: 16
 -0.14365182381599437 1.3415197713801217 -0.14245740515799604 0.96156262888456157 -0.57433660172687873 -1.0968184305480104 -1.5746221501366808 1.904495022482338 0.77065224398621157 -0.28088288824402025 -0.077836055499632753 -0.53210767677691573 0.46516443393381296 0.31663676948358715 0.77537301330315034 0.61540940398463473
 0.083297319577944423 -0.2183881531089675 -0.18532727135321839 -0.56247293401284582 -0.20163055754743575 0.15121101501316944 0.72842540798122557 -0.47853992426058239 0.11525703967452215 -0.20372167170260239 -0.11471410955727354 0.14830987480831101 -0.98645012582136071 0.10517333809591164 -0.40436370804916749 0.52279712763290886
 0.34938912363752345 -0.39016279864326053 -1.6242821263511578 0.93959380384526903 -0.086351538176819606 0.39350438238806734 -1.6389133243285703 1.1151882033430922 0.065114686800791785 0.87567825466855786 0.021874729036369566 -0.85830907617455277 1.3176467634186571 0.67242784520719656 0.62326809290386354 -0.96117439296265794
 -0.44893151152985522 1.1181677586130192 -0.17424897432970393 0.8590575144646444 -0.061884415750748267 -0.94929344741662003 -2.9711787994159558 2.0134451366077779 0.520917138742098 0.1484575439081284 -0.15366214070983558 -1.5559140087556833 1.0117146948889724 -0.37558927216231563 1.3538278119956038 1.1714138157658576
 0.39369676812573834 -1.8256589910190213 -0.92203906895137955 -0.36052621508949673 0.67141600068891516 0.83003461543096246 1.3372212831960342 -1.0165671626097452 -0.44237513082008617 0.049513285436733827 -0.17767313535358784 0.34929268752144377 0.33460192145987161 -0.31234421263194978 -0.53841748181838056 -0.66384515790616316
 -0.23466188542194313 0.31550033894576562 1.5961775189600995 -0.72700471368691966 -0.030679616221538229 0.33022626856509435 1.4208346049098608 -1.1522467407612778 -0.48336498559386026 -0.3419079946576366 -0.018020418429864092 0.44136953795627565 -0.93612995236273189 -1.0065390095683482 -0.33639425843672149 0.50130541056052647
 0.19385129912210505 -2.2824391615459785 -1.3933692872993402 -0.44433244103092873 0.20548892579357753 1.6456735087595493 1.3767000999702248 -1.3206623054975233 -0.8770407485759445 0.8687652395446247 -0.22134625565174601 -0.098780492223631083 0.80469474112225992 -0.16202806128566802 -0.30893197564251162 -2.8503280017909773
 -0.12518877064902942 -0.11731341585786539 0.90333115266226471 -0.76219066599009677 0.13863537389337988 0.067191864709571586 1.5807804156900942 -2.0517011022317702 -0.086495236509865542 -0.63488565002828601 0.49753425445080651 1.3530307618386685 -2.2279351965542289 -0.050751168401540724 -1.333556931541714 1.4379782341742144
 -0.1594954547941469 0.28729558651179687 0.27481545144323943 0.31416673015217211 -0.15747704474609289 -0.26558702888043367 -0.64254366419117659 0.82156827292721402 0.045735382241755003 0.0054588122085688449 -0.31524289172452929 -0.62529435607448181 0.98720251595092923 -0.62354520900524457 0.71007848135129525 -0.28982694219079319
 -0.075991270496627808 -0.75743164401156127 0.082401241714642248 -0.21982605588109597 -0.072520310729806595 0.54716119920933248 0.31338662618739638 -0.17723881762355451 -0.71451075616373105 0.13340294813875317 -0.28932303271901955 -0.47852936356958992 0.8232863740924885 -0.90749633959371856 0.32367026682101108 -1.358035350459657
 -0.021987624335312136 0.20614359906419186 0.16565627265433627 0.35773091336644675 0.18477755453916836 -0.28497290249986901 -0.71745788164682633 0.067578339751536806 0.31114154714693143 -0.032605643268590959 0.42855344046072213 -0.033550532518391595 0.10397908668915186 0.064618996402871304 0.082644505499837914 0.54366444748975773
 0.053948882920136887 0.1330747332156135 -1.7732848826247523 0.25409565421290908 -0.23193417108865419 0.46433359340018815 -0.78076238937904108 0.47712437299593496 0.2586176945002609 0.89318714137974053 -0.85143754536587124 -0.85471849397760136 -0.38180297654417061 0.95450356412486126 -0.13229923278849579 -0.30230919544004714
 -0.25061429611673058 1.0520517863169296 0.98469109523129361 0.63986144539709844 -0.74636801523876728 0.10196155528455228 -0.60978764004085906 0.99799497554877903 -0.52391753425017484 0.28690683633757214 -0.3934069293873349 -0.89180530527230883 0.93280419928053082 -0.92781828116830811 1.312100374250661 -0.53897680361415423
 -0.011270741132683001 0.41989332661725592 0.72733465977850864 0.76972116827177983 0.14543571689816973 -0.45488076199614724 -0.60305848950100083 0.77086823058874754 0.28227640987818026 -0.13819328810504566 0.433510136439622 0.19953305609394145 0.57387731666409036 -0.53187057151433081 0.59481363384245911 0.84989375471947015
 -0.023928872787468969 1.2388010808728676 0.57455973430063367 0.84955406378123743 -0.39627383824758533 -0.99007268193261766 -0.58042941666716885 0.41281786408459975 0.70406319702479503 -0.70615510401685222 0.70128671236413875 0.67616101330280609 -0.92596459032437939 0.41554292730819081 -0.10217155790546489 2.2180239042431533


