# Created by Octave 6.2.0, Mon Sep 12 19:20:38 2022 GMT <unknown@LAPTOP-P0PV0581>
# name: Theta2
# type: matrix
# rows: 55
# columns: 56
 -0.076737659173757786 -0.40298176334658475 0.1947599847552649 -0.16604185363899435 0.18728860049267859 0.047465942682925727 0.83371237232340301 0.16190430901461761 -0.022550666358209289 -0.022161607229048495 0.053637536015041572 -0.17885385203506773 0.044153026407820227 0.51259384644923611 -0.74377207005786083 0.30582709896975907 -0.18864478518412606 -0.22408274991955543 -0.36521162986146405 0.50149769484890128 -0.39268856215494968 0.61387571878802227 -0.58585746688531692 -0.17774433070977499 0.54231626081088813 0.1314611492395947 0.36755438872350454 -0.069392220973506349 -0.2673591291322755 0.20261791044849123 -0.47033329210362046 -0.59968291085615577 0.078077540481119076 -0.14852004903675847 0.80549392317495661 0.30972174109051603 -0.32120964598387158 -0.037854683786195178 0.23534831878261417 -0.37861226072048598 0.19259155888300675 0.24066497749477855 0.73974600504565502 -0.20563932055564599 0.37886331639125581 0.47208326837714804 -0.29972344679230645 -0.12679318953416799 0.024682546309018807 0.092545161015656074 0.65320055669065069 0.93968967737805276 0.07422444900569232 0.10834415575456784 -0.71196390794825226 -0.18766315162845676
 -0.076677397548391951 -0.24528187732171575 0.029779506067679519 0.021771769624175038 -0.17905057803419294 -0.39769957716064369 -0.15007326399785517 0.32318616309138976 -0.22835679291873356 -0.22258732961706507 0.12768715382491111 -0.36567801826013352 -0.32010709630915801 -0.25978716157590104 0.05554918459587161 0.02329543307507442 -0.062285619818991181 -0.20040936276911445 -0.47280943130231723 0.015650765322848897 -0.17334202971434262 -0.15238382449009427 -0.44793693919966149 0.29480822066906376 -0.11485542068982335 0.21307653737950488 0.44235221148925208 -0.26323041387057344 -0.20460138750070619 0.079849027582318141 -0.1727106775117099 0.11661891062807139 0.53087328880560192 0.050886275800709847 -0.14053491786049715 -0.39767533646036252 -0.48236105136026541 -0.069875305625618167 -0.010717516264595035 -0.20237666819870925 0.16048190843151286 0.2888105733959403 -0.26697994686947812 -0.1246870609649193 0.61443893313721498 0.17195366699371262 0.0094501091232097947 0.80870079107487891 0.10832445923264314 -0.15777435328217318 0.24654409638618588 0.21879208511187384 0.054519015166912682 -0.40027634436204967 -0.70996740982379136 0.11102211818150109
 0.029288680683183788 0.10838549343408919 -0.049781594125919544 -0.37925175199946798 0.36366004071673108 0.052989088005992703 0.47636407590873486 -0.2141606746616796 -0.26656512211240352 0.59211555993189835 -0.26690556543032745 0.28766601280554754 -0.4090969707668618 0.9260012125262862 -0.59205471433768564 0.25784496404494794 -0.13498954063527574 -0.37487877816835752 -0.26971758677152657 1.1408316857377412 0.15435449334675722 0.24869408498257747 -0.71102696974081359 -0.16734136945961228 0.48600267539884051 -0.037543147443662273 0.4728861589453644 0.049846408528870505 0.099187537025789585 0.062469972795451287 -0.5397807429970034 -0.66418864961283586 -0.5391768376105126 -0.02430657119777475 0.52674966052421723 1.0993792262305391 0.42042728666162543 0.067564948715163498 -0.57089307692786806 -0.9037032004791542 0.20732837544898133 0.56750302114348927 0.90141898593353798 0.24647345570489879 0.62532180360638578 0.10572297338567821 -0.82233665383380028 -1.3055521485549524 0.10083449105348231 -0.096580065436686457 0.88901106912694661 -0.047372208696917203 0.40404821152405451 0.144311850385619 0.5900650715996576 -0.43930909855744443
 0.10614263274844461 -0.041489239962893734 -0.10591041373557283 0.42025973633639585 0.22488714449288183 -0.95308405201957047 -0.77021251221143971 0.89229836350232916 -0.33065846138124011 -0.51502910678532698 0.39470431993602634 -0.52347781540583815 0.2032951127554099 0.00058368740078484818 0.63167611598889839 0.03669596704643379 0.35708577136863567 -0.053281212980624104 0.30876772798224067 -0.68325299005602702 -0.3767830704967754 -0.17728259999642379 0.2156887265764364 0.95070720377901741 -0.11262216087510951 -0.14649881148859589 0.23146093429439332 -0.43448953748843733 -0.23981198762859307 0.16843619543787902 0.57251468623521795 0.36757002609338202 0.80770222279090942 0.43019881296924523 -0.14359559498548316 -0.40771450058668524 -0.34826208216579668 0.10763185627069811 -0.10770732939229241 0.11287173137845685 -0.040268456781971614 0.11147907330944429 -0.045851745464057223 -0.16665764536890551 0.66951581080935385 0.24278244050437955 -0.006007537321469269 0.50965679895824223 0.0094577217460130123 -0.15607704731308789 -0.71086704215124485 0.23622145376054624 0.065426281803715597 0.29983408588529981 -0.33419447002832109 0.64399652570973842
 0.21877018832906941 -0.22136360336384311 0.19635963876815418 0.59138129698383402 -0.04290262521133445 1.1686466128241355 0.18959150841871222 -0.73880358177002536 1.1749294609636667 -0.088472809055947205 0.46842002561164492 0.52797206984289125 -0.19059608132909533 -0.68736828768816727 -0.11553943138870412 0.097535875733389663 0.079772482859612262 -0.77839641180367269 -0.48356752808879094 0.39685199021161321 0.53129898535049624 0.16705117639134798 0.14525915709718099 0.29587443690787907 0.1868021587080981 0.24066240042580905 0.45437824074563549 1.4193768985298318 0.21184535780946956 -0.22929414766669723 -0.52060550701709185 0.72249266530042155 -0.44679716786721896 0.37215224094125077 0.88903180959678085 0.016631485803705728 0.070471507898146601 0.052485518695313246 0.74023898715077618 -0.48805139341603127 0.32893031627036357 0.58361408743870702 -0.3041027532588188 -0.15548970357411382 -0.83518341189476009 -0.12332526230861295 0.15707035380205989 1.1538908268394481 0.16412562771172534 -0.71383968465112935 1.2088062795216787 0.16005665265498176 -0.12025110371439038 -0.41374610162782677 0.57007885742439479 -1.0089958448470646
 0.094651500742096939 -0.4147137597220163 0.15884809753654058 -0.020561822057857306 -0.07534307302510572 -0.12733438834469596 -0.32849978631085408 0.19751267867570546 -0.41217383720207112 -0.32641692270130213 0.12942141641725269 0.090334875800939254 0.14648200583643878 -0.21033223768520501 -0.34829692873145968 -0.083174113832116814 -0.073290112832822205 0.080341461967203001 -0.30073364146161047 -0.21917936762823309 -0.25869464707145939 -0.083271714945023292 -0.1501196707598742 0.3143449160869351 -0.15671157648222536 0.027531336405075997 -0.19037377791416385 -0.21481711712686596 -0.12050877503979603 0.074558013769885481 -0.17588274027570872 -0.0072455035852702476 0.41979752692299066 -0.26150730051070464 -0.27680638562714377 -0.45276370772581143 -0.44376815892970661 0.045014616823394742 0.29424102218293041 -5.3303158311118122e-05 -0.013994100070936754 -0.15052855982556032 -0.41465490480459083 -0.269247904553363 0.065572444079733491 -0.07105869222217881 0.47409276899446257 0.68660448421633502 0.013105360974505572 0.18959987885561783 0.11996065792124976 0.42084478947528736 -0.32045819423373423 -0.17060916858496994 -0.67239690402819408 0.059700362032093335
