# Created by Octave 6.2.0, Mon Sep 12 19:45:53 2022 GMT <unknown@LAPTOP-P0PV0581>
# name: Theta3
# type: matrix
# rows: 25
# columns: 26
 -0.22049602088758427 -1.3956355287741944 -0.28735243593841975 -0.037226675292908615 -0.39145239579124025 -0.94962078895974544 0.90681663336654394 0.043201662978038367 0.24967111836120326 0.31573349250995808 -0.047568878994074942 0.032250586692169764 0.038812346188067962 -0.63789655057776584 -1.0565733788778249 -0.94533776536903769 -0.58407892142846307 0.36587164048348464 0.15902554895760676 -0.61428831639771997 -0.71009908747708683 0.32749472907934923 1.0963910703526427 1.85215174546593 0.34246354975458504 0.30323419548829061
 0.067530608092707625 -0.057957409406630696 0.58944425824555169 0.19430146782220212 0.15896027403545884 0.087977017162671325 0.035694259298496539 0.01398849115295004 -0.180513939180308 -0.50435709332417378 -0.36991326987309175 -0.47058107447595948 0.52493904295282667 -0.064383549469952922 0.51416691151846172 -0.050588623524850843 0.60939011598028214 -0.37851714300325057 0.26294989471812885 -0.18324054622800723 0.28740656694624644 -0.0395089396558998 0.051188235528734645 0.16324492868191179 -0.42120837567355379 -0.43813684669959541
 0.16996535492985182 1.9123308442518783 -0.98571433102034889 -0.54992507962049608 -0.43979193943816219 -0.91702367378492655 -2.0756896448187372 0.2194085310632766 -1.6158572969193514 -0.93278687920165049 -1.221218616680106 0.69150107020672724 -0.51500619220225485 1.9469899766519492 -0.28044123669449245 0.3994729020923713 -0.43973265371919323 0.010610271766957882 -0.48724570183666072 1.3243600690689887 0.25673675473674096 1.6284446420477956 -0.96191548142188366 0.38692878822010857 0.44814705589331338 0.14796703134007863
 0.095291789649465455 -0.42386691936825305 0.49497526357852978 0.1391962468004162 -0.0024768995285861855 -0.290758492522314 0.40409245050663761 0.17084824553621317 0.019299807006089326 0.0025855077415372105 -0.045767851117510867 -0.42246378512712796 0.52853001267159594 -0.56166246852641 0.40069406167648658 -0.79475232464349288 0.72747786470527098 -0.29241452169198573 0.34443604499501013 -0.31182566285696073 -0.46847296692107582 -0.5397733993706626 -0.22294017476994554 1.1732189746969968 -0.12406068653893464 -0.49400656731263054
 -0.11971354585142345 0.430513614325989 0.75930377402682059 0.74788145739692002 -0.33600141258852995 -0.13220066206313827 -1.6700746469479333 0.15488427076071631 -1.3406562631405521 -1.1503806513282389 -1.7444581860318251 -0.49920649803133349 1.7313885234911925 0.44411941191748699 1.0098678148358713 -0.001019283303393186 -0.19325825277402972 -1.5593552324800704 1.2178232556324096 0.058364496142855368 -0.16258885024902037 0.3155063850670119 -0.91694241544606758 -0.56564158133027764 -0.20203629255676639 -0.28543813569099435
 -0.16035875274284267 -0.85678133207010021 -0.58131156753198465 -0.22090101334215234 -0.24232331155149406 0.025279361488316186 0.43148141105693655 -0.019093293818551446 0.33095028824281869 0.87616081031344528 0.64056842240828404 0.24989441493445844 -0.90452505369048175 -0.81598626316406975 -0.50141880784029258 0.01610190697286823 -0.62980636817737035 0.91358918102538222 -0.20774906210329952 -0.083999391917003258 -0.42183289713617378 -0.030750755292314275 0.50594560661456356 0.033211496040717353 0.1451576904653015 0.241845166983473
 0.013336219395449562 -0.67741164225109551 1.2798568509747836 0.011031127807473494 -0.65607926984378795 -0.31272890420976035 1.3589781621878936 -0.037215235915784267 0.29669374566596418 -0.3030800344339889 0.027803255964580567 -0.57167940930546479 1.0565365261068622 -0.68028158781069958 1.4479501334474134 1.2163576919370527 0.18416187113041846 -1.0511870664246306 -0.54785557321690148 -0.40541848490153848 0.20405126232723433 -0.82149409736536527 -0.090733534372987437 -1.047517859571665 -0.19615497141592589 -0.56584118924479276
 -0.13544003705013927 -0.91733232787168739 -0.82142913495379655 -0.44050675843213816 -0.29901081794739864 -0.68435779811489927 1.4321857355128085 0.14863520131914115 0.47862152183125378 1.0140870412827663 0.86704712121738481 0.180489477413074 -1.5509246121383784 -0.9797951215792069 -0.94418905843088063 -0.45010593942855431 -0.077185430579993983 1.6835495252474904 -0.8578319722200265 -0.0057120329334658165 -0.61104245298752891 -0.085611068051226202 1.2201080405092666 0.98010723558162349 -0.09866817482188836 0.17440903298988777
 -0.1207703021705254 0.9981200908339346 0.066301591825221023 -0.47438770589114737 0.47915309227391023 0.43525728502213862 -0.40561854358242366 -0.17384619198101753 -0.024047924610969044 -0.47698795713699665 0.13894829779469178 -0.062224444139224039 -0.18380187095191736 0.59503737546325519 0.054178999447298995 -0.016213291990608929 0.60112270089300512 -0.22672018597382962 -0.23068437600088953 0.34901336494424223 0.65785171132932152 -0.19230584931135714 -0.63780545028171898 -0.79633534933314631 -0.36170906554388876 0.035008914605997796
 -0.04645176662422016 0.46599132333580018 -0.73152077531040227 0.027340639016786933 0.21070947115511515 0.15409676817242435 -0.2844450256194343 -0.2109065809217783 0.16519302560966084 0.32111914276676407 0.12158614942800855 0.65651162171542332 -0.81160653184290243 0.42582118757822135 -1.2165193254801863 -0.13030330724912334 -0.61082708980430767 0.89157483830049722 -0.095733203137079753 0.2729487010501091 0.044763474953182746 0.40042122835771871 0.5308163880870248 -0.17855956246122553 0.1484080012671434 0.80980889364418718
 -0.16894900245480707 -0.67710542804315166 0.65919159761611235 -0.33424922744452573 0.61533773526500324 0.97709726356022564 1.6589777159515287 0.17933115881396511 0.78369246672589954 0.54989647831179145 0.75730966612211814 -0.17723532209572088 -0.15321287173035622 -0.77003686515141212 0.42800783578137164 -0.40249519166848363 0.78878144433429742 0.1926252769274068 0.0013623028796239448 -0.34318240442313724 0.074186826275469589 -1.082873431012374 -0.044115550396354994 -0.44735681440812319 -0.96701290865302336 -0.709356151861953
 0.1666636634731801 1.0378734180190607 1.0032620066776663 -0.68301293110114691 -1.1965627109486767 -0.91974724470966607 0.2357880944693207 0.54864670623854284 -0.50551267163623415 0.30029301482733839 -0.078013248235591498 0.62630609017290584 0.62653767311578934 0.12163896782730262 0.7888671066732591 0.57346764260527194 -0.19685331756587979 -0.088191388512210839 -0.63324593580561617 0.42889037771853111 -0.33742233762191509 0.086851220491883693 -1.254880924792761 0.69941134697253093 0.89747135835324876 0.17558935547513221
 -0.16925001917658361 0.66330843824663077 -0.25154111805429241 -0.26584460124905918 0.75132403926083335 1.1963188995271694 -0.11660898477156996 -0.13354274929048424 -0.16032035069803269 0.2468598013139445 -0.012388187684280941 0.024881388012290947 -0.33301148796414887 0.27963735785068705 0.30790805941705218 -0.15460562724335716 1.0987257156110903 0.27468551426781979 0.14837248180587281 0.046866354703207568 0.54962707780723152 -0.26039599275338071 -0.50145357759096998 -0.77587195145748433 -0.95680762925450324 -0.4749050947880859
 -0.15334320728037887 -0.73881248381976772 0.50903955773658316 -0.014463221576619183 0.52645887769360677 0.32133177771626042 0.75786361689267745 -0.10164720856443105 0.82927496130778788 0.092114983209305543 0.49934733971929318 -0.42091489563767248 0.034887721792127145 -0.74660294686939499 0.24481076750834407 -0.31031278209510721 0.40923464652529623 -0.16309086280900142 0.0011617406031738759 -0.22886486335562645 0.02509198747501758 -0.8427345647194372 0.16970484616934539 -0.31946297313513916 -0.29827009989203607 0.0095024368152494022
