# Created by Octave 6.2.0, Mon Sep 12 19:40:13 2022 GMT <unknown@LAPTOP-P0PV0581>
# name: Theta5
# type: matrix
# rows: 10
# columns: 36
 0.79606358972522817 -1.0710100322087248 3.0378444413535952 0.35763964217018074 -1.7541039383555912 -1.8955867211946951 -0.18280172451090121 0.20157321494728897 -0.31320289772224902 0.20654918260731006 -2.5816404030638851 -0.80827713701894244 0.30325103014688626 -1.1639196161805496 -0.28749109500753595 -0.90198778576475125 1.8404704122504179 1.8993647294875342 -1.1003335009716917 0.49648298210254366 2.7058992376661766 -0.31399944919725048 -1.1063025222118421 -1.4720781061021606 0.62762219000521413 1.8614966992800062 1.5265388585842863 1.0520478036275798 1.7939188214963904 -1.2728144946402928 -1.5527362058709866 2.0101468143165331 -0.42717783669349835 0.4164926121708053 2.6745472916291817 -3.6007100513729351
 0.18026142639806977 1.6609761534521936 0.31314160176561195 1.3170799199573864 -0.55328260325149214 1.4742631654887659 0.53385281022423159 0.89578236704126202 -0.62208483046698515 -2.2308889040081126 1.0662664036518816 -1.0279650997237577 1.1319434951028176 -0.11581947692355124 0.32506266963230124 0.71729455345502613 -0.030067029395451562 1.0278162336134664 0.082073599193028798 0.24204865431036596 0.32738712395328357 -1.1206627363860853 -1.0484878672531457 0.48575425578450188 -0.72486739205856454 -0.10199004794293699 0.85603939487540248 1.0528940995738545 0.094445520108775896 -0.54963771010328399 -0.81811485110186233 0.25455641273989615 -2.0771410433629236 -0.70981085468995153 1.0167020650142242 -0.26474844969765859
 -0.59768093976020231 0.35180702633235023 -0.56939322198884301 -2.1029049016892865 0.77025046461728353 -0.9197778369711983 -0.55382687976592737 -0.25145145393197244 1.1117883422639869 0.87028862426836073 0.55171637078272706 0.00022435244830146809 -0.94342496361316952 0.59499297716973221 -1.0758689855372259 -0.0356555381018255 2.0330678262525672 1.3913333370710843 -0.56312170549912932 0.18752405044659842 -0.035935689795857186 0.82259455932369363 1.7120238888463606 -1.546427201168262 -0.36297544188699632 -1.9239392974474905 -0.4829076518348252 1.260804856661432 -0.87574721795090338 0.19629368342958825 -0.57729691145043427 -0.21961207911763408 1.4792152501455476 0.37030778798984093 -1.5738355920491702 0.05390424947019537
 0.12322915724027725 -1.1440533757830638 1.3257724637778403 1.2925767627652829 0.3578636472471563 -0.12779888908982215 1.1442051917354943 1.1188587343943606 -0.70433821707260413 0.48536306014195274 -1.367941395054135 0.36065508710329608 -0.91279159012739164 -1.8834858868612061 0.89195074553425602 0.1889430100544745 -1.4008021630596594 -1.3185951328792018 -0.91884454347845856 0.50482212821573658 -0.22808923532870351 0.88249221418423041 -0.80874219147160376 -0.17689259160212864 0.53737587829713518 0.41699851061199933 0.41240268878835062 0.043230092236439713 -0.042715226462308686 0.68134851934743601 0.41377462015309951 0.034324204170961624 -0.5586876168862065 1.46105058017414 -0.35652155499357679 0.19102709330572903
 -0.086336739145101607 1.0388794125294989 -0.87356017990864754 -0.96041556829149333 0.39849694964044696 -0.77095477374165122 -0.040758770204903837 -0.8821363127832279 0.12661724185432258 0.81395319416536582 -0.20573482471631002 0.36709812014062204 -0.12274067517437735 0.92548566651670772 -0.80072666896531597 0.29358258880525778 0.27704186827058641 -1.4704982778169295 0.0073598469047867947 0.0582202806594442 -0.15836905775229795 0.95160714139906089 0.92904607162580011 0.28430293287248759 -0.21871372199204334 -0.69924685224697303 -0.62628886828305397 -1.3713834381900996 -0.13236461853732401 0.32109188124689264 2.2015366286025468 -0.78300961340955078 1.7288565152428828 -0.036065741425444879 -1.9738720091128326 0.8941568251799823
 0.067693294054790548 1.2132501796184791 2.1064749816586295 1.0802863663846938 -2.4565557494116597 0.87275282007581034 1.3247650430968205 -0.38860747015389957 -3.2855323553154334 -3.3653413641880938 1.5478518425472396 -1.0961656910944539 0.31597615029949405 -1.2303393298307097 0.53468580254934395 1.3876249696067813 -0.87240829497908179 -1.1762601712611487 0.49729298967342211 -0.049432186361541786 0.71536122862180174 1.5372125592183583 -0.351552300853124 0.84356468286964492 0.069268383111569298 -0.74567062898541903 0.12409324470777791 0.42743883656578319 -0.22922503074123182 0.023847771972645898 0.27991103333015682 -0.089060499133107873 -2.1521780663828376 -1.2057387277441272 1.7075666452638372 0.19653863111982009
 0.11772266186922399 -1.0275897140385619 -2.6887572216716866 -0.39958141750119469 1.2980949045908723 0.47322970546883547 -1.4312076780398459 -1.2753198184635517 1.8824334747359464 2.6549528621480376 -0.6001805109754802 0.66386834781288773 1.6799944568517575 1.5241396047246127 0.15251421589025616 -1.593508746794883 -1.6197571349756466 1.0956975538768767 1.42338865532128 -1.7419696994383262 -0.38580212570180122 -2.1860016312197619 0.35735493862922046 1.1524772075305429 -0.59690756691318414 2.0020529522633055 -0.90995954130561363 -2.2158566085210185 -1.1929201035863901 0.053872303084097323 -0.67245669578426426 -0.66069752813183957 1.7573826349032231 -0.78141815454898123 1.0260640333122559 1.2939199492239601
 0.019108406491474248 0.41844064452589597 0.18293975953991382 0.38509211115922554 -0.77738091611946658 0.10550998087577096 -1.1137556030063593 -0.92496615665754689 -0.23873899141944877 0.44787474171880048 0.96011418204790822 1.1559013815442143 0.75544392614041112 -0.32947157027444579 -0.41240181209525112 0.33291495771126683 0.87208808652747472 -1.0845353189897839 0.24452263519076001 0.90233832213688703 -1.0790495785944691 1.1949479189492536 1.5868823483083061 -0.093074011269857579 -0.25326230084538032 0.40452238532788498 -0.12142705641304502 0.34427998984724978 0.024667110673156033 0.41232273945820913 0.56563116642347688 0.06116754437992452 -1.2237664587131505 -0.68451584369796459 -0.94360790686516949 -1.896764266142928
 -0.019879780818673899 -1.9815156736581914 -0.018961689608614725 0.35983993274362841 1.4084973663605309 -0.45367156154757643 0.023005197117798335 0.34686095483113066 0.99404494167270419 1.5365386570616495 -1.1119036615356523 1.2448420154012381 -0.028315572838168657 -0.26431081493606234 0.22492303392856117 -1.1591089828687398 -0.89474664756365097 0.2920481057821861 0.2813601241333446 -0.77436384111773182 -0.66243506145457876 -0.18809927984526281 0.19763296382184015 -0.46816968150006522 0.0063359667110469082 1.0409438785087968 0.22726875096508758 -0.16003008379737288 -0.28665376111829599 -0.015077772887636556 -0.15769520366262366 0.52549272500794175 1.1220329543143432 0.69035422716433936 0.65325453344435036 0.29648609264763442
 -0.58379040703704665 0.59362440510234438 -2.7897514008191706 -1.3791687582299164 1.3400496050027064 1.0111203968301312 0.44504888604287191 1.2070096514535473 0.88241723157995866 -1.4846487943437974 1.8597639883189125 -0.67019450122928959 -2.3786799183551186 1.7361716995206069 0.024563404521612462 0.7846427569394594 -0.21625848421233712 -0.50129216172037638 0.27557360630459438 0.0084845476914595722 -1.271231124021349 -1.4731964356543086 -1.3779597251990192 0.70482151238697044 1.1006850665353174 -1.9860803365007513 -1.5075795776698706 -0.23753494504399839 0.62064525672175208 0.19029095822691397 0.31292537387911251 -1.0480203360899951 0.4623008271954514 0.63949043174817866 -1.9559534049038807 2.8039285543946253


