# Created by Octave 6.2.0, Mon Sep 12 19:12:28 2022 GMT <unknown@LAPTOP-P0PV0581>
# name: Theta2
# type: matrix
# rows: 35
# columns: 36
 0.087827495212812329 -0.12498633462200266 0.92621231200317999 -0.23625588597094002 -0.50563016452206944 0.7886546244003525 -0.47865765590505627 -0.029576894190969531 0.44114581897626992 -0.617074626814619 -0.62540407432315681 -1.9046407745327507 0.90966247848500081 1.2782814651438303 -0.84205721489824703 -0.21284871826192345 -0.26491229334599997 -0.37722094214926066 -0.34182114749973341 -0.21780021063180871 0.12596138597270426 0.017460675199338038 0.33323264114379181 -0.28159895418083003 -0.46909891861962211 0.10714770922323102 -0.88383325991341255 0.11031763449697884 -0.59555192760338227 0.67124650803375396 -0.002942287454960064 -0.28778722378693439 0.12848266683408099 -0.45929989257038101 0.10484991107664303 -0.86851418287560389
 -0.065273307685509291 -0.16140778344763967 0.95619997342259933 -0.17788546846792394 -0.19283167371022791 0.12177773109900107 -0.28364318505014646 0.23599639769269956 0.22298749889100922 -0.18915259252810251 -0.46656039637480007 -0.57316684825143249 0.67817620951515689 0.89683378754932885 -0.88977184717355429 0.019050977544475874 0.25083383091412514 -0.19484576992522668 0.12968759193018806 0.052556314341246461 -0.36897856385036137 -0.28588665375997258 0.1894990149608691 -0.21447606494569452 -0.14295040954690466 0.18037922930518116 -0.16996039660891615 0.6647237142928395 -0.17521780570362319 0.35894183856191381 -0.060554218965866047 0.13185388706800108 -0.54597661317138069 -0.25358258236089032 -0.065054130852895006 -0.11184951101966406
 -0.23292528848944918 0.56747895363041023 1.3596709785757293 -0.059817963029752938 -0.86380224392924909 0.4981688343882113 1.4327015191213501 -0.71927775552582873 -0.10974903624159285 -1.0280868672540033 0.78048294740058055 -0.37246269178360242 0.34410514473388626 0.024248188142598111 -1.5008851744267777 -0.12322191287957814 0.23410361574980826 0.55713422437495863 0.58622859740368216 -0.53374292423259284 -1.0328157778982723 -0.44245269684136512 0.40874123675851948 -0.0072714150935862887 0.21436336675018178 0.66660720606147295 -1.9848771600779267 0.98853311686451817 1.4362687198405875 -0.50964786567853215 -0.57674914745263084 0.89405495759483267 0.27775668583381063 -0.72514325309894745 0.47171247682660583 0.3821306991243239
 -0.021647321084739667 -0.98024532141706944 0.87147849003619893 0.50773560014647601 -0.71789906406194626 1.6227068928947523 0.24195598625919584 0.76618910965351628 0.096641112199969473 -1.6957342961195414 -0.21635296529619846 -1.4585789597696479 2.5263805347525974 2.7398295598584821 -1.4778760446698653 -0.99870085137389575 0.66526086221852332 0.66341931849488534 1.4476742124398643 -1.2401377978675392 0.10913752724071146 0.0062403938761801591 1.8663952884023771 -0.2770286179529009 -0.74991439247611158 -0.032066426205307634 -3.6264264832379234 0.19515310752729195 0.61289968555994379 -0.0026246071745223312 0.0064143701415160931 1.7647982303580101 0.79544491890776159 -1.2984420201668956 0.1635800159344914 -1.3802112174765409
 0.14942139116206435 -1.1298405479838904 0.32690626368048953 0.16728301638164236 0.029772179583718344 0.65892968097664006 -0.796235106759138 -0.65770728948923229 -0.081179224879295311 -0.063022146432295575 -0.27629283835575424 -0.7662556169841952 0.38485483903091877 1.0580505992516094 -0.10469671313849441 0.033099964370039557 0.034069492839443757 -0.1526456008283274 0.0024847317541155808 0.053674363300338944 1.9435073302727874 -0.082278843154450235 0.83203541931758984 -0.38298771330121067 -0.77388279944470029 -0.59046307959217104 -0.76078118705721198 -0.57591236479587282 -0.57336356466143468 0.32624108663939527 0.78002311345146602 -0.3889107559031621 0.74919175810281669 -0.5144077465457505 0.05774401943251542 -1.2648864860056739
 -0.058714053123361191 -0.0082652131123170398 -0.074281381620210057 -0.25383030687311009 -0.6236875282260842 0.29705961840962958 -0.32533872054536073 -0.043458353879091624 0.014966984709146368 -0.24874222314740899 -0.41356786630674758 -0.60242686306559057 0.36053668855405874 1.104190364717943 -0.12786578525752049 -0.0060469845144066562 -0.07570390635576682 -0.14535046462337439 -0.20327040263609933 0.14914010497984892 0.49480079238137742 0.1810220746823282 -0.075158562037243998 0.50140765606115867 -0.45219633093808409 0.5987958102051909 -1.3728181230345953 -0.12474440479982014 -0.098566442757837033 -0.019246364787305039 0.58132168012767316 -0.074650257268140355 0.45804756807296876 0.36887452335044962 0.26219102102435798 -1.1383324951942457
 0.11355746880049893 0.4297925843955846 1.4877479843554744 -0.98830554327875508 -0.78998466657063204 0.58360960039985244 1.085607998457254 -0.15852997633586113 0.11006760632286743 -0.76285414525558826 0.37231646451071548 -1.5069679236381268 1.0908824274911446 1.3940556058612774 -1.7568851625490634 0.1236615867417464 -0.67306706009953321 0.20630667184833293 -0.19862348243166322 -0.063308964809872498 -1.6310758201891895 0.21928845188560003 0.15015455720091947 0.45467126412641878 -0.11738892619902247 1.0133159650379771 -2.0232762366931509 1.4325809443735922 1.1650094218135605 0.40800910424130066 -0.39574221990399422 0.77547281551752978 0.12344442101430843 0.085227020675261847 0.13029455197618425 0.096397536951816284
 0.044861303541768822 -0.9092160577896341 -0.61283833110172903 0.7710086587747792 0.38806382803413397 -0.3503187496672604 0.2123553721930389 0.042307841507666276 -0.23898055935273776 0.040355016790579838 0.30632152251443578 1.0577872185968198 -0.68148904927669984 0.2644737078105977 0.72591149253713938 -0.21492715640563154 0.42760892570563219 1.0871100553738597 1.2157803583667235 0.10158715001351371 1.3275071920545416 0.29731060161645007 0.36096672723221651 -0.35733780543051075 0.016533136056548669 -0.77198816000568715 0.057106855638570389 -0.57525282375119879 0.046938151936236149 -0.04972999315862163 0.86805550848576374 0.84704232872697138 0.57731746487995694 -0.46054761652531984 -0.16433192775801306 0.098402264862941152
 -0.2445346612020646 -0.69298125710096348 -0.74896906797597851 0.82658044577874823 0.74004165423862889 -0.33135593419917109 0.25073980447821514 -0.2269611344518771 -0.52786476429614404 0.64467234320488098 0.20457681743752543 2.5874809752670025 -1.2657612904875324 -1.9770919721410691 1.2557913619093175 -0.25966099814920501 0.048231334207788391 0.66189366594508714 1.0408975959970115 -0.060672753677813517 0.74799559077367817 0.056027061268907434 -0.027359979518139694 -0.18016189365768775 0.39299134094548283 -1.2104852685618528 1.4540422545217164 -1.0627062748309324 0.0099430920206967973 -0.95630296856841446 -0.13892937796619054 0.50615160423025585 -0.41225879521323022 -0.15149639916633861 -0.10642387283487154 0.73828481268368118
 -0.13446512445697245 -1.0772077171938397 0.90259454989116139 -0.35707046644868651 -0.10002563193579501 -0.5815243328377403 -0.62268730318052867 -0.45396839687796142 -0.0062210180094449622 0.48510627015863872 0.29264648319127362 0.67258421123461021 -1.9419148930474672 -0.29777378311937042 0.0039558354074693816 0.41033078257720423 -0.11803492380581018 0.044916852506217048 0.13926049256207063 1.0438131914654925 1.4220522156241706 0.32848167161977671 -1.3630799718053974 -0.10376039042916049 0.13232399583153431 -0.519294907070045 1.7150593032288424 0.049448527124326666 -0.75706904238811978 0.06462086005110558 1.6070036925723508 -0.055122796443870144 -0.99672031467161448 -0.12753205951007512 0.0026356601273047559 0.30569992400367585
