# Created by Octave 6.2.0, Mon Sep 12 21:08:25 2022 GMT <unknown@LAPTOP-P0PV0581>
# name: Theta4
# type: matrix
# rows: 45
# columns: 46
 0.084267401266476319 -0.078350004448114949 -0.69403216015302527 -0.11148147988366779 0.21730776891953837 -1.2624727491647925 0.11213194846246703 -0.13694077813495731 -0.12575500375375448 -0.2344925284052059 0.11144257992127914 0.31874352971532466 1.546928437268823 0.1383956892156093 0.34892428533667263 0.25453198015136447 -0.98452000975267284 -0.12023183948629863 0.39252939458591729 0.3721958844691392 -0.12712134957205579 -0.31640490167217317 -0.26831329599211762 -0.25994193621770684 -0.25509730716949708 0.58844039933266112 0.44856471460452069 -0.47046337928422527 0.19386362507909424 0.16362089715082287 0.62590507984608912 -0.15215993619187596 0.73073552393116226 0.26515387886132968 0.61837259816924184 0.1105515128292052 -1.2844975040212818 0.36884001101054931 0.010436242727886194 -0.7591436397840956 0.66123476845264373 0.7802939346826222 -0.54722082991502463 -0.55834884211595159 -0.11744739990826006 0.69751299478094764
 -0.030356837432693646 0.14376492543534788 -0.98409046843037584 -0.69619512186861077 -0.4750625608183322 -0.082915745997327428 0.23226082766174522 0.60470219350139287 -0.018942978297762418 -0.28337291399062076 0.14645872496198839 0.51880653870303695 1.098458861409491 0.035541694360602019 1.0453540374980193 0.50132006104078075 0.30704529324443947 -0.96223153549335705 0.26371967672944346 0.8158436036237493 -0.8580829634026006 -0.6367655957443985 -1.7262005634657471 0.44898138721899711 0.20608550372747783 0.33825411614337819 -0.26146302735883425 -0.37416152299991101 -0.45918278616736513 0.29181208453850188 0.036226353318734167 0.31924844135905278 -0.25245661824022592 -0.26532559805232336 1.1168002782141899 -0.080216371795979582 -0.67337469639991454 0.51817960392620266 -0.6573795072001114 -0.8069571087287043 -0.55550560154065898 0.83999889408354844 -0.24381025174015075 -0.23211472589220333 -0.8687777989933988 0.35201267952631032
 0.00067996714837387489 -0.25665638877076397 0.52326431344190572 0.047438047883876185 0.078237974860913828 -0.11837423758871644 -0.24098255666163385 -0.33682194236231139 0.21603832370165174 0.41077088591627475 0.074281397970278648 -0.15526121903297482 -0.47364879894986195 0.008577914724406499 -0.88427986111601287 0.74259003014040337 -0.25999632699874264 0.88474989255501857 -0.31595461066433661 -0.028775782114116088 0.78045490839285925 0.2393451542541806 1.1152244077460283 -0.086077321058163223 -0.15086300727289972 0.40685734591167483 -0.073411349435885384 0.055274119734956988 -0.0075332756891368004 -0.61603196772980962 -0.049320254491284889 -0.48616279577608212 0.72075665871715311 0.053586896745306208 -0.17853870951301551 0.50147125502429091 0.098095745523339134 -0.56355842957728486 -0.14970455323761311 0.039173599493076382 0.18677565551428729 -0.44746661870338922 0.14793757013343906 -0.21714319288133088 0.051520441470785543 0.30893507269078985
 0.012519002394420971 1.1442525617326627 -0.18123628943169451 -1.1036227879769132 -2.3607757600299792 0.26733734234064699 0.043099884925480073 1.2417913132863347 1.5114540656353079 1.6474358773184838 1.2833518879544235 -0.10063770528061718 -0.68288429231423775 -0.81507070037155605 0.083750235799558204 1.6104245032165334 2.2277831325340602 1.7144578319407977 -0.68459285401192305 0.25500347764786946 0.53635267700437961 -0.98778531908626599 0.90684175344994733 -0.60556989986910814 0.41366182893789083 1.5103677078736337 -0.29483778325946991 0.64848966066357261 -0.78701533658589407 -1.4287222766362273 -0.7435022453855622 -0.49425321222349777 1.7421145010889711 -0.93182489047644124 2.5904224285949033 1.433907810471488 0.67581131038761411 0.60870962998538158 -1.6093124162815624 -1.6746187815294327 -0.55758914188491904 -0.33633630559309791 -0.95867073074734355 0.47094588473604981 -0.2741545666470534 0.6711017973943938
 0.048026355029613742 -0.71658038906488186 -0.24745911769081805 -0.20015139526245546 0.3643534067128863 0.30741974375021652 0.12128583488086296 0.4661055067379809 -0.747000857343466 -0.096611198293525893 -1.1760770887296357 0.19895945786776989 0.72429896247208991 0.24374945152461319 0.64069672778363129 -0.8685693127025399 0.53292632341862922 -1.8514116414281763 0.44580880427024289 0.19699449669321473 -0.42923982688073709 0.034832503397543575 -1.6150100019341986 0.38135587138069094 0.2517233249049447 -1.0736260999683211 -0.29949568126506432 -0.38478400598238721 0.023884703502243403 1.3459875257795608 0.12699914752244906 0.30597671236950508 -1.6735238465597368 0.57236559640716811 0.1359407425676733 -1.7089202189256449 0.60224427899198452 -0.18256727314458485 -0.82557874532819131 0.41257923043366401 -0.67857834860521038 0.61054500914491472 1.2989009168707399 -0.22265714570262196 0.40130972484729427 -1.234263841394204
 0.012693463141267932 -0.4627307704241348 0.80805648679494724 -0.39216264871491324 -0.86855502695057851 -0.050750985666185425 -0.76330384362952719 -0.32841671054003518 0.25265063899177731 1.4397403279216561 0.038851820521788288 -1.3514400368554613 -0.30132374850699606 -0.31611083977410137 -0.80487393996665046 -0.011965082718430468 0.60487134848609403 0.28967204559116022 -0.2154252498474668 0.0039628884392266389 0.78541381512685748 0.18660581089790124 1.4956725224656191 -0.60828984467384495 -1.0473153684143142 0.21730584172158943 0.3557069008025735 -0.57826690558097693 0.5771175727490826 0.42805380834996032 -0.31895678800080057 -0.32483270288569749 0.9188370763535485 0.45587887250066483 0.89631676427952467 -0.45917956943769372 0.66781221127781543 -0.70955047420062722 -1.6648513836961849 0.03837279595028751 -0.17524926985942579 0.052628905072290538 1.2304052628837236 -0.14310765893999253 0.66306646408174241 -0.51397844438173956
 0.071684843359481748 -0.26699370044525844 0.22280813585795048 1.2209738937864869 1.0087132282275393 -0.51231790421897749 0.57472063923631822 -0.14986148121556239 -0.54219914183038243 -1.3926502222631687 -0.74202255162726416 0.41387283162879362 0.28068324995887856 0.43998170008338372 -0.094363749477698489 -1.0470108607168522 -1.1098918797782256 -0.1734249377906886 0.36812625903088686 -0.4308784025653874 0.43179711625060024 0.15302280821476805 -0.18061828464601626 -0.4745502606936956 0.62739528421558799 -0.85400140467868535 0.027195081851266432 0.44511388093807186 0.57912073103101591 0.20120286328720213 0.38969379792931597 -0.038384815001718336 -0.95526348488603596 0.63308176429656216 -1.6539490431010053 -0.60201351407737103 -0.11287245878965063 0.26219118520119106 1.3028622235491387 0.85555326420542888 0.85294576908181186 -0.090904726211132214 -0.043163756849291891 -0.20025646844250281 0.72764966933596331 -0.53619853443926002
 -0.065144321298409094 -0.42335247278624771 -0.10317485045272916 0.56189789918864308 0.93159314180712516 -0.65261424044273009 0.032588740172563087 0.078599374953812112 -0.27066748173667288 -0.62980807857639454 0.11331450091742061 -0.23450448815464003 1.1964962069285046 0.49565829222990893 -0.14296189047035057 0.0046584958621761112 -2.060366753931711 -0.011321806724161313 0.3755270180265321 0.28635066195374936 0.33114121814599917 -0.11738490055157816 -0.25542130400619883 0.22908591916734614 0.040218673528280527 0.18820041543520194 -0.50242408011930162 -1.0318152976902208 0.097722081516923326 -0.41361066562641124 0.83797272536795209 -0.29690216072881515 0.33855513308186896 0.56581540231275873 -0.23874745176192944 0.33799823539906554 -0.74742169021200577 -0.30898524218312773 0.67781914226904283 -0.066159696120439565 0.29291191075451589 1.0782764494986699 -0.13204410832494004 -0.31663610759494037 0.18214688261338233 0.83752655684248745
