# Created by Octave 6.2.0, Mon Sep 12 19:05:06 2022 GMT <unknown@LAPTOP-P0PV0581>
# name: Theta2
# type: matrix
# rows: 25
# columns: 26
 0.09473552424404813 0.10479310375532978 0.069750202371292883 0.23314033329579617 0.057550558634050918 0.12683872213303099 0.15042638130939545 -0.1245427359980627 0.30853060454840681 -0.11630060560656241 0.079216999180665132 -0.20391587628223554 -0.019089260697665034 0.10531478814660106 0.040412006948029003 -0.15671929273296326 -0.029697622247495781 0.085836616064617635 0.0014820157466806194 -0.13775004248056946 0.041550533191085114 -0.13752392636304839 0.12105511841297305 -0.13514074350522487 0.23993401844788717 0.023012740662365444
 -0.091975581024948683 -0.38227827465084657 0.33154236906196449 0.10254897086149405 0.12410515566990468 0.1388211547033294 0.36100625267670799 -0.2430858304607583 0.63303852669365857 0.1837130826438329 -0.01973398220974467 -0.2135937290022282 0.080955978859724886 0.015876412599209536 -0.029456103488482988 0.38251431643838613 -0.41114486384380433 -0.28852274022182861 0.24337737723116512 0.45692985731593472 -0.2207002203596346 -0.39911692247594832 -0.0052547734796141833 -0.2653968567215389 0.17403083781378553 0.40309260359634191
 -0.13356726677728478 -0.51072899893973467 0.60094155715791142 -1.2692959530602117 0.23647849885988317 -0.022248226432635809 0.89656441276472365 -0.30628520097655204 0.46248779848824839 -0.70633268373640645 0.21140674362429723 0.072418919495146353 -0.068613202827319947 -0.33080057944213626 -0.14068956877209526 0.58696577048773046 -0.2729740957921945 0.19841418693215612 0.61014458903344404 0.32021747842418885 -0.35866179749165805 -0.17789826132690909 -0.1141962829689523 0.21337850373382858 0.035664716343467108 0.62085027607834531
 0.011029321519987164 0.92438099983839417 -0.28457441419504603 -1.2784595330973396 0.073385669040409759 -0.36541348942937507 0.59761450186249032 0.33267543964817897 -0.4496880726928929 -1.0811526553930177 0.59893189876108532 0.61219324238903816 -0.042049600130455292 -0.37122402906740187 -0.14792359533579674 -0.46591747264018119 0.053936969321250118 0.59406696448487706 0.4005480809269531 -0.51846111598517208 0.2272150616231412 0.77257236224360748 -0.01956894925003488 0.64584918414066439 -0.088198310986789541 -0.15100234791897757
 -0.13522291059655689 0.99652310009313538 -0.47492117518926891 -0.25270812828462752 -0.17353754359255039 -0.37362862514087869 -0.12805508890899509 0.26607964444269411 -0.33642612326383919 -0.50917676385171062 0.323557508833554 0.12639110486265873 0.035812902665228782 -0.041498967501488869 0.013523506039761863 -0.63359877051856628 0.15942868507847036 0.28656639761340597 0.14057540199145091 -0.41437348706581295 0.12347294212063563 0.56348520316524198 0.24660263977540459 0.3743532733033117 0.11545956227024683 -0.61237417524051174
 -0.10915729722076549 -0.26042225459830426 0.10741874387783162 0.56753419233896518 0.05703225455811866 0.24241478241910017 -0.22733019522563924 -0.18579356432226432 0.15965381159928668 0.55924557910635964 -0.13947035613351927 -0.11096382298350664 0.0070803433309232222 0.13946814352641601 0.13655956464722296 -0.057392895141862819 -0.046421746042312986 -0.20334766346876651 -0.083326585081411039 0.19571239419291758 0.058328661113720315 -0.1690838656995424 -0.13952306640094814 -0.34106342915424448 -0.16734586332134774 0.28790937174214426
 0.001463576491489111 0.40204505767606391 -0.52491463940991789 0.8225804627383887 -0.032895250553460695 -0.015625658691991732 -0.58057865912128837 0.23889822210871303 -0.20059040993442337 0.20106153629122109 -0.2401641823869452 0.091561184583645525 0.013710599563895387 0.15241554142986702 0.044501376333044372 -0.4476514243774633 0.35264403264066829 -0.1749790122650344 -0.49332809608854544 -0.23479811348084434 0.22527266767049656 0.07668734495199199 0.039854121245260485 0.031793430460379399 0.25556820158613031 -0.33249714008049047
 0.056771164287028955 0.1778305001507263 0.057100587464226901 -0.17642093877272866 0.083884946565432231 -0.10037698137602244 -0.06085723326219538 0.15909117297360975 0.18417187612709271 -0.10154778711669719 0.041459444350964582 -0.091511590489685171 -0.0084346713243671229 0.11552486997367516 -0.015084676205578695 -0.065564876260561053 0.07297626056171376 -0.024649741286810044 0.096681999746417405 -0.12503415548072067 -0.081878413832764022 0.010057585933716017 0.17199199028384926 -0.047510707860565167 0.113311056213413 -0.11809130470277812
 0.088399116101200659 0.42385859718543745 -0.40650746031156848 0.37139440282540981 -0.0081660858346198923 -0.065493258492341902 -0.39844676526986389 0.15116464566956378 -0.37788543034486344 0.1036672762985672 -0.13797805508762376 0.26605266497165497 0.018251890113923499 0.16713630985494826 -0.10585257556623008 -0.118265225213532 0.15824930461732284 0.0057650674315846721 -0.11479842840996692 -0.20262302437018348 0.14243096804297167 0.21192398042091318 -0.092106034722011662 0.01143634259626514 0.001342094888970406 -0.37444411402069017
 0.10566072192446549 0.301499613876057 -0.60132405565541502 1.1044062265043202 -0.038590555651674199 0.090949781926684153 -0.63018943373548475 0.0051693231477748253 -0.43802049753081751 0.59125399118463051 -0.3655872502296092 0.18853820365034443 0.00028003188285136924 0.30762002668895394 0.047983813905040695 -0.33142519391530711 0.34838191278023312 -0.021448905912269705 -0.49487306138453779 -0.4114534096000852 0.36884579290990754 0.070512183944660994 0.081377942028995592 -0.070310756372442829 -0.075703262977599189 -0.36629355227834942
 0.054339747262303624 -0.061059703588177118 -0.18501074365964582 0.06812141432491467 0.02021458251554371 -0.06845322567574319 -0.10376705046425823 -0.068339677669952942 -0.032953481232319608 0.11302192665835588 -0.027980345641532092 0.1943211742521081 -0.074474979614447601 0.060705088058050895 0.066872836325061288 0.16976640961616149 -0.00032561227122921527 -0.068692573770390994 -0.051016504635521633 -0.079710454107977544 0.066027745418070549 0.030555180141846137 -0.090367715868295589 -0.082804266861354517 -0.078157442976769104 0.12648129656050142
 -0.046880942213118122 -0.49408435772200504 0.36841493394439595 -0.36868520491094209 -0.055251303561165602 0.2286606218761931 0.29253890846009989 -0.14547848724014589 0.4668857104702398 0.041318193076496861 0.096215868636287699 -0.098812354317214579 -0.0566941559522538 -0.084680943239542589 0.12204726262177219 0.22825145100825897 -0.37988541420726396 -0.034482393643156889 0.35424615543002913 0.25804798583510941 -0.055421940916670055 -0.098337623842752769 -0.070541648668206836 -0.31985239520711989 -0.18144837700950381 0.39934971505358408
 0.019778597662004533 0.16437624511410723 0.35834145087364239 -0.23655655909676207 -0.014003155381794434 0.056004670131436465 0.08603184991221173 -0.072877907965484823 0.4236591046997436 -0.23863963294473639 0.28825208499784483 -0.18098382139899841 0.15179983918548937 -0.067075892093035411 0.03747252169121261 -0.23215327655985893 -0.15866161123415187 0.1269573656062512 0.051801005802946991 -0.12167651845571176 0.061612788814864206 -0.067841709277925918 0.41588823612645448 -0.089833010611195835 0.15916588680346055 0.15061971393857082
 -0.027254756625932068 0.35123243343913457 -0.41266289757833935 -0.15896568796461674 -0.13473915775104317 -0.063575949783021918 0.16517800895081169 0.10074505871347909 -0.36241033150682267 -0.26795281609112453 0.12806835609690972 0.36844832461526994 0.1076731016805048 0.22891958902976417 -0.11458991229594995 -0.320456547432176 0.25670366777758374 0.16807956542837457 0.096841409062987327 -0.32560832160296577 0.14323799772675216 0.48609810637582751 -0.054354114670645257 0.18186907669056981 -0.20210458742650539 -0.15609885846832205
