# Created by Octave 6.2.0, Mon Sep 12 21:21:08 2022 GMT <unknown@LAPTOP-P0PV0581>
# name: Theta2
# type: matrix
# rows: 55
# columns: 56
 0.056714979985861225 -0.041737595095691041 -0.040569497188294987 0.24178843121486396 -0.12984564762402143 -0.065108266637512791 0.17488561765642618 0.26625326386574616 0.055162714358395822 -0.18661503990037515 -0.0012226245671403432 0.10726691044850598 -0.3112655535876277 -0.19113154740981914 -0.14358524603212808 0.071638698059837289 -0.0089512999688283017 -0.11189018449927995 0.082266320394110692 -0.12421297764958765 0.24029654235274422 0.21969531380777294 0.328440394851648 -0.049267484551625065 -0.13028251118419182 0.23365779151258331 0.25570219709772435 -0.13532085979619185 0.26352854728962655 -0.10482863105182304 0.025163060200917967 0.049942457196545442 0.10220143352082699 -0.013127934860609557 -0.021885743467807202 0.26062192245267479 0.12722309496588122 -0.028100013397683934 0.089747332647686376 0.31216417757471654 -0.18412873127399601 -0.1128170099633819 -0.27524495009553007 -0.26153009462928034 -0.19803859185902684 -0.19892157986217313 0.16022405910649234 -0.067163356899229421 -0.25546157847085116 0.014695759860718005 0.19029265680431098 0.067596713435008823 0.14468067246360106 0.28320428081388516 0.15283623061541224 0.12813520264753647
 0.061820426398009276 0.058774459933173248 0.010299036546472786 0.037854360480699005 -0.17087552930978034 0.050233746391007188 0.080735930688276836 0.00083559402730332653 -0.021721230206396852 -0.22427653288057914 0.018584960962464359 0.036410922879808225 -0.26468383710535992 -0.16811614653450921 -0.16979508801644017 0.27132862334518548 -0.11130113825818715 -0.13830071134391736 0.15848521800051837 -0.15528790569442291 0.12968886592538589 0.12230066871603483 0.074326704446761663 -0.1253734900808311 -0.051579457274020253 -0.039032668384416803 0.14899095213799365 -0.10000330737259826 0.19097211864026259 0.010106438132862543 -0.048689708417234842 0.0098602455816699883 0.16066061280243843 0.092879167582207947 -0.16098403689579951 0.10416382857007818 -0.1181271295766512 -0.057968367503970719 -0.12723117204508247 0.19340468620007825 -0.16124341191303398 -0.043546614641120404 -0.083011729606019158 -0.15618469634662871 -0.036851580772700634 -0.18193608214336315 0.053073664785839678 -0.018789789435673172 -0.18937449407233134 -0.0061286675494170335 0.19221618083589762 -0.058926122573932961 -0.014201560259258211 0.10647043769248102 0.095915185732157737 0.14304642439631751
 -0.060173605172298035 -0.027872627275829714 0.12845789127930146 -0.11205946676349754 -0.14977673881685666 -0.010718621885147829 0.16078853854219602 0.10689179355769028 0.11459049381297008 0.028883221239958911 0.17627501926678646 -0.19537897791872663 0.22419897184033505 0.12907928563021814 0.012048728748244041 -0.04590543226381251 0.29615999239652635 0.015627503238259132 0.17731710694005959 0.0041756983616517687 -0.31473050429090887 -0.27847813857428483 0.0072375269410230965 0.12787237630165146 0.13859982386778405 -0.083591133929920569 -0.11387743198694224 0.080809693000314015 -0.15600562751285044 0.046007249120129823 -0.10614268756373482 -0.20581444569174015 -0.037404614700708091 -0.14837585137459611 0.23321186501473265 -0.25736839085566166 -0.11699714839808296 -0.13818204237439743 0.14834022535453878 -0.33685204666835311 0.26867215553102564 0.12584025056182679 0.028602174313331546 0.21688790256399118 -0.043100658334306888 0.05810339310367528 0.025472437750352062 0.26394144716893503 0.25250937820694652 -0.38333503081382603 -0.12629664679560837 -0.118630462491227 -0.27806076816208086 -0.21824376441736326 -0.34536136707646398 0.046385131328536063
 0.0561844390574869 -0.051103154140950791 -0.060215351590705748 0.221404793709017 -0.30637209021264128 0.086754535923451212 0.41445368924480303 0.10447566872852168 -0.087979354906221913 -0.23406283845786155 0.12618064429064843 0.052109487549670243 -0.081223644373315085 -0.16829556495031106 -0.18342426449636792 0.24128694803523024 0.33950999662395132 -0.22676090643992672 0.28896796031866234 -0.084325706183338039 -0.0074249797930532576 0.17652552955104336 0.20864466581262622 0.023429587748125327 0.03648205014125764 0.1148732387544972 0.043685306495759413 -0.055774759406229772 0.042469531653478144 -0.069491999855016195 -0.10733841033340737 -0.12952751396982159 -0.11425027581999261 0.013980233250362779 -0.16238319570058107 0.15330981733885113 -0.12295541066152009 -0.087884454545163471 0.16761216304400303 0.082738201708195985 -0.059559705374287425 -0.23817412366601698 -0.057563961083661096 0.059415935763273718 -0.19838751829406914 -0.0075330623936599268 0.27179879037168447 0.039470252825920323 -0.080548325002706395 -0.26661838445287006 0.079837321674173234 -0.34888182326045963 -0.19452066630430076 -0.088653269828851217 -0.16811756178908899 0.54258685336180779
 0.093568815450009751 0.10507147405250851 -0.019721134896641526 0.076544361562336613 -0.23960051129963725 0.062646385164164806 0.13527351993704279 0.1972263973481479 -0.14436240034062739 -0.14407330225831591 0.13941387760869833 0.017606723235352215 -0.26740186813201927 -0.16147382977122432 -0.11667243069175003 0.15201105717089836 -0.056151963282393268 -0.32590301753136708 0.33157882750663331 -0.15935784925582738 0.11332386299333472 0.23241387232355917 0.25142759640293189 -0.15924115450735235 -0.059234731933493871 0.11811444449271161 0.0078736138053079191 0.079408021810280519 0.069245757846911518 -0.22123050970822175 -0.033326466592971581 -0.15853873128885851 0.11428942462786626 0.099271473349479195 -0.071908502719022341 0.077711698949007729 -0.088369727138840809 0.064649392952411566 0.14215209367480339 0.13443389252118892 -0.12328959975209769 -0.062833317245596279 -0.14202897101755935 -0.055988199031880549 -0.069529905722275229 -0.24091613387617966 -0.034101300496997597 0.00025226295222277275 -0.15212697689311577 -0.10077975561756564 0.070715020005393855 -0.20030597994923616 -0.073650060160701053 0.20359731688384192 0.074115845198210448 0.30574334280236415
 0.11809078186043 0.1492986329750757 -0.036225127830603887 -0.03755019479445839 -0.20376810582686231 -0.072310324852138563 0.20670266067986059 -0.015048255168293159 -0.17412127274927994 -0.23157848204354467 0.2006047214087664 -0.0035095632004864862 -0.18653297221252871 -0.038066041206516937 -0.049584989078068638 0.41232932607541106 0.1626597075297713 -0.28507420119832566 0.23703997986553937 -0.18961099311397084 0.071051307029901783 0.0022180984018541319 -0.079289017728650546 -0.2176227552758265 0.14575799313077611 -0.052499690882375785 0.08552426968528723 0.0070230345205826933 0.14534980213219581 -0.082689505501784694 0.15862423553906294 0.021720380142122235 0.15277276959634825 -0.059818175957799022 -0.04241568075834757 0.032788763020986697 -0.23906178848584969 -0.11651061301847207 -0.11008182933123087 0.2568410210429945 -0.22271089107458469 -0.034459637414764904 0.026131308065051158 0.12543350053429783 -0.12325667236283515 -0.12392177025568217 0.034030662633084061 -0.19054618900105563 0.1169486228776464 -0.065879250993131702 0.14101820332080781 -0.005963373825105903 -0.24277880464259427 0.010312594953321094 -0.082643097064195203 0.14867950038905525
