# Created by Octave 6.2.0, Mon Sep 12 19:27:31 2022 GMT <unknown@LAPTOP-P0PV0581>
# name: Theta5
# type: matrix
# rows: 10
# columns: 16
 -0.71211746903794937 0.6550478750036931 6.1034209632140319 -6.7970640003865554 0.17072597068993006 0.8764071144063319 2.280427385172124 -1.5155765670062511 6.1848577238053508 -0.58425444941116644 3.223357924662924 -3.0869823279386925 -4.1032766310642366 -0.30640912582978425 2.0068661509184702 -1.1937018393155068
 0.056364593035254228 -1.4307703877351323 -1.681136625403858 2.2533318351989871 -0.55563669282604577 -0.47670528426332237 -0.27408137672218663 -0.32512845152851921 -1.7801646361861665 -2.0394631377384407 -0.46030550503018997 -0.24770520601317667 -0.87951901850201564 3.3949217066907349 0.87947110814568852 2.6779578844763021
 0.4028470867547535 2.4115340179808529 -2.9130602174575606 -0.32540605021244695 0.38279308797208345 -1.1687316573698869 -2.1911820867493441 0.66275071726767165 0.51572963940691641 -0.51455211179824567 -2.9818790712052134 0.29382799775452439 1.9577944710578392 -1.3424703545706327 1.6289891565534327 0.2991575465554287
 -0.32352320234174536 -0.06610427258275578 3.0102640052603138 0.29758589134523256 -0.23106575536758248 1.004772270250333 1.4697462070997103 -1.6881984374397223 -0.4014457204523022 0.2910092480315894 1.4303512112021757 -1.0685821385966405 -0.17549205193739636 1.0999764330871205 -1.2212310327604519 -0.62730779555037686
 0.44270023682779969 0.084477949907221947 -2.8506068487129985 0.99041360192347483 0.75567886778753335 -1.1462426011005835 -0.97196121418128589 1.5342284048626398 -1.1284857321721797 0.70844632434955968 -0.07069831425505195 1.6291286446003024 1.6822808734971713 -1.2608869794950528 -1.0781433906637863 -0.084810317448050884
 -0.1543883452486052 -1.9895577079800868 0.16166077901427445 3.5347540937659634 -0.027911966867435713 -0.69358163872187129 -2.3077229611963883 -0.73223998384234679 -1.3540224848572231 1.2028062302374916 1.3333651347007218 0.17737328312030043 0.69291240995449688 1.5196687852636901 -2.6745900935830367 1.405850946549255
 0.15804477787767757 0.22872392815644146 -0.66166505932139597 0.32241831157590389 -0.96406030212498606 1.617534434463993 0.32048956095479225 1.4012507791024769 -2.5408383681308617 2.4873700951044611 0.23405346163071053 0.95756071391032505 1.9457922735210447 -3.6928992707511687 -2.0877928609156795 -1.6662233283215262
 -1.1530003702059934 3.2069376211274307 1.8015013200540122 -2.4478356809845025 -0.93320134505008834 -0.48832747946807392 -1.6619812306063337 0.17161911999840018 2.8165838188134669 -1.6280019494907887 0.83630984029730537 -2.0927267244743231 -1.5073227319675646 1.2466592730468622 3.3659944619782136 -0.90306332872392214
 -0.094838184278946913 0.5199021956971549 1.9634912679446883 -0.29405450298488817 -0.75475585780529253 1.2101456074281403 1.6683293135090862 -0.76286904417688783 -0.27025493526722899 0.25382616819040238 0.05147573218663079 -0.20332998632803131 -0.02567806734111152 0.17291484130762486 -0.26782252077977986 -0.95181999341358636
 1.2541476132902669 -3.6396109575432281 -4.9314814620563601 2.4724404428318625 2.1733502231429864 -0.73953986163685348 1.661566789582132 1.2541629231368177 -2.036719671606666 -0.15924017843379515 -3.6051244432068534 3.6345382815658347 0.40164456782386415 -0.83816176218187821 -0.5394029895787944 1.0365557783930688


