# Created by Octave 6.2.0, Mon Sep 12 20:06:00 2022 GMT <unknown@LAPTOP-P0PV0581>
# name: Theta4
# type: matrix
# rows: 35
# columns: 36
 0.054104788051770672 -0.30377085169894347 -0.21839781007698647 -1.2716175400580221 1.1334333838278194 0.74357381127715028 0.36622937910252901 -1.2161384862125748 0.070357898888430984 -0.65189703744899719 2.4626622355503751 -0.3936970048008876 -1.001918095986239 0.38155657442406454 1.0507992166494069 0.25253937024451939 1.1964234291095195 -0.669993668751941 -0.12343107023498676 -0.97585253311916054 -0.53134501312862281 -0.52440660718484577 -0.44187026511426436 -3.0088204611033773 -1.365374480950577 1.0112301791408422 0.032888147899258709 -0.0095877014752283798 -0.96392519536227683 1.8264873160032429 -0.15995703912459802 -1.794559599607243 -1.3808305505879706 0.33209385271407238 0.76380533392544359 -0.85611550547798121
 0.29579579917732068 -0.97202482229844422 0.61133753241303546 0.96864076785329156 -0.86429082930928902 0.11474661138570567 0.20142029317908131 0.3061287542582774 -1.2224015150649088 1.3096554358984602 -2.2399717445599414 -0.5096730135341212 0.44733809270190028 0.15881978230448013 -0.78928229341646294 0.40345648372063536 0.03746359301296627 0.14948248462227437 0.45339890780141895 0.27793424497878449 -0.28134233748470661 0.78899295904535061 1.9038130933076576 0.48443905927458053 0.44819727917989144 -1.8043041963591095 0.33780907490332507 -0.69920395613448361 -0.075937454852917252 -1.0698846876862349 0.24349906930696871 0.81976937280539242 2.3783958966562793 -0.33235105818580313 -0.1010621533639738 -0.80204666159393867
 0.046522093880251407 0.19272666410505751 0.19569646172193336 1.5230089409615315 -1.5378285981411071 -0.24701552870163626 -1.3633876306063848 1.4551313462813662 -0.19210269049839113 1.0606997389437984 -4.4430540272924572 1.1039231615705323 0.46514238123809915 -0.087425802001322911 -1.7454473951396363 -0.85689541530235103 -2.0665733458696778 1.2552555986707186 -0.46013087974930728 1.1580126002881235 -0.19553949141534785 0.76888143245123208 3.3639719936017456 3.6882147392150997 0.87333502047628531 -2.637443762541781 0.10337260001274982 -0.13758625489858139 0.81155328063815435 -2.0079317761730464 0.38151218070957277 2.5358288350172957 2.7380950920442308 0.67844895706513009 0.43328673864946904 1.4889399681770592
 0.0014202994088807497 1.1195333272226073 0.3728990116770885 0.67760150609106462 0.077599327450914246 -0.0013282494876165633 -0.19679485498534927 0.1061377482282827 -0.19118367284553592 -1.0761095082175074 -1.0780680845134323 -0.11259953350219018 -0.3311457275422835 -0.47936684209847125 -1.1587695042417241 0.071353474370641393 -0.59877056797950401 0.21398246071952887 0.99469545979692342 -0.35544351554246562 0.90623691894346181 -0.094328637513392738 -0.32837351437700474 1.2437009458254726 -0.41443027272615157 0.071927860708353011 0.75192543293930414 -0.31278317209061313 1.33967845974863 -0.82081265884753529 0.38657160900491222 0.43030765406647387 -0.23523775274706887 -0.33364448346920417 -0.14671062319094857 0.7205796194073415
 0.21742739957165136 0.43496565971812456 -0.56240618476740523 -0.6889921610436488 -0.31784310555778622 -0.064992299738593301 -0.13789921215106188 -0.18431337778347384 -0.08231466087585701 -0.48680201390957462 0.40309958328436363 -0.0027807989466337294 0.084971821879801332 -0.91093897202405694 0.04827694388046664 0.28447994606378618 0.017109339107469198 -0.12968995596284683 0.12474937952594208 -0.17396964601683881 -0.21513774589155557 0.048626267424269079 -1.3039152532342781 -0.014944951064609842 0.29873139923444253 0.62148320953357139 -0.66957387604579455 1.1757197822729166 0.70268082247642205 -0.06253151315071212 0.10457194869329026 -0.1875715236257488 -0.62992939916357737 -0.76015399087192836 -0.87623426874357069 -0.15618712560661271
 0.051245705592013163 -1.4289480669280978 -0.011267597396854248 -0.65248471788799078 0.54188382321944617 -0.21893712755736106 2.2031401137490061 -0.11088058836371456 -0.293184046636003 1.7018452150708911 4.0403552081197818 0.42829564851920604 0.74834490696503786 1.3647624358414994 2.4921325850371181 -0.16209134741131448 2.3593103648904394 -0.36089607124687473 0.015776886688683569 0.61753131290627483 0.89244383782350778 -0.12859482927795265 0.17263759376985152 -3.4857606942805957 0.21717020951932772 0.25804256607904585 0.51814586998772183 -1.7028934749598863 -2.0951944933756161 2.7302346171068046 -0.08048271415137967 -1.6159324904123173 0.73529670063965491 0.53291671172853861 0.034285089174982006 -0.62156513945732073
 0.37092653545651638 -0.22897045511886821 -0.39398625841949458 -0.072316583529540013 0.7758634015142738 0.32327190227650338 -0.23740907419258647 -0.57086375862122762 0.84693572526227501 0.48079797835177285 0.79323718430257695 -1.0019908220777898 0.071325760755342818 0.28657339307901664 0.98614801653733952 0.34214764583650381 0.56916012074766431 -0.1611155604416416 -0.62863317980489397 -0.032648032122813302 -1.0272629211872952 -0.34343775454234615 -1.2143130347133302 -0.63021756260394168 0.37499675536838473 1.239125004758574 -1.0405009725925749 1.5581881254998469 -0.5882654160286126 0.11717072356115323 -0.27512626970367471 -0.078718040745354614 -0.96952777051280736 -0.64513984941372515 0.26779927689743399 -1.1885003988229845
 -0.090314965080173254 -1.1885481515938559 0.37479935167399026 -0.6416609537760799 -1.0441651883537517 -0.065955528144489087 -0.22262509953467266 0.5944459366914725 -0.83760687195213934 1.6647129180471749 -0.63039925008775954 0.98731055989651961 0.94830816339291302 0.15420381826387597 -0.22214121868034442 -0.33291355185114407 -0.67392839241905 0.66346213968184808 -0.33145551936764411 0.20004516746440487 0.26226831016008173 1.097766408167173 2.4297315870992491 -0.47404880222174389 1.0965430283502213 -2.3293170812592616 0.39209950108126262 -2.4675947285689315 -0.69764132359556708 0.67550330484043597 0.47781444966098796 0.093588464626462808 1.7231396434163604 1.2917760093920181 0.055181951152916894 1.01518301432225
 0.0096734431768158366 -0.2010864660302151 1.1001836674485166 -0.8463050035266737 -0.0049544392158427878 -0.61137718797188578 0.44499621142514251 -0.58643270527401703 0.45558546335047195 -0.61351306948530526 1.145499071812178 -0.15192638662893143 -0.65474585350619707 -0.14729522858112309 0.039240500392434874 0.38207634764343851 0.7326811151517002 -0.86626915424065054 -0.19008108508915361 -0.42829793043165643 -0.35635124161166276 -0.51301674590620028 -0.94544256960736817 -0.71430515701808939 0.12687204774692726 0.67621472561881002 0.15348785365280707 -0.70863424445026002 -0.20524348232035264 -0.092310284669719633 -0.60664754514687869 -0.99446114522641316 -0.94419743939441148 -0.0083727592975538102 -0.42253013946186846 -0.59484322098025766
 0.019004382132418205 1.73515710981954 0.591146859699479 2.6439743813400196 -0.7085749987383041 0.18725028668737878 -1.4717048678010416 0.77795232057353492 0.019482897950867106 -1.5373394446896029 -5.1494479188333457 -0.51628460907229701 -0.83940869094048753 -0.80060749276111609 -2.825663963342901 0.095916177753426674 -2.1464298345183153 0.79656671351513419 1.3419892898231509 0.027135612915313717 0.42290158106892878 -0.10509718985932885 0.99315863914181002 4.6591356826636634 -0.58883526268276754 -0.71885521566824928 0.73314461294082767 1.7384319420589005 2.4249544074868132 -3.7436059064027778 0.2015046070391662 2.6436141716742791 1.0846628316204536 -0.58882230818325643 0.32760277504684726 0.26631152637528682
