# Created by Octave 6.2.0, Mon Sep 12 20:58:34 2022 GMT <unknown@LAPTOP-P0PV0581>
# name: Theta3
# type: matrix
# rows: 55
# columns: 56
 0.32719799647787579 -0.48101503463046635 0.57267402225511022 -0.78919968018092324 -0.17962816144480423 0.097892479954775069 0.47690318646124041 0.30298898281291936 0.27301081728957399 0.44277230643650567 -0.24165028487197307 -0.28311481326961463 -0.14466591182798993 0.86773498615583533 -0.45545011532977714 0.24320859744584974 0.77414941345663502 0.26033272400696272 -0.37248056292276061 0.87026866605854125 0.63470305502767177 0.67088381354695348 -0.45570559251280962 0.94233225807517018 -0.32950874666068602 -0.58970400994042937 0.18258236758224813 0.77061353914057507 0.18723151424802811 -0.38500421783058753 -0.1572658957568597 -0.42439200146492062 -0.38524792539970332 -0.34534722430014081 -1.1004879579084299 -0.82491050645986441 -1.3117053712909148 -0.051090253838620626 -0.16118862673883461 -0.6161910201149593 -1.1210994111986916 -0.11456121149685823 0.26715292101134258 0.42690409974653226 -0.13137525000373862 -0.9865622554604998 0.51321044749253264 -0.97339699059147367 0.284657587292724 0.109858118900724 0.52367752073341267 -0.13094972509658848 0.23934304064316925 0.1473585531522818 0.095556421766201993 -0.63475460067518807
 -0.038684812100395004 -0.13156337241625427 -0.77585071959722229 0.89390779996092018 0.18402958041484033 -0.69700772629291785 -0.88076586626015896 -0.070400454070737292 -0.4760265213839372 0.45593981301456155 -0.23782325864205034 0.67112685269056249 0.32110410042655435 -1.2625066618442846 1.0848287089954818 0.32225059100662223 -0.7910804373367617 0.073697314076242429 1.1173830052338412 -1.1999045479398331 -1.5687557975639397 -1.3012612951728051 1.0713025673038128 -1.1362120735143062 0.070651795020197306 0.92535408815060793 -0.61346623065472539 -0.89714304031681535 0.16565578041915974 0.66057778537331302 0.27982216864704895 0.61330329544594064 1.2533244791704079 0.60404520636397097 1.8494630770074092 0.64877785559345169 1.7992771195226456 0.38783317352903329 0.70460253047033861 0.69883607878696985 1.119249300150797 0.35310930682229497 -0.33864589899414965 -0.0027177488100906797 0.79551178267561018 1.3009028400009459 -0.58108771842656348 1.8803460997267856 -0.21063523545755836 0.26189623392919026 -0.055031668687214833 0.32128353001124099 0.053544098362596437 -0.14450721568959418 -0.27618179474921406 0.76392778522112026
 0.0083707286932109392 0.44876531302657946 0.49938578680473683 0.10976601074912924 -0.15491175387617667 0.56999548063596439 0.54685536844886051 0.032669983342638549 0.26057777663676229 -0.21657344377254725 0.13349442906206777 -0.49113149204969225 -0.081279392454073673 0.66894600298956952 -0.27699339976771553 -0.21887740337280073 0.46030818167407994 0.1289837257346329 -0.50620685631465867 0.40634439562915087 0.77495697619354897 0.99382184804806606 -0.58570534348256331 0.25393263340092009 0.41472580895737132 -0.58229711191080413 0.15429083596429685 0.04671637058067471 0.14946907491113157 -0.3869777078134396 -0.2218976515921213 -0.041839580974075072 -0.42293414796489986 -0.095880456831402283 -0.61474065036977021 0.45543272650409033 -0.59290983573942857 -0.20165670188863413 -0.30571109721132722 -0.025758895853580231 -0.012005258169328913 -0.061465976712006688 0.3234869823881657 0.14674559273307966 -0.53173452914574704 -0.51244569885683344 0.2652391567784797 -0.45348760956259127 -0.13221212252478223 -0.25505558553210539 -0.70576058905692174 -0.36162646092061734 -0.032488365571719517 -0.018635718927708444 0.30708407019923084 -0.016363798326447854
 -0.039524958898694396 0.21225573088595956 -0.33374881786069338 0.5398607332235783 0.50651500317195786 -0.19679023010195223 -0.38280171296547305 -0.24592574480351545 -0.075363858945334705 0.11321109986423158 -0.13504277106064336 0.31507550407296037 0.40239973290180631 -0.14898561008946651 0.20729365107075803 0.03981892550867188 -0.83825746269271706 0.094592119773491523 0.49690408117797125 -0.61481891445066017 -0.57687554299960919 -0.29092026393510728 0.53593118257394279 -0.27242818552317444 -0.42950667074752596 0.61768188849309413 -0.669621504822005 -0.35736801616280112 -0.043204907243268122 -0.072824054571705488 0.46535930902230271 0.56718537692921001 0.64729625400622171 -0.15260021312918354 0.35145504304901365 0.30382784398242296 0.43519930945284307 0.10072177310679364 -0.12499076518143082 0.44541144353974133 0.034310213965344456 0.4874959527060797 0.054970229593484313 -0.067590943152196298 -0.086143280706452427 0.37910977486594716 -0.32961634726500427 0.54669704166558664 0.087864526748690358 -0.11482000180095284 -0.0048360871289168592 0.41581437874947774 0.12208566517557376 -0.28966908411290199 -0.16478691597997949 0.5034253326477931
 0.080066195902768228 -0.12990336237280506 0.2360455961018246 -0.33059253503401326 0.15020171713996458 0.25556041455017475 0.20520432399001784 -0.16589448159661685 -0.22663664892685789 0.35813174460616243 -0.062555968713924381 0.003067781736855151 -0.20795299857671021 0.66461958005648636 -0.24430649662104856 -0.30333657282235771 0.045885560043927485 0.15585822934477042 -0.49185682681876658 0.6603597088873876 0.4238684772606478 0.38906756497987477 -0.7766641748932035 0.24278792480169781 -0.23101284573001976 -0.38448258132806384 -0.020584972688721836 0.33520398446195915 -0.021754549634965318 -0.16968816182349702 0.034647761092592703 -0.11970813894829213 -0.31417964936023313 -0.46069796011770653 -0.78391045315067209 -0.43289139717473912 -0.88616309420305073 -0.73158709548020673 -0.46218064431543654 -0.1756887026492962 -0.92018522432132333 -0.20562873738554652 0.35772915605473155 0.0027483447313326986 -0.2035942661941153 -0.37167085875809691 0.20071116176404116 -0.70189637209791889 0.47333638857639887 -0.15829076933661143 0.028327976923995711 -0.32605017394141095 0.026596770647909381 -0.02184758277892547 -0.13630642287027345 -0.38072921676518745
 -0.054950221979237018 0.21870833854954491 0.35844083153468526 0.30344189278621653 -0.18078597722839898 0.15222292367646145 0.11463970700870442 0.04015399672221865 -0.17981726761432099 0.031386722390427557 0.22584279347291614 -0.75413677758319098 -0.60552362711408791 -0.29047691205014564 0.65581267750706873 0.19049079724070797 0.48155427586937372 0.031749266215032976 0.15529675693141942 0.18326539377654741 0.55826868197325874 0.028577573799132915 -0.33993332117174058 -0.37083279377714706 0.46366706909504618 -0.58046104542140275 0.14584114223484054 -0.57869562227251126 0.36234392507214602 0.49971096926761549 -0.40606233668436537 0.099447000926941503 -0.4124622812307725 0.63208500245118948 0.64426941229057899 0.63621448355411958 -0.074526102705616715 -0.55317473665957151 0.37920883433484287 0.04635196668868391 0.89129062013357796 -0.76632867208771516 -0.21485071175557283 0.1787426121538129 -0.086043467250797964 0.75611744237351419 0.5021813947460303 0.64004736247108462 -0.87827975151688131 -0.365627316562533 -1.0194853278936915 -1.0112877382419918 -0.043109342290528332 0.55863297160994496 0.41025869813354587 -0.28001011906637141
