# Created by Octave 6.2.0, Mon Sep 12 19:12:28 2022 GMT <unknown@LAPTOP-P0PV0581>
# name: Theta4
# type: matrix
# rows: 35
# columns: 36
 -0.14740552995126749 -0.50640480725773829 -0.20327780668978296 0.5519657493367508 -1.2130695518150232 0.087353745402737826 -0.12608214249547814 -0.11582227035600665 1.0311801029225223 0.60651742636117967 1.5931591554654727 -0.40471396682026972 -0.66526102447727653 -1.4480988434734186 -0.032482378950536225 -0.42581924005335531 0.10230500358206805 0.33970931710512664 0.25499903723157552 0.2385435831915004 -0.21396722497409945 -0.63895593573514542 -0.61792506810047743 0.13159510206445946 0.29829091442333161 1.2941686537359354 1.0680106608818702 0.38570935673294338 0.20400186016569036 -0.30891536627853494 0.52654825115015469 -1.4205985637391938 0.78883407033096553 0.54328266877116549 -1.5659495834671517 0.79234018463456535
 -0.16161284351712749 0.41162127214874328 -0.18830859098371408 -0.76730749668828857 -0.34300600537845333 0.1293877900619459 1.0704372450169726 0.53795349925589775 1.6800081490013257 1.0585466363634202 1.5817221317925492 0.094616126513579563 -0.33836551011232041 -0.47682711156293051 0.93071033789838842 -0.8900056223338797 0.21191623073952523 -0.0090763043066301625 1.1299592405446868 0.051786899166558972 -0.84583788420546735 -1.1692307720213866 0.59393136302245464 0.81200547882901586 0.1866950318442 1.5233510135626369 0.11048675118498102 0.77422616199572647 0.44495994893689711 0.12219455811811092 0.29714282127674446 0.41339018391180193 0.53498972759505692 0.067933637520609616 -0.73744463395886661 0.0061786748677873484
 -0.070948933292009922 -0.25118891800881188 0.14461807327415793 0.45159475523566417 0.17484982950044678 -0.65744375098037278 -0.82315855206501742 -0.9814877748198062 -0.69235173747224232 -0.15031676805749378 -0.66098312199137454 0.49247681213738148 0.34440030983665343 0.22536191731992561 0.16536038443268378 0.056076028871668522 0.5711042025957126 -0.43876705503224633 -0.88060019425342895 -1.0830561635466911 0.54622145102336994 0.83470654501841346 -0.47414240687160347 -0.14864362276239879 -0.17221852166145848 -0.68929758577557187 0.50868316994700669 -0.9703819392414601 0.30742968219043992 -0.53303450772753413 0.65718353167221399 0.35395223859073116 0.075472143524970142 1.0170297992620982 -0.7129982927591032 0.80676625880587616
 0.083738827038450717 -0.083641049245052723 -0.22204427236488183 -0.1925833630045676 1.2195320330066519 -0.6077718828390104 0.08947546108879631 0.1647383674667289 -1.2320832187357458 -1.5161203776405789 -2.5575593124491021 0.032724660586438296 -0.040265345483686175 1.8105614245087611 -0.16505048246183232 1.2377423545320685 0.1785988793075583 -0.49448278120777045 -0.59748486726641392 -1.001992943059691 1.1797619053734421 0.88896201033567745 0.94859739607641924 -0.64790394804961926 -0.43761026741350295 -2.3016607447282218 -1.5501048944686557 -1.146435943925862 -1.0362058310523337 -0.16806669126680332 -0.60559352745049044 2.0340037257763512 -1.0503206920441559 0.13222762488643233 1.7524262679543163 -1.1311459318743597
 0.12965926059300881 -0.38504014019591837 0.2809218710541464 0.0017891051532954953 -0.33528477800690776 0.47423313904512282 -0.019643618000449926 0.31614827661867134 0.49823253479091939 0.48228160766926342 0.14020993967014597 -0.57700761923646016 -0.28394049105140051 -0.081831618009614221 0.19909049660652686 0.70330439353298768 -0.39968371787632673 -0.11546298625649801 -0.26187968874946405 -0.44436854575380108 0.47999104670670945 -1.3734049727392716 0.98884361450673974 0.019317558257120705 -0.373315547684341 0.20967428665307031 -0.034786374776116534 0.36345947322178446 0.15599432889866924 -0.29967412255672921 -0.53534968051094056 0.4923661409168047 0.10749993391666227 0.31940935619357513 0.7868940532123917 -1.1924873155534954
 -0.2078110565353628 -0.17961837461503039 -0.27060027682874321 -0.34681194153364614 -0.92507127315845628 1.1717890687909243 0.098696038012203155 0.29972465949915211 1.2811058473295438 0.72923116054778658 1.7614068571664534 -0.9359839056790924 0.038751642521020847 -1.0081495501684936 -0.80960912782462979 -0.44945984949049034 -1.1720393954369079 0.47901649832258508 1.0415499583763799 2.3482328588955732 -0.84375976569822642 -0.65449299175315423 -0.50390573119124271 0.0874566162561424 0.38679767991462466 1.5549820088626853 0.31598005767051479 1.0845602878776097 -0.052211556277324191 0.85052081400794555 -0.1101297201781426 -2.0407046596957961 0.47702232308618503 -1.5431190431692587 0.10057721915539057 -0.4268599280167869
 -0.096969567140569202 -0.090477627459941257 0.11051166627706038 0.38971297836818863 -0.75986090211957258 0.49489352334157682 -0.60756928036585145 -0.023240212063131184 0.84497373290490307 0.97612937773559716 1.2628034442512079 -0.1054350763730804 -0.28760510348320761 -0.86827167818453321 -0.080233666153599045 -0.20128008973237327 -0.70471900359992301 0.62290828513843688 0.24552819636294104 0.43707552574948161 -0.35843666001530677 -0.94152890504274211 -0.3159581417319855 0.3838881741430562 0.099440716658272185 1.8818895936508351 0.6122861736020887 0.80493519358563026 0.38743730156257794 -0.013670415276651894 -0.042776304430509601 -1.37751699511768 0.48944250090877989 0.052701903235161648 -0.89785963524304491 -0.28218973357396254
 -0.049918345699003205 0.57692239304173554 -0.50977997373223316 -0.18787212170968684 -0.88063400480434684 -0.22027554550519815 0.25892430352991669 0.65800613797997531 1.9008341898633383 1.3594278160028799 2.1573009115113222 0.15562993343321471 -0.46696743466486296 -1.336782854275099 0.20549599817509481 -1.0565331320408924 0.33231159840504304 0.43077269348090186 0.97177620215401073 0.20564230168370098 -1.0588286179017536 -0.66234775049408634 -0.68711660547747577 0.3936538378238843 0.45414298472300813 2.0440777923389155 0.73009099984670134 0.5772623427378667 0.46177178646763162 0.25167194041984675 0.46405802681702119 -1.655242938095987 0.71787215001358595 0.22723804884198889 -1.8368368660268219 0.77900096510158845
 -0.12340383108125046 -0.48877696488897926 0.12754564248043326 0.23900884442012518 0.046517546039954817 0.95150042739891971 -0.26090458774984798 -0.32055457596367393 -0.62707853653625556 -0.19571435009082916 -0.77626934518804125 -0.3015234723411811 0.40690803776263973 0.47157827235981042 -0.16363142395234948 0.58036131307555028 -0.67345356324429018 -0.04301462260590723 -0.39695999160768353 1.5170491426242214 0.17195770306343638 0.4366545774708333 0.27734827183828864 0.089083678466285995 -0.1830051699239631 -0.56960936707116538 -0.09842810933017869 -0.070590616118161545 -0.0050505986081000867 0.43689378316876709 -0.16915561975178856 0.18267666068922428 0.22550444588988303 -0.50538705300959574 1.1825885627313277 -0.36525549405786228
 -0.11578372900956922 0.12916717288378907 0.018427285144450262 0.23565938383558782 -0.23626225056017877 0.072398046270572336 -0.6039460420137005 0.061436279148261448 1.3149208274857824 1.4779320949340846 0.42294989391306226 -0.67447439701198164 -0.0088055083112332771 0.043275631393634578 -0.093812868472155905 -0.50050693742871388 -0.20016844297327302 -0.85557113012779074 -0.13131345160999194 -0.55122066860021668 0.35002282465927964 -0.80363693649021783 0.20985777263850106 -0.18021632489355288 -0.33586179228486102 1.0796967912263198 0.62067252294533481 1.0096168777620049 0.40894011625661841 0.044748557434953304 0.11823586871643194 -0.28644012066375507 0.018459599517303651 -0.23584379406293909 -0.048794856016108369 -0.36734208984988437
