# Created by Octave 6.2.0, Mon Sep 12 19:42:48 2022 GMT <unknown@LAPTOP-P0PV0581>
# name: Theta2
# type: matrix
# rows: 15
# columns: 16
 0.49900171987434461 0.60902819425237276 -0.55140796838873984 1.5546643191981588 0.12892917457414538 -1.5602341655815926 -1.000889707653273 -0.11708635386484324 0.010654553968732012 -1.0907498646617884 0.61701825056358761 -0.37915320093040172 0.74871764467712243 -1.7129357777018437 -0.31666950364025864 0.17540957546524724
 0.023730669866050807 0.3835876415279183 0.43388654878438937 0.34197543423614435 -0.096187152346510957 -0.95090591464355823 -0.56552115545022963 -0.82957734480947831 0.50710790420942353 -1.1244581446426036 0.36995965693469934 0.57612770542465697 0.067713362780923048 -0.64622619137272186 1.075870665211204 -0.44791913284972196
 -0.27218238998407429 0.11493955385616972 -0.18628530409006439 -0.41889606598465734 0.1633710421298685 -0.56845331014327349 -0.43545138374481868 -0.22162132621662858 -0.34036117574269509 0.13624316312992676 -0.18537530268133051 -0.11884286473585702 0.15932665211762773 -0.62717718829376967 -0.30092408142953447 -0.07976684752016186
 0.010380228026788842 -0.070947612011080533 -0.35836170208871682 0.033334080605417919 0.16899173599792566 -0.015047077229735603 1.4122213292872323 0.45537659402509134 -0.48905585405252971 0.37629836099308323 -0.11722382894144744 -1.0922159722411438 0.90687712700540735 -0.53657027059112483 -0.27981669860747527 0.11795761056466976
 -0.19695954704732682 0.016046213468859379 0.48959163981656917 -0.15621925238832529 -0.12969940633838853 0.8600320582335137 0.1843478733314165 0.10311791160064511 0.10627297066063542 0.49670171443921807 -0.21220481670490471 0.31011775722480944 -0.097438986432714536 0.71119695586304754 -0.013301499186177717 -0.13015330238124762
 -0.083230041702536173 0.42090124041656124 1.3965532314036933 -0.73166106804417375 -0.015151168566786636 1.0090923415079835 1.7275333912856881 -0.65673565809916046 0.13143525098526068 -0.17356092784137228 0.60785770558989283 -0.53842404725570703 -0.5340154701312011 1.3670839010309441 1.5244589286359054 -0.67759554782971099
 0.12645880028852241 -0.68253849339780737 -1.2018078693698309 0.30500238181734479 -0.072760551472700177 -0.45518755589531995 -1.6076138714660773 0.55643380681021914 0.095188120179463875 -0.21245452567249418 -0.27065010012310498 0.43753341722065064 -0.2519791095740076 -0.60231608017673932 -1.694021861583882 0.30852299209176282
 0.020393367428756744 -0.06928300629182052 -0.31371092648406423 -0.42347048466679377 -0.14478040524337024 -0.37696642432665206 -0.43136620873977116 -0.69881038579315258 0.0064279252035741924 -0.18874695473525777 0.47090886977491275 0.44887633977676189 -0.54846970628672087 -0.18946665021318904 0.0071435369684804111 -0.32396125140381932
 0.11038401886552102 -0.44559169708150848 -0.79074382365207019 -0.042202631821829734 -0.17150998206166787 0.9404458951686141 -0.48298585759992713 0.23748712687979878 -0.36042015073417666 0.82547946308749864 0.29449682134996252 0.96055880524992587 -0.41063070156754139 0.068154512726764108 -0.66473686404881294 0.16024427404532751
 0.11092808700727919 0.47935312274994912 0.4901493262870224 0.52803656609346361 0.22736736762872234 -1.1600497379277446 0.67914768162878614 0.18066891440435734 -0.45214086930617886 -0.24009974058424283 -0.067499637241382693 -0.59815502388855779 0.70988734992495017 -1.081540365671688 0.82663665309326761 -0.0090677961921785989
 -0.033105712068556517 1.0615161646956333 1.0351336499156059 0.10729692257722169 0.29052878805176136 -0.75959618326860678 1.7318758765420195 -0.54987129383962385 -0.39898708719054299 -0.0010626745279826446 0.47081813446735304 -1.010579325905802 0.47732598619477146 -0.96099060421060545 1.4352598432320836 -0.24648444844509332
 0.2414591291091166 -0.64850156789817381 -0.61115263721642288 0.6933431591464263 0.11709893886933338 0.091105033706845362 -0.87083803782606206 1.5930012345029247 0.039084826226333615 -0.069641713257926216 -0.79120589070965919 -0.33694872040349594 0.60107215822420035 0.23849713639481671 -1.8839089885246998 0.71867019801679166
 0.11039016485881661 0.19931125596958155 0.42973198444009275 0.55406491033060756 0.17422435406023337 -0.6510850526107762 0.032055907449670594 0.054657299304741391 -0.099025557432695061 -0.20631608734628321 0.15259293256228346 -0.0075219165307970756 0.3445128217209234 -0.61686633672958624 0.17000276066574099 -0.10137232511554348
 0.07526298316738099 -0.39273882181795428 -1.2849032742644977 0.27388643182813788 -0.21867347383864927 0.17457203705647351 -1.5647036969968573 0.10185102293201152 0.033931484163209097 0.37028654538550876 -0.39358176866044142 0.73272179681115623 -0.16897190190233613 -0.31105184279436299 -0.67038002976520972 0.40717732664668765
 0.5446217922899147 0.85948770036064481 -0.24341673096855224 0.25424976701957547 0.25408397491277918 -1.2424859118697154 0.61627817220739534 -0.85916709104433753 -0.54886515867733698 -0.10404362542224951 0.87086778122664377 -0.86456778126973055 0.36657686237274334 -1.44348605781605 1.1096355008236987 0.079334073845107322


