# Created by Octave 6.2.0, Mon Sep 12 19:27:31 2022 GMT <unknown@LAPTOP-P0PV0581>
# name: Theta4
# type: matrix
# rows: 15
# columns: 16
 -0.046121516273194933 2.1843316906524808 4.6493579282560278 -3.9428462891924188 1.1387189665951221 1.6662371873736472 -3.7583477479627927 1.3835157655735735 -4.1875415457694185 2.1043720469789298 -1.8199860174214813 3.2613807658135889 4.4955923112577523 -2.6901704017260717 -3.8459838566825164 -1.2039981246545217
 0.21872706156836683 0.0092358974792483388 -1.1790412482881951 -1.4170674549702216 -0.78799651461706588 0.2844584134805635 0.19214461217979611 0.41380484723768041 1.29467854315894 -1.6162213351718666 0.21625070863005272 0.38404296019878859 -0.11029091610323763 0.80952859836641711 -0.51973108524181422 0.03937475215479936
 0.64032947237776672 -2.9120910984029784 -1.4809606624064877 4.5906755781531885 0.90991034161092055 -1.655612352182505 5.9474681535603793 -3.1982337809541193 3.8902396201306 0.5094700132059774 2.8443524629103907 -2.2101430821105703 -4.4644173825733011 0.91232504961849537 4.2241891617286642 2.4417541312132971
 -0.10630783305633371 0.13741768050029793 -0.84682428661297271 0.74068190885356056 -1.1513070853686482 0.22379794096613218 -1.2147393966100111 2.0293874923157795 -0.95893026805506887 -0.4981921939369171 -1.0548839924409612 -3.1536365184285864 -0.75437767202581008 1.7570109519662145 2.1679246103346994 0.051254751198224327
 -0.16492000442018692 0.53663898838810176 1.4580096635633213 -2.7245495947202718 1.3928874122873209 1.342868107805109 -2.2575842888143498 1.806201434976239 -2.7405021506615297 -1.4393358002678858 -0.61397519440217763 0.74945167939199253 2.5417283333624856 -1.0282441024014117 -2.2676173697995075 -1.7453556537746888
 -0.2140091468004286 0.77927952310637894 0.89778037380180353 -2.2203069000457223 0.45522955519385272 1.1403040248843739 -1.2243166479255325 0.5226037334408451 -1.9275685414093429 -1.1832680038205783 -0.71693452518404022 1.3366251045823301 2.6607625641690729 -0.41200036305088256 -1.9419062693571301 -0.6958618122455601
 -0.02207775935136614 -1.4172162871478031 -0.66334397422231617 4.217218081035087 0.34085138106123503 -1.4648463338675148 4.4956534273593167 -3.5805434903019102 1.493607899521183 -0.93079826982311031 2.4510579031176394 -1.5482935306130572 -3.2575965763006987 0.85756807174465255 3.0542624822571569 2.2798242780851834
 -0.20757433623266761 0.010438213505619244 -1.5656880892909975 2.8861100722973942 1.3781761180689431 -1.3197083622646992 -0.48122792629599459 0.8641373441167004 1.6292234538766561 2.7454232352871681 1.0278612474875641 -2.5053634638643913 -2.8035680294974696 -1.2767475907900905 2.9199567470407106 -0.58045899135695489
 -0.10630599501510929 -0.85869825480397766 -0.12588505310090464 -0.42037706262054225 0.23747464333260934 0.48164047003493504 0.56383271469313168 0.29950350688610838 -0.29058187704478072 -0.51219595177924415 0.28744315507722917 -1.1395390144725697 0.18386249496936447 0.54256482381298088 1.1254195671170806 -0.18168671229227598
 0.16203537452221953 3.0240912277169691 2.1032600586947936 -4.6580909909881241 0.70843913125114222 1.7594892566633351 -5.0479422739703264 3.223571862956081 -1.4863466632724425 2.151121903867264 -2.180538816693776 3.771295977640476 4.7821934724011914 -2.5113463461352152 -4.1913965877557571 -1.4992696127389029
 0.27503143955532972 0.95593238770693867 2.937666013891775 -3.0276985361034146 1.9709588257074384 0.82132393550577365 -2.9104259297116961 2.0638153007384328 -1.6665031516835764 2.8959629869560186 -0.42659571919827349 3.6669966070545383 4.3183998265303716 -2.9272948643329832 -4.3543382231674013 -2.5988092317828024
 -0.44254406175041888 0.30140233371598324 0.784708161353178 -1.0556215453757605 -0.66195230944647443 -0.19049353550816009 0.14581761807606702 -1.8095940983351804 -0.32820868737977443 0.093358177859117847 0.2049999522374254 2.3221986792161329 0.96010648960113343 -0.88050278520358272 -1.9909103964589052 0.45783757383614077
 -0.082256226224267717 -0.1850359527570149 -1.1981449017963777 -0.83851863993432907 1.1945402218363488 -0.48355646260148483 -1.1216495476986292 1.8588653920230751 1.9665354132768336 1.9091369370590976 0.13582090101083671 -0.18428069331966934 -0.5796660917505837 -1.6717875799715727 -0.13065776053292819 -1.0225297818257182
 -0.18902609984681021 0.60005109461589468 1.7706042534847697 1.2436615356887193 -1.4430159829220748 -0.11695398290759158 2.7150136134455729 -3.5655050401249673 0.44621935159344822 0.02692532214205132 -0.0087684507302074489 1.3920450064102527 -0.19582029247726948 0.98824179391978928 1.33925358440272 3.2309337760658954
 0.33545099428493996 -0.36611003320485147 -2.8031086437035637 0.54951287534206428 -1.3409362780570633 -0.84926016342934096 -0.49131215292495095 1.8759945843643915 1.0714749355683806 0.5324597724370147 0.90069275344573063 -2.0969701699628631 -0.92671620627156936 1.5675725976499784 0.88310314043824745 -0.84260715972035694


