# Created by Octave 6.2.0, Mon Sep 12 18:54:55 2022 GMT <unknown@LAPTOP-P0PV0581>
# name: Theta4
# type: matrix
# rows: 15
# columns: 16
 0.48391594428776036 -1.4080661835217485 -0.2331379312122604 -0.82194807071814513 0.47321526866650215 1.2823561517919393 -1.0962281991837071 -0.10856389796040823 -0.5801704586301053 -1.0761447818696601 -0.57219201025047783 -0.073674403598769492 -0.37256590580159454 1.8928137888285095 -0.90664100670797998 -0.010814348612474958
 -0.1139249304680764 0.42306710166841299 0.57811233981018029 0.12482823774188578 -1.6542751325720371 0.027050246784507598 0.8703913182347518 0.37902709849879429 -0.29427914121469001 0.53327916670151443 -0.14890472847814512 0.099349263070922497 -0.85775048134636167 -0.8763645013972422 0.12688165541280338 0.59701930548292148
 0.51662723586257653 -1.0593865535817786 0.33544401515324695 -0.83882218636131445 -0.25869766081683498 1.2220827260211919 -0.45556450313690028 0.28240652165387159 -0.77441978098947428 -0.53923184392788981 -0.093006781205689754 0.20384297200935175 -0.30577303598973815 1.4652252111841417 -0.97051797631489867 0.32839517670068469
 0.28788734781886055 -0.21115040160954307 -0.41481284582014644 -0.11366515466048498 0.32295451339956638 0.47825178180443728 -0.53442500068949994 -0.010918598997352858 -0.055151136580237327 -0.34266065145094154 -0.49368967266092711 -0.26906186226090428 0.064180797259836969 1.1495066145439905 0.0030253605541726101 -0.27006899799514122
 -0.12923010015600175 0.42379783066388044 0.54305432117646257 0.28293985418322276 -0.95951099121318295 -0.25026436433229748 1.0405273007900973 0.23347218017187746 0.17800540473855267 0.5030353319900297 0.20010217028821037 0.13340430683403137 -0.04847420719478724 -1.0305165859152623 0.18510187405014089 0.35491968764890541
 0.082439829866507844 0.26424545693357249 0.6810138163156445 0.22232483635203909 -1.3696566236821439 -0.02702441270766337 0.4561561482253042 0.29785351456594023 -0.18400857665656148 0.59291485704030478 0.1676305095491209 0.10041137470058166 -0.87779960379336541 -0.66025831362210807 0.22751731402414502 0.5597014336552919
 -0.40930315463444517 0.082940360176132349 -1.0015789477411343 0.28589870837773551 2.0873227393586693 -1.1359886140984896 -0.45740481358267782 -0.42235501754146526 0.54258743905448936 -0.047115621248216409 0.28635624957607497 0.1623225373825985 1.4295356055580193 -0.52899589959555904 0.41091779040472087 -0.96841401147891815
 0.22665370342417679 -0.8959608057668399 -0.56523339710781162 -0.62784168308027866 1.2641506392502149 0.53228547293929795 -1.3487810702461001 -0.17698992745253556 -0.16515151329454544 -1.0281993667168399 -0.34150663243155049 0.1844358369459195 0.422199425223588 1.8013584839360044 -0.72024550975644386 -0.50404100473001656
 0.36672819170249538 -0.80939903142224112 0.10768605954632057 -0.84204651620580295 -0.096424975924401621 0.51470487378816732 -0.79805679554106101 0.033418231237975049 -0.644277846759024 -0.28073783189101659 0.031237791336830929 0.18500816630327807 -0.093515369751578467 1.1752357341302142 -0.79579196284544174 -0.081521433392538104
 -0.094007097326643196 1.3324882087117298 0.48095535769378839 1.1073219733377044 -0.63994854927248634 -0.33601328703492644 0.78295938371818885 0.31578297130787486 0.72727468583217025 0.76375843992871062 0.052439410550346094 -0.38514191446032953 -0.44590014283044049 -0.50896262862920116 0.87111472563008652 0.45189220224493121
 -0.2407859780121954 1.6217317636897768 0.48972067332371028 0.96207551677953385 -0.35679500630318728 -1.2877311116992991 1.2178126129775657 0.22570783633843122 0.54395587104193499 1.348819082831997 0.79104929886875464 0.57783445514346243 0.43206855753848583 -1.6884500706014718 0.98668859407698561 0.30762382207811118
 0.168932113472297 -0.33779757275825983 -0.78131845412095313 -0.1293051804774977 1.4498300941990283 0.48032432337813868 -0.65540424658214147 -0.070907573469439253 0.15460012533503897 -0.66702447820442434 -0.38003166621057211 -0.14215174274985184 0.74100133809472202 1.3414175376090991 -0.22788475864982077 -0.41104831748271287
 -0.15129947247068679 0.80779408858780988 0.96692627444731261 0.28940252632099689 -2.0648625482800664 -0.20661025975120689 1.6489043881152849 0.25824310394913053 -0.065469815059343781 1.0122780158079496 0.16987380863342547 -0.036726188456841807 -0.71770064642605913 -1.5420832683146501 0.26551501350594414 0.82474385705323017
 -0.25144947189562861 0.30296370674544959 0.85338421033657907 -0.068191270861154674 -1.6620118356828031 -0.16957010372931774 0.95008185132842804 0.22894446293309995 -0.28311397707695468 0.48661209906666147 0.044323093555841117 0.14521989828104082 -0.79645241026882829 -1.0452573834268801 0.023850343528830344 0.54312343000667873
 0.33072411030482324 -0.45052577637414964 -0.60998706043957596 -0.22048512233128659 1.3671230735947459 0.46446613187190877 -1.0308406181166003 -0.10595396134999407 -0.13331641080693254 -0.80528675216325873 -0.26412411605853797 0.12560550353564215 0.72489352364688997 1.6013761566336979 -0.2826705882065888 -0.42025181414992852


