# Created by Octave 6.2.0, Mon Sep 12 18:54:55 2022 GMT <unknown@LAPTOP-P0PV0581>
# name: Theta2
# type: matrix
# rows: 15
# columns: 16
 -0.24786174161586425 -1.9788214849553074 -0.67649664921677943 -0.028160194958031983 0.61804666117905616 -0.47330477226744444 0.87330842707784495 -1.3120150062276392 -0.93639938622144459 0.25524364286888074 1.4289391822939166 1.1263075025347624 0.064162233710283859 -0.17838335400741334 0.95289689975361636 0.67236354401688125
 0.24838270838644705 -0.23041156203256385 0.077253739767974547 -0.066151472620432958 -0.18679261319901977 -0.67575929773439347 0.31430991242446504 -0.088076766636155435 -0.36113052781003041 0.37947249457440263 -0.88963118378888562 -0.05779516102007079 -1.1993289969665115 0.28503042037388204 1.7922077363354196 -0.032855381033748181
 -0.092060100458337166 -0.1981115654199288 -0.28052668981917728 0.062523609723689533 0.057347167030036957 0.083113044514341081 0.13281342808121563 0.45190410098151362 0.13044949607383538 -0.41234621031896412 0.70217703118456143 0.19121975868977611 1.0115376183775437 -0.12177910329216214 -0.82480004451044275 0.18014368118607968
 -0.23399945115093468 -0.45708520403971342 -0.34054471255767815 -0.087922307686916112 0.49860522552799652 -0.0258410015657035 0.27482445442592573 -0.6570962464778789 0.12530999392657347 -0.034138621693614382 0.8487229976851608 0.40972537711711587 0.93686598048751368 -0.20452396305234896 -0.95303773432753236 -0.036485540537861849
 0.16105392196822124 1.5999851919659296 0.38353986703743465 -0.01802526782792243 -0.64134514726989778 0.082985236943125887 -0.89334991601994784 1.0735531896569392 0.13009454415206331 -0.27233330864382421 -1.23866849256355 -1.1546979178421259 -1.1160409897148593 0.088002570241604863 -0.038812000557102981 -0.10163736341255251
 -0.31488216646520711 -1.6513333307946896 -0.96988621716399703 0.10187997176978446 0.64750305948814257 -0.32311714382040191 0.85759765015274481 -0.37357601863493672 -0.94596494524466379 -0.20486856558426786 1.402838276319013 0.67860825118480683 0.43361876735435922 -0.24870068639259568 0.69629002821749786 0.98211830159867874
 -0.22698199962182758 -0.7190028753689286 -0.082469006047605875 0.097257945726902731 0.46212072481108007 -0.010563101966557775 0.12587095637039897 -1.0604009223790909 -0.36582596634811382 0.19267311396237743 1.134755200059103 0.71373635971064298 0.5294608433705098 -0.12908154981556583 -0.86159378484158922 0.012108701140015806
 0.23024154746959768 0.62801458500665186 0.34330896562838847 -0.0304784835144442 -0.1259970234302672 0.074071981212112545 -0.38196918306019706 0.37199314528784194 1.0604650632428885 -0.0019295457430560546 -0.98543704518528541 -0.50130449937510857 0.026786605697921368 0.16692207511939966 -0.46243636112429376 -0.80724020624666448
 -0.079580201154906688 -0.0557608609716327 0.03352167984926218 0.089267780117896475 -0.065928941571095814 0.27980582864516956 -0.15464212352045284 -0.072286875806814505 -0.30486853112929135 -0.10517050771458261 0.38608994640942135 0.11233536969713548 0.20903019016903851 0.007903815447803747 -0.18840467191963123 0.27083857001815553
 -0.038587795763178133 -1.0497877030456011 -0.54601576883308756 -0.046349057685751482 0.38418564509992714 -0.65697345842432631 0.78626780386087003 -0.73125316197880164 -0.38879068573946268 0.20573782076764269 0.14642672477255583 0.49631752500782 -0.25202075489824 -0.12936563600734083 1.0763266755017051 0.18120376133256441
 0.0079748762903918361 0.72090844532872755 0.15982254754524322 0.025909945638664545 0.021303233776419604 0.36422914235819193 -0.34595311578805921 0.63167818838736056 0.84586363273003051 -0.25361517057452837 -0.19636956894477867 -0.36312719238670271 0.87570071315226194 0.09903170108665682 -1.2619889413081566 -0.17152898114511897
 -0.0059421677976374387 0.23924048771123127 -0.28684545305607145 0.085386142578393914 0.12996514726116135 0.21782356834275327 0.13895757034211748 0.50548066665388047 0.24124410308322203 -0.17487425701529957 -0.38716093741150742 -0.016993630252143115 0.12763150215331626 0.11148038010480781 -0.067904024386747572 -0.34950609556971091
 -0.19390613154371278 -1.4915955513361145 -0.70924493773047692 -0.0039473629701270562 0.32097419005415007 -0.54705168464488418 0.82195038192154668 -0.59971819105708002 -0.87375371703665461 0.087500194286218136 0.50822736979261884 0.62597946730112131 -0.54315064572592653 -0.088899753964247749 1.5072209922077542 0.58282773479419625
 -0.026842364795180915 -0.12985813261098503 0.11415025335393214 -0.0098465459883884301 -0.047577479658155675 -0.42836058358997781 0.10865777509945218 -0.4380366655624886 -0.10591607187184822 0.3305136491255643 -0.29127036009327234 0.24687072015055195 -0.41259658985737163 0.12038872745783265 0.38461582537503414 -0.33247951895924155
 0.18430670974359259 0.55458115713541989 0.1966949058113657 0.0069911086505036312 -0.60897796788823666 0.12938552617149726 -0.39928994141333513 0.93253685482494064 0.70236403810942394 -0.35815625707065973 -0.86806911358793426 -0.55216216756951253 -0.40803899270418342 0.17965447860471109 0.35666029610054267 -0.2573721373121115


