# Created by Octave 6.2.0, Mon Sep 12 21:08:25 2022 GMT <unknown@LAPTOP-P0PV0581>
# name: Theta3
# type: matrix
# rows: 45
# columns: 46
 0.18311239442456714 -0.35838649263983313 0.075614656847875369 -0.43655644991606057 -0.24172742155402949 -1.1710614137589259 0.25787477759442207 -0.54164092842046574 -0.42673435542689153 -0.034303607704200961 1.4642507904276707 0.89875482863267542 0.13993547361957345 0.75225329692019072 -0.38411025460875348 0.044827035136268782 -0.95575489467352115 0.081617548045589919 0.42286754005921512 -0.34717243104075102 0.038408959898615466 -0.36063117732226962 0.56068875814896935 0.22875880335830664 -0.38559324907795689 -0.028333486653286947 -1.0705825802907896 0.25130494228692213 -0.93061253654569653 0.4923218506267979 -0.061520326185877855 -0.15498120758848982 0.21593691783775779 0.4550694836079362 -0.55161466269952997 -0.51569528103042417 -0.016977934089111597 0.41671883322266662 -0.2042524422787966 -0.27508392863149594 0.068606335337503738 -0.45721665043846305 0.33200341736396899 -0.29115971023632575 0.2854817249132463 0.61258063999132595
 0.060629666866859541 0.072398505387713724 -0.18473537403760146 -1.0559663745447858 -0.26791166108518388 -0.29960097312436951 -1.3137320358101379 -0.31743900715455381 -1.0953547953249596 -0.26961190017951092 -0.054694436577263465 -0.32939271767708761 -0.39747686732430726 0.20384604619453722 -0.94911223643196341 0.78390282553556079 0.21803963088426667 0.19572264917361623 0.19387103332816358 -0.054418071591656056 -0.30845726066526297 -0.53696995283570137 0.077267088115452215 0.32457666664624835 0.13547715683672387 0.027346062080469545 0.68230891403789129 -1.7153756427461269 -0.32105518985035075 -0.51931819099346543 -0.83307866576441869 0.17944002035703874 -0.41163522366592131 -0.50532404640912154 -0.59959136425798154 -0.32645267215191187 0.92086652626032817 0.69902945887890855 -0.089197551531796745 -0.028068276215737185 -0.67646776590180002 0.2790746329439594 -0.1374568508906174 0.15144974324590063 -0.36233649250808064 -0.50167351479737765
 0.053828081272575622 0.31813682655165454 0.02480172653134996 -0.53604798173720369 -1.3554060207743279 -0.22213361569368906 -0.099743809136229267 0.59566115613241333 -1.3897843266778074 0.21857107916073673 0.40956507413559678 -0.63383922842251317 -1.5733673763099481 0.11265859819102686 -1.1308303724226412 0.53585758802221073 -0.57280341918231359 0.43566318405438065 0.56523579053019235 0.26454216070960412 -0.12070919657628552 0.061163943245235726 -0.745072974137726 0.22374407979500879 -0.78982390269489577 -0.13777011186266055 0.19072666090089219 -0.99549240261742544 -1.1466446593431701 -0.53439206473324441 -0.50580270225878943 -0.022935407633471117 0.035714570353371208 -0.16376288792333107 -0.44263385618317513 -1.1967478871177617 0.83757174312718763 -0.24573596076489609 -0.57076848804330338 -0.30146334033908584 -0.99957910260585814 -1.0750464226151211 0.37497594205566687 -0.57794229419467669 0.095237679280370094 -0.78246223184831887
 0.012436714738736638 -0.274227060327008 0.4092524434614408 0.42359532338365319 -0.7198574197845159 1.1735324856574056 -1.8162882730920122 1.406867004068568 -0.16572914451882786 1.1191378591934533 -2.0099447440278775 -1.0080245250218967 -0.16713274736649578 -1.1781443120462862 0.69182957084294627 1.1867388486615658 2.0222820515590541 0.16210100690274437 -0.87647550707935551 0.59065328167680931 -0.74196274006431262 0.7839556902975775 -0.12169992280497702 0.6658041885575483 1.3479495711403853 0.37787632872889199 2.5668836941667332 -1.4988190782119228 0.57963812196636078 -1.0287079838988502 -0.39700832137880165 0.21497158068593236 -0.52003423773049695 -0.40322567697841616 1.0775951209541108 0.95809448077642523 1.3672483213122486 -0.3352709826466459 0.037588457271043076 -0.23754819209639277 -1.1061740912246538 0.69448602527523828 -0.30080452841287547 0.90575178731839767 -1.2711091325816442 -2.0703424167668869
 0.036962469851914474 -0.42721531066508633 -0.44469255926308632 -0.40205417861685938 0.32687886407934386 -0.97071297265657275 1.0685261011204135 -1.7647106226461466 0.72614559674837176 -0.75497340137059643 1.1230858691859551 1.8605387048677773 0.75334026645260188 1.1401373136987012 -0.25990488430794467 -0.48225537812696806 -1.2256768816576955 -0.081345512355825655 0.6236427831769058 -0.38387489609789405 0.34005614017272828 -1.0241505440963583 0.46686751178383473 0.18909255118297591 -0.56440464733105489 0.14688119563651936 -1.217482534567532 0.93950009224696851 -0.11196771335292401 0.72952993880399597 0.20280107763761601 -0.77377672318283142 0.57948530739530668 -0.226650126810619 -0.35229466435949519 -0.33769572225634614 -1.1021552361389728 0.52027422790497169 0.24818000782646091 0.3003772730812112 0.5363864772440966 0.4438311013112215 0.60150633292259326 -0.12311220692932111 0.85255000429302552 1.2552850953825465
 0.13197212396508654 -0.54232923361671326 -0.25495609719166168 1.0215452713297581 0.60499555345232581 -0.71482064654944133 -0.028808833858723071 -0.54526341559947256 1.2453268441666812 0.093350831100884588 0.048173466723978174 1.8452097150090958 0.79883709995962604 0.12180079234581438 1.1341148051692158 -0.42925993013296881 -0.14151223562252216 0.23701200996883054 -0.64951291871483874 0.016326645875121275 -0.076926243415345083 -0.31284603176113845 0.95809241203945228 0.076293569469366634 0.84638300442927317 0.33351860393184135 -0.82728034388378124 0.74958838015990092 0.18992031435316464 0.7198950731807443 -0.45575717584307007 -0.33845182380244293 0.41232528215197639 0.23078191075363991 0.09211130857318349 0.73893801655921798 -0.46909672764045512 -0.14406426422986426 -0.10655679557777545 0.031544972536729166 -0.030114009716970758 0.7682411018580908 -0.19982080345146438 0.55993537101527691 -0.2813180866274938 0.063573524275683635
 0.16272277802574053 0.1340425250571988 0.93286144459452991 0.71978610743071714 0.59492641727392981 0.40765414518421783 -1.2659013403378132 1.3469801438948006 -0.93439060823548259 0.91125106965019198 0.21813559995606918 -2.0020637275031148 0.32237201469127635 -0.3684419478895547 0.26538405539654025 0.58795648849933824 0.93579949209073376 0.0074178427496549666 -0.84654157015263165 -0.19013502897759615 -0.10017319068513797 0.8700058967031411 0.29463412627812546 -0.91313079876955194 0.43825211751450649 -1.0295829937219356 0.10587830172698738 -0.46719918184177461 -0.61540170417832085 0.38049130093141487 -0.24415956058225485 1.3931390800400827 -0.63926297122365361 1.2663696465605265 -0.46756564282427643 1.1166317780310693 1.6081087776783127 0.44753743904393206 -0.2372288743461807 -0.38490636160128555 0.78240675240339597 -0.49353426589138522 -0.96607431523067555 0.21473302451639806 0.0036364769798833099 -0.67119817959437533
 0.096334162265415843 0.84054777176986639 0.010079129818589511 -0.038796623524509917 -1.2111512372253563 0.67703266061048573 0.14955688150768634 1.2929507449634436 -1.0378919445535992 0.30200025627973098 -1.8637123609543771 -1.2664208658811216 -1.9448339350400505 -0.4747520557704793 -0.54320625433700842 0.75065787937976591 0.77606862070898464 0.31841112947277384 0.53874916829883046 0.22047352618847416 0.097646932601268818 0.64824252425541673 -1.3094779110704462 0.24465822194405379 -0.56534706052608219 -0.1766039745424122 1.4441166827695988 -1.5295860346843062 -0.25885251656744906 -1.5743521152200515 -0.52273512412321654 0.31029108806902145 -0.4935330965894355 -0.80786912229263341 -0.27063186049138005 -1.0756951797463778 0.3202152088537415 -0.95951789247118535 -0.11724008719511336 0.27697839832579674 -1.9132929590690864 -0.55854076851378309 -0.15492852103293284 -0.079018378234753772 -0.44587895312307885 -1.6806102012115092
