# Created by Octave 6.2.0, Mon Sep 12 20:23:38 2022 GMT <unknown@LAPTOP-P0PV0581>
# name: Theta3
# type: matrix
# rows: 25
# columns: 26
 -0.051525790663437175 0.042214761710157124 -0.39015998875034807 -0.40158790687977491 0.13849557041456284 -0.19164400295306447 -0.3637725662169139 0.015775935175136379 0.31695728952497038 -0.23422454145746033 0.24707716301416982 -0.76586898621402144 0.78957765676188729 -0.51126860723232725 0.053737397653039573 -0.95189324154598687 0.32682189246838911 0.94706879973303537 0.24935016322417394 0.057659590540460486 0.47570455699931308 0.42432859487733321 0.10919827769672569 -0.49782810507448133 0.4958186288729563 -0.23315221353254112
 0.21989775957434862 0.13068543108790368 0.39035775644869114 0.87836328520065554 0.23764629386369235 0.26701018427451395 -0.033642710936324066 -0.6821965686131698 -0.11021463750091264 0.36175507308492372 -0.91273995613951842 0.26959271616092423 -0.61484314082511504 0.40337921409483352 0.28720726322299484 1.1979330750906769 0.2364949979657186 -0.74100742379278806 -0.41062674272270938 -0.36723890277704008 -0.69521867761408085 -0.25008223777864297 -0.38089729265119426 0.59668049216031538 -0.19928568862759161 0.23665923842636949
 -0.05338659750321436 -0.31580554690185325 0.0636239062974292 -0.71852909254291153 -0.24540525428802715 -0.3212625427789888 0.56165771029565126 0.90308193841360263 0.061835483075443523 -0.0035040562746829168 0.65764068340816106 0.44943631462579658 0.012711605588230108 0.12954604248219609 -0.16441348628150279 -0.56808477754951803 -0.48043727884025222 -0.14862999261972057 0.34296262387722176 -0.10733186262581451 0.49912213135973915 0.020002727995933382 0.29229808925848549 -0.45839145248923713 -0.28671110255741611 0.10688822005500194
 -0.021513835593234349 -0.25169871166195418 0.20592942353211185 -0.22224698087181124 0.082267356519741028 -0.30132807499085357 0.68010878490419691 0.47330245525011427 -0.11654016880482124 0.2572236520861324 0.10659199245305902 0.49220559885365894 -0.32216463529579248 0.33122032802459134 -0.021613736768712949 0.12267136825352548 -0.39907000005479487 -0.51989924154651057 0.17709306166199121 -0.0028242193463859995 0.18293079235239071 -0.17508525244318579 0.15354225893818338 -0.11996700382605002 -0.49455674256081067 0.19383193168249666
 0.22415269055929665 0.15042150795279211 -0.020641340288516458 0.49768637160255796 0.089154148934196431 0.38921670942001868 -0.1860958177949335 -0.43897553255824701 -0.19362771533193254 0.023636590087149169 -0.50851459335311444 -0.15664793852378464 -0.1729191817401633 0.064498532579803411 0.36453550231820453 0.51545106175117972 0.2818309012674689 0.027109440551032649 -0.35962434706768509 -0.24966464098946972 -0.35382858151022739 -0.0016895830544783801 -0.21178039775354554 0.24366148651762418 0.29369374970997003 -0.086876206113077378
 -0.13476991431592103 -0.49147084542009556 0.048382010919981483 -0.84740982617343208 0.041998118065323747 -0.7542736324819207 0.55393706317406377 0.90579079195762879 0.021207863200361877 -0.10307895941155081 0.60925112688005456 0.40016996279873401 0.0079350548505260875 0.11095343612977807 -0.22756381293749164 -0.64659620166968779 -0.49808286920023215 -0.19492169782072374 0.27646438183663247 0.20581976521974718 0.32947673414103434 -0.059633963878782233 0.28489400108408497 -0.37626534783482624 -0.49478145743758084 0.0092993049007428306
 0.14291310941414373 0.21728932556773706 0.23972231292110743 0.91792552298019148 0.31975730999589624 0.3149090838724713 -0.19867974778477898 -0.70756412946519642 -0.17537498966909046 0.14838796340656135 -0.88118567758628996 0.0054474746539555892 -0.51391268119481126 0.27908939569895697 0.33460837335313981 1.130395018892755 0.33597727407446726 -0.48899883160502622 -0.2932512711756039 -0.17502409876568301 -0.75366672996768713 -0.073062064013619324 -0.46448442046488092 0.64566518304414833 0.16603808599367778 0.22482619784145205
 -0.014686189735495337 -0.26232591992100923 -0.013065045909243459 0.061058734815806863 0.21582567033996161 -0.19072913721166662 0.26447440570077368 0.042278103187442247 -0.092813799478302775 -0.012171239204654903 -0.015984051108180991 0.20378677984780463 -0.25711814585297149 0.21843951734953773 -0.1530137871114654 0.40669935643110633 -0.23861318523319142 -0.32759780978418618 0.059438491689548539 0.088519376337789196 -0.19226142961589304 -0.21076261632606677 0.087043860228087522 0.13172701426219674 -0.24532088939272081 0.0064443965721483571
 -0.044051966714005304 0.050149263373722282 -0.31696522107760405 -0.59577466388285349 -0.078802132812078651 -0.23043087324293007 -0.19530889414700423 0.07274418888903933 0.21641914813454199 -0.40192671195063656 0.67900818611331226 -0.29535450839268107 0.61944686070227395 -0.3914874758089974 -0.2044324751632699 -0.97907349528615484 -0.12263535573274671 0.8479476919560931 0.46624137201509736 0.45230514253227744 0.49630975913381703 0.14317094714974582 0.50322648935779046 -0.59607846261306219 0.24541949880373409 -0.28102232295984902
 -0.12711891933034267 0.3067857450039847 -0.32343717719041942 -0.40592334286057291 -0.14212080951855705 0.29075317057592776 -0.42330362289358225 0.086267972965174994 0.13977264950453092 -0.2334964143211353 0.21879537787996106 -0.68718357450172463 0.81083915873223888 -0.66671803398218243 0.031632709085475497 -1.0071884628206527 0.14123102721708225 0.94109359005706039 0.16223724045679569 0.034071775418473574 0.44042431750881039 0.32826671091721565 0.12871389988286713 -0.42343235708970017 0.55301219275014279 -0.49342513096612306
 -0.029363881050771746 0.20638459800602468 -0.3148784532665419 0.7413102074882455 0.30950455367544455 -0.080021006068659015 -0.49470502176513181 -0.91382656416233943 0.083629807858706273 0.13939226543217884 -0.42714826828409419 -0.21563230356078067 0.10871048470193911 0.047202391260766093 0.29153695404924618 0.33442074520346238 0.50549873002220458 0.13651540524617162 -0.37964534549393147 0.12753096991313831 -0.46392108715543412 -0.18863576283683489 -0.54009636316632692 0.47373631570377767 0.20054097855593278 0.086052109691018716
 -0.075545590386721609 -0.19227229724149125 -0.13492373536794669 -0.46959219321713846 -0.2480430053724359 -0.143061042229506 0.48362843116381937 0.51924118876245329 0.16946661895514933 -0.010949992518739595 0.79399788928923376 0.092244014328810589 0.65089359981201778 -0.23205570636760245 -0.23370549250592729 -0.96113779093109597 -0.13942095428196674 0.37891352351042512 0.23305594847112787 0.16784020191602664 0.59588555532065268 0.32705885149011366 0.39101816587189658 -0.33979877836957029 -0.17649616089518419 -0.06868694414995033
 0.14708633745477709 -0.049823412028059982 0.65677326499700051 -0.36350717571768038 -0.21046562835363705 0.26485256335580998 0.75810079810058584 0.73887453059756347 -0.19221862534426565 0.29324705107223387 -0.026593603461922199 0.52145200726019125 -0.47209152683245575 0.21811226054612362 -0.36132200149432603 0.09218530432871927 -0.68898776992129285 -0.61396365020834187 0.22411926785160546 -0.40441400332082461 0.4034954576795387 -0.013929604571233449 0.54717430785284782 -0.184144018649438 -0.5598648701502138 0.35588203507703076
 0.13777215781798613 0.14579447954566718 0.050361767264505981 0.39298859270586278 0.022249212280425819 0.31622831566930965 -0.18555371706985002 -0.20844212671714984 -0.091896266297534432 0.1885170450516909 -0.29737034923683764 0.075485403044475041 0.0069015274944242491 -0.0020315649342658414 0.13845107712768875 0.32814577141684187 0.16612902694726733 -0.18879573771151634 -0.21262722359475844 -0.18424557504650066 -0.17467469556891477 -0.04118465557228998 -0.32517015002956556 0.31789057911805119 0.096124980543594876 0.17019514005692568
