# Created by Octave 6.2.0, Mon Sep 12 21:08:25 2022 GMT <unknown@LAPTOP-P0PV0581>
# name: Theta2
# type: matrix
# rows: 45
# columns: 46
 -0.0027331351364775179 -0.26895356903875955 0.20479903290395537 -0.27216631938889951 -1.06418185317804 -0.070191179202359816 0.020575606353872206 -0.67585831260626839 0.26554497957820378 -0.99159437385566185 0.18430039090524097 0.90472942154590574 -0.37077963317056656 1.8668773112956552 0.68856802971434705 -0.036970977475592547 1.3720249529779254 0.24052473541751077 -0.89537011742777206 -0.046368214391835798 -0.17272122772092988 1.1953089887598067 0.1573225280152506 0.047842841171576715 -0.02016160337315779 0.37672477974702889 0.112457036193367 0.58745511904954029 -0.20775870402471455 -0.039633826491097597 0.50322063072772416 -0.3800991755029639 -0.26915143575324807 0.39926221026160152 -0.27041983109668177 0.32528173587963405 0.17149346179336811 -0.76406866273784924 0.72431881428021461 -0.49995953163580903 -0.58946588415127243 0.85097151126321791 -0.97824446466526271 -0.74913449896564688 0.069414029757988979 -0.32129058753067513
 -0.025283179116270732 -0.87368379508370508 -0.19123408806045369 0.71119088438404521 1.4915715768744702 0.04869654749391622 -0.25446966838324664 -0.10454280826194122 -0.88325476005445158 1.8981614007557617 -0.31299303159509112 0.23674460968653877 0.52935910730232794 -1.5606881856280639 0.41564981792115963 0.67838252332544102 -0.18429940878569784 0.055206694889362078 0.95012974516709359 0.3176219618854238 0.068747570419273471 -0.86166002915894058 0.38239161191835758 0.22667207118908364 0.50200436805418636 -1.7497059965128696 -0.60980218261984331 0.36319787001997961 -0.12663164621955655 -0.38180732861145078 -1.2901590141489585 0.7144597976868815 -0.28672863252990199 -0.16138765681004835 0.074393742618355449 0.020517038580070434 0.055476893178969762 -0.33324703731935429 0.13674172731845066 -1.5187428036368837 0.83089448910977981 1.218036559166128 1.4601835417526738 0.070854607617046303 0.075481285974090637 -0.61131792760727344
 -0.048821147437194762 -0.38336547125372694 -0.14142450802690928 -1.0078017711255289 -0.0077677456684490083 -0.62950206194311475 -0.67891624555858066 0.78551585643601196 -0.52861866731169938 1.6558391878586785 -0.15426164535605744 -0.27726728814576168 0.088716573144905497 -1.2285654340848307 0.79119506996303035 -0.59332818598290182 -0.045304803080665257 -0.39261807814629923 0.55706767029006565 0.21346139386508312 0.44118911336998373 -0.9811435581686978 0.71518577576396247 1.5672417762182804 -1.8048581135482096 -1.0490573315109357 -0.03842913129711216 0.55078327618236456 1.088337882058158 -0.028445647258359207 -0.78440007085587193 0.24907567554653132 0.29238096625861804 -0.28508072381979294 -0.044317628206776323 -0.82535572123216383 -0.49264258861853555 -0.31623575848552821 0.70440960313760992 0.1833218259122579 0.22541222325503912 -0.57864377559396385 1.0449696502036727 -0.12725561330197666 0.97860565707676761 -0.54783777493597252
 -0.17490533756394797 -0.5396749822218172 0.024446513280461612 -0.23045299614205905 -0.17860279692190806 -0.38443292935785184 -0.51177221011498497 -0.38674505533274239 0.021321969481590566 1.1357305720263804 0.17940139304626421 0.95067851276161064 -0.26798456804968807 0.36149427306465814 0.75547717237642042 -0.0032335474149747345 0.55190994707302299 -0.12292877660823384 0.51747911450409234 0.3348979993506806 0.015176886484225646 -0.015293507735287286 0.6687058471192715 0.86527982121119729 -0.65033698993104916 -0.23081423699088918 -1.0767997775443874 0.65970680434252027 0.44774286100743482 -0.04687826129518826 -0.76614487014551091 0.31107360551553048 0.088654459660602605 0.12556508462589175 0.019439448761931731 -0.35982012204824199 -0.11766184797625913 -0.59659972619767054 1.3579661262492662 -0.22813756772693239 -0.038312474369260906 0.095644157808374416 0.027284894160163758 -0.39489482012588656 0.52608861051109923 -0.8058551818340195
 -0.011918603877436897 0.025260169886230695 0.24622432989726178 -0.97812785413008263 -0.66873081482111285 -0.11733420356586093 -0.14013274351002758 -0.59708083514745469 -0.23000796199883758 -1.5812257266212597 0.89471356427245041 -0.12265392453634148 -0.57921989826613052 2.6161557107070457 0.18541213546978488 -0.44490703078761168 2.0290292781477302 0.1993617022653435 -1.6157804904115414 -0.33778454554422432 -0.30725206172797109 0.82950500800720606 -0.54830355059313962 0.24078910513961729 -0.28764517714784826 1.0484444356918097 0.33546054127234237 0.28768161717466201 0.5957320349145766 0.48757980671654405 0.84255233994132894 -0.81408614101108279 0.30119321578340652 0.49681622071884912 -0.25831198187141652 0.83585814695846072 0.17428867618958377 -0.55257567375950423 0.28918726881590567 -0.028442458773370396 -0.80223600441218679 0.15985794025406072 -1.131799660201483 -0.66403193660701676 0.39606580699738014 0.71831197016642634
 -0.012886798190883352 -1.0133139018543496 0.37235192506698805 0.73277404171858218 2.0930829616148636 0.1110585260359211 -0.6278555333636866 -0.47609218782456619 -2.2814576353072256 1.3582732722113875 2.0018971848588691 -0.70487768218015801 0.80791512144641742 -0.41956099723807455 -0.14596918310621768 0.75516001364391572 0.72297199530250877 0.25567508166864478 -0.12323901264261267 -0.32109205700790044 0.17607061827960666 -0.68925586729470167 -0.49273253251017363 -0.31456206263144176 1.4552202347543459 -1.7757727360133584 -0.052408595265066082 0.26718310290346303 -0.023161737871423185 -0.38972232201650314 -1.1274718961992058 0.78144402059773532 -0.14009532514786074 -0.72016042800814162 -0.048854147587968286 0.22192090640804635 -0.3044502371750068 -0.0061958929789789757 -0.33545827807351464 -0.9613280023011872 0.014461302399582387 -0.026239390770086076 1.5212425740170117 -0.083539040435950521 -0.10842791247161844 -0.69614710147351544
 0.0053751412194737343 -0.70850620137674258 -0.50838508707943619 -0.17241211569679707 1.5961313534971684 0.19757367055172759 -0.031440989626691 0.28723370459120268 -1.0030907759065568 0.96102877998258951 -1.2152860058222708 -1.3756490163531327 0.29577742404814517 -1.4084155168241712 0.067759408587852746 -0.83864899008108962 0.19723807738961641 -0.067330166377490994 0.42415510191813544 0.46665054769334219 -0.30764954582086829 -0.7561805339546418 0.35931811432759186 -0.66249786384560794 0.15336587526186854 -0.78303986529836445 -0.053107531709636481 0.76164788497711788 -0.11434491128171391 0.0040645613152725593 0.035640162902565845 -0.58363164611242935 -0.43432044825872207 -0.097583827725044883 -0.81053782988748124 0.99341837788112075 -0.042084939704265849 -0.87038833527323278 -0.63550437848994468 -2.0206929142730834 -0.34790154616745933 0.87959416577118754 1.5055634203059012 -0.28801496348410094 0.172949969711924 0.49286457676010964
 -0.10338950057389451 -0.49347059479576588 -0.17169568059226498 0.51032457446763113 0.68349856466872827 -0.28299504131339098 -0.43303990514854807 -1.1033259065374619 -0.60120915167887801 0.64481885888978752 1.2490393136694844 0.56158373716939602 0.078847857305765934 0.9499863803440598 0.21593695907253591 1.4832950123722668 0.63076151384862944 0.13691528183092266 -0.41447183334110804 -0.88847920523574142 -0.078791928297036795 0.076329104943368087 -0.17427196731415487 -0.65402206273664443 0.82744140107605157 -0.22622496001130202 -0.65373780193269326 0.70268892076300404 0.19370870266211077 -0.22299891745378772 -0.30515569774373302 1.12183124178315 -0.12974769712826356 -0.16533734572115705 -0.43243463535936327 -0.045452569976721674 -0.23553912303286961 -0.053013480876218204 0.059994516896159512 0.33175903714231358 -0.07035026215709364 0.19313611360956184 -0.1021051531840033 0.43063862883208726 0.06664727629425253 -0.9226341122004218
