# Created by Octave 6.2.0, Mon Sep 12 19:57:46 2022 GMT <unknown@LAPTOP-P0PV0581>
# name: Theta3
# type: matrix
# rows: 45
# columns: 46
 0.0065724493419345581 -0.29516196111341775 -0.75834250431786265 -0.99553385146287909 -0.38707701885839729 -0.86092980902833449 -0.19899331725092972 -0.2583946443740221 -1.1925318000684137 0.21299023879301215 -0.19828049002388684 -0.25647382221015319 -0.1845442625713532 0.947781593561702 0.08510127951251642 -0.7413024983728308 -0.50568376658401082 0.81646003132335376 -0.77966541269153322 -0.087575864119214072 -0.53120393819390632 -0.52140638962403585 -0.41908459999301911 -0.92054567420244438 -0.72232642424254667 -0.40408356792639477 -0.598375028999929 -1.2961470463023357 0.61749748552987516 -0.40110441832624438 1.224899554409892 0.12657486559601686 -0.66521330578706883 0.25216745811159358 -0.40567379039763141 0.098791427769247958 -0.87065662374803299 0.44234779851660472 0.21529670501512896 0.045405061550041682 0.080054152653200594 -0.4425292512712426 -0.16680983445802461 0.3039332697989936 0.066881797684839372 0.27870869513651664
 -0.15458119579874779 0.24269469431566545 0.35168242162677865 0.81148298682960052 0.19569765183255733 0.022517529388516831 0.52798964182412356 -0.66395506758996092 -0.32019988695757218 0.42831646039030297 0.066729469072991265 0.48533057739886903 -0.25005260178581257 -0.25801674134891872 0.18248739138566375 0.18388951266953582 0.53594436981591476 -0.81509603311159895 0.34083990327813118 -0.51991728977281981 0.4996206315783504 0.19045382170549427 0.090275771136921631 -0.067329714846844024 0.39263221746976795 0.26908093357986934 0.32475129644487943 0.47888956117673198 0.0079920249258609403 0.090671922080522924 0.1657338670597 -0.061783086439802078 -0.32100747132527496 0.025214497026734516 0.20252689506903485 -0.10166230527540931 0.3706448532123614 -0.074773235352665016 -0.05139236490864859 0.11526601451941174 -0.31993978466525819 0.16131333233905079 0.49411662332667039 0.21004662805878599 -0.68684734819108872 -0.50121128491207112
 -0.14478078057287203 -0.29587506949611747 -0.15364105041013096 -0.031890049563844829 -0.23763092127530069 -0.16326470581695771 0.15306700263608983 -0.26377118529742527 -0.13630629905647465 0.52629322547927193 0.49078771063644883 0.057126219749565985 -0.30547142043196152 0.44743152095537148 0.11705884894648336 -0.12197337417769383 -0.010507055749636141 -0.87820658840007981 0.59822346957362282 -0.11563784362015304 0.19792900449523421 0.23755907852153413 0.23705949586109867 0.051566463209101555 0.31629027898720474 0.16833588416398546 -0.024312633717579066 0.22126363255629325 0.079315593523705805 -0.18156420141574892 0.43597052548655268 0.17857453153495292 -0.69787580643934033 0.043504897558419749 -0.040898138681658008 -0.1075865982314335 0.041537497055193551 -0.14757452922061956 -0.046702329691644902 0.39437223903762442 -0.24603943272046216 0.041693433187950157 0.49817522110779483 -0.16926385343831213 -0.48132517082464904 0.02996395106971704
 0.11870380297502152 -0.51808904976145365 -0.58293905139580771 0.12289120944604361 0.080845967123394646 0.49492473244844137 0.093901339186164959 -0.67390195056633906 -0.51075023426806032 0.13794748822620748 -0.21419640529187289 0.20714072289766758 -0.25961574363613876 0.44165684685275197 0.53987998648114233 -0.29599732945364399 0.67188894066313187 -0.83783609173721796 0.22083868059402897 0.26023830031291467 0.48399070662255278 0.50461017008208431 -0.85635002808725869 0.46136635453235497 0.69905875938187267 0.2521133238738239 0.45362972325480289 0.51214213378474993 0.74084171827855316 0.21221712854205016 -0.55555362906272387 0.54263957072075997 -0.026804715125204309 -0.063313260156890663 0.12172383963450852 -0.34368307207120324 -0.70925436040590562 -1.1786767337650854 0.91498022113904931 0.29237164093373352 -0.30878372407889998 0.71675405367062484 -0.14979546839857052 -0.40343534179930729 -0.91842202505157966 -0.12673357873816946
 -0.11138612205462421 -0.41013350901628737 -0.11160193729521926 -0.27268170554163967 -0.24743129479210363 0.13590012158666551 0.041406089573328864 -0.69116837459173086 0.036114085852251475 0.3348328887262762 0.14372470666363105 -0.21287491799969507 0.027586664350242551 0.51304801621197482 -0.18597467972969589 -0.018338651000798557 -0.063185790131048067 -0.52951494554261969 0.055051569362175548 -0.28527810451112273 0.0080430964565957122 0.19915329940727905 0.27888075377954169 -0.28398980516221872 0.26633526982364353 0.0032890380040160789 -0.096306559700573696 -0.7363437749858448 0.28357005812261493 -0.47986396267763631 0.64393294859121453 0.534987501753723 -0.56445127049041488 0.29582920388586204 0.5181181650213319 -0.0027198503414789937 -0.068460240749898926 -0.15978993262921554 0.6950080530447782 0.063274162410338633 -0.14502070848719598 0.0032007192637463801 0.65509707956127017 -0.36389254133849386 -0.52562699516841838 0.060170540429832123
 0.070201338062825552 -0.12421557713341119 -0.46098032602004912 -0.32788178764091103 0.94822415179132102 1.2265630430913117 0.36118919415445261 -0.9574700191332659 -0.382991011877371 0.65866508846300653 -0.042870072613825132 0.25545179722965389 -0.032942905007570404 1.0804312602035655 0.084148720263385574 -0.092722277886445159 -0.010350585664748623 -1.357436728072976 0.78738166595021308 -0.32127882855592754 0.38742275515649965 0.1162070274513376 -0.56489405824359284 -0.016155093913825348 0.43451620607088437 0.42035810966993203 0.034010254429074495 0.0011446908933863385 0.73953058464264854 -0.31140810863099966 -0.23874995988314032 0.79818779371547244 -0.47837983886088159 0.42242867972060666 -0.081556750292431951 -0.30595999754405523 -0.29270664306365629 -0.68348175718971593 1.1341987250091818 0.53083709800194834 -0.22168790027546811 0.28969905960065773 0.49155509826646221 -0.54620069797398252 -0.77149387743470921 0.37824186591121589
 -0.0013287800227966536 0.7377996897942527 0.10022642559223478 0.27030055287118104 0.46651660188025262 0.9432965100477636 -0.64589262504226674 0.54353583397742911 0.71175796307671135 -0.17041306104405007 -0.44708454451039081 0.1807266893116021 0.41402976959896226 -0.40351496372834483 -0.10060391695795869 0.15138585493776094 -0.34569340882608046 0.050546644058600022 0.34652273186463101 -0.070407787631999091 -0.038752687168186618 0.19773064714963592 -0.22460771114640188 0.62846081604706727 0.23460522368709974 0.28680447011630444 0.40250192982537619 0.63058693856753067 -0.071622931825348748 -0.15762105299938828 -1.1266935604065056 -0.32222996707738411 0.91038832903826095 0.13841569214051597 -0.014562261489216344 -0.14948868501992071 0.52346904984417775 -0.28866655573455768 0.27918744760931774 -0.15729916943079078 0.14933508571853807 0.29759089806688876 -0.31331792786307067 -0.58075564370561183 0.46060490744921551 -0.11690038588500584
 -0.08569643620941135 -0.72571352968874492 -0.35651617708128652 -0.56583376905041904 0.011224141776879795 0.19110485841565975 -0.1919783786364338 -0.24712840191408364 -0.56891494452958047 0.27735710268018443 0.39823854007628467 0.26054939999073917 -0.28322902464502514 0.90426361651571596 0.4477095767452115 -0.1011922654616943 0.52598616857286129 -0.71068975816156799 0.18512037704136372 0.89401557930373676 0.06921848397554696 -0.090696656275069357 -0.22945661348586568 0.30638624270952647 0.52301423590802576 -0.047796061845785796 0.14024854624493249 0.051904100978288681 0.1571325126360027 0.17232507516913664 0.24939927424490355 0.40981294482940389 -0.67623007913497557 0.21315498631454621 -0.15786356900321991 0.25849861861209461 -0.43756918472142819 -0.29737289135934575 -0.049097727206564468 0.5856204876930593 -0.27618059121664679 0.078745587381364265 0.30899784209350134 -0.36763419833327909 -0.42819867303822601 0.74584696011123031
