# Created by Octave 6.2.0, Mon Sep 12 19:40:13 2022 GMT <unknown@LAPTOP-P0PV0581>
# name: Theta4
# type: matrix
# rows: 35
# columns: 36
 0.067564166405765583 0.57549497724588505 -0.21447268013497689 -0.50143343295207254 -0.44003990718089153 0.75043865581349478 -0.19502614037193278 -0.21127787735429607 0.55250490303593258 0.15163890987510614 0.38549713388129436 -0.74436076317352262 -0.15605305305885944 0.14484521217365975 0.92200848203724006 0.059442347499143594 -0.41287893565680683 -0.67584034313757424 -0.21105087449164067 0.27670679318407543 0.12352510102909887 -0.45257904695184248 -0.015355807769530253 -0.80580758921822115 -0.31576192429982081 0.14180728563615827 0.56992000024889444 1.2244333548758479 0.17864196988972575 0.55173740876277177 1.4664857288541167 -0.93678823540934308 0.017668720582647287 -0.56502550416320829 0.46187619193439183 0.30973441029421439
 -0.13963995813500074 0.90051894811425193 0.31759361995710839 0.23195613916654159 -0.45184771367402654 1.473808680953431 -0.94639563648362957 -0.57009802002769916 -0.42537954034654435 0.21594071364994888 -0.00022360169754271023 0.46504005186280162 -0.22746672532918846 0.26408180001953002 0.80240009454739625 1.3397436353481278 0.76102132394865629 -0.84038695511469841 0.029756757169214103 -0.12841543943753561 0.47472433869430664 1.1502253349379779 0.26529960368159694 -0.028476629069608825 -0.048689142800779107 1.3523607807252203 -0.75431151004273644 -0.21812964759464618 0.98969908094399195 0.19436039446360528 0.21417896670566638 -0.46707148111635316 -0.14106642574891007 -0.35527888531061214 -0.24061269569124361 0.3360719907818624
 -0.086987642179000665 0.29880715997613477 0.82297487642545786 0.74786618419619133 -0.0060723363452909766 0.7182566557984964 -0.41178835875586889 0.032501886635180298 0.11825012492709762 -0.43505994342526438 0.34006023086708087 0.085379788025377906 0.01109205877065263 -0.50524235505503212 -1.1423852764413551 0.40503714824247916 -0.53692866560858199 0.52830420513499476 -0.037580947363241676 0.42365719563611481 -0.89416724036240158 -0.92981290857111798 0.15856545793952209 -0.52503328045605258 0.44493192672722243 1.0611341052728174 -0.42351544248530765 0.34860831963836764 -0.35929220718007793 -0.60849179807338472 -0.26569798399499317 0.27127409555161769 0.51092778322779397 0.31409591715597929 0.057239640282474767 -0.48648920022999986
 0.20879961704435634 -0.76885466031765826 0.73033440463083243 0.89962247221760483 -0.10146292621229282 -1.8852006979222995 1.1437791321932407 0.21145069624145879 0.39689926516410945 0.31471477314985363 -0.012572787489331836 0.17194982536024594 -0.67210062535298243 -0.076631556699610137 -0.46103777895173381 -1.4817584997276134 0.23120795121138649 0.78296422206445271 -0.21453644016400691 1.1230964089580857 -1.1301518507964654 -1.4877535242650064 0.18881027713917242 0.20195276293252884 0.0050861690588774209 -0.93095953546803045 1.1526829736743018 0.33130591011584759 -0.10158634776161039 0.2718187877630337 -0.34029898155263766 0.24242993829954704 0.25159068907831245 0.070288545947327086 -0.45064236165379906 0.28080749735749627
 -0.13694874296395659 0.30988033585617486 0.96752410322684879 0.20924968474336533 -0.91144850029774427 0.23838806111564409 -0.4003739272058443 -0.24621305647665584 0.41278153968277992 -0.028598964570581233 0.30427262724087051 -0.15198347718406116 -0.52990896003598165 -0.28999906589283581 0.2329658297535924 -0.22768742598961322 -0.27857089678368596 -0.0067732992378894252 -0.093019405945826417 0.54253163654686554 -0.86912683777207711 -0.49936365638270303 0.23407806645593088 -0.4825362129742734 -0.034417944866035305 0.33079163176810789 0.33281412614870826 0.60266338910492068 -0.056287556211937942 0.10960530544778276 0.31927760199727218 -0.46991105316218995 0.10552535868040826 -0.18947386144615333 -0.13102702214151621 0.1523724754692935
 -0.097663157516919188 -1.0487597458388942 -0.28868885434745672 0.068258106535589391 1.2805812653543496 -0.49047384798166838 0.1784565183991571 0.93568405046979686 0.0016000145606374172 0.4615450155654956 0.35859023401623247 0.045475937510337211 0.37308558210454984 0.010945410903397602 -1.4448862043150144 -0.40085513155457891 -1.5075646063218322 0.37117603147217459 0.29384102129837153 0.16788515459299583 -1.5158178830406883 -1.2852335566244264 -0.3629984067131512 -1.027033903624154 0.72774784947627247 -0.47073165390935506 -0.14960070826567606 0.81163762872171308 -1.8973838397332377 -0.28500597239929726 -0.15714409352318673 1.7668010845407802 -0.44278498030362595 1.2956147515117018 -0.13439947891635509 -1.0189423333787304
 0.096717790671549883 -0.9212794404113509 0.34002011824245199 0.11250381011609549 0.61722617031689642 -0.36581470680057887 0.70594010138738783 0.43694450099827958 0.44063060471373111 0.17262029753790378 -0.4292733053175028 0.36133011567239509 0.61979357582980354 -0.51159530814838838 -1.0977738826721306 -0.35623858681489501 -0.81927679681558929 0.38925368740156358 0.46489527853864021 -0.53355310888266139 -0.68516584570753336 -0.16268507664172646 -0.90963633441149871 0.72615020257620866 0.53705062436940998 -0.69989154683288768 -0.2674708927704878 0.82315203172284102 -1.2187076981777583 -0.44503047149799257 -0.59045519330002727 0.77662645873598979 -0.57994023887761414 0.69167431844676341 -0.056687122229665703 -1.2145266419116343
 0.16717931915606865 0.1332716091237735 0.66915735687771127 0.90398313380433759 -0.67652614437386749 -0.42243943543625878 0.32956222264841989 -0.05785563594967591 0.29976478629627196 -0.57142811853493414 0.020177307302392672 0.19035828288426476 -0.52941922827930699 -0.36296535438831545 -0.18205264112162348 -0.76778057631188668 0.46025341031878625 0.67853717155985216 -0.59698942655345477 0.572268883778975 0.087014823979841449 -1.058544706871489 0.145561693671932 0.2577016463335981 -0.07890943306377407 0.52415444744158035 0.98478289230046345 -0.40801833366170859 0.80436375077563949 -0.13779825567596371 -0.19654955877924565 -1.2560104213154606 1.5518728424392443 -0.78465293961118543 0.015123712238048051 0.26626296221302065
 0.0037817329739840374 0.31845041959920251 0.34007744319507022 0.29352228566221389 0.13696212630397614 0.26705034220000218 0.24310158713507737 0.18962066830850477 -0.57117013521577831 -0.83227281764912142 -0.31034648074940308 0.29023694461072136 0.72761148208112936 0.41284856724771857 -0.037749498141268538 0.32622549829956948 1.074368150279533 0.50196785556854107 0.22531188936488394 0.046554249334894535 0.85704828176018522 0.5424634527634733 0.65101101749771539 0.67223436073536835 0.33809520100590568 0.49448949869251785 -0.57059451094393077 -1.62591767026136 0.51763078916238292 -0.54649533260386796 -1.3163524471049712 0.3241170073082425 0.84210464290709119 0.46027655803549078 -0.25654777023684555 -0.25405365489383119
 0.20088116110338211 -0.28753118281846224 0.16521792113894124 0.27401528885116128 -0.35536717526238698 -0.19176648000801508 0.34696650685337715 -0.35036695751181551 1.0686437627519805 0.63167602908095333 -0.018887889456964155 -0.13149256470857981 -0.76262508724076239 -0.33026105188345595 0.27351741279498504 -0.82014178968817031 -0.35753632810969738 0.18422284247321541 -0.2817525630036708 0.5432418075516493 -0.41076685924693723 -0.93356609027354054 -0.481571376255501 -0.065690938694889262 -0.34849668161727071 -0.21643424945771264 0.96723220799015042 0.90383081741863647 -0.15603860811265494 0.65414205538813042 0.75445108260022431 -0.76555881579085094 0.11981474175200882 -0.24251352624031758 0.66731764141270533 0.24776039544808592
