# Created by Octave 6.2.0, Mon Sep 12 19:25:11 2022 GMT <unknown@LAPTOP-P0PV0581>
# name: Theta4
# type: matrix
# rows: 25
# columns: 26
 -0.24201476067638866 0.56349795706199579 -0.56034368523737732 -1.2490110924885023 1.2084562174906066 0.16971447648623481 -0.062204375001743577 -0.0099363154906107216 0.18310547281409359 3.3565377664273055 -2.741013054945062 0.049769684350610119 0.88865231430248826 -0.4902058674206729 0.2668450080182404 0.16130046406052451 0.56691957748013821 0.20434223886319355 0.45931969509940418 -2.1594364794391692 -2.7882703296576912 -1.3448000888435327 -0.73690406595162739 0.61792768068898762 -0.54022218666660948 2.5978793215403306
 -0.087678233539510347 0.13637293171193038 -0.30372825239393197 0.88676607591558765 -0.38726822182813514 0.12360323333139855 1.4797608274956919 -0.25536770233327727 0.77476341533187254 -0.84712156177775133 1.4015893160048269 0.5827302491898998 -1.7036831883354284 -1.2696561209161745 -1.1288279125526386 1.4483533236412938 1.1251046358539971 0.54626264527165502 -0.078443839665291296 0.51898362957163913 1.2709047292577054 0.48377631403883742 1.0951500259250209 -0.52482723666814601 0.71289125044665513 -0.49478402808934979
 -0.34222088799698497 0.64966012579848254 -0.81590584143975475 -0.34628455518451462 0.38291594872184076 1.2725162609985337 0.79791883563377897 -0.094677652879097546 0.027447528121195355 -0.76854983935641019 -0.48862758672824735 0.21926658675274341 -0.48091404736338106 -0.86028215593443547 0.57302233656507628 1.1317777523550783 -0.52162623734049696 -1.1368418263330571 0.62299019736979699 -1.1749347810883903 0.047359546658404285 0.33060322880120402 0.57317294309479627 -0.28524047378640799 0.43563125388768043 1.9520022473845935
 0.07687439599477737 -1.0621139741980679 0.81265342625272807 -2.5025558651574511 0.54747967558557042 -1.160891045620275 -1.7451069941219646 0.36063939796480593 -0.16418788743521226 1.7335917469463618 -0.56833768298938725 -0.45752077344526559 2.2264110419579022 0.79298244723118683 -0.35859348647772532 -1.4928741675486739 0.010380008320765055 0.96593893889749971 0.9197211353936543 0.29890095903182201 -0.84926530571460535 -1.2404198766414845 -1.1563941831850193 1.3208553360225832 -1.077428392475108 0.60994037513854804
 0.21923809284600257 1.4949838835268745 -1.8611696629833276 0.99455777073858587 -0.59715712412234978 1.8767640742283855 2.7221450123887152 0.80627283752012535 -0.15037472293110074 -0.54394544756108687 0.25563347172530598 0.56148659372348531 -1.5629570702682805 2.2651789244459604 1.404792304798363 2.078592966044619 0.61333752859758917 -0.11820977065922166 -1.5551348948125927 -1.4339229039126042 -0.08971145129358149 0.45042108931465297 0.72050124012500461 -1.5810350947989669 2.7202047398316287 0.85964021366725463
 -0.14957003123549245 0.068734819374609429 -1.3253652505176754 0.77425965068685187 2.3522891486472162 3.367847764032037 -0.24052957391117233 -0.066929936021212513 0.33019229898079366 -3.5877567286823524 1.249759577442551 -0.21907088281209039 1.3987078516484428 -1.9538155319895105 -1.365488230313999 1.9162685942882658 -2.8168619532436669 -1.1519880091886745 1.8375420547200991 -0.57824789088190376 1.9957614489277027 0.30871763571374661 -0.18539498862880655 1.0359966549612696 1.6865175807805874 1.2931425151732072
 0.19828116052879147 -2.2599462484113269 0.85429719104795832 -0.05830972631217423 -0.8746126831796327 -0.25644425074063909 -0.60645354965741172 0.41054768783311951 -0.33011704564721583 1.3301798293466718 0.064714654620687845 -0.7706928145692874 -1.0586282741376167 2.2487980820094386 0.54601488592349423 -0.71519204341229314 0.7593163538783162 1.1340686238890063 -1.4354181750477109 0.79630083169056221 -1.1579806714826086 -1.2269937232715931 -1.2325427793681916 -0.21280659294621945 -0.9843973021057123 -0.5305067016141235
 0.016435855020447421 2.9520019724826896 -2.682886312793868 1.1153877935904637 0.22615409143933207 4.4989831873261235 1.9844989823174211 0.78886817012411692 -1.0912575247925631 -2.5109413462297896 0.32587387208049512 1.8601167343961331 -0.31318758357486681 2.5487406083717383 1.459104918050113 3.3099105599795222 -2.658051705235462 -2.2547546057411623 -0.86472003984959511 -3.7740211787986082 0.4348191156148869 -0.0053757279449841806 0.24515652655035663 -1.9136260630780317 3.5880102926644826 1.7998867546936399
 0.2199709239731325 0.77931864887682245 1.528484861273973 -0.69808321110600646 -0.88813188713621127 -2.3564138098067504 -1.1538590376208524 -0.015847261506742032 -0.7453344592966793 0.39828017232285695 0.75383628268948044 0.39001416275403072 2.0445021721970913 1.0310912719316849 0.66459543351204942 -1.5792679281753248 0.17828806586666263 0.13894657088993642 -0.41629759740991501 0.90751943826600889 2.1542625384893426 -0.055568766366506463 0.79333047663977541 -0.4035400298251271 -0.027176662093633737 -1.3744415083402841
 -0.3406577115564805 1.2073186332522385 -1.3586510527786868 -1.8513864391909776 -1.7599118936996867 0.38394349413755774 1.5120131926135683 -0.31825173104774823 -0.41982756728335657 0.97781212781918414 -1.4097206372867654 0.90853115470509838 -0.57943408407122887 1.0921421884511628 0.55870284615691679 0.37655645349205424 1.2355768854209694 -0.81422060835327592 -1.9054905500560047 -1.3769689061885653 -1.387301886902333 0.46065021370257064 0.77406398732370918 -0.76926171053398462 2.6058393367483093 0.26657282236016377
 0.30460927224690265 -1.8674517614722874 0.57312269676704708 -0.3121897208938173 -0.11954473077898876 -0.16341386569428454 0.41859431998442975 0.1923671441314854 0.73460650844200848 -0.13646039130282731 1.2547944782313591 0.75308526521584851 -0.74882816976674416 -0.61412800554259583 -1.3462819677235232 1.2994428144719221 0.91693521422079616 1.3455536385186613 0.31364651545075706 1.0081984013079655 1.0183026909456563 -0.39512990371215206 0.3898739270213385 -0.093616152939111713 0.52945157993398007 -0.21732182761880223
 -0.4231612635955509 1.024949053076764 -0.38823920897142317 0.65973063656528597 -0.2235056884780546 0.66178848068752383 1.18198094924524 -0.37330685989977164 0.4776311624696451 -0.19521858395461339 0.71527094318709239 1.994356032004869 -1.8514015646072806 -1.3435568393037121 -1.4792444710572683 2.5966241584164926 0.40506825747065772 -0.33436902933217583 -0.29188980540111487 -1.5353857624074516 0.40921469108873182 -0.66332166675941384 0.81086673932157238 -1.1467816137185498 0.41315651692166178 0.32988564175817098
 0.5998065028308891 -2.169774771409466 3.7677851090722139 -0.31741348550172327 0.74202164369270107 -3.9579861087501298 -2.8432769836512364 -0.25335885762662286 0.47142250856248979 1.1323982739981138 0.37516021333558586 -0.72210612161226606 1.395164588929477 -2.1708737280176305 -1.0566140414654479 -2.9658476791740473 1.025875337012514 1.570253414139386 2.1285838593711492 3.7495512201161958 1.7686207505368252 0.66993577113364289 0.73015450563105389 2.7063780152228269 -3.3889264180896279 -2.1774316002143905
 0.02559620445750296 0.99468597446115381 -0.9610528103931526 -0.14341054275937418 0.66438495218689775 0.30637391860585506 -0.42458378188453222 0.32224954632255248 -0.63106259659928643 0.68107442917149752 -0.93512688247962894 -0.70502683536168842 1.0477942706171097 1.269377965341318 2.0433695368085565 -0.2441743550304957 -0.850901971566702 -0.58479681363049429 0.13277362993999139 -1.1932766834561124 -1.6752735016369038 -0.52965712824792111 -1.0002547364934711 -0.62533462749267354 -0.38705397813017411 2.0020822722396989
 0.10387757576411485 -0.23905190172405916 1.0954960763670054 0.25533780366877579 1.6450343429616354 -0.66683013928400725 -0.6241038325045164 -0.1430612567807068 0.34394799418891842 1.1971353772490043 -1.6081432942960039 -1.0640818684804401 0.29076597613985522 -1.8869597756531762 -0.031157558371870675 -0.77546161428116434 0.027374330214919172 0.23238741279210215 1.3614612710728402 0.1076578464796831 -0.3286265915617177 0.15427019634138167 -0.11835137263068 1.6715635863409766 -1.9944582323373627 0.99835286533220235
