# Created by Octave 6.2.0, Mon Sep 12 20:46:20 2022 GMT <unknown@LAPTOP-P0PV0581>
# name: Theta4
# type: matrix
# rows: 35
# columns: 36
 -0.18801353370551113 0.26115848397746216 -0.76662069877973749 0.039671745480008243 -0.46115874990116207 0.58883083624105381 -0.6518845669988047 -0.16104435607732673 -0.82052032513083173 -0.021290401008082101 -0.66561479440280102 -0.099466933857214626 -0.62496088505495329 -0.60761493103425768 -0.38051409704177097 0.10013504161908403 -1.4930079993303407 0.059252937834034222 0.23622699702813776 -0.34092062514787896 -0.093043674148180752 0.40666824775420896 0.54207622373195585 -0.48724933098103873 -0.10171194895426912 -1.1794297336530826 -0.25052393936250922 0.074024451892492404 -0.093965048344361743 -0.12730587453052356 0.36564200123414164 0.39763860558946235 0.3238408100232017 -0.26535790506789553 -0.071574752199259684 0.65175344281160785
 0.00057125783189350583 -0.20874927368524041 0.42791619659115371 0.1999609387151953 0.48185751496058221 0.17804814492158519 0.3445780129928307 -0.93562411932111234 -0.067087604780502019 -0.6487765997285273 -0.54978472444733606 -0.01007549718125801 -0.31014116395874403 0.20798607306460873 0.27253314517625854 0.73550175243093963 -0.14726478140580476 0.19864897357923289 0.17537612431247454 -0.70721925605529057 -0.49207631289099429 -0.39650744439496716 0.93490562259248289 -0.15376562495384399 0.076830657179381548 -0.087709360450971038 0.082546203779515728 -0.74005945981891674 0.013040425146628112 -0.68655822774735997 -0.028198871196180388 0.096950186127561955 -0.20355639502806511 0.49346786446633317 0.41362980416575923 0.64200731586454329
 -0.23857501240838636 0.49526730413279357 -0.55937342130699497 -0.33685491922744454 -0.72501876545591548 -0.12229571412030904 0.092219465290807323 -0.1801606114658148 -0.5995295462012894 -0.26556580936970425 -0.078847941540647185 -0.45881357357764124 -0.50052213376373877 -0.53795221936995763 -1.0782532787149428 0.23176248294807059 -1.456308286715652 -0.57689346063293467 -0.24616370228063608 -0.16814878046926318 -0.78668509283827459 0.36262082635518644 0.15958646307391899 0.24335041959247511 -0.23195840144505891 -1.1614996910261139 0.46770347964103254 0.18878195704934711 -0.1699245776710897 -0.21168203457767218 -0.12745536607403668 0.43036678769673076 0.44410722617976944 -0.55327106437803275 -0.062411820687038072 0.023339318238099201
 -0.104052635751612 0.29005602495503169 -0.98172750924779395 -0.043663535247436561 -0.047482679102893853 0.043326315465001979 -0.38552377187844122 -0.37043625695704041 -0.013839994791558407 -0.26868381338211561 -0.55598274948272397 -0.37528914968765381 -0.18877527339481698 -0.49954826382089079 -0.1069682451281309 -0.015785434638879721 -0.99516886844065411 -0.45336123934899608 -0.40820074991493344 -0.31143923495286102 -0.3530034861591731 -0.016259340953841954 -0.10157664700129997 -0.37860670923393336 0.82637447356419724 -0.34445267448529526 -0.21791351344901089 -0.023998682728942736 0.35993589077173266 0.12547853102653464 0.64325937717684512 0.26420015490908183 -0.17526543137623785 0.23209243227907306 0.29296117617942652 0.42442715994123514
 -0.27578834379879058 -1.4523063676997532 0.15712285027540118 -0.81824981521920448 1.0580080312494498 0.23679721914924579 0.69976266854111158 1.5257021740860874 0.53657574099630778 -0.94952563313584581 0.40875615329672749 -0.67961198132106082 -0.031527958149663235 0.11715319664140367 -1.0487529291317581 0.5975826545625661 -0.16641479272598067 -0.13404524798021325 -0.51280409196189536 -0.27408717654533921 -0.10721596468256278 -0.42383851984464332 0.26082227160380944 0.33162047760955343 -0.013550930997071714 0.13826199689311205 0.21829012161468411 -0.91883672205834921 0.12509279521067906 0.21695741349594921 -1.241812093714497 0.042889133480207862 1.1414854201613107 -0.21717511305731652 -1.4340221341017017 -0.2258861327748449
 -0.10208428525757919 0.19574498619507369 -1.7613234599287271 -0.07564919597436183 -0.67786787885440014 0.97539381994759844 -1.4901564998658716 0.73409247951400702 -1.2716923218944218 0.29828376982964455 -0.74273101902215966 -0.33097287210113402 -0.45179888267100998 -0.74953004673629398 -0.12459100313787196 -0.87812294302462368 -0.82717447805272248 -0.046032938585546433 -0.031235242861474857 0.33506778759838518 0.17262695575225925 0.15248721656389552 -0.4576321905852142 -0.73010712425542523 -0.1436722419826984 -0.89813165833928665 -0.74779001409453272 0.37622674983887561 -0.29551087254997299 1.0655303964767202 0.67365084055927815 -0.10016458891446926 -0.29451281755775183 -0.233788591051103 -0.52382445251220111 0.82993184895703631
 0.090540515152236267 -0.36613452080281828 0.3214454783787733 -0.22698562928648419 0.82366693457650209 -0.2482901449426832 1.0335545232341712 0.4506831818100514 1.2104480007639247 -0.51680583047195316 0.37134912913282703 -0.19846157097450456 0.44120333975345422 0.10963291219724121 -0.30819101594218901 0.81580261430789625 0.29166446126032503 0.074987550749173085 -0.72405439247268844 -0.5410681503285929 -0.30163160810394252 -0.47558105784906612 0.22741753562597211 0.42157979319993072 0.23255519879126355 0.4260875880311808 0.44023314330956953 -0.47380327966801222 0.29320421775404742 -0.36913354132565329 -0.57339817680237637 0.13052564509434048 0.70015658572537232 -0.009655170512073907 -0.52546393088240817 -0.2232442969722995
 0.42422536864296306 1.8855419857989031 -0.62801832065345475 0.45159282981807891 -1.71867699097573 0.086081696946423814 -0.89261750779936433 -0.63103791983010937 -0.58697184373316558 0.47335066009698845 -0.28817236907446231 0.11369427226969485 -0.44199762471070142 -0.82015053958381656 0.046158715554001063 -0.61678192427876388 -0.98730727011542818 -0.90381088344963967 0.18061346998425037 -0.14083191920062363 -0.44005038296831489 0.95844266467411632 0.034831465607702429 -0.11928220129787337 0.11215247973770566 -0.76803531891516619 0.98559468608901213 0.71927312192088078 -0.44186037772451248 0.55909590677455556 0.85728173448548894 0.22183496194285776 -0.23951859185276508 -0.36935046805991212 1.6184422598255273 0.069505034278353278
 -0.059262917276883119 -0.6338385592460889 0.28636910038718733 0.45618327428896249 1.343739260793726 -0.086569699104537989 0.63612522837922847 -0.66464789932564672 0.79029277240136742 -0.30817577691084019 0.36460917893830058 -0.075968797594642937 0.26871922867362308 0.63698001124035564 0.67173625587139241 0.75752422395648777 1.0805869794481582 0.53852759216842028 0.17627365872164219 -0.58799054027552056 -0.62333910626614775 -0.87831270473950318 0.49618830321793667 -0.093945758154503081 0.76460165272307046 0.28129711774487171 -0.40379793967453909 -0.49087227576361153 0.46797219162854226 -1.1470834553872948 0.086169003437162342 0.00070278225120203465 -0.53976732190920351 0.44771765510988165 0.2420031497455169 0.35608758381901917
 -0.024994600690463147 2.3887803743144294 -1.7582081868529251 0.73245358894176271 -1.4782599116628181 -0.057402466593104967 -1.3106939929099708 -1.6213833496048398 -1.7217979168328932 0.46969641226682762 -0.95922019884460719 0.63254432267910643 -0.10603981701238206 -0.68648462441136127 0.83936836935774572 -0.93818458128703142 -1.2074195790040443 -0.42682891426933867 0.80580380174385724 -0.66216982883321496 0.0097567886618317792 0.88178793776272546 -0.11947076236082033 -0.69669599075465183 0.43906762919437253 -0.81318596263026144 -0.29803791879292191 1.3521341315870574 -0.31244597095326537 -0.29395699085944882 1.4250057052020488 0.38997489396906504 -1.3548674150733795 -0.52025956924487426 2.1450337940305411 0.27248550996882565
