# Created by Octave 6.2.0, Mon Sep 12 20:01:41 2022 GMT <unknown@LAPTOP-P0PV0581>
# name: Theta4
# type: matrix
# rows: 55
# columns: 56
 0.034918674292542563 0.33312947661991188 -0.59657832583319637 -0.11771647520690628 -0.68433379015774409 0.6322200772210983 -0.37802613016380032 -0.12260739162012069 0.15503654263833516 0.33608548414230316 -0.43549969618028034 0.44208623934484392 -0.083904112858460819 0.2611847134577488 0.56564288400449281 -0.55067493967538994 0.74468730906069369 -0.53759710493219526 -0.38156235517262183 0.37906834517360499 -0.085011772627983637 -0.56979958452957047 -0.71657329895853672 -0.52700267201849715 0.024776530697743486 -0.17503279639952271 0.52399337700400761 0.072600346221564679 -0.80725479016249502 -0.1857546950941702 0.50009755172908665 0.45016890913890822 0.79644195428659637 -0.033027941876030517 -0.13964852235003739 -0.2268494325687079 -0.13909658922387 0.28268219743018808 -0.15241740903525841 -0.082445485238279548 -0.12929589093966382 0.17111637299742541 0.025114970005371304 -0.70612702389208237 -0.014936074899282115 -0.025191165559206787 0.23171902751270687 0.19799652294967063 -0.54316994237879179 -0.17896217807441342 -0.80272363767915467 -0.05738143330070021 -0.29602228984109125 -0.32706222436670213 0.30538997597176887 -0.054843600868836787
 -0.014611310202543795 -0.13712552453141708 -0.5064784904893832 -0.14817117894814158 -0.093736882491422036 -0.26916983396545935 -0.1138930113531423 0.19612054939421683 0.49756501347333526 0.12469573445920976 0.036072859496414936 0.27575092485510277 0.26906769691069726 0.26288921172294055 0.35214689701318619 -0.5707415302733907 -0.1870944826327211 -0.40747292750142977 -0.79714458671479405 0.35794698367129052 0.093045605030628795 -0.30565253356180555 -0.31428383021564721 -1.0684024412340452 0.18022174496407903 -0.22418319067486436 0.52721767743037506 0.045674014533699833 -0.02793358376366304 -0.16462868106780149 0.57562760253677125 0.40061534979555508 -0.096372697984923469 0.43533027222711973 -0.095054308202908805 -0.1428517714396341 0.028947101239122575 -0.26731214622582233 -0.14351255312524749 0.049626185631410628 0.15515838319676342 -0.07312472593772211 0.032958191966215911 -0.61523626393564013 -0.039723719087811055 0.16933736925064102 -0.11010276136757727 -0.23344331845958322 0.34158826403316617 -0.31200504144732605 -0.063855807883533316 0.54421714282151068 0.18520849356630997 -0.25001551510284459 0.2874916855134016 -0.19359316340647811
 -0.052803993119885352 -0.69253945556580165 -0.18307143217911351 0.49639680790871532 -0.34033317553448655 -0.35488644019621557 -0.46555183359785413 0.18728338299183758 0.086443521935849588 0.59405857901137116 -0.55468816148026279 0.42527503012973067 -0.49279926270258334 0.08923918233819933 0.59526415471052818 -1.465438540928554 -0.034109887124385785 -0.17116741880791472 -0.60681156199519504 0.14288747975263325 0.77434479986168603 -0.45087537307390513 -0.72812168467207083 -1.1918633925230349 0.95377506154520186 0.1052279612613741 0.24143049877208919 -0.25165628099756421 -0.58214971858854392 -0.64427831321493911 0.78009615747078254 0.49331678170164994 0.0097798573959435899 1.0707263136321656 -0.26415380759734297 -0.85292700903316432 0.50992236877446107 0.41387123070505122 0.55046142830935441 0.68261221193830246 0.026572829560760052 0.20539518781163121 -0.37259859895053832 -0.52091361288158622 -0.0014436414762690163 0.14889049803747742 0.52956263296118633 -0.41509877482383828 0.91341472167226989 -0.8921420377545044 -0.33101512296419394 0.3122145230288263 -0.27754289900426543 -0.38877944220132332 0.78918942293257177 0.26709849549135761
 0.010454974698779363 -0.51558031604620158 0.32932355279264874 0.35171991358925819 0.541138617485311 -0.74200910791629748 0.075020904634815713 0.2680134599259183 -0.56508175635000435 -0.23279323649723219 0.1640009738482518 -0.48589379016406353 -0.038032202253533341 -0.31796229417069588 -0.31717094076682706 0.049839889419815105 -0.67974451296666916 0.45946718201425651 0.033020125573759405 0.10142243360843527 0.40590005932106221 0.63626466699914863 0.24040205322996128 0.098410993205480385 0.19114515986355415 0.42902589638656735 -0.66927038318367238 -0.54626011068232583 0.74105783897368449 0.10454104992253559 -0.47830050078290021 -0.31078256887185174 -0.82901160021695941 0.044422107203674836 -0.10147074088689755 -0.089384731252226068 0.30785674640456911 -0.34501572413203757 -0.049705386614946369 0.13198614213434687 0.30245214130356435 -0.31431607648607096 -0.17441390683504665 0.51257803089081677 0.014956862389582076 -0.22701760251485742 -0.21384507571403391 -0.45518826388038713 0.81812037413481309 0.060573501593337443 0.63867399141873316 0.23656761075293911 0.54337331059944005 -0.0042062284386965472 0.090032377121493964 -0.11989745576951492
 -0.13737224888825952 0.25301844845028271 0.22407239617597621 -0.36630113588132401 0.41261312573347475 0.16816671410970688 0.33249849318449082 0.12475527777759005 -0.92876929738430736 -0.47022585182173293 0.39001273874653275 -0.66928689093104288 -0.35857548531212868 0.083015798321685888 -0.60440800483084967 0.26764801900098234 -0.17317214173477949 0.13238865205496261 0.94245069579628316 -0.68204815140177466 0.24305815254632698 0.27437382472787258 0.021179825989764766 0.54012442984722386 0.058961932033198529 0.084061973443080737 -0.661796526267591 -0.14809886860709709 0.55378600399925237 0.52725287915133212 -0.69071759483450357 -0.37399173099367122 -0.57632759874066053 -0.57784445899744774 0.23986805919426724 0.32699607645738971 -0.22584363538995897 -0.06306176213058412 -0.37886451751452721 -0.43612961409889905 0.29740304672654616 0.016068496342392751 -0.22480117429953436 0.96593846633528579 -0.22435452861631047 -0.34785380656349418 -0.091138552965374514 -0.24308483402393496 0.66974452394243367 0.43360732282192216 0.031937388694175492 0.049802988275081332 0.20295025307170414 0.37218372168722252 -0.089350216955276646 -0.25169501565424252
 0.11475684997917271 0.61413582905413799 -0.55631531210936991 -0.55998155416752238 -0.4042069511556281 0.31972966209772197 -0.19907848714990015 -0.0086080560970528512 0.24037126446573362 -0.37036933358451279 -0.082709470816892908 0.062760175065802101 0.13486779095865042 0.14763531671328603 0.23762986044126744 0.019408962374267317 0.22627597456236209 -0.26310888423904033 -0.40252542495806581 0.45674469819118585 0.24504236664748116 -0.22011000509812156 -0.55104039656497139 -0.45394448356576506 -0.024373144295461658 -0.19866293508332711 0.053893358726284472 -0.20881215571767484 0.086475860462261689 -0.49679040248019662 0.66277493975374668 0.37398601196057313 0.64493448922931496 0.0055711717685060823 0.060531720876043998 0.36277125611807121 -0.12499509515152038 0.072103998742800227 -0.64092647437050454 -0.34421190221724024 -0.15283943684674034 0.036671096227926636 0.081106380505348977 -0.25431651537247785 0.15775684283036878 -0.040569430121316453 -0.15698826874309893 -0.27761295704790878 -0.52857400969121526 0.083769323206353941 -0.28798835184479854 0.54183441820751332 -0.082321094570283235 -0.51596947386570968 0.2235473998178989 -0.60922484072375938
