# Created by Octave 6.2.0, Mon Sep 12 20:06:00 2022 GMT <unknown@LAPTOP-P0PV0581>
# name: Theta5
# type: matrix
# rows: 10
# columns: 36
 1.5073213756804229 -2.5589121962554189 4.7793600128102502 -1.5864699184587729 2.7360437649627074 4.4309333177014203 -7.3376066475127431 -7.7589743923495291 -3.7918311581747148 1.0559767416507284 3.2542658240983386 3.328007004873792 -6.9134091328472671 1.2141316174902572 -0.53627202477459635 0.79083062623467526 -1.4524006592781873 -0.68959040766287438 -5.3771710789011875 5.486597059722234 0.92005477719289597 -5.8764539507358791 3.3103514398587595 3.4464936691133308 -0.62789851831386445 -1.1791637652224685 3.5114543100874616 -5.8983465750458395 -5.9105716592853401 4.0223163190782207 2.9869629643881348 2.1002286155160923 -0.70921784851190228 2.610232530042051 -1.1824553385938414 1.8894784184902313
 1.1228654576990482 3.5318604427645321 -0.84222492817959127 -1.2027139774199227 0.023479020876242481 3.0852424892397736 -0.99284008107378185 -2.3254035879957069 -1.443301632632686 1.3997157412494536 -0.19018998119378258 1.6203344552509504 -3.9925171090659495 -0.088919040398352911 -1.0941874391659652 0.41235268446311901 -3.5590198384141174 0.64529512754707885 1.9178066629663191 1.8678877209754494 -1.859784889910852 -0.52629858667562934 2.2265229576723202 0.12623846281541173 -1.2781843167427842 -1.5690126828676385 0.69059705337738908 1.0433158837495047 0.69179862407976123 0.75859957574857706 0.089137551166505929 1.5878006649952316 -0.72678166404850275 -0.1896134223473582 2.2464751313645728 -0.84728036257736761
 0.4544829035681997 -1.1901253757065855 -0.14486324206425336 1.405162365262576 -0.33300978745347859 0.50142615165520454 1.8582847346617233 0.38940407310651143 -1.1368802104348064 1.1438370628808812 0.67400463761967278 0.068306069050219756 1.0915894733779545 0.56517950538915118 0.9349687756384345 -0.89834938603786529 -0.54647629779821927 -0.96786938689780166 1.7951760241518528 -0.90875081289015869 2.1629498153094548 0.71441088717205414 1.8895108271976258 0.27587174195669156 0.7048985186507345 1.7643965272831696 0.52864809626587184 -2.5941206226007512 -0.027407267795697202 -0.61331389566714112 0.80643168913258034 0.17441409934433094 -1.5489242307758952 0.053879947150500977 -0.51858814063714975 0.059838546602648542
 -0.64998257573890517 -0.29969423629926273 -0.44901499521436916 -1.4137271883216191 -0.49900920509814461 -0.62233720436640683 1.7154523763000069 2.126906713461111 1.2132826433098687 -2.200491483422315 -0.98914293976858436 0.33877954972592894 2.7641677003497596 -0.40518041468452681 1.2550962300717392 0.079622225166529045 2.7732197959297924 -0.1806009239554526 0.83901830263002608 -2.3158351926356544 -1.7391166043233401 1.1776170065411451 -3.0744522219285604 -0.13794946251686677 0.12269811454554243 1.3464777701638215 -2.8195854584539051 -0.56565990301986591 1.9064718795267244 -0.54141761469815397 -1.2276659087250243 -1.240120535728785 2.9829125076554917 0.12424484848620669 0.50373975314237074 1.3313260404689724
 -0.1638386140846709 -1.5535737028204162 -0.28227005399122895 1.6700385430991658 -1.4541908266858177 -0.54555226152342973 1.4749596318374238 0.87279202766002395 -0.95617034375764443 1.9343225345541057 0.6237489724755263 -2.4685476014169319 0.86958730256640115 0.17934856233775223 -1.4828209774115757 1.1558585904162202 0.27242367213965868 -1.6334018363052325 -0.37181666803765684 0.36334627304775508 3.5213545830365196 1.0692545668802889 1.5545855120309873 0.98963000079258678 1.0226800948698298 -2.1182249093763716 0.83433698106683307 0.90204527391288902 1.3881171376464896 0.17719443725911191 -1.3783159133215066 0.75979781495968279 -2.6321488674061553 -1.4383121516039032 -1.0584512547419789 -0.54192550653385396
 -0.73599199502458534 3.7035348413205056 -0.79215154939503896 -0.56361895817057461 -0.98916880704770027 -2.4852217214311216 2.4868009139835348 3.2349920447869809 1.8652463221803424 -1.9603817174236051 -0.35752852900453874 -1.7433688462316415 3.1252835707311188 -0.31815473264763311 -1.0048861059217662 0.53490360424667238 -1.8068461567732479 1.5414867408189221 0.77456940824199738 -3.7123699269837598 0.44569039911472191 1.7777174655621357 -0.40147130582225399 -0.54725207321127356 0.38809756405515056 0.42826445830422855 0.86187293233743789 2.9983486488278439 -0.34829118713326007 -1.3675588559691458 -3.4214371700925184 0.79660078347305507 -1.5850159506159056 -1.6183129861850054 -0.6635921656013386 1.0222873415660056
 -0.54327531163872989 -0.63083785498035239 -0.92901974845722768 -1.2277108323312282 1.1583411085710582 -0.25242718120271984 -1.6219826511646436 -1.3691199050210348 0.17785608656052793 -0.7703748673600217 0.75407094763141613 1.3780549376812221 0.10665448354562149 -2.7630816982241493 2.8392962248675913 -2.1879824449998915 2.4887513645280519 1.2346194506261865 -0.80802491365174023 2.4796906884485677 -1.4822689355333885 -0.4681798237138895 -0.83875798015371716 -1.4989068850577825 -0.8875464648325645 0.43184758367259796 -0.4037498412855377 0.38910513724952389 -0.92539745955569153 -1.1478223403311236 2.7211687907626549 0.17536327016518599 1.0392243322381052 -0.72752300535344228 1.9101056305843365 -0.63100945605249759
 0.26377876072859846 0.46506094554133826 -0.74546594258215937 0.39738105667029894 -0.10026229815837175 1.0124848572722198 -0.33844321610655342 -0.80347843256486495 0.41612990488419949 0.16093587397980483 -0.22444458447351828 -0.30857245754626844 -0.10679084603197973 -0.25634441532637259 -1.4782602339263575 -0.25158197078173644 -0.93139500741643744 0.26131359426706507 -0.30912425396816628 1.0404995482313744 -0.017034703410499785 0.14776308053637749 0.44516449099243438 -0.31551104045324674 0.065139758143442292 -1.769326449271259 0.68514655763050425 0.75983102413270165 0.97393575966513291 0.052177639785816111 0.78312440306824305 -0.56340899401459665 0.70602818308207083 1.5681521645860059 0.56586202299401434 -0.98648830582264235
 -0.3633105075520367 -1.3115882084776425 1.8238382532542876 0.24306976696305715 0.6565217804878567 -0.75685477781512434 0.68627237501657323 2.491190580590156 2.8616922731154695 -2.4826408009264846 -1.7358753030731888 0.1321368634661009 2.8659826662027155 0.37399151749285703 2.0993997507305795 -1.309589618706938 1.5717046172622615 0.096322456503036696 0.33156700904105585 -2.4228079312466826 -2.4449147927910766 -0.23011223811983164 -3.2064792288540049 -0.055517857628891047 -0.4952984555172692 2.8151906106096498 -2.1771083004669896 -0.7339635785527624 0.077240391719622006 -2.2306103974520988 0.65645979052333425 -1.3430998549104241 1.9798665233280155 1.6788280521432242 -2.2683859705393159 1.572333102608428
 -1.3870601458257374 -0.063761213295880498 -2.5716065667057477 2.1399279158586095 -1.0425482751096751 -4.3880311491119972 2.1364298638515389 3.4213043227717792 0.97102646332778875 1.974831269689127 -1.8783000755587023 -2.5664723472104742 0.1324381461808706 1.7496220591929472 -1.3829470942034674 1.5309386200281137 0.90375407077261216 -0.027740925440101809 0.87019362600031369 -1.9834850362572884 0.46251454858213553 2.0691987861799728 -1.7010040269976401 -2.1231160001103855 1.0987633882894798 -0.13662510587691346 -1.7204749161578532 3.9857649790602232 2.1836078065982272 0.95696778479791644 -2.0008021879500992 -2.2793761361588083 0.40537609789416584 -2.0141474870574245 0.48104804425653197 -2.8414609464723739


