# Created by Octave 6.2.0, Mon Sep 12 20:26:25 2022 GMT <unknown@LAPTOP-P0PV0581>
# name: Theta4
# type: matrix
# rows: 45
# columns: 46
 -0.056118763329759534 0.068261020625035085 -0.066557857065839526 -0.30329763717349073 -0.10615322550897351 0.089110865478100681 0.051449174059600859 0.10336555585324836 -0.18597656394742879 0.28841323061237129 0.070942991649892248 -0.12678284461119885 0.30280826065348371 0.076079082378718521 0.057587409718008048 0.1447896997424277 0.12395807801661693 0.14419391234829207 -0.32224451223437389 0.40661109700024017 -0.25328464437787784 0.14161168424858706 -0.075567626804087448 -0.076114354072354326 -0.36685701281102706 0.082109044838047887 0.097278572298227534 -0.1177965502782486 -0.039453617871166136 -0.13318394464516475 -0.040792609774898139 -0.17892144191986215 -0.23738119316002829 -0.1294381732582609 0.092715544291469665 0.091709665017842876 -0.0032572281572258335 -0.0095485617315809283 0.044580123862353965 0.14112720360956058 -0.01778061932564564 -0.17295013347619831 -0.11673149365061712 -0.29453285282070579 0.030204951015852733 -0.087364603593613935
 -0.07172142229530161 0.041750738827991782 -0.18866062243535983 0.072330006986739678 0.15162595118986918 -0.084503057108802376 -0.075661688477886818 0.22013467485854782 -0.15767931511426286 -0.10648631706720009 0.066175796431587872 0.084102786757554143 -0.12269955088064 0.084920663912404076 -0.10211527579810806 0.0016987337666728524 0.03568503395581861 0.19679783406228965 -0.14953596481913534 -0.28153188444553051 -0.28142877991367021 -0.012633797995919722 -0.35356577432542202 -0.12572443380083057 0.0066132269378156817 0.046144967439385141 -0.033224551434380099 -0.069110401947160047 0.059621685694685587 -0.10970802142210193 -0.13916812736796866 0.17446679668863671 0.17822827617686129 -0.0069285440868408609 -0.089744972644223722 0.20993741978212094 -0.23077056556267575 0.26827641717403766 -0.30318950417640489 -0.088184276293379743 0.1716117395163067 -0.19667234111909518 0.013443570174115974 0.062590768556054069 -0.13027952344221408 -0.011153021041548661
 -0.081992750341719392 -0.34167761605191127 -0.10496165715539098 -0.05134980758339832 0.29035248322458956 0.089837895692671352 0.11618557184650484 -0.17476342080604046 -0.29195094508808095 -0.51369066680968845 -0.0096990815119717445 -0.057097976140523983 -0.10992718099876313 0.11737713493941525 0.10757323667282966 -0.19535328509894359 -0.20690453461478778 -0.094967139244005266 0.35614623825941688 -0.08714536211340769 0.40872050295046619 -0.34294249210732047 0.18800769705246848 0.15002337078687239 0.24167705645261567 -0.38266342613223042 0.37150469568889688 -0.30949825545266363 0.013350832930928947 -0.057858470500607245 0.076345562603360909 -0.080527132392023068 0.090362774759425571 0.044516193836859695 -0.058651102777827709 -0.35466061436608642 0.41327220064845516 -0.042029935139674748 -0.091126969168313254 -0.25317667261768156 -0.48630409374339595 0.1411735019222928 0.17379109835835324 0.17332393707855426 0.41537619294795169 -0.028978865320706367
 -0.044605753501551493 0.27962328050439367 0.096780291496533444 -0.20613903431028727 -0.010625230076878496 0.26318400675910358 0.38672854945433371 -0.6998589966574289 -0.10038394671454721 -0.0071948624786981798 -0.0034269976510004174 -0.4377022168885718 -0.16360334083237163 -0.25675329750031661 0.23368675419871293 0.048716454603620667 -0.20288114358353113 -0.52590627582315452 0.20742026420170009 0.44003638720557831 0.99383143313936395 0.037127014584020117 0.32096427923149073 0.096055939681559663 -0.051253231393048389 -0.4620318495644315 -0.44448301717544264 -0.22064598460671972 -0.048076898217369372 0.38037580176391522 0.55141995320135762 0.22558884243646543 0.0044835808431682471 -0.0014707838266766866 0.11705058546893091 -0.60851121761024762 0.20682063516563978 -0.12533631854979432 0.47518536847297721 -0.17615492777591524 -0.1509471367798233 0.62463199746878872 -0.21167891368846439 0.16702849579010826 0.49554896076361588 -0.11043043205272528
 -0.18223776900834843 0.33723266450949091 0.093799438249940928 0.00017342483544618889 0.28096118471066317 0.28633662045382996 0.24291458653491838 -0.7112899809069243 -0.45108507389048341 -0.45874569828556488 -0.030108920887573418 -0.20066016482368515 -0.2584823497762665 -0.13266404116498443 -0.059120092001342675 0.081394129347319197 -0.18553783122732942 -0.37922771892747714 0.24673294548391692 -0.11923238138521106 0.94990975869434746 0.10624398980952791 0.23423521351615631 -0.052710456902159059 0.027517391748693304 -0.59040847343151071 -0.13308667072186675 -0.14644189528093371 -0.25129137730868234 0.29651287701519036 0.30620262813426552 0.19082962668686737 0.067932006540562584 0.075198636386517262 0.13681733496648069 -0.52861454171834765 0.23074656817432085 0.21903616932419506 0.098622515145563514 -0.23339338263373186 -0.20726945335686561 0.38116652276732843 -0.085446107577661815 0.22238432875396053 0.47623247514487105 -0.13812200053376339
 0.060608973148810072 -0.084182392020763053 -0.23115152138202547 0.36072903874053108 -0.25261019659187567 -0.056607775059195835 0.025352334468855247 0.68222997835634414 0.008962318334259773 -0.24110476727327693 0.083135901875387261 0.18046573683080983 0.45770524117338585 0.57751708158040249 -0.092264560842520729 0.21177335713077583 0.17485941051453024 0.58397290145051373 0.20848703377181943 -0.42618253525954369 -0.61370056822652375 -0.00020421087183222346 -0.54786349533483347 0.15551085883093685 0.11911590173363482 0.14400771600579657 0.41063099343305209 0.044575247952547095 -0.20802336543505384 -0.25137249349278395 -0.59163144085184072 0.1136480739365502 0.45966875017404707 -0.39448358840304637 0.16945522782199712 0.41703633974214038 -0.11310279079259991 0.14203021013565276 -0.52165477904289048 -0.1396499527322283 0.11067425687012319 -0.54836415313524578 0.29811373403502567 0.15346756267170142 0.06567277791338326 -0.23461664481594946
 0.22249362826255153 -0.46670828855860558 0.16634332263740789 0.3204716583486677 0.32814520905282746 0.090520502005006789 0.17054500652550245 -0.69152229185910119 0.093885572307522647 -0.25434974710448094 0.254890578319524 0.05909569298685978 -0.52093123392950802 -0.30008297124814826 0.56556557790511386 -0.31513763603543943 0.027853373322628539 -0.55186412481334435 0.1114848630015694 0.019986997731868135 0.81146690591256532 -0.20512473376558615 0.72689561563400718 0.037920642132102 0.49995796807454762 -0.49955401457812748 -0.60874519552097794 -0.36436251130835173 0.26377085403634454 -0.0025897146644651915 0.52774393632300665 0.37414495216839377 0.23525600688877135 -0.21065425658442569 -0.030054081942227542 0.14455823124872264 0.095197003931086918 0.0095340622304362164 0.32859874154182711 -0.26170355003439194 -0.49264549721472067 0.62664184605754103 0.3460704881236214 0.36662991107138992 0.57479090638010577 0.20833229635604272
 0.070246656995868989 0.43980440383428732 -0.20159203364940231 -0.42118307689532952 -0.38634033612692281 -0.058895724913423708 0.51463530985325667 0.55914894663055092 -0.28077255977912241 -0.45287263918255599 -0.17506287986046015 0.21105710892056415 0.62641003852423172 0.65919783243638563 -0.10250781148869456 0.279122025486228 -0.39179091683433181 0.63529385491528811 0.70369550964158145 -0.14127313577447154 -0.028796256540945281 0.38797154252306432 -0.60742196972841278 0.27100050268916609 -0.0045060087862048761 0.035356314501629689 0.72075934936835684 -0.26226452785961546 -0.26679475811266901 0.23959816973845674 -0.40148975781389279 -0.086334671461424414 -0.0098448052179743919 -0.23055065085087753 0.04168479065966732 -0.57584669519218667 0.34200851757056983 -0.020757296044337143 -0.40171688557702706 -0.19146742507943729 0.24057108972512101 -0.30996051066368396 0.017288756227676332 0.36602289026484125 0.17529267216976893 0.03362214304426444
