# Created by Octave 6.2.0, Mon Sep 12 19:57:46 2022 GMT <unknown@LAPTOP-P0PV0581>
# name: Theta4
# type: matrix
# rows: 45
# columns: 46
 -0.14787213588850304 0.28486784338654697 0.081392886590001712 -0.059770120007632085 -0.65965587507406753 0.17936631001244108 -0.68714521213551238 0.21132550241167969 -0.74942811472192528 -0.40574868230400446 0.55045602630758594 0.36883577256347144 0.054897264977538843 -0.26941663487829642 -0.53595635284521237 0.34375398448820776 0.52951169510596896 0.65403598629420434 1.3064436850161318 0.038910253832067691 0.35689220471035976 -0.59046289405146712 0.72369124698982612 -0.99552091886356908 -0.21903028923384527 -0.50604788537682832 0.18784306641026155 -0.32151026752040895 0.20655446708411707 0.38057857830466163 0.15068093508731445 -0.94071091622923098 0.29856970373657454 0.21276347306749219 0.13961837437873878 -0.47310300607759109 0.26829583806744062 -0.050365751966865664 -0.21331349815921685 0.053462795447165687 -1.3601601301958528 0.90638095025551868 0.50886966678564871 -0.77751312008097173 0.11776630039602079 -1.1123122693318539
 -0.040678103708141559 0.15041410804812488 -0.050186165483117627 -0.20237814284487785 -0.15711709935835438 0.83050550153718472 0.38926743611261794 -0.0084337521847879827 -0.22443198040076964 0.70856882346386219 0.43631709751224063 0.34747610194445322 -0.33934623523396901 0.25724607965276397 -0.58436936934596384 -0.35936789377393585 -0.31835454103604388 0.27925894524512129 -0.15121166255474247 -0.21222946575247922 -0.25235366153778688 -0.22645740006922827 0.27627472474556886 -0.14048117249319012 -0.57004170107503949 0.20231911717059906 0.34588053472732316 0.65742797578956658 0.50939124793486745 0.98413079821555649 1.0158507696405317 0.15555323492637166 0.48413221139989843 -0.17072520157896154 -0.85122833131347042 0.053906596614626032 0.8972387673530543 0.55925587708889313 -0.35497002049797038 0.47064621035101739 0.14481698339620525 0.7224887641300064 -0.44541550333021529 0.18214445588578071 -0.28262430407980527 -0.69636036162279036
 -0.052225597055285962 0.098947107262850054 0.96521812149309005 0.17834466389890291 0.49839645848866376 0.24355852657919286 0.074069315037151459 -0.043139820226817518 -0.039973761938634007 0.032581125198071922 -0.3967101138869587 -0.38500211131445472 0.010378490414879012 -0.45201820482855143 -0.73701119633892753 -0.35141821071413881 -0.35399163623924518 -0.59880018903030308 0.13734941568305101 0.2067709103106877 -0.19029844998703316 -0.5015574763903653 -0.19281558313998468 0.049538719373471284 0.082258185321004276 0.38520280808832646 0.13912078381181597 -0.4052395923002205 0.5966415486428599 -0.23844282367411013 0.32362997801575699 0.35809148092605847 -0.16726345649539609 -0.49869772277648822 -0.27526230728035117 -0.10631677000776407 0.26124370422544935 -0.62292859104736154 0.054408896536244075 -0.39476283974043125 0.28454444817017882 1.4177296899437939 -0.037058754226015865 0.47668528128795656 0.60807864628132269 -0.5913883596500793
 -0.033361081039145972 0.20046654675257242 -0.23947701480439845 -0.56105152926910196 0.20918095074046633 0.58705358856428969 0.069821611907380052 0.25153723004215733 0.21879877765250494 0.13291248949309978 0.29609606161938085 0.45423586766493912 0.17003077151300289 0.22998496815574895 0.060255468815666922 -0.30368463510538846 0.23923873418610922 0.71701704003770717 0.20159551048294683 -0.052506421503955118 0.39923075338099206 0.55904447097128884 0.051765820622183718 -0.37673341674706329 -0.52997848097196965 0.051974707629221392 -0.029242809693871701 0.50987349439359342 -0.63700218336838377 0.27561095434390498 -0.12206040633983857 -1.0575042317165806 0.44139403775642722 -0.094024028388358355 -0.34677653136160352 -0.2185927187955668 0.14822373443708581 0.85427126552779564 -0.53723738009933431 -0.035976935667860768 0.19012721044710143 -0.40242680261732583 -0.85306367303536079 -0.52440670016471502 -0.50934996143484867 -0.320207778020558
 0.02621430102007373 -0.26589990910884131 -0.34929627377269029 0.28176864907938359 -0.73521993504973682 -0.23596824317457527 -0.41620418499703449 -0.22104473134774399 -0.39145451612102233 -0.20317461570434231 0.32169491899875985 0.34239318506360866 0.18863515910046369 -0.4954791761850712 -0.083034236588088922 0.81533081637432359 0.55967546116681244 -0.26584337374542649 0.49151760401878619 -0.062704934021674749 0.072958768405455898 -0.5774938554802882 0.47758505694395387 -0.32626849312798839 -0.096600344495874721 -0.039707267093482761 0.24598020917875876 -0.42297704998458291 0.49114309171944198 0.17314148090934955 0.21599419673928799 0.56464466142695402 -0.11198525826083283 0.15377570209110075 0.092233010734649359 0.20033321819690542 0.058678138075398685 -0.37825571399645475 0.59244635264455492 -0.026126848801759799 -0.76960211877974849 0.39106290384235776 1.1243067476898252 0.042327150975864106 0.044912525030803764 -0.40219132292169923
 -0.029904764893212851 0.0069655879293429616 0.46556201930186081 -0.26604570882848422 0.27607987314186933 0.5530105286094803 0.20453499559680555 -0.29698778002320192 0.19293163327604512 0.199455325402149 -0.13708878173075145 -0.199420947421209 -0.38671444877520872 0.18963711484514692 -0.34060293000407355 -0.2958568252315133 -0.041734040252278205 -0.11449294111121973 0.029452888676384133 -0.021219170812972355 -0.39065412370138813 -0.21705345501068057 -0.14618086445893524 0.17229355252542361 0.10526367758350043 0.27736858874314041 0.42556783181339741 -0.078607789978888648 0.33058661535017603 0.35978221462695092 0.32481826706243944 0.24276998087084226 0.0023477956793692824 0.13548576082057062 -0.45331320831740135 -0.15284899952009726 0.26561482728740221 -0.021865579543396008 -0.32863982676866837 0.30240493992010398 0.20743950943686104 0.30307515781816885 -0.063673178187475088 0.13086224350153461 0.34399669337322675 -0.19044842878594437
 0.11375060199676461 0.11322462034869259 -0.14478518601901438 -0.40770088097325136 -0.52792795558669592 -0.22249810608818837 -0.23425870106952285 0.84591119858993125 -0.71444617670559318 -0.19118144405287424 0.19202402460141338 0.59104366300097244 0.10187547911903212 -0.20390521809576551 -0.13499127390374813 -0.18986321594948197 0.048573954363149638 0.26537955364169685 0.34517837602647916 0.28266911958864399 0.42138383919839972 0.21280923877186111 0.33795184005761164 0.18526630691165757 -0.0066864670154320955 -0.22812847521424465 -0.51917234376644605 -0.06601940952214215 -0.80426628215193607 0.03855566521761674 -0.83825832148311852 -0.73724539605919626 -0.43930717173207329 0.34478564338149298 -0.022963816809672997 0.098357313658118506 -0.47301850542351948 0.24588423788384325 0.43430113336715909 -0.17710440104831324 -0.45465667571962293 -0.3634965657306074 0.094508325697934867 0.16081744667350067 -0.43891272722913494 -0.16182239210479352
 -0.13623695523257789 0.025283622258575434 0.71493227275371796 0.095322789394364185 1.379924670351335 0.4815878183067745 0.29483996674243534 -0.48510735127198568 1.3443018474568709 0.35991725086441456 -0.55602979984010403 -1.0007175683575924 -0.21525396861458068 0.93013383471034061 0.18739591366190672 -0.96916163217810503 -0.54944378087592705 -0.18410714136296172 -1.007314184560907 -0.051801410947142065 -0.49252783040119857 0.041793653333325867 -0.77488115071341335 0.35783254338307929 0.38224987762434204 0.27995408081444362 -0.12893015061726776 0.48238705765589951 -0.11520145130709736 -0.47830380851084003 -0.11644329558141162 0.52780132125065693 0.12731879356482026 -0.74413375591520781 -0.13086155291977677 -0.15113231106419664 -0.10259491880491602 0.034724699208752922 -0.54321530910070648 -0.14779944890989269 1.4634606076351435 -0.10653008544257135 -1.2763072673411395 0.28184107131778247 0.46668999565558134 0.92143706230515443
