# Created by Octave 6.2.0, Sat Sep 10 12:38:29 2022 GMT <unknown@LAPTOP-P0PV0581>
# name: output
# type: scalar
0.050000000000000003


