# Created by Octave 6.2.0, Sat Sep 10 03:33:38 2022 GMT <unknown@LAPTOP-P0PV0581>
# name: output
# type: scalar
0.029999999999999999


