# Created by Octave 6.2.0, Sat Sep 10 03:42:05 2022 GMT <unknown@LAPTOP-P0PV0581>
# name: output
# type: scalar
0.070000000000000007


