# Created by Octave 6.2.0, Sat Sep 10 03:25:06 2022 GMT <unknown@LAPTOP-P0PV0581>
# name: output
# type: scalar
0.080000000000000002


