# Created by Octave 6.2.0, Fri Sep 09 14:29:12 2022 GMT <unknown@LAPTOP-P0PV0581>
# name: output
# type: scalar
0.10000000000000001


