# Created by Octave 6.2.0, Fri Sep 09 02:09:29 2022 GMT <unknown@LAPTOP-P0PV0581>
# name: output
# type: scalar
1.5


