# Created by Octave 6.2.0, Fri Sep 09 15:30:53 2022 GMT <unknown@LAPTOP-P0PV0581>
# name: output
# type: scalar
0.10000000000000001


