# Created by Octave 6.2.0, Fri Sep 09 03:01:56 2022 GMT <unknown@LAPTOP-P0PV0581>
# name: output
# type: scalar
0.080000000000000002


