# Created by Octave 6.2.0, Mon Sep 12 02:28:39 2022 GMT <unknown@LAPTOP-P0PV0581>
# name: Theta2
# type: matrix
# rows: 10
# columns: 46
 -0.022161849697101315 -0.90588308620418145 -0.27719880841884653 0.85438213303180865 0.519419262456422 -0.30536517635889665 -1.2791764467328659 -0.8400232478143953 -0.73490365384063905 -0.046218218117495623 -0.080335756259673888 -0.40120779499125153 1.2676396495050348 1.3327294608403697 0.96321808634268191 0.51136524231356539 -1.2297614208327734 0.83569434735253778 0.43645084701355946 -0.84411911114123583 0.25962011601475887 0.58175180686806538 -0.48811178084429852 0.59982873625390687 -0.74279739693688618 -0.94645301924650671 -0.59277050413712773 -1.2510088140066602 0.44445078501265983 -0.4887014910884237 -0.5187123283356847 -1.6867835724948657 -0.96409189920723903 0.30652479789903447 0.10263220081754426 1.5682849533432968 -1.3527685717545022 0.98640810544315771 0.91955362896901527 1.6324267065958837 -1.1377114067508114 -0.16225420516633821 0.79638444590002311 -1.0259308322062688 -0.48700386560799347 0.15099566145477583
 -0.1660673424790442 -1.1994736317051302 -0.73117101777700766 -0.82298348823107859 -0.12780913549861755 0.075199506976386735 0.93437224978513145 1.7877574325578238 -0.45812815562257858 -0.013394225534592481 -0.059062893489054913 0.78722825420983156 -0.8718984780808049 0.64398602835998342 0.088332715794921426 0.54932886346319421 -0.55996446426398072 1.3016523567106544 -0.50031242455550429 0.74584233641348208 0.39731123633241811 -0.4745035582437121 -0.108399371266704 -0.11627045296029667 -0.68637888858264662 -0.2058607367092446 -0.41058403630223494 -0.11226279258877188 0.37161965713355938 0.59350808138115974 -0.15990414586559754 0.8175832418643344 0.57736844719640468 0.13413982491480206 -0.22285779523781979 0.58578082028861567 0.33339618228851142 0.32912240598265091 1.9076319015527505 0.3583332634790215 -1.1050919938114496 0.019392554446945098 0.17994913069760865 0.2082672419921674 0.77661705843520024 0.31446978583228308
 -0.074194201057806178 -0.014375672496475884 -0.19973259457409842 0.30394482942625317 -0.386662479934962 0.36485007884176474 1.0620605608424525 -0.6727080830435137 1.0406202120880506 0.050260042040006933 0.064205374214549513 -0.59497431823639202 0.49525788566462631 0.30637201950434995 0.81320059771375519 0.23604895525189842 -0.96428511176621323 1.1082729935701217 0.50051078021758899 -0.41691843913277538 -0.34748423536970136 1.1590259416239572 0.76920353095998906 -0.085992096224224074 -1.7156836987807493 -1.1651049372027249 -0.89626558669862111 -0.87938402974033514 1.1334481344968617 -0.30049031360973621 0.023673128114974979 0.59708851987370259 -0.97190259689031122 -1.2087614757456064 0.35366641631251061 -0.6709908828084068 0.0050903508085035371 -0.93000510383351576 -0.1169387941039115 -0.68702615697656744 0.052194753078723594 0.24367594336066803 0.99646916324267909 0.98655627185091854 -0.10538465069917484 0.10000852737144361
 -0.037108367597306943 0.78434350149234622 1.782827746918914 -0.24583843272737374 -0.59790645351529137 -1.0038248297865959 0.21864230252326972 -0.19970360404862217 -1.1394471345764934 -0.1191332749085191 0.039057259956649486 -0.44790042375565425 -0.56068042475326607 -0.28571915822136562 -0.66774329114093167 -0.3778172594619833 1.7430241363572081 -0.072233664842257503 -0.42149658001011486 -0.30714338094246407 -0.45534012343401753 0.2820006295899114 0.16875590198120319 -0.64550183764507063 1.3662832895873858 0.95821847275145577 -0.97972549356379501 -0.039500446750064269 -1.0071241445244155 1.840652086955773 0.074495773512205918 0.42776554855057419 0.26465970084550872 0.48520931578733217 -0.55644823228609741 0.12693950051634598 1.3480044001246234 0.038153699326689175 -0.5994568868915976 -0.23942344088018205 1.2399718902594394 0.09621943433380073 -1.706623231212379 -0.9715107282785822 -0.025932483740179427 -0.031449653438330297
 0.21525526565298636 0.85064984920868836 1.1728743406184181 -0.010495047356509577 -0.70158596758445146 -0.10646623651533089 -0.54729523862018647 -0.40387895717243505 1.7261181607805993 -0.048606616768991445 0.025116474173382329 -0.11921510381270099 -0.060068842556765867 -1.8055831499595318 -0.045829665744780965 -0.77637791602423234 -0.45953508651160313 -0.2043668614063571 0.13529821991717939 -0.28503822958104624 -0.19767190475101287 0.61881770893765953 0.54678693118041821 1.1200857327310771 -0.51637954517143514 -0.20559062058646549 0.85072484949382454 0.61083142511689437 0.22555170630796867 -0.0016356510761474324 0.1198745320541946 0.16158562480523259 0.82232001339223926 -0.12357485487087265 1.3247928455247668 0.16110587209028346 -0.45733973056371013 -0.10132694044759405 -0.070999675306280152 0.34934908988817825 0.48121588249581765 -0.84658414009476224 0.62779119222295598 0.83732048389914682 -0.50302219902960477 0.28981952570596714
 -0.042164639299016107 -0.21497160946015573 0.90365205871569731 -1.779132065175685 -0.52364468141433762 -0.50794044063322097 0.30108296973598792 0.082386494757329121 -0.62968540727083389 0.055963510260164009 0.0037548420331544813 1.8916807568523379 -0.9493376281619571 -0.031875951090693376 0.89313309421123577 -1.4560106894332234 -0.048857699116753743 -0.64468960037687351 0.066730605780028526 0.14361012458057795 0.4915892874661596 -1.5749219113588813 -0.40685626238932326 -0.40684490782156868 1.226993639934409 0.23904496630149 1.1379550503203677 0.31113870960993883 1.1296588826415741 0.034957655111291272 0.025935792301058275 0.25470120606495927 0.42811079058089485 0.97763997690617443 0.21582062317330933 0.45179710813687585 0.75023253937214163 1.3158426895595905 -0.47668475934929372 -0.10120054448484384 -1.5448333005658927 0.66688346541709764 0.24790336561691786 -0.45711896017678688 -1.0859586466362077 -0.6598823189512808
 0.16552720308201233 -1.0340733442002534 -1.3462012660900022 1.3612300355740399 2.3166878170464353 1.01042201750706 0.073246089423088204 -0.27578348621077398 -0.28036342040079115 -0.09631604924095255 0.080083397637404657 -0.50056028272341413 1.9030746380036616 -0.32342572775798945 -0.10915241994071997 -0.47535951626200279 1.2883810057632927 -0.7453777034885114 0.21398350864940985 0.22397775207060158 -0.65002889032881861 0.33112638818513002 -0.89827930734647354 0.96855957031888895 0.18774430092487068 0.98736390767291748 0.049710067665546122 0.059658033548501029 -1.3138961087369734 -0.54229396790238393 0.26245088222636614 -0.53134120456242606 -1.29427794118752 0.94294500911407797 -0.33772370892000131 -0.39425876851600117 0.96472194686374646 -0.052744482759929309 0.6385023008013192 0.030127937891559008 1.1834782205670697 -0.36341134318108531 -1.3655684635844259 -0.69009860233423015 0.051877229012252099 -0.098357167183057773
 0.13731905128565269 -0.43771708239601131 0.37442574881699348 0.54219980369093268 -0.78882103451970176 -0.59191686309802105 -0.15615617578115626 -0.62475015802805622 -0.21115204626656706 -0.085440046545173898 0.03910187379458218 -0.036064429006105653 -0.40758945728334711 -0.21605923924896328 -0.34413241513822579 0.57001085549105768 0.12395090947911254 0.64515732482653132 -0.32197543250880389 -0.99404767526635407 0.91406488322577784 0.39958557034796532 0.69571659614566272 -0.59426665850106031 -0.13636144889130361 -0.8693492893686412 0.43120663038246448 0.65769989465300271 -0.74645196434124883 -0.20344695376395558 -0.0080523406066108916 0.094140728250018652 1.3987257152808124 0.35046739449509517 -1.3434541736340981 -0.62972601108991022 -0.84730000846478015 -0.44239961530762889 -1.1217172161981119 -0.55839606522595131 -0.22790203463253805 0.20861383237885767 0.97337019947027836 0.48369173485947203 0.83589152421933466 0.23894674311050229
