# Created by Octave 6.2.0, Mon Sep 12 02:07:46 2022 GMT <unknown@LAPTOP-P0PV0581>
# name: Theta2
# type: matrix
# rows: 10
# columns: 46
 0.23610763858544045 -0.6367157237754032 -1.1838662773864201 0.87541077558466951 0.11557888407001161 -0.81861838943966725 -0.67573115659662553 0.85341390663854078 -0.18917532808092802 1.3484066102155428 -0.17879776581266421 0.079275252590874645 0.90079681768603337 -0.14337001144707659 1.561132136931273 -1.8575008542595719 -0.82506508948014867 -0.38862571652234651 1.7470155254118682 0.12167394544961836 -0.79122430859198722 0.067637796436950948 -1.0035310486973785 0.85075657808673011 -1.8091621105225486 -1.2210455895939345 -1.1644029858188978 0.65285189227317753 0.057192522188304715 1.1404485339632446 -0.19198375625404665 0.44330601917118695 1.2192298145151503 0.88730119345596969 -0.5285780911625827 -0.18908118341857427 -0.029914799378642311 -1.2461531309119001 -0.9908191137535044 1.0924368256766626 -1.0050265976816932 -1.7112689967888988 0.60370798820973237 0.88892448155828563 -0.23794505336078955 1.0052771615944882
 0.12522115233848424 0.82561063498633602 0.88390136600245373 -1.5425616606628321 -0.29850374591673318 0.46957355606966789 1.0365178972698381 0.5201803157179109 -0.22088971665235896 0.48696500465810344 0.89043562616142535 -0.30164398807724491 0.37034648473489123 0.074832021431109119 -0.29571107829675686 -0.77930142469093033 -0.74184428399190672 -0.44765654151943585 0.60500862957338741 0.67193501592668303 0.25457116866357182 -0.34518394069296421 0.1283508532704801 0.61013661382322881 0.34763821481258872 1.0493611998146808 -0.50819818014885687 0.39915081979406131 -0.34656612230004352 0.38722292019081844 1.506882099441627 0.29475334649600654 -0.10143946524927096 -0.39812292124190746 0.0095961780638755198 1.5877961050420495 -1.1338494670158796 0.35279885482020207 0.6196806243082319 -0.52154356056866158 0.46816538408307512 -0.79434797590015627 0.089655021228330301 0.90985908157320061 -0.72881872202258879 -0.29075411352371078
 0.028341564373181506 -0.59357376695879449 -0.68841707064289293 1.3253836186327561 -0.47404099031992641 0.56127801925221477 0.61413393711495123 -0.84735089292722199 -0.4208757785424681 -0.7199316923236897 0.40678905579594138 1.6716228909108317 -0.036703125564019848 0.56944517603479283 0.056802403101010097 0.39804539356411539 -1.6218782359602082 -0.28203677474440647 -0.081982833046599882 -0.46737497932338679 -0.72027899621387814 -0.43052892775145679 -0.94151042820983666 0.90445376205781658 0.77344225400390776 0.20658698803933495 0.28752491856233875 0.59650554940757416 0.43258035497062214 0.91655890170047483 -0.2028514379677627 -0.29781683346027277 -0.24089332011908551 0.092792128291379658 0.17469965607531135 0.50326116916212738 -0.13420689882225456 -0.4417752591386267 -1.1407307272740443 -0.42053181623996522 0.86484342251070301 -0.57497259794057121 0.01885667852617717 -0.36118716242215748 -0.15527659611637895 -0.26250599412745107
 -0.43048666639065081 0.022437786365037075 0.43904699415052983 -1.214634717249929 1.1231294330176764 0.95320834469798987 -1.3861535086651124 -0.28021269384494529 -0.34629497983190671 -0.44184234236676595 -1.0781071835601985 -0.49369110107996694 -1.0297387645818201 -0.26546431994083475 -0.2513974187911231 0.76360460363520766 0.36653195259135696 -0.37531440494913276 -0.67676330673584073 0.048568303496089954 1.1077299973331884 1.1500782631642492 -0.03147489417153658 -0.60886836604359851 0.10217140997328686 -0.44439542549045008 1.0308914594192315 -0.47321819278888078 0.48501331896860961 -0.46446657437849065 -0.72974669979261286 0.12683077309577179 -0.82199288563265349 0.14237053615660297 -0.24000509785787777 0.3531038278400308 0.43938243712653174 0.37656708524895693 0.52713347500800589 0.60637424104157511 -0.84986704374766875 0.053726454139220461 -0.78220287306319003 1.0800700999592483 1.745983896975901 0.27219921381845946
 0.1670160577677563 0.86872446329020891 -0.5900797084488052 0.71708138960166834 -0.74772262118431143 -0.095731494533692341 0.61298386598531773 0.032405392299511337 0.11180968072389483 0.20555220247002676 0.4996333490158299 1.1543198798426901 0.6780226081698526 0.43972369676931028 0.26884288076031443 0.088728445075674039 0.86558718839264048 0.42149197089367951 -0.60808725357090476 -0.27523524042350389 -0.70229033009345743 0.42460981471404402 0.80586785230388147 -0.4243104542553871 -0.63461854163222953 0.13920328364481069 -0.49216507988029429 -0.62359460914194786 -0.10124462110027535 -0.9311592140653393 -0.080095345587852904 -0.57619909441182371 1.5063436052124679 1.2776899185598019 0.37597236494663794 0.023739579986750133 -0.39856160476308955 -0.784306341833367 0.59800041412464411 -0.27397328847488417 0.45790743843706244 0.90582118596803207 -0.6945365624711719 -1.1539787773096952 0.67843969587180519 0.33552377016376772
 -0.020221784438516438 0.60985280211630855 1.2659189698768321 -1.7137067917190387 0.41623802348818228 0.16092423189056693 -0.28889748879290417 0.1197665420896087 -0.13865900886181406 -0.29458249892605504 0.31679672733239789 -0.86373131691181793 -1.1408438934683989 0.079890595447392632 -0.29153109418644807 -1.2858246870937013 0.9725753228979902 -0.64452184935387546 -0.57481797655968825 0.72215540605904394 0.2128567898500407 0.5102130264195236 1.1602901876657912 0.82994433910324661 0.11206986042578247 0.60961672989926141 -1.0152004285894358 -0.084291586735464843 -1.9687510488704587 -0.033395841501605239 -0.14770093941469364 -0.24210872135540537 1.1741626101748766 -0.66303225366349061 0.043937172526656999 -1.0539885297449656 -0.49881772462696844 1.1008598107644352 0.70414387859017935 0.41861494940160315 -1.2291029331938239 -1.2865071209738397 1.3253631878565331 -0.46710454754429837 -0.44328151649001563 0.16499965131279817
 0.040337367494850236 -1.2823522256775941 -0.74944281542611357 0.52499834024180525 0.99077939896235789 -0.75648033176247265 0.69815749496770574 0.11643614888254745 1.5655792611315005 -0.53329620284754986 -1.1082753247487218 0.067132119914462746 0.87837562512439638 -0.45713966211709345 -0.63077570804107852 -0.2073342441907996 -0.79419416147746591 0.80597057706676967 0.23882134365359844 -0.077473262071391713 1.7713909226686584 -0.34675394309603574 -0.0049717122507475274 -0.30268693975945543 0.1384745308843319 -1.2270318549135424 1.4493461731174955 -0.18092649350802037 1.3700452018311702 0.67099994216062908 -0.63485236543079304 0.78655910896438896 -0.96214268527483404 -0.24755341817171592 -0.051135521381469755 0.4126677944527064 1.2802267200462389 0.93595752094515838 0.38397849691027397 -0.60061230923375308 -0.47492784598717214 1.0098506362183979 -0.24598234398901289 0.4997676160834868 -0.24406592296296162 -0.0023147345227968368
 0.14298783823664074 0.4992381020899293 -0.82903782906475243 0.3340974329465356 -0.84590404393757335 -1.3087816684290476 -0.54652512515331142 0.27889687522791906 -0.91298415042217529 1.0598727192827264 0.41281473974917465 -1.1252118582825206 -0.46970284947203184 0.23610365416707646 -0.21438549347869651 0.83199084373944543 0.91777731050140343 -0.29788482702406416 -0.23629921125951711 0.06147198041261924 -0.97550925481562611 -1.0241655244919088 -0.70115486972781182 -0.096316482838587819 0.60414508847725612 -0.05164655234992279 -0.74130721233241781 1.5356237987480239 0.24283357706094227 -0.20024850225446086 -0.18488178546834005 -0.22314383727566456 -0.8061556441568507 -0.076355985942582416 0.21899322256419917 -0.54005584933164152 -0.060821035979169026 -0.67632885089962613 0.39109444539772847 -0.069769685610799687 0.96535146950653894 -0.11597959816240749 -0.92183864541005422 0.084172934491703363 -0.0079907547894690917 -0.69197999963231427
