# Created by Octave 6.2.0, Mon Sep 12 02:14:28 2022 GMT <unknown@LAPTOP-P0PV0581>
# name: Theta2
# type: matrix
# rows: 10
# columns: 56
 0.28530598255273776 -0.752281566835309 -2.8842749533868814 -0.8337721355404899 0.88657794114228639 0.38969801355229799 -0.8928369910144518 0.77721872661523539 0.029650824416327121 -1.976189404061963 0.40999262026383343 -0.67132153869325284 1.0487735282565116 0.32014411434048606 -0.63258904999989818 -0.96300043720319273 -0.37635349161907161 -0.20345133465822968 -1.023629302821824 -0.31379838755397149 0.022222011311777347 -0.25792338593007602 1.3252089916350744 -0.89569557638699226 -0.14975218787277703 -1.212875451330981 -0.68887901637382143 1.4268567861140282 0.43050165706506366 1.4884989650515772 1.4569227488337348 -0.82260767936826351 -0.34256798842733532 0.67187390020272686 0.52914135106525295 -0.80720193617085112 -0.17116011507235537 0.80463582022854019 0.65289139089631165 1.6125393267973982 -0.20825869237482869 0.11300150797518761 1.2418097494418991 0.24716760300454649 -0.79227483445881863 -1.201478070599703 1.0439011933476408 0.55746343010191013 0.010840736009664613 1.3621813866560417 -1.2215651713268014 -1.3602191100318004 0.56401654459073569 1.2817534100177954 -0.33259949324830407 -0.051768642248782019
 0.015191431862360237 -0.93923795993296988 0.4422220220853697 0.28933815285021924 0.40885618170839821 -0.00026531227500513701 -0.089084597304479124 -0.43546067313515308 -1.054086100633203 0.25698834662476794 -0.80976805893992831 -0.22521515742131462 0.16467674069842173 -0.46828004643962373 -0.56281437929770628 -1.0417182249327279 0.10077248193958396 1.1809211109252542 -0.08229402748958263 -0.22500910980634267 -0.6400512737206917 0.32074637032065034 0.61588061441310449 -0.66315645474162876 0.010522212670113043 0.35331037140536387 -0.17761234342515728 0.881415549235263 1.2417564776596142 -0.46012769443117679 -1.1108154377261121 -0.025847233279005608 0.95041249041677112 -0.96601737552887812 0.42967351315657248 1.1791712279284521 0.89315214753620942 0.61911896403592892 1.3260617932669638 -0.34074239072640783 -1.3371836367029837 -0.75649736310741722 0.32190945826205286 -0.017283031062982367 0.38686316560852513 -0.47474683255903261 -0.18912668527587692 0.034604323464419412 -1.0868841431606693 0.48264402274754886 0.68189244322550513 -0.16669643156187522 0.81668968694660027 1.1890766934934474 0.87048319960861109 0.774625522256294
 0.027854239515621042 -0.36232516089651157 -0.74177608809172346 -0.61139772854155705 0.59911576539973788 -0.22915227350476999 -0.74120741963609649 0.30777125580430598 1.2592915015277502 0.51442345153210989 -0.13842110251332485 -0.40086451827627756 0.61393839267715133 -0.52725000411738432 -0.32666441298634802 -0.045590151091805454 -0.32111246098593632 0.88391619305792779 0.049933408958740003 0.7138152481525819 -1.3373130977900756 0.20807429786644685 -0.99690228333296282 -0.36451447575507512 -0.064974417555402675 -1.1766672525692374 -0.3690379613377211 0.45949912309615548 0.19497819605267444 0.804895969251604 0.25508565025710173 -0.16182899786164287 -0.73926031954833837 -0.01493718829612385 0.80671259257577466 -0.69070973240993039 -0.71293494048083683 -0.57988503710796524 -0.79111339286278348 -0.66847424007953016 -1.8254232198049603 -0.66019870105185319 1.7057602827211629 0.043440199757166446 0.13698120053049867 -0.088301449768393853 1.0422726017049362 1.5436341106506943 1.3389330147212082 0.090646134452175189 0.37274232506334504 0.66933077759549897 0.3753011722965221 -0.3068084083539282 -0.34814014809803356 -0.53916639672453537
 -0.26938520347959621 1.3784043422605334 0.40590747465395971 0.70635583922841172 -1.5651154829426555 0.1105556687016359 0.83809716221002284 -0.020130327648927603 0.19777283374879329 -0.078887285343431798 0.57381557028881902 0.77976313579185896 -0.94828279667151494 -0.045525788515684458 -0.24356332594775243 1.1196707919837687 1.0413512523693615 -0.46427001791467332 -0.1491839341764182 -1.1220453139979727 0.77900197241170455 -0.18951719293915373 0.1963646146678471 -0.7987326154886546 0.99852626030787694 1.1783381910994364 -0.16684939769286328 -1.4185906962206805 -0.40266850707403445 0.68571730876590176 0.26215679116252222 -0.81766006952275427 0.54240891246232836 -0.020303371288416895 -1.0223267758108137 1.2123886700337119 0.60170807178413765 -0.94539883657350521 -0.33622460988965747 0.93772155801271972 0.69106416316288921 0.062619481653694742 -1.6403488507191404 -0.19086910159072484 0.26856897204791763 1.1261085037953991 0.66686329533331812 -1.1106158949326377 -0.71413817466928131 -0.55764103242552276 0.1189834268294569 1.2469944014526264 -0.53452641901770559 -0.47264897760776486 -0.28946528460461185 -0.055859812206558626
 0.098691489824825201 1.0503508645107578 0.67503001301263088 -0.39930524785395427 -0.11806277417879782 0.70913551543195552 -0.27440663297635681 0.25324843914917788 1.3071417888334069 0.21896653344775466 -0.057696115703271753 -0.6125779411158695 0.080142229930433226 1.2793631651965698 0.6024016629626141 0.33213472254411441 -0.061256380873901825 1.022797882295754 -0.39948537467679662 -0.074415552526263307 -0.32849356796783336 0.23063118877712757 -0.3355656546027872 0.56442384110650234 -1.1661005708911034 0.17552815170892133 -0.56666669840811579 -0.08713140808000655 -0.27365817212678384 -1.476645302185104 -0.50149679682698367 0.19177512841471375 0.22513728629786608 0.83116272532172364 1.5563197327084763 -0.39523374718980064 -1.0650336345202198 0.36022356130147953 -0.70909838309203055 -0.38677404032680962 0.37235271770710782 2.200165396398114 0.02466248825005975 0.18615375701013853 -0.66260716646660345 0.22857283936799977 -0.51055970952494434 0.98169589536698443 0.88386021536795867 0.89625973325256181 -0.24122486982723851 0.65407588155098284 -0.80049414452651146 -0.18002156945241765 -0.23759965890300375 -0.079462144211538258
 -0.31920964482177527 0.034871972276242495 0.64250848315095865 0.36443748006821314 -0.22760728658812945 -0.12209207518197399 1.2913869376984803 0.82679663769528389 -0.53112166355537849 -0.55106292480760988 -1.5683082611464214 0.27947937755671703 -0.26221536419731417 -0.3272617983600638 1.1452063320968884 -1.0457085214275981 0.38558313351843615 -1.3943831301887293 1.2288210794906043 -0.91363112867805807 -0.70880110765977344 -1.3203347161987198 -1.3299374343323056 -1.0149096328398421 -0.29871788589502712 0.13985908167276104 -0.5800748586945722 0.94366635603469928 0.27305309370447722 -0.13657754017132379 0.45045351746962309 1.4281444867089057 0.5382050163557951 0.10150482029474288 -0.46054809190288065 1.3365325120654976 -0.065684709001125191 0.98825016094263829 1.8555071958246612 -0.93179500682291494 1.6940846055429948 -0.41227239857603981 -0.59831622116494931 -0.47885784528787645 -0.88094470097620559 -0.58733794919325588 -0.38053607847312615 -1.1253160572012613 -1.3099451654371981 0.42210024519879841 -0.14077418866282851 -0.30692235811203977 -1.246852283524063 0.14195105244522493 -0.27008995653519841 1.2823961279476843
