# Created by Octave 6.2.0, Mon Sep 12 01:48:52 2022 GMT <unknown@LAPTOP-P0PV0581>
# name: Theta2
# type: matrix
# rows: 10
# columns: 26
 -0.31716018876891822 0.12687527637767007 0.024922710604861113 -1.0583574625518302 -0.76834993748372182 -0.20271638355278554 0.31163422264386642 -0.53037755199059233 1.8317811302501699 1.069370523156949 0.96691191569656554 -1.3637005228809074 1.0375858592350919 0.26564964611017433 -1.0514053455551784 -0.0041243546189298486 0.22601492832941161 -0.16808106255413652 -0.1109140198592006 -0.5603248967014659 0.48647136741347835 0.86077878153208354 -0.97260450177888691 -1.0517917912626438 0.80801091447264584 0.7175702364028187
 0.17364080875366081 0.72960362460894512 -0.35041342961978078 0.46264050524829425 -0.45751968567157203 -0.10016407967701345 -0.4067383628716959 -0.49910935861159422 -0.089166808699491715 -0.94187599823705215 -0.14903850602786448 -1.0853374179174082 1.1160830060840723 0.88962693057766362 1.1514652964745538 -0.93209692102476216 1.1605215898175623 0.47041555679999059 0.34424651959132546 -0.45984501010958811 -0.025641502711549913 0.14101161500927184 -0.66806644927498615 0.59277498943774487 -1.0139165377087838 0.24264656681591434
 -0.27993177373319111 0.53695359214456939 -0.36064716033925737 -0.9713632160075778 1.4075323348122224 -0.0097950881289696878 -0.73910695861525011 -0.47315460683746841 -0.1941091203393174 1.1592968337014198 0.037305725027560216 0.50208846089036285 1.1175248814652801 0.10019764596386647 1.0996756085260744 0.074250504915058704 0.77715721853259145 -1.2176626267480533 -0.15717104866277309 -0.20464730580503812 -0.8795773873872853 -0.81810038125594475 -0.53270359358792907 0.37660591582863179 0.37728844893386382 0.56309066895242865
 -0.01246914686004893 0.22121145241190471 -0.27809712560626076 0.58386245289560224 -0.04687622741861109 -0.51208836362623955 1.0092609426266905 -0.28255719627145814 -0.28962263649522446 0.18041025120329204 1.0920690115585689 0.89161530297093716 -0.69365702857027511 -0.58652531915101436 -0.34356132765011782 -0.87532476321149233 -0.95163124606422822 0.65441407079232472 0.11473468111326596 1.2140620887568436 -0.13604214395690853 -0.44786796202289847 0.75096822954067632 -1.0461014101959634 -1.1838226299195758 -0.55744431658130855
 0.11711116684423344 -0.42221565516035559 0.83015521188401942 0.60065054782691762 1.0729678115333714 0.16173284585061123 -0.62470653690136957 -0.35806556015174107 -0.014412255083154947 0.95765853184262084 -0.15119144667238185 0.35197299867852622 -1.0815278946350673 -0.45672530463123689 0.0025626197669505659 1.237890648992428 0.0056609774801334584 0.073690814930487347 0.050367308868615221 -0.29295396570206605 0.076735751927019924 -1.0472033473710929 -0.051563954359022487 -0.0018094573503948145 0.68963168849415191 0.80062714832640169
 0.028323564741253436 -0.10375441482040339 -0.1421804974245662 0.8716893617199184 0.014791423587962434 -0.32189819645038614 0.66855146659981946 -0.53972393916309236 -0.41528368392449899 -1.005128984542252 0.65840551397267699 -1.6278949733117485 -0.66104811340308522 1.3315020659080303 -0.85579928282602624 0.94332670615537118 -0.39038795944619847 0.095020448700348148 0.3777936382711134 0.24464177283523203 -0.183404240238314 -0.39543988220600018 0.35503883912447093 1.3516216625714694 -0.51720599268748213 -0.75615242520301995
 0.2338233199854334 -0.39424524404923789 -0.23181320175747655 -0.35389017856434229 -0.65787501838249074 0.17518088672069565 0.61216831598676491 1.5604541654159718 0.0065489070467634235 -0.66837532359218066 0.17264492366983694 0.70831882326898288 0.45242751732060388 -1.0910416825773659 0.71567916356498407 -0.43734023921897652 -0.15808973955635661 -1.2199480265471636 0.33639749955209897 -1.1598632207718502 -0.43858518096090893 1.0257741159381244 0.60673295369892932 -0.95470596173680067 1.0497319109000558 -0.85140425010772403
 0.24157215752116734 0.87018819237448441 0.16810986037009748 -0.71216085789829586 -0.59481037773840317 0.32185849996008548 -0.73700123766632619 -0.61461692492770936 -0.23817005378467415 -0.16103034766559562 -0.85426480805172078 0.51716946274725661 -1.0903163965084068 -0.36451872424243287 -0.77230607791985162 -0.15291007337740745 0.81825838303762477 0.62082308024624777 0.31025067610759083 0.70545052392590635 0.40152049616010549 0.55734736454864997 -0.93582910261444807 0.3206498913254 0.50291855201787039 0.33656833969915784
 0.18030050713112061 -0.73275088829642376 0.38247167957819428 0.0012712959153900207 0.17788801512832902 0.23932757856357231 0.70964788999373851 1.49471361352062 -0.23904382546189604 0.60797277469557476 -1.088048072983794 0.97503284956517944 -0.37561433316197196 -0.73715230549674104 -0.50044446819686195 -0.67882728934866543 -0.85060600297575573 -0.2602519920234877 0.36496063181307492 1.2040883746737636 -0.51506499079943835 1.0753194184858361 0.74181921272234441 -0.32604634965315843 -0.7462152232585092 -0.38177042274709549
 -0.3890466525777414 -0.99983086522631337 0.41911017517351734 0.69459572682664295 -0.5966149796491671 0.59486382841103402 -0.73259197393407094 0.056821510619013062 -0.36480173050004966 -0.89256607063640137 -0.87704009279048312 0.43697644967400884 0.65198923652605689 0.40560933434239077 0.87270322712061232 0.68241213620968921 -1.0106327045188339 0.7838620902954927 -1.7906218302675525 -0.77994978877625021 1.143842709561798 -1.1349939634307811 0.52885128454911978 0.68357088166162761 0.32887175207708602 0.2051078030674422


