# Created by Octave 6.2.0, Mon Sep 12 02:12:09 2022 GMT <unknown@LAPTOP-P0PV0581>
# name: Theta2
# type: matrix
# rows: 10
# columns: 26
 -0.31312401873487367 0.883133917426557 -0.20870473670722836 0.91656173797372842 0.42321846531414353 -1.1558632545864711 0.018215873798798545 1.0592199572934533 -1.0475667663128709 1.1417501649304629 -0.71918256175425743 0.5259009067926238 0.17661673580873863 -0.99638386179194927 -0.019970865796758094 -1.183667876241544 -0.12676169646048333 1.7549364379591144 -0.55329189089993391 -0.63654214628127381 -0.34378619693328144 0.89470887284120315 -1.1415609932071074 0.86060822855040109 -0.050075951491811009 0.46646231031381574
 0.078724990623702099 -0.55491469490059042 0.35807728216351808 0.25726128601936055 0.56212747857724654 -0.87482813330312781 0.14959475349169393 0.48433751613913162 0.7634089213568398 1.0330735731058551 -0.38742180157932732 -0.81467180097314007 -1.1685106468954309 0.37613047090172425 -0.083616786003656463 -0.83118147200069759 0.87932428638758842 0.30288707005690529 1.0301952690489542 0.015412241475209403 -0.43780561870208817 -0.61852866789769212 0.25561913398856606 0.00052402537554867583 0.34094842905570777 1.1608770505457349
 0.23843866801826766 0.16629963897225938 -1.1168956846911131 0.95337725434348952 0.49699836738259245 -1.3491272893199415 -0.88626083071140971 0.45509128826290152 0.64146605686606806 -0.54289758390741483 -0.33662806563315661 0.81066729463076848 0.38843416707777778 0.96456629568936525 -0.16353379786869632 0.52365773338232779 -0.18394402796282946 -0.45305278728304005 -0.76869061260966642 -0.23009285910727167 -0.4930173745094299 -0.33294029458877961 0.25623285043636462 1.1951702902878989 -1.0048479476886514 0.18507219614901441
 -0.06968389791347919 -0.94934970291129994 1.548677440810091 -1.2865733392381518 -1.7177095872638566 0.90924703120409522 -0.51560306321324545 0.58729851831662894 0.033649279399185161 -0.46022221958999576 0.86721301883991408 -0.43800852544656743 0.55234912505315148 -0.48187521796283922 -0.61913377786052193 0.43060042423706102 -0.26381187497982561 -0.37629023657311889 0.029096079842325782 -1.1211499573966484 0.19263653168557918 -0.44235439642932989 0.48312718510243952 -0.14359316451886553 1.0559055039240983 0.90207421946675481
 0.30187564397379874 1.1936908779271684 0.18617524541011662 0.089172410617227527 0.89551060622093481 0.53809184232768259 -0.5601654434421699 -1.1383815697506265 -0.040252454185971141 -0.32753950673985022 -0.13300629359475255 0.46268600673376137 0.75921952821263239 -0.48396450572055905 -0.59334085354837174 0.28847595299522705 -0.43063365873763809 -0.2300034889599509 -0.58969790783577625 0.67918950932032507 1.5143900245795647 -0.9169072595040354 -0.053911249984488915 0.44965485042809977 -0.67401579338282713 -0.57707947825399608
 0.17650697386179068 -0.29415997607801925 1.0981852838553974 0.64000167446174094 -1.4929844076877137 1.014610478769757 1.0172339035724429 -1.149609088123708 -0.71965685031533089 0.17618343882315257 -0.40916715529000464 -0.77844726943359854 -0.84558873761951059 0.49905310589743768 -0.26803905441058101 -1.3149232034514726 0.79077156618948929 -0.16701169605195279 0.65620793131001687 -0.20896851232332458 -0.016094647408277363 -0.78048402953330653 0.25836991707746193 1.0617728356985765 0.3236099961288133 -0.69077951817359817
 0.21709553155196723 -0.75843570995872456 -0.91731052370393806 -1.2197127317815193 -0.82017509374889896 -0.12343945486314431 -0.32063075086534298 0.61174817705082152 0.54366401127647979 0.55624132070807464 1.0139306194917697 0.65941485244587617 0.48845446620485761 -0.10153921628677665 1.402718545037239 0.45380132531203343 -0.71599527020315745 -0.036105393717862401 0.67776871357951929 1.2241237888890579 0.14567487344924093 0.97548508346121376 -1.4432647051429954 -0.6757545190472567 -0.31467568893127851 -0.32081916314827108
 -0.16121959671172495 0.49227281699710418 0.63124348621782156 0.86855810811768208 0.737377427711711 -0.2573300670956461 -0.5960545013566354 -0.6612138491560754 0.42766219723132037 0.073853071995739455 -0.27484118278694603 -0.50740219022666888 0.072181276417321055 0.4349991671498018 -0.87156417846417567 0.22236557364317511 -0.93964354652037319 -0.085655014444678268 -0.76759522714341177 0.31215327456804676 -0.89925756147280023 0.67327322861028038 0.63823622488282428 -0.77118245697839327 1.3099198339954277 -0.70078695752149645
 -0.16924712491285768 -0.5877070192879551 -0.24559761697439625 -1.2294562606133546 0.19583221438279022 0.31016585700686122 1.0146774152602949 0.7223314347792944 0.32353931330705826 -0.53260927949549808 1.176686415682231 0.93427123157614422 0.21078958963290562 -0.096566653806937783 -0.4360506228605352 0.75311316074776768 -0.23721884960032713 -0.34844988231462576 -0.53344155406843408 -0.9540100996600922 -0.6085706583093301 1.1587279616702535 0.55034890007663784 -0.98653836537669348 -0.0097296590233794771 -0.19431935724626626
 -0.38230293391215792 0.58281071984722976 -1.2701024251104096 0.47666349998875734 0.55980678476442747 0.97673395437788202 0.56453257756441866 -0.79354841339564774 -1.18228811545329 -0.94356391994328093 -0.59327113955975086 -0.70401276349050623 -0.87730873375398077 -0.12176159022846701 1.3856336126395072 0.56024588082086912 1.0882537525631222 -0.32561057230379808 0.43537099910749222 0.48948185454698812 1.124099258025171 -0.74490966405611692 0.17715818007934123 -0.82971339716916725 -1.0359919279228362 -0.029626293130212502


