# Created by Octave 6.2.0, Mon Sep 12 00:54:15 2022 GMT <unknown@LAPTOP-P0PV0581>
# name: Theta2
# type: matrix
# rows: 10
# columns: 16
 -0.60132580822495574 0.42605292990367732 -0.42731201667384139 1.4238562439604745 -0.22094330702454013 1.4226196036841434 -1.3590214770661906 0.94088281419595732 -2.117749577273516 -0.17560545057581786 -0.70460224315493836 0.87231779213477623 0.011569301215553583 -1.2602059612457073 2.3981762560006699 0.73729358869755512
 -0.34905089089449881 0.36074436018721945 -0.27697336625214991 -0.33660554827946493 -1.1163026218708936 -0.51043244078517214 -1.229328787199897 0.58907740859519619 0.9400528219507609 0.49110177272553784 -0.43141756190322089 0.6317955729530248 1.620387690785025 -0.52871458864944831 -0.64868969081556338 1.8547921602507877
 -0.47513293912271876 1.0083662592090086 -0.27410999344668641 -0.59905099421392949 -0.54125569005158414 0.9567019760025447 2.0416811081140431 0.45549973673809574 0.68863589379689083 -0.30438358664470849 -0.78373299559662479 0.1355248013211626 -1.1236334958375918 -1.4943311893044626 -0.39118229241937319 1.3193457770390657
 0.45812183395740835 -0.91701626460957042 0.11615353966782192 -0.17185409755252906 1.911466505762333 -0.18410386278171126 -1.4516652226905455 -0.71648726236921412 0.82394526944765034 0.7737214451693224 -1.2495613608236775 -1.205526138643785 -0.61115842397375597 1.9056679932329377 0.32870161014742211 -0.50934533985508723
 0.56018372924244864 0.94674871824982121 0.49132028512049131 0.52491758158283408 -0.57534230725985747 0.046648220857984403 2.0954714472537623 -1.0592344157194125 -1.0056168470702644 -0.33409039103186022 -0.025505350787909775 0.27113472469997751 -1.0232395916040478 1.2069085023652393 -0.092066436499368007 -0.80884170285242341
 0.14222930577824669 -0.7426213710942664 0.31912017081779714 -0.30722107969509094 -0.79563962233431051 -0.46143366268944819 -1.7063234895257213 1.2114248171409159 0.11845289530029263 -1.1574959092673014 -0.96608516670145672 1.5138082225457592 1.0191188735253986 1.9367142981995946 -0.27876577309254535 -1.4582949835248091
 -0.41900851611314055 -0.64661729759700692 -0.41969402424079583 0.03061254962738285 1.7150161923112217 -0.59113391818028871 1.5051340483363096 2.3775768542453948 -0.092546686226535335 1.2133738224236481 1.0062092704593537 -1.527549762412642 -0.3553194259597327 -0.55187768644086865 0.32810657994241915 -0.43751126235252114
 0.42941226222512113 1.4802724671110119 0.51200745182807605 0.17693332359129466 -1.2315105698662163 1.1242400985551677 -1.3119745594718644 -1.1926493080055309 0.23791327422470027 -0.64911420062288561 1.040041034868521 -0.26924589369257934 -0.3851053253768853 -0.55766220101207298 0.032382094101168768 -0.88893981370095798
 0.36966597778241694 -0.53606240411347339 0.17206308114790533 -0.044997483134605852 2.3275534760917198 0.24956880076824858 -0.6805766199436154 -1.0761439785724853 0.45400577358761141 1.1761059748206284 0.9618412834653115 -1.155275292228636 -0.48765528404196329 -1.5768472687445041 -0.32093007376088167 -0.5948898698834183
 -0.03623412575601731 -1.4915406749692885 -0.29072859746985363 -0.21281496821977144 -1.2340956423463694 -1.7325722320495887 2.2288531910511029 -1.0472319297479276 -0.22148789946473491 -0.84928548282356353 1.1735281172537098 0.70602162553202574 1.4350380334945914 0.85715996651637139 -1.0297282818994016 0.85282678421174452


