# Created by Octave 6.2.0, Mon Sep 12 01:01:32 2022 GMT <unknown@LAPTOP-P0PV0581>
# name: Theta2
# type: matrix
# rows: 10
# columns: 36
 0.0030087056701615755 -0.82121850400761776 -0.45926185515429113 0.72428328902217032 1.269025040099931 -0.14030643210048815 1.2145690840908325 -0.67040755116875372 -0.36835788492879074 -0.87299148728768949 0.30380873108090861 1.1237696438438929 1.3474828383977888 -0.42278808482917518 -0.65088874409554909 0.37748238646371002 0.15691049585147251 -1.4850298862328541 0.38568679512147164 -0.74180302780608787 -0.51047470069720757 0.27979968241912473 -1.2864742873332866 -0.37397105537414072 0.38595473757849369 0.42552192017800011 0.62725352215246177 0.80276524286645312 -0.24511966578670222 0.54186668399047999 -0.35800475440616647 0.49652870297909646 -0.40820223771450997 -0.71090066524652251 0.17810890508476127 0.44322541440484975
 0.059901211263943224 -0.040323258696892614 -0.41339406510910698 -0.053562028327392174 1.5633797948221346 -0.55429662553757886 -0.058378873237630642 0.62096030649275991 0.58500728060895024 0.56322267205666554 0.68310968152247753 -0.07195110960445221 0.39973759244934037 0.0021285593719737859 0.44411015686526167 0.81514618890342627 -1.0370856207303503 -0.11516497936313269 -0.034699668918751501 0.65106565779528702 1.1101043174810852 -0.098975055430217174 0.34863854013411677 0.47947965964078249 -0.43766272539553347 -0.72944660818794982 -0.047214871443235398 0.53892906144331143 -0.11505836182887391 -0.65019880611256786 0.24498522047269036 -0.74729683606197816 -1.0136590161170258 -0.85508469075074667 0.32773968306698603 0.13709557943191944
 -0.019989098346574159 0.86198971769869215 0.36934785844413487 -0.30690788211600833 -0.45280363168724413 0.60765459608585426 -0.063828928999394866 0.01629850195737062 1.0271678243655979 0.12936305399554412 -0.32803982174609403 1.2359988182220416 0.68284451637876931 -0.36917514149074176 -0.23481672313310295 0.57456815810486506 -1.073812318087469 -0.272393397808608 -0.41273119286971394 0.43906292139111874 -0.45912689763766384 -0.1333659040390989 0.34661429159628215 0.70248024592551428 -0.38760981834334884 -0.26653361064787873 1.1009576152887617 -0.96463087338363163 0.62298375015153462 -0.01785348987258677 -0.017631936873095111 0.82664661345177315 -0.81667159656218236 -0.29986902998424919 -0.86457054705119774 -0.32594999805579788
 0.14957710165987845 -0.038923051449431881 -0.7797451403517226 1.0527514739964161 -0.6599851514293561 -0.68399373909006245 -0.79285044825394368 -0.71207896215860811 -1.0646648258860476 0.92514924122648912 -0.23777238211558249 -0.51419730399451358 -0.34317774328045569 -0.24266713021020206 -0.65961291865851124 -0.51619375149080393 0.88764667997404301 0.62393087608741449 -1.82424371768775 -0.19758881220171132 -0.30116861589900906 0.78376303301914763 0.3207459142259792 0.52614685344010514 0.92809020347609539 -0.57821318195258187 -0.61139261881292395 0.46595044103598204 0.0040899945677348891 0.35066671807992217 0.96294377302463108 -0.43780631041043422 0.56737050409507028 0.60148534119667474 0.081030295261218119 0.17577194898199372
 0.12672973029298118 -0.29138556671256649 1.2639570648294833 0.098251411819299125 -0.52972895977566359 0.62157104558147136 -0.08814490931261719 -0.46883466666322859 -0.62343685346606781 -0.55347942666288341 0.47768519085416239 1.3820391349159749 -1.3011808580137183 1.3290034710226639 0.6184555641035091 0.54156336569466323 0.37083294461132765 0.50906313500789568 -0.24171106057570024 0.19125480554578816 -0.14368397202373875 -0.20414217442976393 -0.55224195635812523 0.59315345490079097 -0.62259645097157867 0.11042108474903238 0.502637005113583 0.19258894564955828 0.48614381138861124 -1.1929656759182194 -0.24210955178011534 0.69831134831665131 0.52079970835528233 -0.12455509431173861 0.20535657962768547 -0.035725133924984533
 0.020298357831490334 -1.3943576976987604 -0.089150835007652238 0.28199525955373622 0.31698656533970104 1.2974475057395338 -0.55108358701502547 0.29714158959450759 -0.15361031929232127 0.18466312019835629 -0.4454418248191287 -0.87356825775578406 -0.60580230045063688 -0.38649678534525606 -0.18691788187081726 0.47739763689283005 -0.22759820714491408 -0.35839839892746045 -0.57774951926666196 0.53338344228467705 0.72600495827477252 -0.04795639489864309 0.48435462075791097 -0.97685019743266144 0.47137869217198747 0.89347782564018374 -0.42601856713301062 0.67413007433024308 -0.54281102184007357 -0.81130332161432928 -0.15810615019304683 -1.2937072932283267 0.83066640851123785 -0.021546830015100684 0.23345282233125941 0.90428259499463393
 0.18748495045749253 1.0577756819075887 -1.0455839630239245 -0.30423151387725389 -0.18976929191766487 -0.58979412874792847 0.35222847635658527 -0.55405840425130781 -0.064129489892644068 -0.13048173077521175 0.17060632551050095 -0.58808758522042082 0.13003459976486428 0.019510558663570165 1.0337033205001094 -0.98780432515657468 -0.58059380254630732 0.84486045767592322 0.40002325176843245 -0.40747729087375778 0.032816898339867999 0.94765827557433391 -0.13164490265714246 -0.75540009854693979 0.7872390397288882 1.2314912418524215 -0.54410736674345839 -1.1193846390286764 -0.020603011229578406 1.4499733569842701 0.85824055730263193 0.53950171694870708 -0.055968980672423528 -0.79059801531331031 0.37862598473332559 -0.11608208747948962
 -0.28716632169228989 -0.27361165211711558 0.84728687978991835 -1.0138878168191434 -0.28606133580194171 -0.80492540677338864 0.18310236804521576 0.9583792120841802 0.90442047185029995 -0.36330000293944081 -0.6922211725602917 -0.82633467973719743 -0.25273910921719184 -0.36548641756751776 -0.69913762159712556 0.55121191670796676 0.30387168648999346 0.10275645211467671 0.16927817316843852 0.34830348258883675 -0.65957650513148847 -0.38180152489606428 -0.51790259297334185 0.49609044183057949 -0.78595004108334154 0.053599291047400043 -0.39939579786568191 0.94383276078413458 -0.78704923349158662 0.33795946888948702 -0.78817443655013852 0.77058824457664976 0.36562525554077224 0.85051665354784811 -0.43390607548324628 -0.39307337653307728
 0.02099669252135488 0.41794569300565165 -0.57300293647786316 -0.75742679240783561 -0.68408724755772432 -0.55393838266449114 -0.54816102702085789 0.12429753801018928 -1.1585144259573694 0.26371266685806272 0.11191647627538188 -0.26052314648250186 0.50430876911462541 -0.49532411801375237 -0.97237438785345165 -0.22080231401901654 0.90838943556562302 0.79162073675452471 1.5536448841536392 -1.1130249335372298 -0.26574482720090681 -0.44205925822602737 0.20931494609511761 0.16083839975261222 0.9088389990513096 -0.43874979265416392 -0.33665496828302965 -1.0004010252779292 0.12042530945393407 0.77829670758017067 0.74141352799418136 0.18636437813891477 0.6884951633381825 0.78495610314255315 -0.63556005606563326 -0.25348458077716668
 -0.33453734537197077 0.57541918469555298 1.027505753346964 0.36051900529253694 -0.5746817643146529 0.54016800474160864 0.65491011069754412 0.48177462108010394 0.66495200006413691 -0.43265989054625492 -0.28767192831339544 -0.57682611681202201 -0.41959433331485357 1.0188385495095631 0.83983637406334122 -1.280850271096283 0.29511969416666567 -0.33100655217633845 0.61348381678812935 0.13825276829789504 0.78531015893586109 -0.81574409372057521 0.68780552958402064 -0.86953791145693582 -0.77189355473352106 -0.71045977198637567 -0.1847600425184151 -0.65476196194711045 0.44445068683657646 -0.85011108455848661 -0.96414425335327503 -1.0687964081265098 -0.70008011472890275 0.65513695209663225 0.67227139715883899 -0.57186351400794311


