# Created by Octave 6.2.0, Mon Sep 12 01:55:40 2022 GMT <unknown@LAPTOP-P0PV0581>
# name: Theta2
# type: matrix
# rows: 10
# columns: 36
 0.012866973380283179 0.19737297739643875 -0.48287359990847906 -0.13245254456893976 -0.56849350627147399 0.53974836408570492 -0.64863072881500872 0.064797705237742059 0.35826295234659011 0.25955769031772902 0.036159691744960649 -0.21963324107853993 0.6771339191468263 0.66785245997239739 -0.65875301172540224 -0.99339442361342289 -0.87120678877336544 1.3291440061239574 -0.23480681215161825 0.57685460255764875 -0.88737217539340296 1.589321409202558 0.16376354372798083 -0.63310928278377221 0.26326673829526653 -0.80831715043909669 0.20673313389549822 1.0449903106884331 0.92824371317414101 -0.35445655074850796 -0.0464855368394902 0.15752522916536837 -0.7937838163160128 -0.41768503906997506 -0.14050377130264316 -0.36541150277048351
 -0.048209550633123759 1.0715938845434851 0.077336063527248755 -0.12212663427074004 0.66726068650792003 -0.20623643886008114 0.43027450228433461 0.37650345104172483 -0.27769479359369653 -1.0622346804512313 0.36118961385697906 -0.34901632564545237 0.52489002366573978 0.33674520328548468 0.56951054871803541 -0.66365065944711055 0.55703734144131711 1.2094737475571344 -0.12789927967044828 0.047173348439396863 0.43383745979544841 -0.68190813383153837 -0.031027027150374933 0.41368857456073505 -0.90157528143360466 -0.40287568260411705 -0.025479311095393847 0.096918111273575719 -0.063055951093679702 -0.88143996840280037 0.82410541534023651 -0.18736880501823161 -0.12904721341987213 -0.42282699151119718 -0.12572470739633579 0.48193232020061311
 0.126498949610892 0.055085667294753095 -0.77117909724920142 0.28912510964913124 -0.48345923745185193 -0.2944599195457267 -0.69988059796053226 0.54221757126367309 -0.12334606197367538 0.17803575324230933 0.59013560127581244 -0.41089294215599459 -0.44229782941520046 0.045243618674260744 0.40510415187832055 -0.88633187377987266 -0.52840922824986025 -0.62837455246614216 -0.14332150594402507 0.74346407922603708 0.54503012150351393 0.1789760927616133 0.30879887450078164 1.0579819582453001 -0.77649574960287771 0.78170454937333056 -0.15312344060030034 0.27876577668994851 0.23136897109952467 -0.75382762045627449 -0.42629779137521157 -0.14919891698357798 -0.71283136905477462 1.2303408146953847 0.24271606671582208 0.76936559398946247
 0.069629112340097998 -0.2436730468562269 0.90355890087538093 -0.016552679995043101 -0.79283501673134171 1.135321735479524 0.54045848325711576 -0.30782591370029927 0.030973322070487717 -0.097374969307825521 -0.64982390512947374 0.54639386837985282 0.7226745764140291 -0.39670647280990973 0.11226176504740509 0.58164025074796744 0.18023089574119391 -0.62716696698255359 -0.7445910870107284 -0.82959025252421725 -0.027419612474118549 -0.21559284251938488 -0.8208364134274132 -0.36950324959319458 -0.32920650630787363 1.0934269706424433 -0.0016084288697051569 -1.2329883977606126 0.51468067724826649 0.1982520879523145 0.018141677550029666 0.85806522427285892 0.14110243296828456 -0.41787082063321496 0.0037924101350643035 -0.93804571272494319
 0.21682531580708794 -0.27680180780442432 0.60505189376745849 0.17560584191248149 -0.31928835797933036 -0.71516885750576276 -0.83569665584181196 -0.47243427098247887 -0.37789204856270925 -0.35448236590160859 0.0019793108451826528 0.74968661424737504 -1.5023815313142361 -0.26213515990670205 0.43781971224721816 0.20589074566125262 0.332056710932987 -0.24900983006082375 0.036055828931323045 0.60680518587606691 0.013354768954793485 0.69316883951594388 0.55625470840683089 0.44142234634081967 -0.3711009790310057 -0.12661206931096894 -0.067473997934007254 0.35863213299344826 -0.31758636065903884 1.3216851048558773 -0.14284414082273039 0.44048121081354358 0.42027854240624052 1.1387494790181518 0.072029143399798309 -0.26498878005783738
 0.030303901621857247 -0.38126118211809523 0.53747444946348788 0.092141183685733763 -0.95757829366456237 -0.7423285876575515 0.37896564653292419 -0.53260513555850753 -0.27962621935920168 -0.6646459462960802 0.050311547142962203 0.40537821331554347 0.12193213841907211 0.72440722302731597 -0.72138567615419191 -0.42333452234509439 0.1429142477372202 1.388835998591688 -0.41812473544807183 -0.59093947600396546 0.33721622623682868 -0.43323862621108516 -0.27158054147237304 0.18954439960583272 1.3594212040737497 0.7732400972791863 -0.069744886837638187 -0.55686615041951892 -0.80046237904791018 0.56341205208788303 0.95551073310945833 0.16491232206176046 -0.23332658123676631 -0.27210657514580977 -0.060536406301356822 0.15811493771222149
 -0.10335670252421175 0.40881124336635927 -1.0278125675432739 0.011152137749666923 0.44425656585477291 1.3789556666590888 -0.56029591416162461 -0.38901429219097478 0.79382878788423761 0.45197460106088649 0.097744648043220625 -1.0345277965016686 -0.046863173559865273 -0.060877173489547264 0.10877969200473722 0.44957644507077132 0.50635658737320433 -0.62001299944165578 1.6367817126758986 -0.34215628616793792 0.49903981958027488 -0.14216928174104998 -0.58601555685929108 -0.50694810479692787 0.61340350142940792 -0.79182459270472583 -0.036801985471645739 -0.89624210924725689 0.4538663591553791 -0.26812081411762251 -0.55810057147357195 0.14233389685552952 -0.23147832357441753 -0.057867880672964937 -0.075479479364580021 0.84511967325678738
 -0.15086530665583645 -0.64211358533968144 0.36597225770577441 -0.086010595953082081 0.62441828666608912 -1.1759130777926927 -0.46107781697723166 1.5246096617593592 -0.55317956012309555 0.4121001017719863 0.31962681322979358 0.72451007290255753 0.32731590767787216 0.12593222811722804 0.33511610549031623 0.24327175058349901 0.071938293692116115 -0.43719983553938246 -0.719108767144783 0.96648246880715982 -0.48397219620416615 -0.5720101335531721 0.1199106501893398 -0.86847056833526282 -0.20901062399114922 0.25705358857380656 0.075906556539009074 0.61911455258625481 -0.032933366770000611 0.50184177813129049 -0.42398911339276968 -0.44824678929358414 -0.43595628691628796 -1.0938221536213049 -0.11373176944207712 -0.62883057474610282
 -0.0086601137842617412 -0.15190316726488251 -0.7727800651685327 0.11059460827600529 0.67124306224743358 0.83427204561032264 0.57122178077061558 -0.45584286727667001 0.83804338339699092 0.33864700270286874 0.54304811572548561 0.29073237177863986 0.36532527222599492 -0.82675443656204117 0.10057715130812371 0.66787985737487687 0.14545207860444562 -0.85795667390440677 -0.4170992397404884 -0.6715296366062985 -0.71754285351289693 0.16873306037781236 0.032288919752752034 -0.73195646675208426 0.83471252110891692 0.55643052262440418 -0.045581174623749221 -0.44822284117376926 0.29746091999290503 -0.79480847323965331 -0.0054207289843544709 -0.77167989277843663 0.87738680072009578 0.78201784833585231 -0.049255608522519145 -0.71602107641546864
 -0.19974159435903072 -0.070930017326685371 0.19297178774633722 0.033720791276434875 0.5501610427646072 -0.90315864864267292 1.1122666087661088 -0.35398285207000535 -0.29701636889240957 0.017946599386035933 -1.2647993517644873 -0.38616562440681029 -0.79840033198580018 -0.17666403490501148 -0.60077393205064378 0.91417616112648981 -0.52778027633945734 -0.67477302424892904 0.99025312548815392 -0.34908248547295601 0.26781473620683355 -0.626753538316008 0.4360466705306838 1.0664462376652855 -0.32726435504301282 -0.84570127880196766 -0.040339708104915883 0.64283079836831292 -0.89360347466679657 0.25528735174567463 -0.066372672144888456 -0.10498325859647881 0.8168524928749642 -0.51839509491391933 0.024375896285433667 0.66107358674550898


