# Created by Octave 6.2.0, Mon Sep 12 01:40:14 2022 GMT <unknown@LAPTOP-P0PV0581>
# name: Theta2
# type: matrix
# rows: 10
# columns: 16
 -1.2436013958702787 1.59618302430379 0.066987129521003413 1.2952160038769274 0.74261671564770781 1.6318785769134141 -1.925368334712191 0.343046779275472 0.022748812523065827 -0.48348940227083509 -2.3265016008709303 -2.8460809590270451 -1.9618281215809459 3.0556443659011814 0.48193175910642355 1.6094008629083578
 0.17079640309007402 -0.628692419469286 1.2413834150449012 0.26790851824234552 -1.8901179726967494 2.1232691738731679 -1.8796828734237097 0.27751856405002012 -0.19340124192624805 0.86080673968774879 0.61623259610626491 0.64691824992309555 0.13817976231216766 -0.066192475663304953 -0.085633871784380311 1.1588427729337776
 -0.66721862348758498 0.96137257037767498 -1.3201077156909944 1.8116153521921008 -0.33410767663631252 2.0570858432410994 -0.62199976431425208 0.44578775622926603 -0.36489262387672949 1.4249408720636434 -0.78750681172580117 0.79303318309506488 -0.48789222220310841 -0.49291576816945626 -0.3708643365475004 -1.7391896153342694
 0.96707137024669931 -1.9180059955740631 0.89428429598662185 -1.182708146322873 0.51270641474417777 -0.90456627525795197 0.87793444239947172 2.1331050986455384 -0.62984861164625439 -2.5773386353898293 0.044685297087791266 1.3047516794668572 -0.56498660610107765 -0.45400308574866882 0.38881834426851986 -0.78677192692286602
 0.30948381508651501 0.45276694084001501 0.020826977724294163 0.87690465745319446 1.0063957589094052 -0.87145634222907609 0.2681627093137009 -1.4246141381405444 1.096664151831831 0.70942856641923879 1.6372393662110369 -0.17138806495273134 -0.90157260188787047 -0.2567399324955878 0.14852690276026173 -1.5027576113126098
 0.0031112061899825623 -2.529158323487827 0.11165572320614114 -1.263244430264719 0.90261087084929881 -1.0719478460416851 -0.84680876394079607 0.82450231949905051 -0.8048880709197116 0.99233845832067968 2.3115170098324334 -1.2899168012210567 0.21657571021001579 -0.82186029011534312 1.4732424388825811 -0.0055006707753930094
 0.12959008990303764 0.72794803176862877 -0.99496234320606725 0.085283292058410065 0.27690187100724195 -0.58691731018434778 1.3961334902537501 -0.27003330851940555 2.7972909915396831 -2.0769264439618889 -2.088391084632983 0.60924368223859571 1.6119880916585307 0.62924663070978881 -1.5779988573559915 2.0333671732569454
 0.086568106640426329 1.2496184431471415 0.19138197382054153 0.67624477533103611 -1.721156879326893 -0.74079041672123502 0.562660552759776 -1.1852906038156961 -0.98153358648822531 1.6764377474315808 -0.37390965083453093 -0.96601761198710157 -0.92145421214699164 -0.42454210060938058 1.5143520532443027 0.47811815354707671
 0.81145647878371208 1.3862792563026933 -0.78152941224928241 -1.4497075341571892 -0.55252613168527753 -1.4027447599862131 1.6781794683541804 1.0937687147187314 -0.30440600562158254 -1.9478251249229519 -1.0337222500060421 1.216073231769172 -0.12678899716430986 0.06869061362475308 0.10168577576467601 0.056088545359516961
 -0.50681825668836111 -1.2053946402897207 0.64807438605941126 -1.1598348150340516 1.072896846736624 -0.019384651239108489 0.72005787903057361 -2.0431876426711044 -0.47543433612578284 1.334635607312129 2.0392065715307255 0.56667301128033098 2.6769245743497865 -1.0819100965248587 -1.7821033218231022 -1.8778881165878811


