# Created by Octave 6.2.0, Mon Sep 12 00:33:28 2022 GMT <unknown@LAPTOP-P0PV0581>
# name: Theta2
# type: matrix
# rows: 10
# columns: 16
 -0.50427628208848552 -1.7828884430467462 -0.054559377477283511 0.23009889282377899 1.0473074802777891 1.7466517894265012 -4.0131589142970219 2.2294104912982537 1.7685690457837799 1.6085594681026107 -1.0175788353174899 -3.2815245397623016 2.9710983947808742 -1.3531851037602121 -0.83992381520520121 -2.7668065990584969
 0.99880938565123745 -1.0388323843377361 -0.051468185321846424 -0.2840258231665817 0.45421326313285043 2.9100916698236152 -1.0224903668563776 0.4353376893495754 0.4002675880132715 0.62137487669672531 1.067676299097271 2.7011078950556651 -0.85475200816364505 -0.83468347399981679 -1.6815075545585236 -2.16001025456749
 -0.57711277676331441 -0.81274077513843235 -0.11657054454332547 2.399168325399514 -0.86493943112092964 -0.6326393674136831 0.41382579989032581 1.1712333482515491 1.384570940744789 -0.51015266154524941 -1.8030306220424137 1.6313230707393993 1.7963733832354434 -1.2754639255850402 -0.80159772809635876 0.06671014055234506
 -0.49774941234252801 1.3618907425977036 0.36999507172910723 -1.8379169316124795 0.6116260449896892 0.77013741088316523 1.5679890704237764 -2.8208573162570145 -0.29593835909272315 0.65557478887300413 0.71744251287412042 -1.9827188466139303 -0.87820973328900065 2.7418504412606515 -0.98609459364443963 1.925219382297424
 0.6308248659972967 0.41503116615356128 0.070249930307905398 0.22989086182443677 -0.97841698592344706 -0.6671531571113547 0.91007394299265088 1.4019998335181019 1.0737050582584082 -2.0833068430171426 -2.1808099316257206 0.017810854496500345 -0.26229348243644957 -0.50304254233590218 1.1888644327109925 1.1238228378185791
 1.0687060650889031 -2.0813700437600482 0.035591085211603181 -1.6649817130774922 -0.022224706369521535 2.2674254305202846 2.2336126753235765 -1.7309012860554485 0.084009245607257241 -0.29890742235863482 0.27096947013846723 -0.023921782712116479 -1.8659390698006042 -0.43488615829891952 2.0138214419688474 -1.0446266501927548
 -0.236942501270064 3.0247302035068788 1.1964217423542336 1.566563177015198 0.50996989672584758 -1.6499162103446787 -2.5381005302204849 -1.8705810138728292 -0.96763327061813886 -0.045970147355960569 1.8862654606275122 0.43203639583061643 0.89979384979864052 2.0565120210953918 0.76854730403928739 -0.17182616215335803
 0.34459321324667591 -0.086924738268405147 -0.067108100890224773 -1.1324017825265542 -0.39072788780248752 -1.2225887025591209 0.85211937129590243 2.1691600733423262 0.012312599835714495 2.0008030165609738 -1.7333573979432013 0.4238643258818679 -0.59996844926211768 -1.0615300064774498 -0.54373155140760865 -0.18056351308740781
 -0.65713198037591491 2.4121233367753798 -0.98877048046822658 0.36185533611554332 1.5344282729799872 -2.1309219128443999 0.75945379425241621 -1.8957952860687393 -1.0280384806673684 0.67738358659707798 1.4588571593186446 -1.5024450642062279 0.5302250870055667 2.2783999572998068 -0.39909955446333251 1.0679449351132932
 -0.51986145703154041 -1.305962505357513 -0.14819292003498855 0.26562409948641696 -1.8514330598486795 -1.575731094934399 1.4407097069346517 0.80723173011273985 -2.1166333520619132 -2.8234533337579455 1.07331353164249 1.8064187427084435 -1.8361966444938274 -2.0636863466011364 0.98880018926289093 2.02492690363772


