# Created by Octave 6.2.0, Mon Sep 12 00:59:18 2022 GMT <unknown@LAPTOP-P0PV0581>
# name: Theta2
# type: matrix
# rows: 10
# columns: 26
 -0.4392150817688244 -0.89014721478170555 -0.91850457597388269 -0.15426055585099266 -0.82171883909799759 -1.7474012359530451 -1.157620839350977 0.419982486639146 1.3253763551746456 0.70369884331338317 -0.30051444554335699 0.81090714682061438 -0.93826777384560145 0.6749441155414192 -0.25043903673646761 -0.051535754599726022 1.5940479417283089 0.37246705826883653 2.6957691578505774 0.94398405535590957 -0.47891639462705371 -0.81283547275378154 0.89727585888127248 -1.3131171253956777 0.05950113751506516 -1.6093726295082345
 0.15922300231291084 0.96317093869679815 -0.62185724687111565 0.1377991539447822 2.2502719684336041 -0.17590879048015554 0.85115752705576075 -0.87854246928160806 -0.61089233830871337 -0.13701184274118938 -0.084578645149423273 0.46613367764396396 -0.36345782663837106 -0.98895369818332501 0.52573747300479645 0.67158831421895859 0.53685617066518421 0.29033987021574154 0.23130495825810099 0.11486397005311171 0.081215879556120293 1.9686411744128665 -0.14102345261199689 0.092262207742355704 1.5081709149713749 -1.0536777540250768
 0.28770248783594421 -0.32956820069836656 -0.081944907195203587 0.032505842455934103 0.19753448769632065 -1.3449792657424591 0.57723507606598512 0.79058780613024571 -1.0944448106439839 1.1262837547821172 0.14392223980942845 -1.2303391102989438 -0.28973358306348401 1.4332236610070483 0.51293176015075559 -0.78727178245381202 1.4101900700671135 -0.15535438105507676 -0.57976846546394101 0.58547163620274822 0.38034901060599213 -1.0346977849336476 -0.7599117185946801 1.3670328047538902 0.32087861892933006 -0.65488135806213643
 -0.32927362431726692 0.60992541007076917 1.0706621261416278 -1.5774752858733836 -0.70163360864231494 0.30283003897154581 -0.6196969193108911 -1.1983582488397171 0.43897905105790275 0.91765252971798672 0.15935611140996359 1.2578700443672757 -0.13115100950340314 0.58044940112303767 -0.30924615197776645 1.3246977206860537 -1.2769188565740826 -0.10429224517406936 -0.58909794020887962 -0.53980699924999487 0.76156219391144353 0.62633533398454511 0.024239403102245798 -0.98942792646451727 -1.2159586771181883 0.74676954601139445
 0.54765117052111378 0.34664315399004336 1.0043150307058868 0.65067672859558279 -0.45914448504596644 -0.61484883472441976 -0.84500364670156936 1.2177678293226137 -0.34826652321028917 -1.3377315522572693 0.039534276726354269 -0.62869362546803764 -0.4895291052747171 -0.26717833683568559 0.94021857321467395 -0.53155454089450804 0.093946411411959377 0.050573534009186558 -0.14582801601468534 0.60066008208525001 0.023675857072583694 -0.22007382221846844 0.0017566454772128478 2.3032467878068332 -0.84711294153376326 0.91277150154635078
 -0.36599989919579073 1.5664335967624734 -0.852284714871542 0.83924578942333317 -0.79300175136311879 0.62269494210378706 -1.2116346520765879 -1.1092040451895571 -0.70933465632268289 -1.1482115486970077 -0.11988341430803387 2.2364577986881882 0.83302822478290017 -1.1255465750530771 0.41663475261882571 0.84603029819928954 -1.1485257588151938 -0.11810431580023031 -0.15056954728796754 0.96077310485097489 -0.50660917328493904 0.55769209523625618 0.8660241775552282 0.26953507500862184 -1.9348019767017981 -0.91488610533057746
 -0.16531637357330081 -1.4180398631065254 0.38460295872413747 -1.0570069572854803 0.82915302093364429 0.98418590371428971 2.3662675293457789 0.63884872299998341 1.3786434672451569 0.89367979896993266 -0.031285016964041054 -0.73119052679606333 2.2800759756054587 -0.30328249200664908 -0.45740540715602135 0.043956728767916294 0.25775221782292879 -0.15516793751021266 -0.20161014255932383 -1.5427169265519527 -0.58648449842729633 -1.8483428429954463 0.35827261180100112 -1.2881271984113543 -0.063232174792699672 0.29017223268080039
 0.43052012982751825 0.46887139757711033 -0.060327955978028959 1.1843728696310218 -0.44225954288575003 -0.24006753419027974 -1.295608906164293 0.56528506116588817 0.21008579663140037 -0.77690721613100366 -0.0089046972333758495 0.76531493226448999 -0.53673315756945938 -0.72374632923693738 0.19018911566258503 -1.7299902934050895 0.039307467121073858 0.024494225588287965 -0.13618876022521315 0.68111934998114521 1.0119345456106654 -0.18942762934963656 -0.65533725282686206 -0.71808617628112126 1.6724323458934489 0.56031799898420109
 0.11708627844298593 0.082642358321603077 0.40167755537390848 -0.97624974010731613 -0.256820350282914 0.50013717792843182 -0.35560593005443736 0.51344548219266339 0.9552910800665948 0.73322067044235339 0.14697669668064656 -1.5366630171897115 0.16201995213492071 0.6222478595602764 -0.35924086870675825 1.2300609225226984 -0.58390443042287055 -0.069646255388304115 -0.54602069927395058 -1.3094663009541128 0.81291391204935037 -0.35862979943118073 0.00093583934554203655 -1.1552432435277971 1.144083383808546 0.7547206828862778
 -0.55400896413397249 -0.89070614324419839 -0.69402252930078279 1.1986471159424539 0.012343581561789699 1.85903277756997 1.9790100946954285 -0.8307066751743134 -1.4609808770809258 -1.0099062405492549 -0.19263598850341579 -1.6578885964338579 -0.4012964123287614 -0.17237120208286347 -1.0811979193230543 -0.79015322216416251 -1.0392462068456432 0.0059994705544046054 -0.66539435393797552 -0.14827123484057625 -0.93965528673233034 1.1678324434524077 -0.5293308195256381 1.794634902836528 -0.40579864986826986 0.91315917966879423


