# Created by Octave 6.2.0, Mon Sep 12 00:46:05 2022 GMT <unknown@LAPTOP-P0PV0581>
# name: Theta2
# type: matrix
# rows: 10
# columns: 46
 -0.02008756232595877 0.37518131345381306 -0.14031422172646538 0.87265509533217989 0.69154983955400917 0.25271099609519398 -0.64486735435570341 -0.50523621086162174 -0.52909996485380351 -0.34081101296456312 0.72257232165474861 -0.23223840725256342 -0.33829314014731077 -0.45518690263142975 0.46386150429641887 0.88516729930672111 -1.0493360463969699 -0.36082407417866191 0.84101377218473095 0.82987141137430587 -0.65782785514098741 0.038626762341681019 0.27346986768069798 0.18422508778703386 0.39246287809359975 -0.26950935680045923 -0.97111605327331829 -0.74154210159537692 -0.21027768594501919 -0.29775582135898498 0.60430220631156906 0.70769325624614965 0.6679051005036819 -0.39134148900553251 -0.48276817363455976 -0.069699109193558192 0.57906328508609806 0.42429532561856448 -0.2543486886345831 -0.66742509120609805 -0.49450076701923168 0.6320364403958747 -0.1755369004214021 -0.22602394466217771 -0.364909515786697 0.18531976461009719
 0.035920794373051901 0.35613292859129209 0.26292398422034596 -0.62487010985605962 0.21672729230089222 -0.66263673580739402 1.0597170633230937 -0.46761738673886144 -0.61642426036472309 -0.27154160076488054 -0.10585413704425591 0.63105442023590486 0.39841092047900017 -0.013587491370925528 0.43254622390709963 0.82530068848887062 0.2148256135935015 0.65248440263972962 0.12611329014970002 0.48672850374959731 0.2827077155047461 -0.22169905678858096 -0.076740330378124111 0.018570294577181689 -0.29706959755540346 -0.96678003533315893 -0.37753767462531951 -0.34933817215383706 -0.75283117411960754 -0.071933996664418173 -0.43747745782743347 -0.15877944371288627 -0.37725313169136598 0.33662076220189241 0.14560349536325679 -0.033828034487836341 0.57162280390629916 -0.23910774491757897 0.50435962067057794 0.7840904664335766 0.50795649863812176 0.21316721311318337 -0.49084274115577853 -0.21097909603123555 0.32905913748617627 0.74891336151412025
 -0.0092202223722489696 -0.84048208969419336 -0.14663473268565025 0.57752700053319617 0.58439919780252791 -0.62194610992221189 -0.24725499093478184 -0.67158209408309577 0.63559435104722872 -0.38884424654948674 -0.72283571987477602 0.16007311393595311 0.52724082799956273 -0.064451228808291766 0.50637903196927725 0.92098590590351448 0.13639957795816121 0.018860740631114641 -0.057417184242184914 -0.34888800334730519 -0.31385854648115602 0.49868782787949445 0.24941062121105292 -1.2651086223071966 -0.0047246311271762886 -0.59943906169114047 -0.03617083178063648 0.010882892239939837 0.11855536436771362 0.56139211399737599 0.55499427891052466 -0.28036424536909638 0.53657006430144549 0.48765406661918836 0.63332714723164407 -0.43924808076334843 -0.066689183368407276 0.025613083792377932 -0.46222498184560412 -0.24241227861901624 0.24538958220816115 0.45575263519474912 -0.17023080123855736 -0.53275370956857848 0.52453414385602692 -0.26579297752829223
 -0.0043747956730246142 -0.062343732857261649 -1.2333494958937024 -0.58343975148277982 -0.48293762902020287 -0.54080097446012731 -0.41277584763118419 0.19932503977835131 0.37787353393845735 0.57688672010635922 -0.023364179386636687 -0.27609895440695603 -0.059799981746720292 -0.14427579380211356 -0.049560031191822909 -0.16897555640062659 0.4472373385229097 -0.3631446673836401 -0.20632554659447755 -0.13910410177154775 0.44563008798508902 -0.055066270773884568 -0.91209365926135799 0.61774547465183727 0.39695309951842411 0.31697186208227268 0.64369913972353221 0.16087799382941434 0.52127677658817551 0.078584205609056434 -0.57092286139476156 0.50579140701343939 -0.072469252064351439 -0.52586391179348069 -0.31595546602913477 0.42861855383507308 -0.38728836207451695 -0.75117064297685276 0.10441655729176537 0.73974456319951998 0.076638124285933362 -1.1304423688158016 0.33801089725485822 1.0139437595531753 0.29298837196478833 -0.06358239850593507
 0.15765903744171977 0.66954773938522927 -0.10798861602887444 0.50884171025691682 0.097310607672860386 1.1418970485913909 -0.45115260910192539 0.12254523622127995 -0.095005573088033979 0.33903621444370796 0.52006725721992486 0.319987322707868 0.5629127585216992 -0.47271482009194471 -0.41062698824165034 -0.36244823189564895 -0.21302558780179942 -0.14787940434600613 0.12814046077650193 -0.049320435757643125 0.49998818117030996 -0.14950394739962794 -0.024908304465975077 -0.93368132958223737 -0.70048133875352592 0.12158383532778234 0.65564404073823401 0.13954523186357359 0.38174626913440091 -0.04954675482787553 0.40593628739106591 0.19233857501486273 0.64887325689105069 0.15615062569478852 1.0056112892279532 -0.032428361064409571 0.10021736007864217 -0.069663179333258413 -1.0077229614375203 0.15652960545677938 -0.431541906977987 0.37389983410094235 0.4060066472302396 0.56103520180945599 -0.70056859958427753 -0.3022258030388254
 -0.040679296309876482 0.50538214324742614 -0.4528869115940003 0.15468203696879818 0.16009597310490994 0.25238949297321667 0.92195877782024116 1.1833258614115993 -0.83919305149358159 0.42750602450397795 0.56644892452102591 -0.20391071410792927 0.13677608054397611 -0.49528207041369926 0.59442482123618656 -0.58544255976412163 0.30788468975995043 -0.85038585122830435 -0.12582114360609262 0.55928894978008792 0.39561141486547075 0.28858566747296321 0.25212208014405874 0.3337943604873167 0.12443763087423176 0.28584976338240792 0.1993897021813269 -0.98723703860898848 -1.2610307488919208 -0.41786049548839765 -0.93491578791083685 -0.1270208180661144 -0.12517347504689669 -0.44922109437405933 -0.31911329225296886 0.5950060255426739 -0.18990428898338557 -0.72122790734433961 0.089479524431158697 0.29472825173261935 -0.32511694959857795 -0.39532623293702468 0.6029694353671976 -0.41186186749986686 0.17338242466445705 -0.46690954565410286
 0.25833594238613677 -0.39066153352566524 0.22527944461897859 -0.4074954810425358 -0.20220820699882996 0.14253588233085165 -0.34835470693005083 -0.21818208372205616 0.61181519241106719 0.26634293394053299 -0.32388657842255603 -0.50303034470925334 -0.78235234833364042 0.49556920388328618 0.05560716919300282 0.33007291245577275 -0.79305668999441792 0.11062613025360012 -0.1028963630161546 -0.26871577440925204 -0.87108219973918222 0.50061837090469552 -0.56484797805929865 0.41160625124142669 -0.50137915539973166 -0.22736826863714873 -0.38352685616049575 0.72393230968255218 0.60134396818204383 0.17610701034636958 0.017587254347719669 0.16884440830977887 -0.45955853061628554 1.02875882388677 0.46987696245755445 0.84160400539811409 -0.23945246137031378 0.6769502692040168 0.58239921990383148 -0.65566277374009674 0.4176927650783257 -0.72354765140644905 0.71554272382067363 0.2078109315932738 -0.91339918128212216 0.92738274125641751
 -0.088661301713699764 0.25331648068612889 0.32064205007301266 -0.2177064915864218 0.31193144885965057 -0.36389579659696519 -0.75201258066030696 -0.71520443070842288 -0.43015333543551115 -0.95198025285508237 0.46514290208698511 -0.46266008396234726 0.18327043720800035 0.38352569289184651 -0.66091480254047974 -0.752047998031523 0.16481956695109429 0.29547760432534825 -0.32332548220565099 -0.31931970395672726 0.2337376145778792 -0.50574555122339693 0.44518487646948096 0.58403386463635487 0.39724786488784497 0.11770733152618683 0.41566712016339896 0.2968772373333034 0.13330245460642348 0.11386202477035978 0.46925784186709346 -1.0418734631709869 0.35072944547946555 -0.80878647862514963 0.038352201979979281 -0.48543377850688652 0.38858635795471624 -0.38423790216815573 0.53341377044540328 -0.22748006325454218 -0.065107291231205844 0.7156890253862771 -0.36786524054164665 -0.44596106908605687 0.47265969206803859 -0.49852934958684419
