# Created by Octave 6.2.0, Mon Sep 12 00:45:20 2022 GMT <unknown@LAPTOP-P0PV0581>
# name: Theta2
# type: matrix
# rows: 10
# columns: 56
 -0.1900754913806541 -0.61764042391283314 0.72676343605337734 -0.037096344666287161 1.3889735304037358 1.8306849944868779 -0.64272245808130624 -0.68097514191927278 -1.0598266575740312 -0.031604973308216724 0.61744408916435856 0.58431613498266499 0.61219274220568731 0.091957364894686172 -0.94529381246204558 1.6331984646433635 -0.37810425060642971 0.15611005997999397 0.24342586025551163 -0.24138601572206739 0.26695181562066206 0.1236917312756622 -1.3558227755769652 0.20759046733052783 0.05520667436496144 1.5393209031378825 -1.4044660197022028 0.0061576685326402685 0.12162100287687816 -0.13427452516966876 -1.4949701633862378 1.7856417105913545 0.93497233749918296 0.5653729187401646 1.2120474106869628 0.38487138974217466 0.076181459739417243 -0.83874742524139723 0.35442228109619389 -0.76613508885380421 0.03542132480721466 -0.33459570728865795 0.9071563366322507 -0.95995099120323746 0.29133208088376228 -0.39338736418931292 -1.0668831001800927 0.12284566516541608 -0.61968248032880158 -1.0923508551569439 -0.38549587904973315 1.0599874471780342 -0.68276191268219999 -0.51667483402356362 -0.52466206620967293 0.46025478855036345
 0.21416131424030774 0.70530706920913699 -0.3220681126502743 0.77819047479618586 -0.28762594081480447 0.25197017572743124 0.62648806283792557 -0.92953445781216071 -0.59617908717258949 1.1907695988707714 -0.58427546625025195 -0.42638877678239984 1.0146621420479696 0.38676893479833618 0.61926902185142574 -0.47268755309865224 -0.90919750903330876 -0.1800597585634266 0.70408297139934684 0.35077847141360224 -0.25641730448619482 -0.30830456863130634 0.13387424676462417 0.70224196431511565 0.49975791724211227 -0.45573076611818714 1.5445269959627435 0.43226769562889528 -0.56207474236332888 0.17937529877593561 0.30345494996020256 -0.37319580099025679 0.24694496543581071 0.59989061640125863 -0.45828696741712804 -1.1292583044974349 -0.32119839256958926 -0.46125916147095419 -0.37839707631960878 -1.167239883283032 -0.69783884772554328 0.096976814847518744 -0.044869626517531923 -0.55439793930275205 0.39942505350890567 -0.064193440774033189 -0.44122289457401231 0.88463759737263736 -0.93834337093596309 0.24038155860217689 0.36018667236963819 0.13028371430880775 0.30014659476654043 0.51067508468811851 0.74637368339038757 0.76514877787577218
 0.18026180266880071 -0.48002340162093765 -0.23868666264757457 -0.18219885116089587 1.415375428550502 -0.89218636234431303 1.074007206033416 -0.36282440850869191 -0.70151647751273627 -0.99524726201780034 -0.23541705799489701 -1.2031976681035736 0.78327148422276671 0.060316736145575228 -0.0018202143343217523 -0.23560587801726429 -0.12079729988874076 -1.2059124202476004 -0.59260793542252987 0.17911672013063842 -0.15765499135778607 0.45219052633876144 -0.2355525854503927 -1.0316348518842715 0.27048310600788233 0.47607603935467901 0.60510983900841342 0.3268887191955242 0.41646086227081802 -0.35032818843309205 0.47430600052260891 0.0019022698913228103 0.98184914868178574 0.0053666074776032762 1.0069317851913242 0.54477356552688772 0.19933783478890096 0.68953989590735498 -0.077374121058111145 0.24151873439723587 -0.75463727205406783 -0.15883614617484021 0.98252803508988429 -0.43570706975088219 -0.48783383984229151 -0.48763210650896932 0.57562905054069124 -0.098815951991848935 -0.60518758996233291 -0.034450406266621686 0.064693719727578564 0.20724823651293228 -0.1851507222100453 0.72257289454581097 0.23893970443223966 0.13178820307552702
 -0.16850604806936711 1.0570204588373109 0.87881431181986991 0.11092104226207798 -0.78532354447841424 -0.1463373769134966 -0.28969824052960813 0.48365119815732593 0.63499863247473431 -0.22227388958081343 -0.81125503282078115 -0.045629458916167702 -0.14901452801398943 0.059857761122280362 0.49534656262970006 0.89962561996891355 -0.19449815234501711 0.28314875585986621 -0.48848007163589108 0.49065082711631658 -0.5084574713083112 -0.25932164705447108 1.0681107381928008 -0.48499279365429926 -0.86217166912338039 -0.31332630567796327 0.17591821452664574 -0.18986004671059345 0.12673483396541219 -0.63171900905866596 0.28812399363458019 -0.19025642851969932 -0.76048929433205092 -0.77259825844204444 -0.54382741316100736 0.50028948256646766 -1.2070176057059991 -0.17988802598854106 1.4606367428751883 -0.68718691377024099 -0.028102864962985145 -0.29937739196743018 0.17457582336136832 1.392507840044876 0.93782130187488444 0.3857645935879041 0.1677671469802455 -0.047695251926691835 0.51727173655761793 -0.7562377688284474 0.20813030494979401 0.20129322036683814 0.58700234105733795 -1.3265485006869595 -0.17991025027579846 0.41484628489908754
 -0.035369502787513843 -0.66225245395346477 -0.51157037148663542 0.3755014333292942 1.007163673784957 0.53094779926462032 1.1754746031601002 -0.11227186382551942 0.574235789447339 0.037201550730556372 0.83424065063672881 -0.095840051403661711 -0.1671365766676414 -0.57971319533581256 0.19254178155606297 -0.050179485698005358 0.92543993624550314 0.72982004901088671 -0.42998639962002438 -0.73430653002883262 0.99645328699126889 0.56976236982921924 0.54376327938096081 0.6147738480213446 0.093903705716631508 0.32563958758749945 -0.42666115255608045 -0.0086818279816796642 0.19613902601898831 0.1189898284232017 -0.37305596437422645 0.72944372451448347 0.22008139043209518 -0.30268392606491679 1.3136907568404861 0.080374979103641914 0.17150813538059034 0.44787442927347437 0.28048638075881915 0.19630339968624247 -0.3841959288142141 0.27255729336245715 -0.48872771447996854 -0.14321525769870527 0.57515455173736296 -0.59687317644003801 -0.012199601166837711 -0.43066688588243518 0.83970837318271263 0.61634192146245692 0.47017337804832587 -0.9109656470406311 0.69918700384055399 0.058736685618975708 -0.74073040711944105 -1.5362429823726875
 0.13648615105560619 0.070978453868856775 -0.81722956839000738 0.3560440818752092 -0.53607672212087221 -0.21060700291608053 -0.56410276376268698 0.76110875614835583 0.19124777411365015 0.041577189444033935 -0.42081155019196276 1.2640281700059441 -0.75694042802235073 0.30884993276555761 0.21509402042349479 -0.49780409111854068 -0.37216591348292477 1.0651160879530845 0.68881256726373374 0.48668352519453567 -0.6069580933714126 -0.46306264949763659 0.066096753073968728 0.13521521004635589 0.21008264588984654 -0.32347031469934201 0.2180023089257461 0.17982608156286978 0.44034258884145749 -0.62075058413415141 -1.616977728630129 -0.10846422788249709 -0.50255490879355869 0.79578729365645107 -0.059920652869600251 -1.0559342607392408 -0.053684454439994173 -0.82511536534246688 1.1307630315343478 -0.73010578538778259 0.77402426815797631 0.6074965468333402 -0.40582296837432918 0.90468296854045993 -0.7898313620796843 -0.15892422492810082 -1.3311955718248987 0.35993555922327142 0.1970970529834945 -0.11951170437240639 0.22128587386912624 -1.0022353431112778 -1.413947276797495 0.94905803236003139 0.38224558450786356 -0.050135760068989101
