# Created by Octave 6.2.0, Mon Sep 12 02:19:10 2022 GMT <unknown@LAPTOP-P0PV0581>
# name: Theta2
# type: matrix
# rows: 10
# columns: 36
 -0.31172392139682403 -0.79495438561728748 0.88829460761928547 -0.27050784502756997 0.32078652633995464 -0.43414788286979966 -0.48293619554854567 0.33308060465292999 -0.29294318983159567 0.76203131929485379 0.68816432507184921 0.17341978284555293 -0.83388744697839834 -0.35563663074188556 0.34513621346749501 -0.85546450793520878 1.0596183083742541 -1.1148375256941732 -1.6933525052278466 -0.36653674409106823 0.76025460147957269 0.67813368826343901 0.15420772742684799 1.151217217713612 -0.53763365418081477 0.43961899452258785 -0.68932365023834696 -0.75942322021150765 -0.42022609673601441 0.51667995906461939 0.06677575436233496 -0.48517253572198826 0.18447975549314283 -0.85685484193781736 1.3673452142471176 -0.51548432775194641
 0.36025571828214498 0.30640992221242463 1.0852201037664908 -0.57924844428003586 -0.047251722267374757 -0.23098177438230935 0.69338830017050113 0.91516836600881568 -0.34803240288225012 0.69674443858473722 -0.81318830859224245 -0.32176278701664135 -0.13690462142702706 -0.015194661268273723 -0.44874675267902508 -0.063491018039809013 -0.13539772719806703 0.60092430264462393 0.21671011746606031 0.62749877051974512 -0.32975918568043988 -0.92707423623546514 0.85371792166185156 0.26374131990199878 0.12372325241679391 1.6926448975093564 -0.31014664800997133 -0.019927686488155034 -0.94799643561087876 -0.65136178959310498 -0.36994188424207902 0.072128393962258397 -0.1468445858020693 0.79285254284287099 -0.25125159858808899 -0.63110774472046616
 0.06943997454369813 1.1716815484616201 -0.93017703650435413 0.038701157047057608 0.68247998960966494 -0.74076953706332938 -0.43668601830970233 0.79221836800741374 -0.72964620746096276 -0.8606310694804471 -0.74671629005929352 0.90491672492283526 1.4605430739800049 -0.16505615444833271 -0.43149474634983209 -0.48185626906293327 -0.34608495040974063 0.40426952581325293 -0.86104419026799939 -0.14477949026720249 0.81741168063978975 0.14920692948851544 0.31882946502122289 0.78039724670921284 0.10052679264567956 -0.29807488256915554 0.20248447189016439 -0.48307131150627075 -0.30563048382709435 -0.55496746261334073 0.06681485507153237 0.14039097266871142 -0.65356777593320226 0.73992670488507317 0.91512014622922877 0.19567596966677764
 -0.20974872444348747 0.15617213625858195 -0.3956622525567457 -0.54680048406174808 -0.78301411669973053 1.0237220725253169 -0.17633656425145239 -0.080816206103525204 0.50801215481660522 -0.010239140994911933 1.5814711791761942 -0.22230000691091248 -0.52891432731772248 -0.28752576481123676 -0.25727561603313392 -0.39359954967266719 -0.26932599397567736 0.24728169429203223 0.67264031667472979 -0.0043543546179340758 -1.7651680036854966 -0.10257825625994314 1.0018905146473198 -0.12458237289131978 0.96167133287413353 -0.39301559634778188 0.72456113592949956 1.0210630111677015 0.46117026288909996 0.83970054979848852 -0.7906388875320487 -0.072489627617863664 -0.12617055656201082 -0.53668896128454746 -0.3979151550568652 -0.38586240923823933
 0.40668890967226534 0.046529797102017399 0.026588301434356389 -0.40225939463258836 0.49021177050042697 -0.61871619808702694 -0.39752808689584673 -0.88292328617522664 0.16468201117973499 -0.51420009965585045 -0.17010254991417004 0.09748848385635045 1.4102952025759581 -0.044435737697391439 0.61435756003802611 -0.63633548267590201 0.51426759607843331 -0.64464191714417973 0.88808796196054862 -0.42218204248435764 0.29557212400316601 0.64254485814306461 -0.25545929142147072 -0.73798771996975165 0.14035722442918902 -0.64255609475909281 -0.58010106477030177 -0.37084042515010951 1.4131393493785811 -0.11902109961999932 0.80276513298723473 -0.29660663039462626 0.20222563068373595 -0.027225286793569836 -0.14088550224929311 1.4592295814871525
 0.11449950282961203 -0.40504269217599415 0.72269694249820005 -0.33810349246464966 -0.23733421508158536 1.9410255931944465 1.4791781594999729 -0.43860539183967034 -0.73012167222629953 -0.30809006759138591 -0.85257307592869025 -0.55483833181709197 0.27178456122165462 -0.16388510147285529 1.1473453331231558 0.41990063861424781 -0.2510542485116789 0.31475014608587798 0.54703303580461204 -0.3608013248408401 -1.5384930967997255 -0.09933358558222595 0.87007224125221583 -0.16061834222233823 -0.71032233125095279 0.32683407760435479 -0.68657020819159797 -0.34913896390826654 0.89888023759701363 -0.4191992740319071 -0.10847581770010456 -0.033725209184886827 0.35853447364960306 -0.69897571055140328 -0.60708775826803973 -0.2311823109987938
 -0.085817704319583729 0.41760450430804019 0.20523004871518882 1.1329292263591779 -1.0012172063872564 -0.23831666048527703 -0.2188910726547201 -0.098252935545726561 -0.15494974508324785 0.46313674085177903 -0.32625205151469255 0.41333779183937785 -0.12830862110344035 1.813406787077956 -0.73285243345403661 0.59127660918091529 0.083193848995617103 -0.50549513499214305 -0.9337924019684285 1.1670011201913346 0.55550987959556353 -0.19686289034169743 -0.50181410755096045 0.1770545154303283 0.56373703785213036 -0.71874432866010596 0.66652987706190914 0.75778758244048994 -0.164920280727127 0.82801838921671811 0.28631097398826066 -0.13874326350105215 0.06905628062514424 -0.56107490331578824 -0.066323720355634067 0.25459674265940174
 0.029936560283372361 -0.50931575452493194 -0.63033371647558301 -0.64889025205994788 0.95703829415161445 -0.88877592194231825 -1.0690360563798587 -0.062950716473324925 -0.40645843284913569 -0.014485208831773068 0.68177340676760245 -0.31203265596350316 -0.73789964222001903 -0.43016435341707998 1.0133043410960483 0.73682085777641426 -0.43518611402699975 0.80585367933635477 0.6722242498477522 -0.19203088717622999 0.66012480818692887 -0.54768367358804726 0.25276021184888497 -0.14916479995588944 -0.84822176050907505 -0.82276585587564499 -0.1323112535003774 -0.20245607079359515 -1.0657527633766795 -0.058097621825861451 0.66264795044796032 0.10529043568751642 0.38564011390667169 0.38557326355858951 -0.292243034733701 -0.46062636037942489
 -0.11866601820791485 0.15161987546170921 -0.43641624013100272 1.015464350231611 0.44005403206612331 1.10966761473686 -0.36690915371566918 0.25248157302274343 0.71742069924421625 0.024178069384819461 1.2403516910271171 0.056049995637404405 -0.32234593500573183 0.12678523717320794 -0.25195977186981738 -0.36489480799460411 -0.18381156618552863 0.42309875356772564 -0.045362276919711932 0.078916398571295954 -0.051522962079834436 0.39002001014599691 -1.7007545407162792 -0.4526958214154187 0.6346581288450589 -0.43466906455028764 0.71951442886653805 0.69188294608080503 -1.4362304168666018 1.0804354235983407 -0.45313699125639051 0.56407432141701308 -0.2477698667646718 0.057491845370936205 -0.45786516972441271 0.046345454105248082
 0.034932378384192442 -0.75621563602025077 -0.78364890790289421 0.7462566194160708 -0.72853736802195312 -0.7655837216626481 0.67762303925630141 -0.87764788355568113 1.1510523029150763 -0.52044987857198166 -1.2124903828314606 -0.47730759469320422 -0.38047568823571759 -0.20390264173015676 -0.81432017466736228 0.96173312527357691 -0.006624152085521604 -0.46199847555096812 0.67570764853857335 -0.53472146732239856 0.88386238354220525 0.29943099815585877 -0.74580526211694032 -0.85784711313274675 -0.31860850152627485 0.90728614118687934 -0.072213650800343754 -0.64497446207159581 1.3033953231786144 -1.1365814954858144 -0.12443781877558621 0.1199411479183413 0.036385931924046946 0.82621599672656476 -0.042132313088411151 0.53725350261423255


