# Created by Octave 6.2.0, Mon Sep 12 00:35:55 2022 GMT <unknown@LAPTOP-P0PV0581>
# name: Theta2
# type: matrix
# rows: 10
# columns: 26
 -0.41071579900540567 1.449948970088061 -0.53234483298654844 -1.4671978505023848 2.0262061877488859 -0.82364615996463142 2.5621328909160024 -4.0406368995211563 -0.58908794553584554 -1.0462304078083204 0.51031200418041478 0.78267318544807829 -0.50453935721320797 -1.2693990055171858 2.7649433415784701 -1.8388977490153002 -1.744015286627008 1.6005370171138933 -0.29590367495277164 1.3598873948880628 0.33864526907871867 -0.75287311914932376 -0.89077281247410867 -0.24995364115671653 -2.1325429003707961 1.0076684792176163
 0.29862425193751735 -0.887173544748318 -3.2036771924379468 1.0722062047373844 0.51859858180530172 0.068623059905958836 0.32563258117880656 0.17513276843308662 0.21678086307936945 -0.42023571134244403 -2.5730356765760556 0.28588245900010295 0.98768139843814617 0.60454259637146002 0.6286102474034756 0.87522213608547372 1.4462139868512938 1.7799517341008493 0.80952669456839677 1.6702230039905306 2.4474459418018175 1.2043857303668155 0.86895073737085382 0.81035512380193775 -1.4521824329374249 -0.10615347088758166
 0.167604078149832 -0.11901786086932621 1.0589969355606816 -0.97964403506952658 1.2057539390736725 -1.1075881899016349 -0.75642907465071829 0.73739496093797474 -1.3561739392159458 -0.63242246151637094 0.2821984736995935 1.3449395825390364 -1.7125347644026805 -0.98994095134988436 -0.22164579476920618 1.6449060469141501 -0.88785475382095214 -0.84860609658473751 -0.79920063188484147 0.41582618050669762 -0.10487496815190465 0.70556193043699689 0.67251048335589003 0.0069797249919926153 -2.7557601814461834 0.66321597110704222
 -0.36716365925896288 0.56623213605288136 -0.1859579431905834 0.065388992428616566 -0.52570685520224114 -0.69624060302277269 -0.73208323097965911 0.1820982987293859 3.2489348276171146 2.262514843381132 1.0837850223435466 -2.1370591815415922 2.5376009103036838 0.20226097315718075 -0.50433617428648159 -1.7246034106807029 0.19219488870736515 -1.526919729260565 0.30186069482793965 -0.68855465911308156 -0.74401232761651381 0.48507486161130908 0.40471202595558714 -0.44772107254715232 2.4633113625782497 0.09248546446604837
 1.0643924938463725 0.13784332264493931 0.90895838188174494 -0.60689072564141244 -0.75826638791350132 -0.38130795518523952 0.73491259105119822 1.2747281251643732 -0.37941457287897468 -0.83747615036182399 1.91453649669559 0.85674246302680312 -0.0082329664837581442 -0.59615776174750135 -0.8387188943395778 1.5719558001901366 -0.52952070655165262 0.25932098586263519 -0.20835570974092232 -1.8591228379318745 -0.57942553893929738 -1.6085524063229428 1.4889942167907173 -0.63558758038066665 -0.68065842400821253 0.36365941245443212
 -0.54688367155717177 -1.3763453610111724 0.59664084904142078 1.0742895496686089 -1.4923828191350583 -1.1538767474329341 -0.46720920449458953 -0.2055763501782637 1.5322929099048739 -1.3253684482018713 0.76882021222029417 -0.41783391325106539 0.51081241156556001 1.6612089012912683 -0.65690833391339065 -2.7965032631686779 1.8298304010146569 1.232972932343092 1.3790440022758716 0.35047437449225644 3.2432087848560025 -1.9800067364406144 0.44505418335434305 -0.71183123380377955 0.84042022826466778 -0.88407399804950204
 -0.072649171106545313 -1.760079756198236 1.0708333347562471 -0.5885819587902259 1.1575355115359789 2.0924635039857846 -0.45901760319311891 0.36744424866503034 -0.66163401248623832 2.8994476113058765 -1.711161022218866 -0.84410457639684588 -0.85668763326539832 0.3811765456468591 1.7021884791633997 0.29056262826773427 -1.0775517488896538 -1.0787289582502928 -0.92155876226535505 -0.2457598437478013 -1.1408411529352915 0.84503971899847541 -2.928895266608432 1.4403808806302478 1.6781114000832014 -0.55076629689153112
 0.062072773827612303 1.0914632779987685 -0.58757427398916651 -0.44892561244865986 -0.095548927054140503 -0.92306387430073578 0.82988724786350776 0.33547894610390089 -1.1687172786645239 -1.230734706385828 -0.75662958176982464 0.84662921120127088 -0.5768673857945178 -0.06958303407941227 -1.1948613671384631 0.57943950807568834 -0.97594191612266712 1.3838494251496178 -0.83743344137008069 0.50053783695591436 -0.9890574496309098 0.1706228778392482 0.64052502160514291 -0.38866067798217152 1.3345560065226512 1.2745859035141818
 -0.19952784549840435 1.442882032031231 1.0397959147405365 -0.70504660004807229 -0.64210994025799306 -0.49830325694786054 -0.52639929929870077 0.64364613064848997 -0.18040375681890988 2.0712570856646835 0.12780723454177126 -2.3830523439866553 0.21003555376485397 -0.19956099712049524 -0.27788430806400194 -0.0903673983015017 0.49790556229424227 -1.3261995662932629 -0.64960275929432787 -0.040649071367194402 -1.5774861686209491 1.7499150002964445 -0.96859158845364379 1.1396937168704018 2.4153415747493638 -0.32632430062481799
 0.084310648126664153 -0.31570141737592072 0.19569427440844048 2.6284487965392103 -1.1778276090595177 3.4010661391117845 -1.4470332277735558 0.58321657057456411 -0.69852800442137786 -1.6869862570177823 0.54216534495791635 1.7369264736871961 -0.603990225819938 0.022849675263640616 -1.2480213148652741 1.7325201350712973 0.98009181949638713 -1.6118876835065183 1.3494361068368488 -1.3470158052484673 -0.64519963096629107 -1.3072414237108769 0.83556506040116807 -0.46408924065593471 -1.924815021158927 -1.5062895507331771


