# Created by Octave 6.2.0, Mon Sep 12 01:28:16 2022 GMT <unknown@LAPTOP-P0PV0581>
# name: Theta2
# type: matrix
# rows: 10
# columns: 36
 -0.022944723611275388 0.43034496958497193 -2.0787315450562325 0.15876506903372978 -0.3218052155530905 -0.096046128984296139 -1.3089652530225695 -0.45542373007831388 0.15061260333001861 1.0001811915416305 -0.63341344385694909 0.53573891864009515 -0.66086468908547658 -0.64762485883961574 1.9990859488571 0.98496877624150192 -1.7028622547752292 1.5829969057317823 0.12233617227344994 -0.094969620380130348 1.5057264944099404 -0.96308610800612315 -0.059086983492749483 0.96736131420039795 -0.40698625386833198 -1.5014676968686027 -1.1656543294923536 0.13753947470922842 0.21103615290510691 -1.1851617525382996 0.14085483593909651 0.3945752624089397 -0.3433620784955993 -0.92238443645900658 0.16471269781359943 0.13188015559634186
 0.08312633715964711 0.40503968152061115 -0.74233525746529028 -0.92181709121439004 0.012554859373795283 0.72525895764781878 0.07870949849645352 0.23904134421613732 0.72756840081841068 0.28682167528799651 0.33249757772957589 0.70812128554126841 -0.41929503652770805 0.89741951050876967 0.35666367668513116 -0.79466295703446177 0.3336834066663158 0.74138764817992064 -1.0591814696320523 -0.07239546802927678 0.67609697528255197 -0.2949666241199862 -0.068905723517982909 -0.85352054790588239 -0.63698891686711179 -0.57050377049156542 0.50583826280270294 2.1148066210631526 0.24315828612720805 0.2697183332564223 0.14422603145195995 -0.22043783754508842 1.2632080357143183 -0.017567887874350211 0.23297211688638161 -0.014051994293713387
 -0.0084833701772090552 -0.30272317823931111 1.2153237160940413 -0.10873363134033072 0.18629319076598294 -0.42690449078074305 0.56608889225078429 1.1576874462239402 -0.45674550412463483 1.5595134082363935 -0.5424872330733651 0.30315358055192165 -0.68419096572270632 0.4686846130786288 -0.44633993281635503 -0.31021628822089031 -0.27269355518759397 1.6888406694852807 0.75254146387596943 -0.0062359130366103823 -0.4720817846605293 -1.1102337398375788 0.43546863149889803 0.30654384099120152 -0.084878716574284391 -0.90728222574122375 -0.89287025047254143 -0.31895909309058035 0.19137146523463006 -0.93651659986215974 0.517876998702816 -0.40633099835181774 -0.39525295694176749 0.44474833743068948 -0.02716268796835343 -0.031095264328996047
 0.25757562806691847 0.39073131320748844 -0.30734514341421637 0.20957375309552939 -0.1247487353473558 -0.43181422868870911 0.14679937813177521 -0.39254767807231999 -1.339893907943053 -1.4439596175044713 1.6206706331690846 0.027929178508106174 0.51846409084347334 -0.40854681678898069 -0.90338676646819116 0.36918006396119396 1.792614044064059 -1.7743562084589506 -0.55061005286459197 0.052790359646620433 -0.042924545318704585 0.82535563090224273 0.61939298879186888 0.12130142438583946 -0.30475318808251678 -0.021613103348028424 -0.24452126641150065 -0.45811777687417526 0.98214887960424835 0.55846643444570954 0.61064564193196713 -0.92210992076928211 1.1312492768593094 -0.81844016025952449 0.39046812151130672 -0.022991827762704749
 -0.11051224034187841 -0.46103442140647155 0.59938104787390756 0.53740482114063814 0.42061783700628946 -0.72178146442271873 0.84916938273637188 -0.32643092718909533 0.57585578588033437 0.693547939383374 0.19772821665881699 -0.15332461292609909 -0.15253580932469715 0.098020203589232954 -0.58375441668632289 0.037433549241323381 -1.1001899812760398 0.19234699315853701 1.140364749015333 0.014369242774537435 0.41782458089966207 -0.40477271549999683 0.2132645254654551 0.4059707542545794 1.1136482166511508 0.52782871849994495 0.23420245193236869 -0.67638145425527663 0.51090979598802921 0.6540231359705484 -1.5358561012907999 -0.45027903474525627 -0.3020413617935635 -0.25119047265463262 -0.077391751034103243 0.017658707993053115
 0.028655942333394972 -0.39029308215266817 -0.51812360732578011 -1.1416306297392969 -0.50992797150481872 0.49551163525436781 -0.34611955231480368 -0.9711042006269992 0.83868938350342193 -0.0053369803198726933 -0.87048478895095027 -0.027574334912980877 0.49194257603619101 0.39011474273158986 -1.1381717705452257 0.49453885094943539 0.20758050134079603 -1.9802365120182284 -0.10831406484159416 0.02849670750975802 0.34969960514168574 0.95748584517281643 -0.060992261417777215 -0.84855747936757442 1.3362982201179365 -0.86353898397241924 0.32437666182641978 -0.40212127885919824 0.38245292591105351 1.1201741433225778 -0.16137694315881393 1.7173866526336767 0.87347018344887795 -0.48599794195781038 -0.1364658476397847 -0.05896080206352293
 -0.28997110521093206 -0.41514415826720125 0.42088808749540862 0.74894571065583782 1.4511406644058125 -0.19647179529555897 -0.67343586284767332 -0.31884756875643194 -1.3976545827702866 -1.1889441908471698 0.11088412125453077 -0.79351591110638919 0.43555876272041311 -0.0026235857102276695 1.248415944716772 0.11245283648274369 1.5886518973541488 0.95765260774669148 0.23609713249110589 0.079864444791414718 -0.11415543752729829 0.19364998372783701 0.77860213227335595 -0.008176577669384821 -0.49778307649283277 0.83389492253677311 0.35485130793467712 0.5193407263051798 -0.53769111850487228 -1.3075895672633602 -0.28945333409912588 0.67931380258022322 -0.79326358906030348 1.8173038119931892 -0.087480180483025097 -0.055587945824058668
 -0.054819373496678737 0.69958828383875404 -0.42249817706664849 0.68810668077376025 -0.030971100882975632 0.6925431269627349 0.25521766501991539 -0.21490467561844964 0.86892504427213646 0.85913719300705482 -0.48444877953014942 0.15757942900836175 0.50325636962853193 -1.0034542741563834 -0.37516495530941968 -0.8682215748335359 -0.61159727430706956 -0.34705323714691355 0.76562650460094661 0.0041729012705571797 -0.72722785348144892 -1.237620765630119 -0.77413986332623319 0.38018628824971784 -0.91080086363131918 0.66045925754346146 0.3925466091339303 -0.6386644941068903 -0.21117383852562552 -0.008407937653414306 0.78423436625130605 -0.70987773320843739 -0.17472964693932919 -0.74287096408553455 -0.0004828530310002764 -0.019064810260264575
 0.29570010588854584 -0.54332681004476302 0.34436465548748196 0.71790175666109002 -0.88351273291537891 -0.78437935249735879 -0.46160268140732369 0.52827879120430099 -0.99832954137533436 -0.62734670333622844 1.1768507097768355 0.12152094457160212 0.42502305224247289 -0.46520013113598496 0.62628790276641866 0.2201050965547619 0.89762445674109648 -1.3768809282662846 -0.098522598760385965 0.097140075718416707 -0.58276691310747941 0.80026032599834906 -0.77710509677438222 -0.19860015789446792 -0.74784432633375508 1.4828494540373371 0.34741045156299444 0.0065719932930267027 -0.1250423309485065 -0.71903385116088114 1.1958235534211645 -0.72823727840622154 -0.34860423368977517 1.2154503158269629 0.19190682704074083 -0.016951228217829406
 -0.22742048457209676 0.082227543986389956 1.4454478342348889 -0.82943027543823367 -0.48681982239679372 0.74805778673652412 0.82244566662130181 0.61842900819341584 1.1829684410845487 -0.93878198873689123 -0.7160690721844748 -0.63452222173588302 -0.49641780299125521 0.35892776312271818 -0.83344136401045343 -0.3283166811902748 -1.2233550377192468 0.77965908068644807 -1.4677272069793776 -0.16121866604442847 -0.83437249598645113 1.3900301214707436 -0.0085390835866347679 -0.40078297458872264 0.97217468785299244 0.47769617658222485 0.22097760659454627 -0.49528457855974478 -1.616796414160711 1.3689892418978729 -1.3121141637512506 0.74563985134150912 -0.78414103880623875 -0.38501936714515977 -0.46613049727600414 -0.02401015090207289


