# Created by Octave 6.2.0, Mon Sep 12 01:15:58 2022 GMT <unknown@LAPTOP-P0PV0581>
# name: Theta2
# type: matrix
# rows: 10
# columns: 16
 0.48627301042963439 1.4543536283857623 0.69685187266060966 -0.26703780677814976 0.14327411404040227 0.48149416951163743 0.81651159103418747 -1.3172067824568234 -1.6371122210514979 0.75379092447002594 -2.3886417441747483 1.7705913977035865 1.652314194886382 -2.7257616595436249 -1.9895695873035395 -0.76761884780609047
 -0.16470696532188223 0.4650068009025411 0.29969515282952852 0.10881245588253724 2.1989616252879514 1.4147786448678754 -0.99537465969996852 1.307799953306374 0.30212861999443619 -1.9950428812191985 0.96732201103492632 0.68290480475246729 0.5183783296569644 -1.3276224436116022 -1.7012881203338985 1.4506019909701506
 -0.4772143485129568 1.3514755802285334 0.15360944059113019 -0.74835938698153115 0.85444594056367018 0.27117935575220153 -0.41404394488746771 -1.1849530671135895 -1.3794880548005599 1.5736895074596731 1.5885588046128361 -0.37600655846579017 1.2293597668262892 -1.1655430044187012 -0.9810333218914048 1.2395349607006572
 -0.011385520042483934 -1.2689894274459579 0.91655265174083922 0.18483136913402043 1.2363258149447078 -1.5694760197757687 -1.3562592072005284 1.1937383297120872 2.7256268985398915 0.37047867772124071 -0.089152001133701017 -1.2363821789593672 -0.94528661654751023 0.20460362636622656 2.4093887488318595 -1.3635028536765601
 0.7410547094042963 1.0057071055478461 -1.8031019311085512 0.50594001247946574 -0.64503668752395804 0.2787654527535815 1.3781301284095102 -2.7485103058453451 0.034135870875345205 -0.17067853481414869 -0.53062539129086694 -0.24426965000856393 -0.52760137675767593 1.2003680147768518 1.4213781461006645 -0.79475154473661824
 -0.57782240731178536 0.74502150918299803 -1.2903222415682809 -0.87390529322879573 -0.044571361970371044 2.1887012642464354 -0.25352789453969288 1.2799614139975373 2.2398047953106368 -1.5861735673963864 -1.180568582980962 -0.55638256009239628 -0.3828186203657758 -0.08937651156554334 1.6068538177558926 1.0936458532027131
 0.041391538944938119 -1.3400370473943 -1.4175727969909639 0.39738018210408371 0.2611727756332286 -2.5423940879291469 0.52545486552137644 2.0963516862003888 -1.1700929284996531 1.221237334897836 0.69510447133416597 0.79907175703390132 0.88421457275814108 1.5446300639878656 -0.92967783117258762 -2.4290220971388772
 0.15575167741193061 1.2784842522164752 1.8370653469556599 0.42913902982181029 -1.3843854343108379 -0.98612949446063092 0.56472994890185346 -1.178248488349892 -0.94831552542558906 -1.9084881902086366 -0.43639192774457869 -0.30991200123446677 -0.11220185956389424 0.23612099961614605 -0.046206931149889066 1.4290525225119137
 -0.18414989947358376 0.38269543845063814 1.0043025015896032 0.073622023107315707 -1.462457122502675 -2.2409388930018994 -0.26474511006152252 1.4229109284149588 -0.5929804099664483 1.8151165796670794 -0.051821372184804503 -0.72213013880339116 -0.97830745171688827 0.66658426305062102 1.0340166458255353 -1.3000847200793033
 0.052476355759726513 -3.6208786988776964 -0.65729524817557561 0.16860627916559887 -1.2508245882084992 2.4181841600799157 0.03434936131020138 -0.82437287523230374 0.14513855603948625 -0.11011302082475213 1.2466438085344933 0.12553818899869376 -1.4717388735968673 1.4628558460694339 -0.85321640618329109 1.365445329228453


