# Created by Octave 6.2.0, Mon Sep 12 00:36:16 2022 GMT <unknown@LAPTOP-P0PV0581>
# name: Theta2
# type: matrix
# rows: 10
# columns: 36
 -0.4813064313633626 -2.4296752859656698 -1.1746674223072815 1.3792534300879209 -1.3848313825108072 2.7389126869795848 1.4621737851949104 0.41667870351602737 -0.16378600229256338 -0.82228622542055219 -0.81631464800923914 1.3396290547497074 0.29004761618844688 2.0090911812061907 -0.6329038392703128 0.65799913773188201 -1.0107399434942608 -3.2222432753047108 -1.3140363398730424 -1.0845215810056712 -0.51225482723001581 -0.52582724103317491 0.34442901672929627 -0.12327924234449629 2.5081154152248577 1.4357549806130245 0.47158909166035723 0.75151703988007301 0.67131456170877635 -0.30776732548347863 0.15794974474830067 0.95007396305180825 0.5725265687369353 -2.0715906836482754 -0.56440627919211039 -0.65203906393989164
 -0.17090262624522259 -1.6505024497907741 1.0677332425203063 -0.26107773393062311 0.24528544469257965 -0.32119254641111306 0.17761433719693037 -0.81590010937263646 -0.54569141612404204 0.24060888265648667 0.031982458540544975 -0.42430082479797332 -0.94286885543558285 -0.033313998899862009 2.0207031178783441 -0.35737945588778791 0.18839088155088726 0.066315117282992789 2.1008928937454843 1.1617541168192544 -0.85624163311724166 1.0564933174157263 -0.71681411208000245 -0.087408068049975488 0.21085007030050815 0.63465507041443514 0.46160905818579451 0.25769969923115293 -1.3656738672111466 -0.383609151250144 1.2136951005918382 -0.19317476019781474 0.057722328732155347 -0.48483837430457544 -0.72484275377542418 1.6293862992038979
 0.54654540023546205 -1.7316903649265325 -1.728742556237751 -0.88520815979503065 1.6724194412082785 0.066159885851227951 1.4764860574497847 0.39824711297474819 -0.0032142194649961058 0.4750787825804148 0.61560054012967103 1.0991069242396827 -1.0982189103556383 -0.31135641552110305 -0.53034128571759043 -1.1419571279144403 -1.4170393227720144 0.33472670839060958 2.1321677729218846 -0.7906485606738396 -1.5905509024890092 0.43675255329014173 0.12578784257300685 -0.23887711570721815 0.58886133101246096 -0.27677113895744121 0.23278867615390367 0.60527843709556495 -0.54392263267148044 0.91055208004227806 -0.27699133873395115 -0.68385597760068395 0.32634950781614613 -0.15086339052594969 -0.087220065888746839 -0.6898092205912878
 -0.007336952030454336 0.63234634373573739 -0.6790813556506492 -1.0386685939836957 -1.0102907449877487 0.31784833683025726 -1.5946894549612967 0.70302838180096205 -0.12974787780986735 -1.7290709036035397 -0.046843707447760841 -1.4240097887740011 -0.1408099168340198 -0.703400649477392 -0.42779447953920835 0.50691410543405613 0.63415648299642058 1.8447212577361352 -0.8159492901132861 1.302691649849514 1.9320740543298505 0.57605312317197621 0.13574804408502561 0.25059007381946913 -0.4781555709641252 0.58707111652655841 1.5633296046130141 -1.1075534230030024 0.9973094168142127 -1.0532911430496679 -0.24376067093054316 1.1527457315427379 -0.769762212587771 0.20564262234392561 0.14206559361525889 -0.10444351718192053
 0.46314774956247662 0.76323529981746829 -0.15680428471696331 1.7328621461196203 1.5973768083640638 -0.29272301129849215 0.99865161392855539 -0.7222591215815034 0.99836927516946228 -0.10306111899534889 0.2742960453906233 0.2501131845516304 0.21066847800092306 0.24785583541955719 -0.5045233520631901 -1.0009933211572482 0.20827109090751456 -0.54530539891485885 0.51878672085450939 -0.94933362166782276 0.63009259620889124 0.084031930996325874 -0.027185679531772807 0.54430260807831221 -0.69973070348448463 -0.70631656653045805 -0.89456455196248119 -0.58832731168598584 1.3481606353648108 0.35295369132105386 0.19116383971513948 0.64287476522562015 0.19337516121727702 0.245942317081564 0.58223243731411256 -0.44634037853400704
 -0.43398700143786889 1.3522683133817264 1.338553294775894 1.3091675702080414 -0.67925044733998041 -0.53862148315647229 1.032758732864582 -0.55681231339085857 -0.6856403778591954 -0.78309104828314935 -0.262323196397374 -1.9234653864045608 -1.0927996874700854 0.86123132207864206 0.81340204917773462 0.27743698849772802 2.1468269928081449 -1.0826971363253237 -0.68274776593872644 0.46207731596920371 -1.7519214796876561 0.68792045004846103 0.55536566268068421 0.84513551075608728 0.037217579752416283 -1.4067408138571076 0.3444188019930049 -0.14011566335747011 0.301547738480132 0.073848959074529902 -0.23396332956649932 1.2793965519755035 -0.080679261882962747 -0.80420382830771897 0.60785853454029071 0.2708097190252996
 0.064489101955816724 0.93558778481310434 -0.11663210302721985 -0.5187413439919718 -0.31833015811513055 -0.59071889864360461 -1.5743749108915766 0.68138255753314214 1.855629674449667 -0.1849968662466164 -0.53054557204489361 0.15101180193901753 0.66539995433323762 1.2887082872274518 -0.05198439731620625 1.5624704864302177 -0.82649854767809317 2.226226251812351 -0.27440110274972257 1.8514949735855839 0.46915299452734838 -2.0586519763037834 -0.30041713806491488 -3.2947017084650714 -0.92428507282918904 0.66540801864530263 -0.98000098821354775 1.7311250168569332 -1.4066647086430295 -0.072787650412093341 0.73676963749417634 -0.61923797930200963 -0.59707539406794319 1.5064896943083541 -1.0305022433544417 0.10462878826334364
 -0.029821671630560733 -0.67084745181359928 -0.14892858999497463 -0.053001710139922005 -0.4178582108170496 -0.40008875589764653 0.65832472636261408 -0.5025387671886602 -0.99163995455179776 0.33982310474633748 0.17823537569350126 1.1906856356008282 0.9171029739447496 -1.0959272088860954 0.83082589020646946 -0.51096520708044524 -0.73539904917165189 -1.3225456637094402 -0.67992579186489122 -1.9273800545554436 0.48537008463570502 0.17372230209016637 0.3337630199392328 1.1564235295920917 -0.90565279454421332 0.61065744147824219 0.96006052632446937 0.14692197939776955 0.75984855883316338 -0.79246377822279235 -0.84492798049400264 -0.83532486279710694 0.088161293655197884 0.40186983372059432 0.95729598608432964 -0.39727085734187906
 0.18097963471565565 1.0783358256746431 -0.35003338883771995 -0.62698794056882634 0.12291999066067537 -0.37255201665167176 -1.4208253217568327 0.85617015763852056 0.97567882540125095 1.9281645113763852 0.36599601480169613 -1.2504899476391087 0.16756232480079092 -0.65131765074753589 -0.88068063788509687 0.075541344912575956 0.049006719130326365 1.4927724412492127 -0.57522731210900691 -0.10713541882420534 1.1615660325512465 -0.56064540928479079 0.86451305511918708 -0.30250427616869019 -0.74807426194407056 1.2092956430513018 0.58078979079882076 -0.02873242913395814 -0.28321895151328885 -0.52006257509885268 -0.41951906448707738 -0.60149588173439295 -0.34125562885046729 0.78368114137806089 0.34479233082468813 0.076209202545983956
 0.10176906067950006 1.9831876450441779 1.5511021075706377 -1.1902338837029782 0.27636512604000196 -0.59789319363876903 -1.0475065337427982 -0.70125657580162126 -1.1130743706186839 0.54119766470301744 0.23370220119984869 1.412375492718988 0.81917114147619396 -1.4615500646502202 -0.58258805805187042 0.0042484194083170649 0.75461116366564818 -0.36363314782223016 -0.45468485039751394 0.0046810230250782505 -0.1069459789800494 -0.091005300878158613 -1.3356028830433007 1.0852703866635636 0.50421613140618882 -3.0350504010223642 -2.8277858765881727 -1.1165973058073768 -0.68491663115111379 1.7056575407104431 -0.227423470998977 -0.54391667529031074 1.001366503019445 0.44354167667784211 -0.53128776035766523 0.24232875670487514


