# Created by Octave 6.2.0, Mon Sep 12 01:14:37 2022 GMT <unknown@LAPTOP-P0PV0581>
# name: Theta2
# type: matrix
# rows: 10
# columns: 46
 0.01730697958574412 1.1754997014022124 0.11499370696118799 -0.08008488335400045 0.17032929582752535 -0.017658723655749723 -0.26554490027195288 1.9746989615657495 -1.3429844385358873 0.19443981005008562 -0.71979042014267225 -0.89570695723202987 -0.39189710760668905 1.365601855354325 -1.1496110864015738 0.11893475309701936 -0.56685751083627489 -0.04260764169423318 0.27200584624076851 -0.062449089193249638 -0.52923555710616466 0.85395539319937053 -0.73227385175987247 -0.41229405128665064 0.53086098937550086 -0.73950210006416695 0.19931038970251977 0.42867271290546793 -0.8829028135760183 0.060736131790877126 -0.92807816600786786 -0.1660703485384466 0.87628484519419614 0.21960397183067581 0.64001247365100411 0.2372658643957534 -0.33107989683158162 0.082495817813214925 0.95795622069680364 0.27409132968527788 0.80574219232774569 0.31076464099040235 -0.29909291983514125 -0.092624656851378717 0.14710777804210368 -0.36782559298131845
 0.14271704588721881 -0.1387672336378184 -0.25455391505162073 0.5529618561690397 0.37041451388074254 0.65308906335830819 0.88466848469807491 -0.035751990662703355 0.10337496904866215 -0.7578389002813043 -0.3939306491556761 1.0921418592820789 -0.28066607117195957 0.059125610319929127 0.17370757995536584 -0.12759984490500079 0.41323706492545709 0.10358576271596996 -1.026715122483256 0.022219994237740671 1.2085469641696818 -0.17715580189831512 0.15813733258454818 0.046897964129713504 1.1349518479933312 -0.45464095275156619 -0.18943407689413033 0.2596738969997941 -0.34848102671389325 0.72149981344752423 -0.40400612313930784 -0.30160617581967669 0.36336178297690136 -0.035809849253098248 0.4857287797248937 0.98801764533401304 0.079859708249797642 0.13181882891650651 -0.40418748996939918 0.53379710566220229 -0.50108325460734116 1.2279463803740498 -0.044001315777202517 -1.6845712447809928 -0.53066635404006435 0.0057270679069469903
 0.14469876246204319 -0.77904390172762039 1.1462148675206756 -0.3772096882865052 -0.12898088186799617 0.15663585132753624 -0.094551713642457361 -0.2823793266236988 -0.66237588268661374 -0.18469439512053523 -0.45159309172416401 -0.44784248243580754 -0.44493347469433014 -0.24121047811193055 -0.81746754408970601 -0.24063681238163015 -0.65767795948359409 0.20755352007134031 0.42112071198098733 -0.33081758495146929 1.5321175040163655 0.22447980278858834 0.13811582457823432 0.72904175953466288 0.33842202598293841 0.33209746079122077 -0.095905761770903764 -0.84903135593698276 0.76693215790623903 0.318675833622656 -0.57235134128388809 -0.74029224620017131 -0.41010211044249084 0.23293473253494776 0.22928398409370856 -0.3959109042575632 0.58967209267434006 -0.29116193355429348 -0.22420874684944356 -0.36697210253097057 -0.049788696442238156 0.18268886012304444 -0.12056628688106195 0.64828557572908618 0.91943811275830167 -0.56401226087108003
 0.073157799528754744 -0.41807851731380707 -0.59237647908170366 0.27339778010551097 0.19659642557714269 -0.48112476614868016 -0.029513175060243074 -0.11682745789167409 0.8894350161548461 0.37541780849804157 0.55791878072002599 1.0821969707896273 0.92590805315393021 -0.64925930477906246 -0.066674144170473015 0.42976945279922441 0.78614695420965841 0.2475853228044603 -0.55888337668086774 -0.0081779147657254914 -0.18135979137514088 0.41082678293062302 0.16686873242354949 0.62246049461560349 -0.46276558272456864 -0.0079354776355107862 -0.42977846688110372 -0.34481856858140597 -0.84076108971915442 -1.4369411464965052 -0.2369668392493362 0.78400872485632145 0.37016853432164765 -0.41901995510582646 -0.54308377810453823 0.050414667999738753 -0.36596922404112536 -0.77516072819980364 0.51297924824489372 -0.95149838361635952 -0.54088264539242825 -0.32027933612067006 1.2166960898576153 0.64322168411094149 0.20828555153928974 0.043354288492842653
 0.21924220720638313 0.39350275114164457 -0.44831713326002903 0.067050151753911436 -1.7919942530058142 0.19213866289355083 0.39743036301487322 -0.12925922527023054 -0.64692520691807198 -0.5544106366372118 0.52590986405355078 -0.2852209693106974 0.84998438120925257 0.1100748155951396 1.1471973892827085 -0.50029781922511729 -0.51911809439516832 0.44284114742053776 0.84562010675165455 0.082863000770526454 -0.083998323720074985 -0.92677943433904064 0.22835584485646251 0.12563930884000302 0.12325057061798397 0.24297795838786784 0.42325061190867064 -0.37683070331931212 0.99717762006042987 -0.24445000730680438 -0.18976053906786544 1.2182313981649828 -0.18002864804115989 0.32649654405187406 -0.56255474420925955 -0.62671343800574808 0.22812014728022878 0.63372215926633113 -0.40895196866058103 -0.017947639412966964 0.33713547374959679 -0.37658541219050273 -0.23675588505939277 -0.042995550199847354 0.82470943158865939 0.48762613268432559
 -0.025631982337344972 -0.14797045851073493 -0.59390248629930498 0.36294420287645657 0.25815205100265698 -0.16203627147124147 1.1134886607021648 0.056719358884566716 0.10147735033704389 -0.41531472076178466 -0.1724460615808184 0.50274587429820738 -0.51804079593542129 0.7036766846576471 -0.3222832890175239 -1.4207911577341898 0.6554695888840244 -0.23839455623990269 0.098434769345926959 -0.17233678195114821 -0.94722726759924059 -0.52557910776525685 -0.46896653284489048 -0.55052660559921329 -0.31364855119026191 0.89704549327670624 0.57309538837237084 0.50338785253438401 -1.0670585844588658 -1.0008139173680743 0.058864154704141761 0.95723145007770993 -0.026211299191829646 -0.30861312738783292 0.98768541040547031 -0.42537551383830574 -0.61553441336555303 0.78159614420168233 -0.16359357999717819 0.34496344467379797 -0.32060475679875028 0.0083517513355581274 1.1959394148665212 0.12041540671651002 -0.6843698318228284 -0.25920694745539474
 -0.021135449590433349 -0.19752453282818366 1.2932332382179339 -0.45285076006126218 0.075705215898469125 0.098884110911046846 -0.70106358775291322 -0.22026167280656125 0.95366870691947636 0.28409090168188383 0.98422867404241399 -0.90445357614820487 0.27824474828758666 -0.37422744794295704 0.36671000475441268 -0.13903404349744133 0.66779144103666099 -1.7573769429933648 -1.0422924125101887 0.10747672369668479 0.057362665673248631 0.13714378370114014 0.14871604450151291 -0.25719601741996967 0.1936855696306666 -0.24022200753964756 -1.6302152105117351 0.26507126246415463 0.53978821671478239 0.27334530032797227 0.83005763046658776 -0.37805974649910523 -0.3579904929738037 -0.071599339944041107 0.1564624295398872 1.3373175868548262 0.40581535676707697 0.16837255617890423 0.37533135009980195 0.63567162320126269 0.78027004083793616 -0.38554922641648603 -0.029351344438798641 0.58619360372747675 0.36065482910222035 0.52699368023135051
 -0.12012935172824894 -0.33379260881162093 -0.9304197237021925 0.76126071634835035 0.7582240036544291 0.26574056361780507 -0.82209481739001022 -0.38914531421187853 -1.2593840595066919 -0.65605269440731506 -0.33471033580206455 -0.060452599823153652 -0.56695850925723135 -0.23419616623372572 0.25148680374125726 0.51171609050574562 -0.60066447224658737 0.38208291377360054 0.30074108976237662 -0.1528700580221948 -0.63671886142497147 -0.36142819312786301 0.13724508269328112 0.42528470700357951 -0.30993554398541684 -0.8989261432298965 0.52012636886088892 0.84006732878678392 0.29699068242713239 0.47685516390367422 -0.017382985836385718 -0.49876189540039939 -0.049490912972681635 0.22738595689663527 -0.13875673081301521 -0.12860628859881659 -0.81363262772637246 -0.3854004257933723 -0.52754543505533391 0.43403564566386599 -0.54335033669093602 -0.50903599972370828 -0.6952268240489804 1.1031672943870177 0.24368006541841863 0.38582227139007835
