# Created by Octave 6.2.0, Mon Sep 12 02:33:32 2022 GMT <unknown@LAPTOP-P0PV0581>
# name: Theta2
# type: matrix
# rows: 10
# columns: 56
 0.07794762908232436 0.27306143438261415 1.1805865027269227 0.47811706327033382 -0.4305671579746293 0.8900581382531616 -0.13971869190825337 0.011612514774860871 -0.23013978878426691 -0.38458542965666292 0.46201459406978068 -0.29373653966657115 0.35075376985108114 -0.60094078796377615 -0.53351264170574142 -0.12210059617119647 0.23740881377205064 -0.57330221792798364 -0.69516761126451443 0.77382213565247049 -0.44867519009982043 0.30309249149240824 0.35119692517246442 1.2517987810646951 -1.0243863773662447 -1.1282538172340291 0.2513880363001042 0.14384859703783923 -0.50155887442119118 0.40010863329423418 -1.027402131682398 -0.047882959734155489 -0.23914977949544713 0.72049078543370948 0.40634836100790878 -0.79522550532937841 0.0033407632914104414 0.6253142135712686 0.81664757221859408 0.87821265709123786 1.1046036208606909 0.04076294595797933 -0.39854676572671299 0.12690778663256261 -0.61741855350786157 -0.64464224590129227 -0.71799617866542842 -0.84690312160989534 -0.058556154006473772 -0.10747615820063659 -0.4290019999805173 0.04032401097002699 0.53157185048512035 -0.52960808494197753 -0.77534099247092103 -0.60747059016851856
 0.2171991250753422 0.054277656681408777 -0.57626653937458405 1.0248420459011549 0.69015564215533109 -0.60779207960518189 0.21094405353032786 -0.13770234016348515 -0.47350640156456725 0.17764912933394272 -0.63716138223384311 -0.85392272857718243 0.29412542052923107 -0.13377314363055781 0.77616830458792718 0.25792200296577716 -0.22875881419727226 -0.20845385498674493 -0.062246951739376562 1.0182269949173854 -0.19073102408052603 0.78305265680026626 -0.073181968775359887 0.47535682821692082 0.5338287429534434 -0.65641356130074913 0.30976686648891283 1.0500850022991013 -0.19863360542094916 0.23638183212507421 -0.47877562279377622 0.31266442219728358 -0.16884989284443661 0.07713898549798523 -0.44018349742046459 0.18185835139448464 1.1199666247763946 -0.64204525138471769 -0.42475668890305734 0.37997742451959327 0.038951050610268656 -0.37152041421345944 0.18069028234334891 -0.51879546600893967 0.75930924932814869 0.13716987458423116 0.27465223330900623 -0.52056166241954027 -0.14417948281441553 -0.61924895162921867 1.071828409908584 -0.16305270769100325 -0.61074738209519575 0.89131528709153574 -0.37384935372817585 -0.4648525925891398
 -0.018579144370240448 0.17250270937257217 -0.37845009284227071 0.62284129089471996 1.2382090987467411 0.5783257167226814 0.23261134540524278 0.74158095082256303 -0.3324914982849615 -0.32814554509507626 -0.38077752296945266 0.6724739973348387 0.32618962789899958 -0.71391021375011954 0.79164277133293393 0.5836674045952378 -0.51921090141655524 -0.80315550246406942 -0.7060921464997939 0.72042977687297016 -0.030219931518490582 0.59388941297559217 -0.22003687536475333 -0.39180161965762078 0.52414122571507937 0.67064039866348557 0.068500426612962975 -0.074012431888422825 -0.16432103788052088 -0.47207608444653271 0.36182873309415597 -0.59326989647773998 -0.2253694208913381 -0.5230929261155729 0.37397504221297889 0.019616804554548204 -0.64550931001450107 -0.34163868542817749 0.088181962042055861 0.035096756882703979 -0.054387503528989807 -0.10111628262094967 0.16038760462105031 -0.17628125116473159 0.51461077557095913 0.37481275969069011 -0.74020102515103225 -0.84846366112326765 0.068650817068854078 0.66872979328897675 -0.69081601672552062 -0.21939217286964074 0.63162137743268176 -0.7228233227700912 -0.91586446849358016 -0.31654399061143024
 0.022099652943475972 -0.40026816377832924 -0.12439927662574844 -0.63645290573262547 -0.059519954078932166 0.18811505811111029 -0.043438305932201035 -0.61325312903769436 0.53741902606036107 1.3243088983421676 0.42380119204506284 0.073559835668936494 -0.41389382529695856 0.22771730928494102 0.2541692817074564 0.018269440501263366 0.028025939906255647 0.43866811884270585 -1.2846497643320953 -0.93582306893835732 0.19794194044505362 -1.0462759078024555 -0.033754638560396399 0.32135028457407772 0.31729424286489588 0.17317602245227418 0.68061798294562026 -1.2611002679436896 0.94501689128087929 0.11576091602383062 0.27242366434353482 0.13203491207036119 -0.70290711963678709 0.48716696699467393 0.065987149747420565 -0.62458388338014681 -0.45337851189434031 0.33204047131044467 -0.43131393153708797 -0.65946850308357885 -0.061933535247687035 0.43826817468020074 -0.51474058790706168 -0.067703140528856953 0.25467742102413787 -0.22060944613930616 0.39628314104871576 0.95994661120639235 0.3103355481120782 0.24932370756230002 0.29698941553276736 0.69791210243502888 -0.54559425067116596 0.48823526289067842 0.16962982605490737 0.20178971530217787
 -0.084927312697505197 0.073847453646850816 0.48994139751409677 -0.34308456236732127 -0.50630451703406509 0.24910088405065159 0.13798923084461029 1.1903194838525353 0.16946696518421667 0.6051734553068201 0.51955866704226961 0.51416927875958673 -0.13642701904419527 -0.8247646644292701 -0.1496551799410954 0.24790134331823055 0.52670853778095739 1.1197306370422115 -0.050754564789078957 -0.090354564045596386 -0.83725435746771248 0.22535882085863063 0.23680464526101874 0.17701411861546901 -0.016001369057409235 0.18526986292721431 -0.71395789404306875 0.32228512878192561 0.19515335271970108 -0.35294557032028262 0.050346196928473877 -0.24422857162019077 0.44238121876094844 0.044459483028830404 0.29797796032127905 0.50299442735658428 0.045065648708218248 0.097356213596363178 0.22489869107821278 -0.58107879699882647 -0.25335630117493302 -0.67622297700279288 0.014050126842411831 0.87770567497868457 -0.38110753652322471 0.84039241305914891 -0.75565695714384939 0.029969720380825633 0.2641948146398852 0.72663705197871586 -0.16308189221575206 0.41512028858406091 0.14118862568284732 -0.036219083354545115 0.88096885265400016 0.51541013712708106
 -0.0025932245331926128 -0.28458938452677168 -0.44131518215135945 -0.72741190272311285 -0.56674582410143881 -0.16141887171753344 0.2039726945490965 -0.43870444663800268 -0.082697774349987083 0.25646441085199889 -0.17342706234790381 -0.15587085074394519 -0.089844375596736178 1.222401109628118 -0.94517466404277928 0.44940227758924278 -0.56013232308824001 -0.064268911749698926 0.96360834872055712 -0.59480457521654939 0.72358963541706856 1.2592690967954927 -0.12683571119758175 -0.20341064270255757 0.19862468265151736 0.027321072825302016 -0.0089179104607933248 0.42706326406103512 0.61576615581151151 0.072563161865073486 -1.3103247252522849 0.5231756734240518 -0.098661668502815075 0.17924671600142986 0.14221988574085281 -0.39721892710737627 -0.45867648330723892 0.21307010134784107 0.35460962654767003 -0.4387291265160338 -0.58983775185577458 0.1265064484767281 0.10228346942349655 0.30476901232040521 -0.15158538276664568 -0.34824539081356232 0.24462206830832758 -0.58761255455850769 0.80454986716344956 -0.018754136760579528 0.52988525514343821 -0.13413274325198662 -1.0890466282543734 1.2037949759977318 0.90238354138842924 -1.048835444721316
