# Created by Octave 6.2.0, Mon Sep 12 01:19:14 2022 GMT <unknown@LAPTOP-P0PV0581>
# name: Theta2
# type: matrix
# rows: 10
# columns: 56
 -0.14829419979724395 -0.8815537417765209 -0.66078250593899301 0.078468036340517036 -0.1868169575530147 0.86112299177290785 0.35499504448071767 -0.33633765809408367 -0.45632788505948685 0.50272573405375098 -0.89102934631447117 0.57116006288329146 -0.85724375737230918 -0.68260955160332426 -0.12993329125052822 -0.23819451217813004 -0.24435141771937668 0.35986043186071204 1.2272091344343621 -0.71424275201395759 -0.51511483092100085 0.69752297233125982 0.5611087534756537 0.59147387319497347 0.94870199658705479 -0.029772636116867049 -0.90701378843779579 0.13028830388808632 0.26459816091807031 0.21871930392501265 0.21863739628272663 -0.63306287591271648 -0.020040996511424131 1.3404659725082348 -0.22240344440672474 0.51552657984703931 -0.074513454376260835 -0.46008330650371121 -0.018988103553185958 -0.00761257118057694 0.40607718091354611 0.47467299667821677 0.071688067811219933 0.056684721213752204 -0.29884579047594739 -0.40401832579358476 -0.074009905871076725 -0.19159660466706874 0.098179171509092084 -0.11880401705066632 0.60717699216978926 0.38381886444918173 -0.61526244527804208 0.62850150258319015 -0.53196308576710105 -0.86950837568043904
 -0.092024782960383689 0.70450925906999551 -0.019823333138451402 0.6111718977313777 -0.057363492151159698 0.48350559684826405 -0.2933507996154387 0.93440090195713532 0.40279077552605164 -0.62102509499774805 -1.0441596800671409 -0.23924487201267772 0.41822368301505108 -0.15970826847912356 0.04582115578033203 -0.16388206582445036 -0.67389194275757613 1.4344463980733262 0.062849344504675608 0.18706086222044396 0.63658079112454136 0.026957656007099717 0.21825298913734345 -0.66116616023489938 -0.029706441387600282 0.19136108197269464 -0.32167696017587949 0.77033709028358388 -0.30051739115630988 0.12213505782424677 0.43413867177957688 0.015316944867196357 -0.18638324307000542 -0.10063402363936119 -0.28722191347511011 -0.45777504544050335 0.94095555820790755 -0.58641514496350644 0.018107268244290198 0.50123483264554547 0.28663919982262692 0.44890967875260196 -0.69118938807416541 0.38319064780360734 -0.1514501358460387 -0.00024374403299617464 0.14668719283711845 -0.37420575331540717 0.15284002057607429 -0.3843747864666936 0.47402996713207157 -0.46809298157706242 0.66989974519903561 0.36835467700001157 0.40454740870209155 0.57644544748447368
 0.064001578284316796 0.55759710338160551 -0.15357568940819058 0.52719545241877497 0.21585492108082927 0.66015107305263565 -0.25915583862174046 0.83715189703293547 -0.26833803456296212 -0.30565793053350904 -0.9763636963207678 -0.33069746557154062 -0.13814547651594197 0.41813491403548991 -0.05232473949220965 -0.27443648437507528 0.45486172814068015 0.13327253890087692 -0.24760843985328387 0.30643623278147158 -0.35601925878755314 -0.32151364656582371 0.096865270501557077 0.64182668919989105 0.67717692430632404 0.20319802058945802 0.13081176715313772 -0.65589382438233124 0.53421297352624186 -0.48580320476760203 -0.28840810304033437 -0.017890314780908086 -0.49780536817410975 -0.44210290519974538 0.087632997192196305 -0.05336849633006073 -0.29663854754724756 -0.52615404727108939 1.0885897898416208 -0.10004965104829538 -0.37658907412637432 -0.19849467198545201 0.18378071415778571 -0.94234628789534569 0.35709885690493148 0.2664192137834786 0.026719095499199663 0.68560400422683232 0.37181660939201294 0.91874291628661475 0.8469440262163862 -0.61059914235546286 -0.62661615779034785 -0.46627388140678144 -0.36583067063001046 -0.14389984068761982
 -0.0050590277189177611 -0.2756386755172654 0.059642708435651545 -0.86892602452712531 -0.013151539473045983 -0.73228977273896356 -0.047310725173647615 -0.45251043414903414 0.13627051361309611 0.012513560575843305 0.19155292266324372 -0.71322532672705607 0.35018974429336014 0.25092229434578672 0.01531456408421247 0.29992340871592132 -0.66371402067685115 -0.27850962769378279 0.037383473915301162 0.8011424693189807 0.31927002605028831 0.80223909696040563 -0.41321644299929294 0.30484193416545929 -0.51944877251218891 -0.59812042562941437 0.71805949532044988 -0.39784139918219202 0.66833669564366138 0.14300736386599716 0.34967777740202011 0.43557132050924963 0.40950565173623565 0.22074264570865901 0.34711411120633423 -0.69422181972711694 -0.33438988076000775 -0.18558465012096198 0.13836537460405721 0.48533813141943083 -0.66992756294378075 -0.75490097966035696 -0.20312029461102102 0.47927862390166648 -0.837334476621164 -0.40040194489619929 -1.0169572628423691 0.29695459055985279 0.31381486870833136 -0.77472781162573157 -0.7731265555889405 0.38066060518590622 0.50510738047240644 -0.37225669725781019 0.59561116354480759 -0.39704664686737723
 0.43224469425991807 0.17418759085982635 -0.27347547477070422 0.62714590008389481 -0.12747931537540488 -0.16274075525784515 0.59651483160466645 0.44439356429954413 -0.1296027605779041 -0.2476429528151573 0.53263883394384326 0.58290685977250156 0.092250451517420465 0.36775353525922411 0.32650490599702742 0.70249231896635933 0.39267777491053024 0.13477259961235899 -0.42280891776880253 -0.15564935829045284 -0.4138029571753985 -0.24389074390782603 -1.0452685962746695 0.19688792913184955 0.70659120294591593 0.58908392161820622 0.58639707189730439 -0.83406828594787696 -0.19385471291281411 0.62835368036564421 -0.40854441074455766 -0.46757773084000809 -0.35630578623695702 0.57723350370033433 0.37531836656344331 1.0286554246118815 -0.015888766054980422 0.5860155068972851 0.94510981303451735 0.22387729954779687 0.40840685559016116 -0.12672482907189112 0.29226483938734882 -0.20893767185092402 0.21000799935973624 -0.15413361348614715 -0.38848306025405654 -0.61589153893722315 -0.61455336780549341 0.37182378727382392 -0.23306832654450554 -0.40867127322376484 -0.25632815914916052 -0.1597603942689074 -0.45148886181090808 -0.25336668239603616
 -0.21173517532349348 -0.50129804922043364 0.015711013685292891 0.45131957142350715 0.42367849688136688 0.92149423355764526 0.13006243560046829 -1.0343443716760852 -0.6131920657509895 -0.96952570568357921 0.68846678763404845 0.82481287557559158 -0.27524423221028482 -0.56853815589434131 -0.17601222234306851 0.027822184920125743 -0.85660938837448231 -0.61696968358808013 -0.18407857583278459 0.45928623628444726 0.54692091312176794 -0.075292603260684807 0.4591478805586286 -0.90387103151822967 -0.73950499244937329 0.73683536554486362 -0.74198529854081219 -0.20469624485750254 -0.14050504029135347 0.59809508555144908 0.013632447640580036 0.17893937254711453 -0.39700944284456618 -0.18705714848038446 0.16568406667020477 0.26425136653213588 0.99591103406164028 -0.058309641313033206 -0.38799751985452852 -0.26077487186440934 -0.56834192328889621 0.16118451622584296 0.11703809464481081 0.080369743055799012 0.08493614035528961 0.098477485978142876 -1.3141542457521809 0.063432659827521304 0.26216556868853408 -0.7558085833726923 -0.39805969972360461 0.51293972895227735 0.44104581076884308 0.63020516567032536 0.53849436358361147 -0.37228034356292111
