# Created by Octave 6.2.0, Mon Sep 12 01:50:00 2022 GMT <unknown@LAPTOP-P0PV0581>
# name: Theta2
# type: matrix
# rows: 10
# columns: 56
 -0.10126428252843306 -0.21889175021842966 -0.18395442873660009 -0.4419477356341498 0.48162506314808329 -0.71420374005207854 0.2936967083967576 0.84714242917252058 -0.65202926124109939 -0.45034263390238055 1.1535715194290839 -0.36803715399177866 -0.75775607639066433 0.18494481720219605 -0.2580289240679301 0.38265190916088987 0.15774401423861625 -0.095110700846409615 -0.92219782225453983 0.75424702717120951 0.64671977735193875 -0.078835793033861498 0.50922354855244434 -1.0437953533919744 -0.1642690809055122 -0.83475435564420819 -0.5218675165558716 0.6370110798042764 0.55229205164882056 0.40046882034391723 -0.25115169473188292 0.25908814623547033 -0.1607610254358591 0.47516729606839059 -0.64930090303517474 0.75150655071836625 0.5588856801734764 0.55592028604945909 0.63126888872283038 -0.58646496188164721 0.50854077705153333 -0.18684117067864534 0.20175553590962647 -0.30144756945849593 -0.38489439831263672 0.31429421831603227 0.23394487454375681 -0.74937871531413769 -1.490771057171367 0.50362295514167454 -0.39290595280954899 0.40980733455190604 0.54599914615204781 0.87208848825171192 0.31242706415351945 0.31579753158213114
 0.19969212697703445 -0.64076434255879589 -0.45234334713798352 -0.06941725400640128 -0.7171586751333664 -0.91944370534005526 0.26720478604958392 -0.25423084034890836 0.02181471109584884 0.50757908237238691 -0.62280413286629632 0.35148045522318211 -0.36502364213784394 0.39381631248198223 -0.11197108644225875 0.37815226452088474 -0.04684347695242181 0.39957001129600173 -0.10604799095742434 -0.31109357244959784 -0.36339257350360338 0.13178461287345683 -0.54771199433545437 -0.28005136265431191 -0.13505123044097206 -0.27483339245691557 0.40012254958930366 0.39540546854377373 0.47524100551876369 -0.045367817211877742 0.097615478609858891 -0.42306367968958974 0.072448930400657224 0.72656307884818649 -1.0119400820538842 0.060303039296333252 -0.14173927272381714 0.87135989009785542 1.4758006298533226 -0.73946175407874337 0.78373518998443847 0.47369011774534964 0.5294572123422685 0.15591803519750813 -0.083508163806689184 0.45155206300635448 -0.92995462545220564 0.58662414925716866 0.84231577132366653 -0.31647594293476794 0.5513318332403716 -0.30748858769938592 -0.86027228515709941 -0.68558442244804263 0.27107829474635892 0.87864376450649395
 0.14340802305658248 -0.26408799031635005 -0.46650971285217158 0.25559938405504523 -0.43280446409704798 -0.61460962211572268 -0.15957521608553274 -0.20804197536986119 0.320255780395509 0.14333452808728894 -0.22414116693126979 0.25744423438748854 -0.85161786175255638 0.32940039831684548 1.2558457939949017 0.65278015358058983 -0.63105910252340758 -0.17887764874067807 0.060519405651415843 -0.77023047513867227 0.067954954107858456 -0.18206028162487714 0.019848908076454452 0.060397606233347494 0.1831968661528004 -0.74906781423058666 -0.41302847633267675 0.15550051875972515 -0.31784231777451244 -0.39671507595413141 0.615571609235116 -0.78898887980301513 -0.047465775276180365 0.16313125613120313 0.24549008516790616 0.16302167840915757 0.6864514390580666 -0.38982582803481802 -0.05011454630807087 -0.35292119710438602 -0.38660386854481638 -0.79166095631615618 -1.0809325462958157 0.56073345571715705 -0.61542841456277897 0.33442027143571174 0.54280718080951385 0.54737492231280993 0.44752825688584019 -0.015048675019636731 -0.28584487145437509 0.41173198148856754 0.78324768846016368 1.119016790208466 0.4535954677931382 -0.60154307966265408
 -0.04355814402682387 -0.00084580792313881763 0.55920076321538903 -0.70262302869053106 0.68104758403447907 0.23625563163189983 -0.53973994840856532 0.33686695317500565 0.68028962139986482 0.49560197245612114 -0.12908118760023854 0.24557607448733548 0.31263633411712177 -0.79405905737549864 -0.34998123221205413 -0.73988230193864479 -0.10895597498531909 1.0772000051433381 0.59758503167074783 0.33004160267601967 0.53608375347411774 0.083001040474843649 -0.098957709669116253 -0.3384996845273634 -0.24511010522170765 0.54844709481285903 0.49390640055112478 -0.69245693409628639 0.3374149908119275 0.1972436903805633 0.25951380285404274 0.25669392278403619 0.021612768216903999 0.4042424082720163 0.43968422760673848 -0.48412956682866443 0.34103264250074339 -0.46455761769633891 -0.78704157771797489 0.42166426289586345 -0.13727424929923965 -0.15485857773588402 0.82591864044773067 0.33278591856361983 0.43958584004649315 -0.60439928662600728 0.17894606001055771 -0.3676449916850818 -0.07450201940944047 -0.11045430571806891 0.068859948391414266 0.019910135037923098 -1.0783358255962685 -0.29658619925718027 -0.77119332688221565 -1.235802488774586
 0.053616549130252614 1.394398851339147 0.31125584099625764 0.52099277447396963 -0.20707731100909102 0.21089345376816721 0.087117164253826609 -0.20332549794748234 -0.090200500767612074 -0.63429363811666539 0.29265485011368825 -0.45786334409017837 0.12926828178180644 0.42824939822127056 0.019943214981079951 0.58704225291971923 1.0462570819779333 0.39755982269560031 -0.085930070582710905 0.18171574488830469 -0.5551792541417202 -0.054057246192489992 -0.39563274749412719 0.24637546473613786 0.71460971338546575 0.2504446061144624 -0.19038776800976986 0.51000756842235606 0.074041883327773825 0.50323214778010406 0.6054145356235423 0.31561392516215347 0.045304678109783822 0.53773119192970054 0.77403448806344366 -0.11502206023923857 -1.1671323815562011 0.19737945035991455 0.055930499179788082 0.47307523174315541 -0.41127205119649923 0.079132764049871698 -0.53541279531572006 0.19216434356781234 0.58088196008259296 -0.57336732287550785 0.72500946852006909 0.32695563488290447 -0.91839866396107006 -0.022756762047925372 -0.18926941085547394 -0.13824983647177361 0.28151870004199608 0.39193373208230325 0.24875032999261806 -0.92535999662610469
 0.10379013963196071 0.22271835667278458 -0.5466508084221664 -0.29730403405958888 -0.83199493820739867 0.78118780959540157 -1.1933040979992495 -0.20035630442229346 -0.78109212608425227 0.39266553606118731 -0.023487070756187556 -0.34526599119312434 0.72301165374716125 0.38111077255811521 -0.72773410604299338 -0.80473737793566857 0.019523915343432424 -0.35000769922423397 -0.22182887196332202 -0.0034535915152132334 -0.13983091461855326 0.19279196627987155 0.33460966310050827 -1.1370701852659391 -0.14608457566897526 0.24141698942049555 0.37724534103542723 0.39165413989370673 0.95157460286594653 -0.4004103202555625 -0.7692256423983691 -0.55249341608978109 -0.04776382845702503 -0.18285353759827508 0.30962169609886386 -0.76503414349255083 -0.39089459615660416 1.0519834969258544 -0.65051826885027009 0.52806952058767609 0.73860079319929517 0.56375247947645257 0.53315780839732008 -0.39949490269639493 -0.55603245276149227 -0.73112921379547868 0.44199708416543571 0.10797158585051041 0.23112935217222538 -0.075727594455482952 0.80698777942851529 -0.85292007426009508 -0.37792572328088314 -0.10018621721933045 0.86828160059055004 0.38835536349124028
