# Created by Octave 6.2.0, Mon Sep 12 02:03:25 2022 GMT <unknown@LAPTOP-P0PV0581>
# name: Theta2
# type: matrix
# rows: 10
# columns: 16
 -0.2781269492521336 -0.88250597258995334 -2.093078185483384 -1.9899184773335357 0.052439596577790556 1.7904709745614296 0.95978575958019297 0.22151611215905267 0.62780547494954775 1.1252060943844235 -1.1049730284934076 -1.0925320792633366 -1.4743633365911806 3.140826127849917 1.4344366179543269 -2.1985773337315009
 -0.087988193470772372 1.4485983470342609 0.43056556668219736 0.88192560710909651 -0.38547940098503813 0.79071007909635693 1.3424202370641616 -1.3968571876317897 -0.88322778093632348 1.4208128362957073 0.51927376307344064 -0.46187383331775755 -1.1282288506019928 -0.061256398471888601 1.3024513536914732 -1.3336627518029172
 0.18817591636741143 -0.75837052198750066 -1.4114155878624279 2.36110539507203 -0.47018762248881013 -0.68159325199370302 1.6859307866271755 -0.49679376161131755 1.162137609421293 -0.94604532165978394 -1.3945446054866293 0.21947758953496099 1.0568374681508816 -0.37867222980422655 0.89196203169299049 -1.2236589931317665
 0.42657038824002935 -0.3244141931270132 0.4314978926547598 -0.91723398165521186 -0.29053438357525851 -2.1717529589481464 -1.8492898159181916 1.2368653769903257 -1.5397900147200518 -0.71055362296793223 2.8113265476214129 0.56554292843493925 -0.86526837043638549 -0.40608191302451874 0.30502494846151401 1.2365736566550791
 -0.22586154974172917 -1.218033425601162 1.1835825316814967 1.5317526353525288 1.2022659393814452 -0.18202124689666527 -0.0011277771422114036 1.2798943453832567 -0.2151075876598699 -0.58948239159740679 -0.8629756347972255 -0.16068237482692452 1.1248200595972466 -0.36189347140173644 -1.0465641378286119 0.63187945830102477
 -0.39850986399320881 1.3433917610863082 -0.20315746466234533 0.84926606723033582 0.85630320766082257 0.95067554569030499 -0.69213879040436876 1.6154382786562085 -2.5968717611524252 0.036782176622041744 1.8908278781246437 -0.17736068135603539 -1.3712763410897841 -0.43965879810399816 -1.6368908726376259 -0.62154248249223232
 0.70099212525533094 0.33185403994140367 -1.4665665127894927 -1.7658332881299288 -0.43080379219540405 0.45288200507685883 -1.0201652515875919 -1.8579548719890357 1.1940339283382302 -0.54015530870624573 -0.93204330397698776 0.72159109739479266 1.6521684759277144 0.015279441383719316 0.31351784159687973 1.2810947234185714
 0.22200053084679527 -0.87158141296275826 1.5675701969023348 -0.9179598599501696 1.1850544508196079 0.22682902995299867 -0.44408281322061222 0.047491463540685723 1.1526155849676518 0.068465731838901853 -1.6748998916736217 0.44352913778793457 -0.62236476931193074 -0.57582130300461831 0.51836723106197324 -1.1269103155560898
 0.37309776982800891 -0.1661621109163782 0.25164668427318476 -0.96473989411388605 0.38414256383313883 -1.5803454636814405 -1.6292858350479866 -1.6772661490615177 1.6071839380351589 -0.18471899695565291 2.1008464864540528 0.50506545611080822 0.30684982564968877 0.02881090545654337 -0.073043712447781628 1.3573964958137832
 -0.98248569490830429 0.8617831704510015 1.3371462419809959 0.48553051777702266 -2.0328201744914494 0.37759685383968938 1.7774085256332899 1.1591286242776238 -0.32649484395285455 0.63691170532162122 -1.6945820678158392 -0.73640035786851576 1.1343902418241447 -1.0979214269079092 -2.0445610641118832 1.8175923062530257


