# Created by Octave 6.2.0, Mon Sep 12 01:42:56 2022 GMT <unknown@LAPTOP-P0PV0581>
# name: Theta2
# type: matrix
# rows: 10
# columns: 46
 -0.034447609897724919 0.48052076885171274 0.21054335532747889 -0.28356032580547585 -0.84514102922328038 -0.44112453208111624 -0.81459540734639446 0.20235566177271186 -0.49239451798099293 -1.1399048365737441 0.014107727662592337 0.52371102479750797 0.21031460737145069 -0.75769151648245892 -0.1878335122909405 -0.031722727900177043 -0.78776640605535164 0.4151481529400185 -0.16783887488727225 0.46964682610518105 0.15995567340878025 -0.39004485571212194 -0.23416711884592289 -0.40894961350145759 0.688391279586136 0.096651451065423957 -0.59534003559270343 -1.2483623144326566 -1.9554543509418874 0.40313973420902788 1.3587940162987935 0.22078500161463074 0.70687588443014371 -0.010338441831081001 -0.64156809038404594 -1.0141978668419804 0.12124102700025133 1.2660175984358795 -0.33005523965883915 0.74391750212891206 1.1124707588328784 -0.05493388970316234 0.26937851757414771 0.94742620647991516 -0.10003362470741545 0.76474377030950158
 -0.18444849356053325 0.13547260462202057 -1.1354899497366571 -0.50925166426065049 0.88098511933178703 0.65823546454634374 -0.35738045223795128 0.76075828699911707 0.5838951863037769 -0.0046884229883738951 0.044606565517844463 0.36340538552445911 0.50806442002398289 0.093579945899201378 0.49089352268800912 0.38354777378109245 0.12348873464980613 0.23851423416700906 -0.22095604570115043 0.88038648058829816 0.078698428843949078 -0.77737761893753199 -0.82707513516064035 -0.10907116739435804 -0.61292130593122796 0.066054971833200318 0.86895735001487662 0.23762473969519915 -0.15656015964676526 -0.90693417484653593 -0.64069834691823857 -0.029491392399784086 0.79391599182921435 0.013122184867186418 0.39685754733404993 -0.85831299581728659 -0.075183052453548685 0.68559950149360038 0.13195289010134931 -0.16048163971928564 0.54911880895106813 -0.07120457878798496 -0.58108644105646534 1.0612754406593892 -0.10942551992390874 -0.10265841224385455
 -0.16639916902217394 -0.41587798909582208 0.25016194353367383 0.52272048110962199 -0.66183853090366307 0.93143439530188232 0.4239847081255973 0.61003784560264562 -0.76382220974659942 0.24719090040629976 -0.23464094132414812 -0.14865102823072845 0.71314427016139204 0.068413191561693884 0.56484418771879896 0.24001137780977841 0.68136067121795829 0.4079865327156495 -0.20816228605387868 -0.029680866933284721 0.097970599361588098 0.41887381532311618 -0.24151988112737582 0.33031124084320723 -0.084135743292402615 -0.63815452104833592 -0.13076290192073312 0.37988869745175652 0.46131540302767832 0.52654331210992755 0.61077418854294285 -0.8115905351098045 -0.83535524095456715 -0.16669915893729556 -0.58569006563364201 -1.5095948403909836 0.15033362245784354 1.0581201199157346 -0.55019799135084557 0.98681337015219661 0.23576553797468056 -0.2974128533699516 0.095392218175267759 -0.66606075138647103 -0.075392404904147683 -0.64309023080772232
 -0.010335539100027108 0.10264547002006651 0.29214372048591636 -0.035006526916540458 0.69836348096453071 -0.36031314410349735 0.35587160314233052 -1.1870580793254337 0.45639979303554351 -0.24633998146918906 -0.038962408919051957 0.48018254542753647 -1.0709969574629661 0.61248672715504904 1.0880599104376525 -0.18641661669080251 0.0042535752275566288 -0.76889339803254009 -0.08587141105899998 -0.12116935200297725 0.6158142460788808 -1.241018609663693 0.66609859553971262 1.2642304333190355 0.53963093733267697 0.02678517615631781 -0.13131925865604752 -0.89487585001692804 0.35130048742701536 -0.13602081755707029 0.024119296139893394 0.54240837685089616 0.016735624464869297 -0.17000653915067362 -0.22859746641977041 0.67262932919445151 0.45767200537547315 -1.3307876493295929 0.35924863958091263 -0.53161205292710445 -0.49412468551138711 -0.06087903690296767 0.0017721226818521714 -0.79630281267427561 0.088480264683411039 -0.040428659815546407
 0.19717980032253549 -0.088064156822413767 -0.26247945556756136 0.81212418174241863 -0.32278796390108488 -0.2027203078915803 0.036091807191537081 0.078175382144725372 0.075996960873881955 0.34552856007310034 0.18750224680261493 -1.4583535028556103 0.81250521851494095 -0.14844457096379504 -0.0046097576618613165 -0.17910724240408846 0.41247341079708938 -0.7864511881798979 -0.15061414080907903 0.22191844144733566 -0.63237706138697514 1.6657669683808844 0.05873336583008127 0.39923203909733562 0.011478939643636306 0.88960633269767564 -0.7144163584769192 0.38930553735939888 -0.43257842584978995 0.19317935815279511 0.30457281640998035 -0.52474965531058293 -0.37030187004045662 0.18047802005149866 0.62175936452577918 0.55840838655383895 -0.060188996806500583 -0.3401472156811392 -0.27757847349990977 0.20648423552962458 -0.1409420764513844 0.14667475735856059 0.90694456510559862 -0.38064982630662514 -0.063884840035529522 -0.23149459177146106
 -0.1411835051695601 -0.22239184533215431 -0.92712354800289254 -0.65838200250924783 0.30829369911524557 -0.27017675025323201 -1.0466844035828968 -0.42132743298743397 1.0686445171755801 -1.2388022953622029 -0.10156713242839523 -0.40249039126993225 -0.75128940167817104 0.70779669495707709 -0.76409844689993389 -0.20981828826101659 -0.35592692041208795 0.39973732883456364 -0.25458933760452807 -0.51327734008097692 0.18606252386226788 0.9874244390412481 -0.46680372258424041 1.1029388346141287 -1.0175807205827831 0.2658396317205638 0.68710261194038014 -0.99774992098391024 0.58686059532970092 -0.18768245965757879 -0.29996131923606678 0.9050322148908978 0.93531958432658746 -0.15077489237580427 0.47992503489377186 0.15605969081488649 0.27305161376615561 1.2848429357607916 0.90722338686517068 -0.21503940653200029 0.082753305486617718 -0.10034148793173121 0.38696373027044356 0.12038667780478636 -0.099876852367143804 -0.26771863975727844
 0.17955360529851375 0.42897679936447536 0.13952749908698595 0.61780022514370836 -0.51422213238674397 -0.091400325667339938 0.86557813664625249 -0.43416900295279254 -0.75796669597064581 0.43300730024108774 0.11060473138906303 0.26275468758626902 -0.61284819557597059 -0.35310112914782971 -0.42693137636110451 0.49027389128178916 0.048593481125721406 -0.67004952967670905 2.0656036864014813 0.68437890794776701 0.99289008662465483 -0.7058878683647265 0.59861968437460111 -0.36406029922420247 0.79740004060404179 -0.34797277132819138 0.90062928464228931 0.55515842514325997 -0.054585464770075968 0.13487158040622807 -0.87996600651521539 -0.14678228683776812 -0.64657548474712301 0.12282617219955884 -0.2827663606373334 -0.052796446834525314 -1.6062823722664996 -0.56251882229584493 0.45193811023041941 0.54670868832453134 -0.30292968543107179 0.079973610256785857 0.11025262753426954 -0.70146721149669378 0.048700459394519287 1.0317734303267467
 -0.053852192340804302 -0.38864519479054455 0.27629324342269085 0.038061919729124587 0.48613768073323577 -0.60708668573491587 0.099758682718595421 0.46272257666052885 -0.82730207615144868 0.30805583413188442 -0.037017073257620388 0.7089035347955327 0.087426605719610986 -0.081383384742358608 0.77747217030745741 -0.22121051889530374 0.43650769903001257 0.76563712411532792 -0.46464382757823364 -1.0213633479242314 -1.4221358951041208 -0.19973505633763816 0.064932571491835192 -0.81163865716149786 -0.44172881792623442 0.35061210085613587 -0.78816156527141712 0.794554589811028 -0.043309939676139768 -0.15575922454730712 -0.3992629142796249 -0.53828648867456785 1.2117829365324111 -0.14839865361078222 -0.13829800630736339 0.85529636027100409 0.14411562775086526 -0.29591054867982181 -0.58164814938353882 0.24959019266499066 0.30511082789253491 -0.091152552820522412 0.64921239677242826 0.1368225974799516 -0.11457764570115209 0.038217604653556114
