# Created by Octave 6.2.0, Mon Sep 12 01:22:57 2022 GMT <unknown@LAPTOP-P0PV0581>
# name: Theta2
# type: matrix
# rows: 10
# columns: 26
 -0.61899859132149693 -2.1845150707271466 1.9477973867655791 -0.0220541545339537 2.3324559073254165 -1.3273257587512273 1.5982217902367151 0.7965582490786367 0.68307974001318206 1.1269899336196758 1.2079532287747163 -2.0129817057676007 -0.57931045866415298 -2.7045802494587687 1.6243078486031648 0.28802695326206523 -1.4117086715134506 0.83437465516237352 0.0462535253063351 -4.345617790480218 0.24518621320907838 2.9182568998368912 -1.2434531940452904 -0.48476582752097441 -0.75036114145205379 -1.6325189771942836
 -0.017547685833847634 0.37334121602794251 1.5215283119859317 -0.64850323311392444 0.40873192226265193 -1.1840296703277502 -0.32204323997855266 0.60270666299697906 0.87565541286547377 1.8876815831819382 -2.7595922828255786 -0.85606004542548464 1.1608351081532782 -0.93911516387361094 -0.017026247337488289 0.6452820594742722 1.5077947024264517 -0.12136032237105668 0.15959582590363611 -0.075631465617718302 1.0883262268860683 -1.2033262537727947 2.1421207207471453 0.055436049137509345 -1.3200313743775172 0.35783471435209124
 -0.11230806997543642 0.23258855721767585 -0.3786076527611707 -1.2659788903841356 -1.339525238541772 -1.1011715155649719 2.0649549401084752 0.65092126165801323 -0.60127425916799759 0.55813237910177327 -2.2814959545651634 0.51068496113330786 0.2630394194416138 0.46453149560339119 -0.14818407398051014 0.71496687127788894 -1.4242211060095495 1.0178842515427047 -0.63937116444837727 0.79637959292877103 1.5388900390980846 1.075258420568477 -1.2307929238739062 1.3846274507741789 -0.40543495429642068 0.01637471217601174
 0.364051729488577 0.84616633963323662 -1.4005133599430026 2.4635672674345033 1.086933437865911 0.1601360510024267 -0.57113816276075335 -0.21538440598015038 -0.6889519164395943 -3.3211415371731428 0.66471000225500199 0.33498617391258079 -0.18243181552885956 0.59775328883937662 -1.6446221377622516 -1.9995407898200628 1.622687548255513 -1.7739548637531226 0.36325276248398286 -0.062192361650854448 -0.31542519019713156 -0.18709403564436308 0.30335801238202947 -0.60780430720183964 -0.11259826328043621 2.0068952202166299
 0.39178298692807961 0.50427546583482497 0.72502459504875583 -0.43454839477769769 -1.4023937176478378 -0.051483064283414738 0.62134725898283238 0.73049822444778589 0.87518076820306889 1.1138001316142003 0.90831135361744131 0.19514836666654936 0.22859638409742258 1.2280564875023989 -0.15904263526700288 -1.3632620306972942 -2.016351359500502 -0.39687665158963437 0.53352618954606201 1.0376877761845213 -0.28941400566629405 0.35656222911747143 -1.2616605980020161 1.6345078639965274 0.94023988382211043 -1.2342990260231477
 -0.29664109389065607 1.239654990798523 1.5096996011441881 -1.7663990918947063 2.1953077361972744 0.25082809829410385 -2.8197929563642958 0.29270831024787142 1.7099384499539279 1.7453869292991715 2.5442824822318744 -0.12014479869451949 0.023139317881572089 -0.2346986415089817 -1.1591088117690274 -0.56483515662611339 1.7401936910592692 -0.47882579600937009 -2.7723369360490864 0.1537491879751588 -2.5212303669811904 -1.0851710031914963 1.1049033688562864 -0.20396314654079969 -1.381034226604918 -1.2128063924205525
 0.17263506084903513 0.25561808309530865 -1.4903474310707623 1.7910571208460693 0.89806915453981506 -0.003237143937756203 1.1659808853492111 -4.0297039958996876 -0.77536211664118537 -2.9009006928768075 -1.748088551737679 -0.40737686030496278 -0.071511911454841412 0.62617899196430804 3.2784126892177921 -0.10238758099011183 2.1234083054841415 0.80331154357457635 0.57264859063151696 0.79242004515882247 -0.029850085688062657 -0.33631069035120187 -1.2841213857764391 -0.78784512679910379 3.0854803381864091 1.5733662640015351
 -0.063871414523890585 -0.84249298379384541 -1.1558946365312224 -0.62220734629291041 -1.7541895397056755 -0.69512731782986215 0.35615177424179822 0.61262289346904386 1.5040034602878456 0.40246228638354381 1.3740299381175065 0.54204888677472662 -0.45196389639376094 -0.36319640366586387 -1.1957793387706859 0.60131079434821977 -1.434988550714563 -0.65282446063749089 0.67642854417451648 0.57365061477617585 1.3010114257982073 0.99445592853025355 1.8727738903286497 0.11557479888493771 -0.91454676991679551 0.51081735845203935
 0.1667530714596126 -0.26158511037992638 -1.7033622935688109 2.2004256820918684 -0.29437412182023803 -0.22619838407552151 -0.63799188769618576 -0.21663267252561752 -1.7122851866732172 -3.1023263716516034 0.74347526496204563 0.59295874892915712 -1.2550455455565011 0.11483898598358104 -0.048107521690866836 1.5710503374634355 1.2089822678418796 0.25479349128544138 1.1634616906607365 1.0432259445863992 0.38625473610449379 -0.38710549649460313 -1.1628394148970458 -0.32194456232780749 0.72536510711290536 1.4632807163663466
 -0.00088600715886335223 0.060957378688840179 0.7649856020956024 -1.6516408104392593 -2.1537561884808762 3.8984611708566015 -1.3451812147886106 0.80256878329402237 -1.6987216789584549 2.1844209922207982 -0.71905726741844322 0.96982477707647963 0.78403068331436665 1.3568258976068721 -0.30794684000393308 0.38158621884723476 -1.6150963890457901 0.59244318519439021 0.26936958693978869 0.098724863975871921 -1.7968198425506849 -2.0073576669614872 0.77688426696805846 -0.69078692992725432 -0.22139082343403713 -2.5854905860137221


