# Created by Octave 6.2.0, Sun Sep 11 16:50:05 2022 GMT <unknown@LAPTOP-P0PV0581>
# name: Theta5
# type: matrix
# rows: 10
# columns: 36
 0.04499654886229873 0.32076303985723509 -0.10797481824390739 -0.14689370862991624 -0.084329022566042938 -0.0096540137517329115 0.046819662377138652 0.0079367476248991993 -0.046427638226074153 0.087918639378612343 -0.097200969397281053 -0.034824563650217751 0.026123082749532588 -0.10630763956662456 -0.037394654524989669 -0.055722182272178483 0.080648017135623459 -0.14197107502946052 -0.047951128944597424 0.10921460154437752 0.083243501816857482 0.18789752535356483 -0.12755523839492056 0.094544577692390872 -0.13419567194880963 -0.15520072615693073 0.019221541377534165 -0.09235413367322097 -0.021214196845614292 0.031431731656165314 0.071033351235769177 -0.045170090141739269 0.091379623241663613 -0.13349478203602502 0.20551955784201742 -0.13586933455400815
 -0.062544902778541522 -0.1841377218384245 0.043334759661540788 -0.11081740506677298 0.070654389189197989 0.029316913380686722 0.076443649652084819 0.011252122500011163 -0.021093826017863228 -0.089087439167811533 -0.014075549603198761 -0.023791651518722499 0.04061748702952319 0.032142627359648554 0.054713028193907894 -0.0096512329642216375 0.091117216612300433 0.18196516127954812 0.18129386467817002 0.14605746489871413 0.1632267865363578 0.055464515659530804 -0.087913014161151506 0.14274354441450982 -0.19054768708925596 0.063541725617253089 0.13500058135275833 0.037492436207687552 0.081498577158344729 0.13020462951510772 -0.023604741241343766 -0.12551152917529651 0.015961130312903155 0.0060319530876863864 0.059284696046478708 -0.035101600306624604
 0.032927933623453094 -0.032512800471451053 0.030851842475756407 -0.0066740649592645666 -0.063799314077476688 0.065070242569061132 0.091117414326811461 0.0075162437864397759 0.10588542595690353 -0.051680026519564465 0.078156687470271907 -0.064448259646135014 -0.076646247698077583 -0.14837011768944983 0.20007496352462312 0.24732536478004763 0.10491299582444905 0.10090667063518431 0.018078355760232933 0.067688756085577423 0.062825737016201977 -0.076281805152235815 -0.074776760225267899 0.085061195791838684 0.040850604017822673 0.13169110082789698 -0.1080446350503154 0.026206076391044573 0.012283379618215783 -0.096642966041703762 -0.086997323848188785 -0.10904069578012053 0.045422932043005161 0.15043434556305743 0.0544992448930888 0.090083301754710021
 -0.082477631851017738 0.036419913265779466 -0.10012444193297121 0.09697193465880477 -0.079050951439942507 -0.032404144659990128 -0.0089683225495264252 0.041918213768106172 0.0032824946021055138 0.077024393308518055 -0.032983965475015635 -0.045027783558078217 0.058826542800876749 -0.074447720770149786 -0.2103143268154456 -0.074633704725791755 0.049734039172010691 -0.1055727987420846 0.059647076428883755 0.07674396513855411 0.020531938758810143 0.20748905463463196 0.15667240180056938 -0.023607292433929304 -0.093934074703897141 0.073402706525179023 -0.0021879996515255453 -0.10845297272855736 -0.082855007838252781 0.18202599732075608 -0.098849747364252907 0.081031426164538872 0.090744459523573309 -0.05943069435772793 -0.16020006053198232 -0.097693058593333243
 -0.062554852854860232 0.1197672143475826 0.068158613999007411 -0.17999018068798867 -0.21037584685581567 -0.043252422638205806 0.096247793677914736 0.19957589329207095 0.016451086608086283 0.083994732216210566 0.077639243764160287 -0.0025825105755811688 0.066625182372379396 0.16131154916348428 0.13100684061818332 0.01790764890031921 -0.063433927324925518 0.010837404504425802 -0.094871012973302971 0.10292553977328901 0.10916256603716407 -0.052107072786528236 0.051689805945963424 0.02278386361166895 -0.071192745347198022 -0.14692242155207189 -0.13592571336275733 -0.06718541935856906 -0.016316540617405832 -0.063979799420408628 -0.10966477092326213 0.060874666333585924 0.067639418429384437 -0.079570292760923478 -0.031123216872053355 0.070039939686243419
 -0.098521164412601447 -0.088720871657396935 -0.058493344784123602 -0.090122637116022933 -0.0020070934557149221 0.07204251249043947 0.088795750886271049 0.089576286730486829 0.11450420787997807 0.083750595949821177 0.016642103031143 0.012965109020926985 -0.11163744786275696 0.083966317740242144 0.075927691178186721 -0.061583862752766887 -0.040562723200335958 -0.10132322652975069 -0.033109426781478948 0.0093309645321894997 0.055878519404634189 0.13907934620438478 0.0096773795687781407 0.053670150174820054 0.26450821424602783 -0.025701224785692537 -0.020196192034285538 0.1518243703877965 0.054778105820400345 0.064493992288601476 0.059862854994132179 -0.040615292263668883 -0.063636818984441901 -0.13539658305934305 -0.051782686008804521 0.10727306661019741
 -0.015973258102398816 0.16125324926719445 0.082650400419356451 0.022994244894580389 0.021381801916482507 0.03446616835036527 -0.063489919494463365 0.10123066926001183 -0.056727490404374276 0.10686726442199811 -0.065607588908007025 -0.089040997819832962 -0.10166667772147239 0.10163190046820704 -0.30763416986193548 -0.056039602875181421 -0.017141791687946217 0.1327409047272278 0.22478459079392854 -0.085068064243970509 -0.049092395633313773 -0.088134889356009383 -0.076545203559575128 -0.041916461678397278 -0.025831669036434499 0.080203989315031657 0.0024861395778069529 -0.029458051074990867 0.062245097933833822 -0.12815825955864296 -0.1525937309192395 -0.034494611348647661 -0.03576878848369746 0.13211089152282465 0.12335895967825529 -0.10773404205547309
 -0.13108054507295838 0.0070828994212664316 -0.057904284864282105 -0.059346513449844852 0.21887037949941041 0.055510670735068143 -0.080779490181333277 -0.096835100315097261 -0.010071775861524274 0.07786753400982481 -0.16277757849289304 -0.032138784625619518 -0.10672962982813525 0.09229550284387894 0.23469389019963827 -0.096329418436023467 0.06484112809066904 0.037447049037951187 0.064882398842697503 -0.05489170178629648 -0.16585568055461156 -0.090762032529308895 -0.12205927551750434 -0.10214077700697757 0.021751839536163779 0.02629814618944596 -0.0085535617873677815 -0.095266684505601898 0.0060660747922220756 0.15214118476288327 -0.13032241311880494 0.086811822940480163 -0.092356788614872093 -0.067455821021998791 0.067621272330916304 0.10464059921698191
 0.10914382539524049 -0.06746298328297004 -0.037417759953094633 0.18166081424142744 -0.089311579113380335 -0.11045489521266083 -0.0037730524374346023 -0.21484994278510081 0.043750179467516158 0.047752549033765253 -0.085075531898259907 0.024838224212763448 -0.10321806417950118 0.023122694667536733 -0.056241534780395709 0.037731311673055226 -0.17658561549481991 0.023512457878106265 -0.11846120246994507 -0.026157397841829626 0.016920614306415366 -0.21046637245771202 0.11778388641257996 -0.010203155832914777 0.054991626117556341 0.020960757528423492 0.17073857480662574 -0.042782116458010153 -0.051905541248261827 -0.030967913575126613 0.063446257702510708 0.049811765738963752 -0.088760915636552362 0.21571507899837664 -0.11936881316776553 0.049987383134357681
 -0.062491369073616486 0.06142100882439807 -0.040931805037698228 0.20646994235616811 0.11644085134792145 0.099813465764240994 0.0040735650135374207 0.022334726454486347 -0.073003627255651113 -0.093595181878792774 -0.073568063989654972 0.050938484051574404 0.0029389320244963563 0.098703600210550149 -0.022863801626688857 0.07356885500020327 -0.030786619155759788 -0.11725575170063958 -0.05422374149010651 -0.0063461999514855538 0.030656356322440605 -0.071901614594174226 -0.019032617787676141 0.012005698663460152 0.13754015658603658 0.0026561472701540183 0.096375000742484326 -0.035212733010854307 0.090465219526111154 -0.20435763268374837 0.012792606879322061 -0.064533066811896342 0.096737114797857876 -0.085903511655806203 0.027672633791618176 -0.018579612115686973


