# Created by Octave 6.2.0, Sun Sep 11 16:36:23 2022 GMT <unknown@LAPTOP-P0PV0581>
# name: Theta4
# type: matrix
# rows: 35
# columns: 36
 -0.021924047485875234 -0.01827428294134207 -0.031647454055178638 0.057253094442286788 -0.2144311987181346 -0.041014376590611842 -0.12982278879026479 -0.11579304336923908 -0.081380127364680727 0.053517715578868322 -0.0098255185921373896 -0.062895369424404324 -0.098598405992057533 0.025774849715902312 -0.058810305166206056 0.069847552007742966 -0.031048294145618976 0.034415459747423396 -0.10580133087818974 0.017924326170423159 -0.01492719217770814 -0.14035817559294336 -0.12343285797097406 -0.029098853384906736 0.06298658542471168 0.021639577024938669 0.028514678770475595 -0.0088620613603526688 -0.14720821676917653 -0.14601813621093149 -0.030754048862106084 0.019222986425656459 -0.1788828099612845 -0.070243807516164408 0.10845278262751352 0.059757930463911119
 0.0048286348763670883 0.1004666959033865 -0.044734060300924326 -0.033786928914296049 0.06977937045857667 -0.00061085692199419877 0.096988287130908568 -0.090837838549331737 -0.074594393570209014 -0.085000687813577572 0.029256747619019034 0.042448936839564543 -0.12292415936565197 -0.10313355094083325 0.036637844292919261 -0.0079791450861128651 0.075896471657967673 -0.056634519342606687 0.028409542660864123 0.022445966513857628 -0.093338231760267815 0.058792178928656819 -0.028667258611324721 -0.097629665718855951 0.012071361526292941 0.012051410730949473 -0.082514208050119095 -0.092183702576112317 0.12839930432608573 0.039788204060486082 0.078208709321682418 -0.19277329426642095 0.024312644739168884 0.04486622221196028 0.040029404959540854 -0.0039240951001186354
 0.044844917214529878 -0.13205086526925491 0.16478590985192335 -0.15173666948601267 0.016201987336201252 -0.1479537068394402 0.010175342832027204 0.13289220968924828 0.16789601011266961 -0.074328604416761437 -0.13386041406981755 -0.16360479543699094 0.01817603867239171 0.13671643079585077 0.14286221970533364 -0.083596952326964818 0.06094990449330126 0.055392407513145753 0.13525916804689733 -0.040313705264926829 -0.003304142388681223 0.12626675321245134 0.048071991059026972 -0.00042893809131519035 -0.12396685029200259 -0.17462829859262513 -0.18472537270623118 -0.080165258749775536 0.024006329383937822 -0.057692575377540245 -0.05411436570608158 -0.051694920770147978 -0.15219005995197613 0.09827332171643928 -0.052549134037327666 -0.02820764279461754
 -0.059395784329815737 0.030689483535757862 0.0010510050383284837 0.021144412879882585 -0.032517451656498074 0.1435264773613216 0.067722780405742783 -0.076599760158622146 0.10993358663787352 -0.10288865256180643 0.020921664484632355 -0.13260538564157515 -0.029050473767380489 -0.094244694056843256 0.065492172318638006 0.06438790813232298 0.059747113885393881 -0.070059359545942404 -0.018048931151951692 -0.024095321795975577 -0.017063717657661043 -0.12883511374451995 -0.13218120608998327 0.0027382956401058758 -0.073147486027273945 -0.18354437554149827 0.014081074856116801 -0.010810192969583679 0.054375512501110883 0.049503468814315332 0.046489580734907471 -0.099701710883521505 -0.067368884062940337 -0.034508940636722191 0.03529287408197266 0.12941032264075339
 -0.083369416022007273 0.024459816744137844 0.1594277881630885 -0.074351869873285847 -0.040469147342895279 0.036037555234131789 -0.044627274096631558 -0.090027410781047451 -0.089520869696930142 0.034830354949350995 -0.057632377099026605 -0.051275804771768518 -0.0663973957884708 -0.087336560772313707 0.046820286649515215 -0.13852189722346314 -0.089110811573524379 0.053728673118374343 -0.061342821079753446 -0.045334910974660365 -0.070093321285126312 -0.17141901261856751 0.012525554219113683 0.13631910222714633 -0.093390967548171638 0.10506378049758719 0.097088444352155343 0.06612840790720316 0.035529442294137834 0.025638903191700858 0.11372335110836287 0.011960261341550078 -0.13498493188797761 -0.10154000197256181 -0.1040669487509803 0.084048368192366149
 -0.082240286517961433 0.065431056553485731 -0.15589359521612825 -0.029395549675300919 0.016368854373670225 -0.13481085349819405 0.11740098881310847 -0.022755846204318197 -0.10305776319250656 0.021523627892824609 0.011346494706682713 0.010396319909489152 0.043202871820277336 0.13051763313942019 -0.050285647895124783 0.04139363132620346 -0.085722431039227678 0.037414879014087125 0.026999131485450589 -0.070104543658378496 -0.025444622916726022 -0.016949656632800177 -0.078139965567942671 -0.045089166848094997 -0.075074861099528462 -0.0026109261362901293 0.085909570465787385 0.0070719015131177117 0.12062437059885377 -0.10444716019054363 0.21920031766555947 -0.082814068329435178 -0.16899291226593643 0.014166149985117466 0.0097288952945836071 0.098999804761309582
 0.0127903389845056 -0.046329098799705697 -0.0033022333206631626 -0.16462551125934374 -0.12523517300133102 -0.1172400226670893 0.11264293505695798 -0.1090310358044168 0.057284118729240621 0.11370262969007983 -0.099145290896002131 -0.038635303623268787 -0.097001910813915779 0.0290848504176104 -0.043357594359273617 -0.016300046590102844 0.11923070415559382 -0.083130325756142279 -0.0067279347986583379 0.085949682326594543 0.14827746331156164 0.08819202680625228 -0.10435938695927242 -0.13918009034422357 -0.0017889599443667178 0.07967180206072888 -0.066493568243381651 -0.013161863698845559 -0.047579450470716621 -0.063422654167695741 -0.029978481659955307 0.017441930691232777 -0.020889457799693333 0.052713861919195748 -0.060411141605605879 -0.015942561567293168
 -0.07349135661634823 0.097243287464473152 -0.0071648700647490978 -0.14343666759193513 -0.12852453941640571 0.10098283714977938 0.18143683142636505 -0.17937505358475203 -0.019998830042170741 0.10313089985514871 0.095964298933702813 0.037527324783871066 -0.071185484940707755 0.03908710348654465 0.020940834051992673 0.002032504948021565 0.080875501313390413 0.092769530458856983 -0.023357154054370177 -0.017784767842703369 0.018291724500189011 0.088221313490830969 -0.080561256508375104 0.020954829621314768 0.026508561903569733 0.12339016549321258 0.090702475265651769 -0.1167930096895799 0.094704498245710145 -0.097230185339976641 0.14497558286164958 -0.147514502836844 -0.013846069376124167 -0.0085855001419701572 -0.050445787480456708 0.14047533357698064
 -0.059718902322695847 0.038788689435595193 0.04733964564834247 0.04259011414941774 -0.14636443232944382 -0.0034066658623997537 0.0637292131522528 0.015015932684068978 -0.13141404689759195 -0.040360317439645625 0.042210907973476187 -0.078157051637985267 -0.046809952219648128 -0.095629568667286016 -0.020297425292277859 -0.079761233646746546 -0.035952997070850597 -0.10043454741072114 0.10267902538000052 0.11358918498478474 -0.10446032828367574 0.049893356127794497 0.062844984002613818 0.073639049658720299 -0.047337492184463641 -0.02342950462500723 -0.0012148985325614581 0.10781831668020282 -0.041763891226230913 -0.020974448106075971 -0.082142931981483897 -0.12072275079788282 0.037806019392731066 -0.05857620822270132 -0.10668850517890768 -0.087066478312514226
 0.035415287119579468 0.021909371226224581 0.069902780120723929 0.091138228794789319 0.005694134343407241 -0.023612171654010208 0.029355830158162038 -0.13580745666808197 -0.089317808456468653 -0.036565552086158401 -0.060233129738301555 0.1106004509847922 0.064269665213114613 -0.062878449966188674 0.073663425897012802 0.075107985677325392 0.098824196468134284 0.0093385814143089885 -0.070385059514964779 0.096819221729474242 -0.041758869110153529 -0.099612624848163092 0.06044414625216827 -0.08226811803988085 -0.11988699432397788 0.10234152990352041 0.024850162900811847 0.11438119970909363 0.090852246844782755 0.017028031678584771 -0.031163178966247262 -0.046696528784033797 -0.045097421414695631 -0.015012309703982596 -0.088067057324483916 0.053813176697024637
