# Created by Octave 6.2.0, Sun Sep 11 14:55:53 2022 GMT <unknown@LAPTOP-P0PV0581>
# name: Theta2
# type: matrix
# rows: 15
# columns: 16
 -0.055816099124389694 0.028570007362770853 -0.050392028033958945 -0.092437671332090951 0.016078704482680402 0.18116919988102542 0.022476205598428146 -0.063023901455925582 0.067830153088486111 0.19851223884456637 0.0695704874812694 -0.12961236227180878 0.16721712812690373 0.11655291153426722 -0.24021335481472628 0.17859809484317357
 0.062671761871891843 0.11997650538165283 -0.0082442094528001157 -0.12091587775419453 -0.047031811997950215 0.021307416418318365 -0.031110580109854211 -0.15404655883736751 0.05048836357431892 -0.19113986297479915 0.063199728881989034 -0.012868982072830749 0.023468398942407456 0.0098658239462874678 0.29204255854323469 0.26012253473227526
 0.058564862978028591 -0.071332440546559114 -0.014295416820943601 0.10119035319442746 0.15141731639694764 -0.14114352547391784 0.054902958615531662 -0.12287643746064528 0.07082438983126875 0.050722967519815122 0.070749444507285555 0.12119540139113739 0.23428673131265979 0.13525225423932072 -0.022099425151191503 0.19988761382794148
 0.013401475685646896 0.025853179543500412 0.095451934114987924 -0.10815905239414135 0.028104194370096251 -0.040008682804315528 -0.083312862196725068 -0.061119684013526535 0.22144530938938653 -0.038245974320889137 -0.027755030981298359 -0.01447547962828619 -0.062393333964851749 -0.00097157624188417635 -0.078015420660749096 0.0080848316824226989
 -0.0079460899753826929 -0.093599226881895481 0.12423909809447739 0.21123792673752601 -0.084338338105666003 0.20000213353423663 0.165860993581533 0.10600661385986519 -0.013718927273895997 -0.041895155402232417 0.12853811221393041 0.066515562788345514 0.13198709348406368 0.058765212963239298 -0.14679799450766273 0.0023239680794055269
 0.044140236734131845 -0.049219979218585723 0.022941526543371983 -0.009344927490615355 0.25293737335365035 0.17973928806322542 -0.10854740944287207 -0.082549493685414171 0.0070554668395694737 -0.1027731218275874 -0.12303911067472353 -0.12449462696258572 0.057517505473951555 0.12553023914525496 -0.075997157301712318 -0.080720374735639783
 0.046418260895796058 -0.031383925423079641 0.003563655682701815 -0.063690396454009437 0.035872329518715509 -0.084264744714196912 -0.10939726133260508 -0.072554731538592668 -0.11279856146116736 -0.056769250985090898 -0.059432515952488829 0.0008333591489382029 -0.027253169949081398 0.078501563258358109 0.024010109092337487 -0.097399149162842619
 0.0061836378296037907 0.0716745018836044 -0.049921186204059713 0.013019907416848548 -0.045212858630372006 -0.033998146785969595 -0.03144485526801577 -0.092346139840770211 -0.072032186818381708 -0.03780441019153831 0.13036995869405404 -0.10577769708027808 -0.05373450021263583 -0.12189589750232238 -0.087063224980501855 -0.1184338858397113
 0.074246420313536662 -0.1294689140612697 0.062441979562643316 -0.00082544264830169869 0.048386840467283913 0.095521622985968391 0.036088437876334346 -0.19334763989732806 0.0081406724999192378 0.14492725236190931 0.045640984842316233 -0.10360796612141299 -0.12663402721328612 -0.038532740189489843 -0.051755277122620173 -0.091883229674505157
 -0.087451496244739121 0.16114057506245322 -0.17073003620623947 -0.010879433512204053 -0.18308239137747495 0.18350739539047975 0.00094731337156379772 -0.22487708415019339 0.17015122133637015 0.13912663217699522 0.060536166467312559 0.16057572968082609 0.00054535509958465712 -0.20284040939352554 0.058234358415057447 -0.097058472763117881
 0.085620072689531396 -0.11241722947403872 0.11789914844253536 0.031976445907058552 -0.04701161246190718 -0.085380121174296414 0.00029662411917924405 -0.073791573518635092 -0.040881916054959992 0.078636136062325654 0.013459252883079463 -0.11442349921250432 0.003414365288126801 -0.014739738378282709 -0.076160814143672206 0.028138396304220666
 0.086380238467259868 -0.043049580535005509 -0.005524999619649593 -0.17616680940553017 0.0081237760456389918 0.039915240695462033 -0.0009407155055247197 0.016501314415198691 0.029982373139758978 -0.074564761449944825 0.31384324619071313 0.16547027595305747 -0.071802191221045725 -0.074844705741921702 0.069025529708674829 0.019117206985381798
 0.083332610862874162 0.10588556606088312 -0.12290782486642243 0.12670695495633824 -0.07392018289689066 -0.15730919530727328 0.071391858125643345 -0.011317156868536815 -0.10583868698800371 0.11399016965885671 -0.073684924600203469 -0.059947663787684201 -0.046555643550387597 -0.082799393964372733 -0.012995294028704389 0.0035327278732016055
 -0.048750700610294087 0.088797904506961886 -0.0013666062223970869 0.15734899652918016 0.15079605174556429 -0.12207287904085445 0.024291230089089969 0.20865746340691563 -0.061509580495409541 -0.060301495044247928 0.036706581088131046 0.13628084408066599 0.086450534020758613 -0.15159301763008554 -0.17705053325425207 -0.12619819966604384
 0.0079957094471580312 -0.17215483621582944 -0.061969211392853024 -0.015444490642277603 0.040946245492641892 0.15715212978813761 -0.0072698647749259472 -0.059805206363828953 -0.079791233154921759 0.12468012132897902 -0.11845179261262363 0.30522954537493857 -0.093532232211549632 -0.02047513092213419 -0.010314316188373579 0.15473702650709534


