# Created by Octave 6.2.0, Sun Sep 11 16:40:09 2022 GMT <unknown@LAPTOP-P0PV0581>
# name: Theta3
# type: matrix
# rows: 45
# columns: 46
 -0.024347110066264093 -0.075301289244424474 0.15039792578250114 0.066982145396402626 0.040618856843009331 -0.067950317644407218 -0.057271733138090204 -0.033356352172008198 0.02321643327606036 -0.058949044810423894 -0.050082721982290371 0.014034264605834136 0.10763319614509619 -0.15735716780590367 0.11580412050743069 0.026908174909123915 -0.11110926522712199 0.039470584701279482 0.010646473259437026 0.13326959018003576 -0.085887051024189753 0.07174632851359318 -0.0086698642191203809 -0.079921343846292223 -0.092249524678997386 -0.13074628246087389 0.11907557656012691 0.041159859772211954 0.0077012801223373239 -0.053619088071785274 -0.047467780098024444 -0.021077471346595281 -0.12040214732988903 0.11721499330453311 0.081184937437546595 0.10399886938748588 0.095253650992295838 -0.094971245086012138 -0.068707538508630053 -0.033029150468298775 -0.12286735956036228 0.0099128020278849982 0.10532710967842743 -0.10598463408199611 0.17935877447434703 -0.0280840288864686
 -0.070890555604707084 -0.071619072398646677 -0.051707682464424025 -0.040678745861561699 0.11700396418296402 0.13274308598906734 0.10265577144381567 0.18622651647545269 -0.052781314213422734 -0.068241486551980382 -0.017630681623012318 -0.017029617778411381 0.086970183436523449 -0.032392344293200905 -0.10314371823540276 -0.026884089665716433 -0.10831394890911267 0.012744518257010846 0.14327589439992852 0.047603385460239594 0.0086018783261608261 0.16237585486469083 -0.0010233488647811528 0.060453086739841115 -0.09706411048635552 0.11181031578148917 -0.14687437571922385 0.029546098452390132 -0.091066397471296315 -0.10936651125248714 -0.1246870024063365 0.010247526924067366 0.10239984947340416 -0.062709178849050654 0.075986764501251677 0.21038398263447022 -0.079177645249944903 0.078851232090955209 0.056861701834213241 -0.049139610987142181 -0.021317320970592524 0.13250641436396859 0.055446238990935558 0.098351001447033931 0.016109053533393609 0.1026544094963915
 0.043856705365224138 -0.098667198678878118 -0.060128853290763132 -0.090186257737250169 0.09020015884582544 0.058510073767742601 -0.037524546905786424 0.081335031261580898 -0.069972815322750653 -0.043123074456522852 -0.039415670825019226 0.016450338385940365 -0.113919759548364 0.070241582779996051 -0.072538475188218265 0.045271534377825703 -0.016954694734702545 -0.083166730573563497 0.043126756045642839 0.063095732260945711 -0.046756520728008392 0.070566616249851152 -0.094706139538680914 -0.038173979953360034 -0.070572529035237919 -0.013811732701391742 -0.032634704271626486 -0.040669145761318255 0.013988962927948522 -0.067395996361424862 0.072641731344689889 -0.0056518205447678377 0.064140397882546399 -0.0055212827558995623 0.061674159464207623 -0.050770535199253918 0.017800899021589458 -0.10127552515815504 -0.090012607398646166 0.019384246913343676 -0.017913294249196448 -0.00944329931805259 -0.06603435364004992 0.026016313551690488 -0.035102703772814846 -0.0080405496996487583
 -0.08213737878943525 -0.09383380780275806 0.12161217461421513 -0.012108790074393031 0.038266057000827476 -0.071719766292518805 -0.10017748252984962 -0.082119289198006193 -0.01678538257842517 0.14469276911626724 0.11917577393532788 0.015841642270303626 0.097464116926723715 0.039626502032147057 -0.068390285004384571 0.098998874613540983 0.06666826313435241 0.19472006063420191 0.01984184111620757 0.1033064851669466 -0.13459470978012486 0.015332316535013511 0.0011237940667682609 -0.091451345610479198 0.097840894811053278 -0.094831619029438485 -0.020778301445427916 0.056670728790304929 -0.12771360789499989 0.12889269123570055 -0.07781321315439492 -0.054745797885414615 -0.010584253637476856 -0.047254448488645309 -0.0097134799227616125 -0.092323610751089635 0.11339115733275526 0.061461172643527948 0.027071621242103591 0.029984273286876733 0.033741616837929478 -0.041962185426939441 0.12963394229364328 -0.060886828954282664 -0.010384844387707972 0.031028386838508913
 0.017848564847071216 0.026779406307633483 0.08693321186239264 0.05712654592495188 0.10532172090069532 -0.019457779417485697 0.10953440351498504 0.092973902481872511 -0.0097556412218776662 -0.10199399587646825 0.0040226443353784695 -0.0077114844314303248 -0.088417108261758082 0.047285838665387096 -0.12228814921885083 -0.13656506108334673 0.095757719324472662 0.042391394833226397 0.021103953298255256 -0.041408829666223702 0.1437322382008499 0.02883075411733324 0.10264909688967093 -0.040424925828005394 0.090745817646725749 -0.054293664133360113 0.11973042975742704 0.012313757199162268 -0.10980977449267119 -0.10742384420811042 0.060222341098533784 0.10395528352967093 0.088922000416770203 0.046366569101199573 0.17565910115801289 0.059902451352647247 -0.016028711281352376 0.083337091078633962 0.093097438299761887 0.07166303121758881 -0.014842866008462486 0.11086308978126067 -0.20364304213792322 -0.082102760928220594 0.010789032348328759 -0.15905314867189724
 0.037685258786059543 -0.13848627080916825 -0.086008416471963389 0.059182567026316184 0.0063187359852779372 -0.099565797212878171 0.040012583974058623 0.025891351801551464 0.10350082122530954 0.094702638546206322 0.12839165749389403 0.027055816295558859 -0.054448802791560044 0.032551620821332949 -0.031490239895475322 -0.11689506689203226 0.1139987917399933 0.10318135435052316 -0.016668738935708648 0.027124687955144021 -0.019954630825656683 -0.00014247497870016124 -0.04737314173702948 0.094960876312946488 0.1024158497750373 -0.0014300678914142069 -0.14319432645681016 0.014439172545735374 -0.12743055042779136 0.019015881055601182 0.11844420798278488 0.034203598598889683 -0.019661630077052329 -0.013260476584653067 0.074091441002632083 -0.16701670984880868 0.072253901089820161 0.030700358406270372 -0.032632734424655842 0.13588553797038211 0.020777528662765863 0.0031435226889805993 0.16990239242090224 -0.095129496640661504 -0.13528475493712683 0.091359041855903933
 -0.043059159176665071 0.097930114137670013 -0.11849215058682437 -0.024477729335190861 0.072760578891687314 -0.049112821644520646 0.03142585068101765 0.068366568910978268 0.094080657197527839 0.043746235275166349 -0.12173395095453053 0.028438800789663508 0.10750974397574149 0.073162930376998739 0.0086033137035590648 0.0889073976509204 0.10536665709888608 0.057711266427563669 0.0086584335280472501 0.053279183906703706 -0.067164774034592464 -0.082531185719727659 0.024801403428033726 -0.077592299249047356 0.063375930041594197 0.056970985527831905 -0.069211179736891199 0.032231177789364532 0.031249963038433536 0.030834610766261424 -0.12928279032304799 0.10259978687287541 -0.030476759286521517 -0.010262809331910474 -0.098127809263442417 -0.038386438325933407 -0.065313920614038012 0.078758338631448099 -0.057813594166006982 0.0003916085789200207 -0.097522891104648374 0.035724070611799268 -0.086553047986367038 0.012267302057800456 0.097191204177261514 -0.014416912931513419
 0.015728258375810492 -0.056325071062299829 0.025371837386866346 -0.013043151732997733 0.10232378039135838 -0.053052038344879655 0.0084522608835360322 0.034344590435899158 0.010020506681293303 -0.078522540767270013 0.001565278448492844 -0.027663361560108787 0.072738956609089023 0.030518588828853711 0.077869143624952439 0.10056721477701824 -0.069279980115478174 -0.009936030677007766 0.030647350099875351 0.064295524082044975 0.0050808391478043531 -0.029045975511960632 -0.10472420959907712 0.015693994312833772 0.054914823417223285 0.10388049443870223 0.014279679418406344 -0.020193028526185718 0.12159036004017751 -0.048790497085983674 -0.061678286805974689 -0.10165719967236397 -0.066805089849422891 0.15030802167077909 0.047393141365828166 0.11669136922556407 0.030240588491997025 0.086782024553694964 -0.072483658590072761 0.011206579293496227 0.073657788889409603 0.023046654087897543 -0.11216638815756416 0.092340909231539009 -0.12831923619276758 0.038238783744165755
