# Created by Octave 6.2.0, Sun Sep 11 14:34:56 2022 GMT <unknown@LAPTOP-P0PV0581>
# name: Theta5
# type: matrix
# rows: 10
# columns: 26
 0.10531690797372818 -0.048404279752210212 0.19140149930204853 0.1087452773184554 0.20058662147322359 -0.051169770043300998 0.091259534348168733 0.087450976616028228 -0.051278106530366734 0.031809624357574756 0.066801574051524745 -0.040865748229899711 -0.04825489957672071 0.089412340053673781 0.047852009972649968 -0.082458545608357872 0.057437820553681074 0.1549206597861785 0.051216730805773845 -0.032297162905570949 -0.069608140256872772 -0.21732383159890911 0.00056392109262761283 0.043731092059997756 -0.073603992268662405 0.10922227897368657
 0.051868800495573547 -0.11345906202966845 -0.044410725361195398 0.012896267942856586 -0.024971691336167806 0.20600657052187293 -0.092341015095149276 -0.067157290731644989 -0.11677049878725393 0.091280696444026185 0.18251195205509838 0.077145448239219622 0.045424369123049792 0.029379937299310575 0.030503943936699821 -0.096027294585146694 -0.1957624536108995 0.23433071016208204 0.064002054265012556 -0.051825799564904511 -0.074066047925798822 0.00060404574917272179 -0.035134837663905787 0.029076562291853882 0.035077093577709655 -0.049885110053714585
 0.05922965199680006 0.095606806106829978 -0.10139599869486715 -0.097566594713328042 -0.028016534670459753 -0.19343942837054187 0.11837267261990929 0.024891811950403544 0.1906787118878584 0.090362433154393684 0.11184341773944309 0.11664302451480636 -0.094742170628988778 0.024640313672320325 -0.075251683051131668 -0.079022418191468186 -0.11259227271248708 0.19690366490213121 -0.072331574400518212 0.10196621602914484 -0.013895956119555089 -0.051645663743686829 -0.0038488817368019001 0.063833404545822661 0.055402943404500533 -0.013698715826053118
 0.18273300521828978 0.13883044879607487 0.2762012079883665 -0.088293746381805496 -0.029685885972379804 -0.023207159634273136 0.0076999022768415928 -0.094224745369166404 -0.067247279503291721 0.069460099257268676 0.076190662036852277 -0.092497321597093382 0.054883999237780701 -0.0071709982498418213 -0.00060450372571941192 -0.073594765727195616 0.069447721141149069 -0.033800511663959323 -0.052633379104617836 -0.11144741876542763 -0.06854114662902501 0.19645358334642488 0.043695543554613178 -0.11534876686594743 -0.073817079863306212 0.07910377201369645
 0.0048742118882460885 0.11072572648005051 -0.068888073882666739 0.14837807876881234 -0.19749881483599108 0.02586874041594121 -0.16277835775302785 0.18767925733089874 0.19557159145364517 -0.019782250484988669 0.107150748033777 0.0086356054971919761 -0.1788839633086815 -0.10929389647296128 0.00010893143941757399 -0.056771040380000554 -0.0097977300994512382 -0.1292799938325962 0.090088095393410172 -0.11653416517380187 0.073862096501710967 -0.0072789234534918765 -0.012413929953216808 0.1575529550306225 -0.085390224314385754 0.031651251613463369
 0.11037956844865453 0.034322813054363861 0.046702488055129436 -0.14467874443557452 -0.12187381657508231 0.068114911157678482 -0.14840243077290513 0.060377064954813514 -0.047942523518666458 -0.025512845117621388 0.12880976589208223 -0.040084534421772233 0.07087285973905362 0.44329590270746122 -0.051672486699700398 0.072193719628848144 -0.08343848780264071 -0.23522764045151792 0.1434010243666583 -0.10710646679806037 -0.11305290216531914 -0.1240834973135074 -0.11419010639979127 0.0069151291069659785 -0.04547786648870665 -0.064014372797283003
 0.05954426544201951 0.055919011199723694 -0.086795124690454389 0.1685430394045338 -0.017407924277100795 0.023168826184379075 0.25580903673939859 -0.12410919224979892 -0.16473744335619345 -0.038256211015829766 -0.0079403870419216815 0.019600834408531012 -0.0062693390749062458 -0.15201288370702784 -0.038349983038400592 0.13712110371610342 0.14408856592264505 0.16423352258715629 -0.07818444567236553 0.13682035856867736 -0.064083235227603619 0.060304979865770006 0.095015830724510239 -0.010181667358906318 -0.29954173881421936 -0.12252979637272852
 -0.035637105642910893 -0.0066315609486067763 -0.047957484716922849 -0.21006626220490071 0.13765372822634489 -0.026574606747855653 -0.10678886938913329 0.047379079000320887 0.095295481419252426 0.072463813077581554 -0.088509942790458943 0.12314397140696264 0.13414246737340746 -0.062081810361265054 -0.0025267470799108047 -0.0069877344253202259 0.0067948697065595004 -0.026521435015527322 -0.079796037410133053 -0.057913567301221776 0.075988669085899491 0.07992776148063635 0.0043269999772870401 0.18034033381842793 -0.014788909834665747 -0.07377941129261173
 0.082339117074979915 -0.084075717127992167 0.22146534789687203 0.055673906153833733 0.12879762689263741 -0.02448563759421158 0.039365271273139206 0.17038401556676089 0.046577976716516263 -0.10208956927886921 -0.34963374213414061 0.17475540395856451 0.032021138596166718 -0.050624334930741033 -0.092104719857867348 -0.0023159318589920943 0.059877301231899265 -0.040026923040776791 0.018050226548365082 0.21264588471967957 0.05859794731305655 0.073466006827396999 -0.072035738729688464 -0.30351245300304824 0.10557273598106225 -0.048920457653094732
 -0.042585529427240372 -0.076662786988709819 -0.14284821082218213 0.14984581763123964 -0.092326571225762155 0.01354976737814222 -0.03246729725358008 -0.19051115211099254 0.14235542476019672 -0.065548443150634517 -0.14148520570263648 0.18740314570348632 0.17040419581304311 0.049544274604271771 -0.050274924243127989 -0.032441515064135944 0.049965521740070878 -0.043071283713616945 0.052268115465796995 -0.099875000136623523 0.0050858915773119868 -0.085384496175790331 0.039371347001011379 -0.16746961815234479 -0.099677481794109429 0.12709186506642031


