# Created by Octave 6.2.0, Sun Sep 11 17:10:00 2022 GMT <unknown@LAPTOP-P0PV0581>
# name: Theta5
# type: matrix
# rows: 10
# columns: 56
 0.075784431191153051 -0.013216222872041635 0.079164888544185436 0.10514551158632401 -0.015802169645407111 0.064465836964920906 0.091403892537978204 0.024166117158677555 0.15110799157643506 0.019873385934437968 0.0093063044737490466 -0.043521656298714038 -0.11453994405580842 0.0036563058368334388 0.024975174340171977 -0.051980924491624163 0.1360537728377938 -0.031968085198775455 0.087444297250663161 0.17851139090527282 0.043773825880797097 -0.07131700621476858 0.075744361207727304 -0.10396530260483507 -0.04818054487306455 0.085015721054768983 0.014511830865068059 -0.074623858706906535 0.099382179587617983 0.19315933377846375 -0.028727241797775707 0.075628381801049693 -0.053422530137867012 0.089339216538366309 0.12649521724730023 -0.11596921710213597 0.12498813919521964 -0.10295754017014165 0.02269005543252238 0.1163634407643314 -0.054970112681230456 0.12828123359719376 0.015528634010318745 0.029648947454634002 -0.032301005294786855 0.0072116861717967827 0.053328914807809859 -0.047614662390483974 -0.031037297080409705 0.019762854139673994 0.037901670305163226 0.075630358917498614 0.051182751761879905 -0.13243762013581839 -0.010517647316380862 0.060383898196041084
 0.11798648915664844 -0.069066027447493877 -0.034600700054911074 0.062299895035218808 0.083282575941598463 0.11430190677349682 -0.019465062160939826 -0.022011026723784324 0.11957168692551176 0.055727961708757025 0.13691859840889284 0.006005584683858407 -0.018891273253239554 -0.037119256350005438 0.13235551705589801 0.034473914139952794 0.038369341405841362 0.038154131420740478 0.051334973141948716 -0.079055871878164749 0.13900908390086988 -0.02620232432785851 0.082614955450790423 0.062960337466356028 0.018683060448084026 0.11931828427475066 -0.16398543830010243 -0.094653628410026516 0.11668476215369487 -0.1684045887212651 -0.06917158962678191 -0.13261898689531895 0.084711014747561472 0.14854651909234395 -0.039720418817755281 -0.049081788550440923 0.030036979073571696 -0.015931362421927789 -0.092085309967890508 -0.0094412431012099104 0.063204658151345391 -0.08736043118031693 0.1778308824876754 0.054665927554758298 -0.098976307909973443 0.039179014792463954 -0.10178412134522652 -0.041808404678951021 -0.170673358229222 0.032946869832411088 -0.097470512607296056 0.0067587141443160156 0.15104909889962656 0.099972785479532061 0.029461990502121636 -0.032222912438748606
 -0.11106142626803855 -0.13631812259173914 -0.071887856108695566 -0.088484596861489712 0.026436222614706364 0.032631821474990046 -0.11275314063283358 -0.011641337505406531 -0.074334722018271127 -0.080988975855091155 0.11754362677546572 -0.080717972638860283 -0.12999653891938703 -0.14331655668852167 0.11435356572895206 0.00019463019903669768 -0.024514875698879349 0.014480221483350502 0.027341880791352191 -0.098328889110569292 0.16716964518687299 -0.19912742485869131 -0.043804092694193275 -0.10985557408622257 0.065881560384977847 0.0033332636246558496 -0.099462998221930193 0.22600984200425978 -0.048460317797736303 -0.11306004891193483 0.017107994925600865 -0.088165257812125697 0.074054448621063973 0.020328207631490267 0.013576822379163984 0.036223502643009248 -0.075142793522664189 0.014564310716429765 -0.034426219158698021 0.084828995067143809 0.0093852959862643515 0.03460819780610367 -0.08097218894176153 0.011424499955591392 0.0033652017559431821 0.06236105744225031 -0.025689451627335737 -0.019156437762251222 0.11774990301024596 0.039309623982326139 0.13057221569557856 0.030294254533788974 -0.018988366828529238 -0.12547670954727216 0.070105115962742548 -0.097850113260080307
 -0.10156156208520348 -0.013362963216295669 -0.025953880838876089 0.030911653363055781 -0.078918514120068894 -0.02016674860680821 -0.074108740429249337 -0.037886530953315095 0.06781384587262887 0.20853375936329707 -0.1087296540529842 0.034944918846436017 0.05910298612213833 -0.15357086858139146 0.058753877187818056 0.046835962723751332 -0.033820647543598016 -0.19943228177723132 0.051088703927507549 0.22726511168470087 0.068612427806464912 0.071469956098261692 -0.091088764088848889 0.12163565901557868 0.17224244155712298 0.057731398034378496 0.080287184119615759 -0.078711024055632003 0.030117429570725895 -0.075997553923433409 -0.13588348614446291 0.10848996552434521 -0.0016262773768776959 -0.027027811491011407 0.13966904219939166 0.087008245549660551 0.010220287582264403 -0.11564009165658998 -0.060386323034736233 -0.040217657440736181 -0.082971017678810169 -0.097282381515245459 -0.07110399025994657 0.031211988062621564 0.075712330598870961 0.040953742806018198 -0.10873503110710851 -0.11676403875551077 -0.075037417687063943 -0.019346374918157865 -0.040242265326961318 -0.030395770035575694 0.014690396632645103 -0.05177419312010452 0.080773580580869905 -0.093950816627975706
 0.12193224420989862 0.0010490974269333306 -0.089005503221899665 -0.0029091871244605696 -0.13729590642808739 -0.13068741237562381 0.073098925091637373 0.023955256033685483 -0.092244643807739377 -0.058503791377856142 -0.12962141427627888 -0.0041331442384825966 0.0067800939104063433 0.17974097179514578 -0.017135009296389805 -0.012700172676168612 0.0018212066280394062 0.092076363213177068 0.099093515228320411 -0.1294719535882442 0.022779478310398713 0.0021004178069627929 -0.037665907279341125 0.14221526653498917 0.035033451772222453 0.068587117084526583 0.050337418660693155 -0.014573399307848209 0.15516782607438387 -0.056466753285510464 -0.089209547120056826 -0.084814274097404246 -0.0084940787269953289 0.10364454832892782 -0.097090058568772633 0.089699254029800279 0.011796962418368098 0.074742249491538557 -0.11301059516580185 0.13188561521745362 0.068458061945522231 -0.036983533011230335 0.054125080399232639 -0.17879000345123638 0.0021941309161057688 -0.082082858606843681 0.16416773292898193 -0.15997865718820933 -0.082295238264104772 -0.053589300871412095 0.0045671363092767642 -0.12461745757818027 -0.059039439996499132 0.012223048092417192 0.17040561822331127 -0.019806394021831014
 -0.089411777794852473 0.087134643559869621 -0.11866204345121928 0.013683059150284961 -0.08163583734545829 -0.12628247914439478 -0.072481605591956516 -0.07879010784671775 -0.080776528385843246 -0.1423923333767417 -0.081588664634224484 -0.077368752151371956 0.077819366224379405 0.13122338189502911 -0.031024323737591057 0.064317498459878039 0.071393207923719157 0.14280582954418078 -0.10163979147431224 0.05736820162033273 0.042183474411949008 0.22901522804566571 -0.13833627151690256 0.079647100391971579 -0.088697112956949362 0.068227856406385706 -0.09797774731449263 -0.054925308736642815 -0.14756569336745451 -0.065370307094529581 -0.0017667502313521673 0.054260645565263728 -0.10419918647192696 0.032765272648413314 -0.00053152598403455602 -0.10703313113769372 0.11779132212991819 0.065484251657847062 0.078367041339426527 0.07816417702391304 0.051921831559246873 0.03280128063501099 0.10749433725247055 0.160100306133415 -0.065809984491864745 -0.11396776929744028 -0.085060336586403482 0.022478275192308519 0.014167194453641585 -0.15342042285778057 -0.066572101198429948 0.0093880220581302899 -0.061923026031101766 -0.12603091461627591 0.034876247572010806 0.035246991181459651
