# Created by Octave 6.2.0, Sun Sep 11 17:22:29 2022 GMT <unknown@LAPTOP-P0PV0581>
# name: Theta5
# type: matrix
# rows: 10
# columns: 56
 0.06711292886670131 0.06514159110557162 -0.042027083410680101 0.047385916054826262 -0.050163546973112462 0.03709566539706291 -0.030763214589793295 -0.054853108231029186 0.10173804331329221 -0.016451643794843485 -0.035881621975971036 -0.016909383200840053 -0.031240607115849667 -0.12051310764766988 0.016459374490429623 -0.050564643044457722 0.16203460920128965 -0.094593757968392159 -0.10936472475683298 -0.095035004093370679 -0.039474235402906205 0.030820972012541453 -0.09944641528194742 -0.057112030910825173 0.062897677787686068 -0.061382469999513939 0.081905484607256468 -0.017360388232780691 0.069891672230218554 -0.087511358724957453 0.063662603088282865 0.018630787504842632 -0.085678571116895905 0.080714531788852767 0.031083985152118944 -0.0089843939734996041 -0.032668484015588105 -0.018355450134436156 -0.11482352368304896 -0.024055682287707384 -0.0074305627478513693 0.15353712765197233 -0.058357556017913405 0.056607798900792872 -0.11443096460102793 -0.1235529304844603 -0.099165843790016611 -0.23978709899953926 -0.16938556832838744 -0.082698789631010752 -0.1048714171157923 -0.013564443023056139 0.18872570407107656 -0.081663461259921757 0.077281341471689427 0.14850434990242095
 -0.076489375242658961 0.045656730505364861 0.045453949289730754 0.015103986175555983 0.14950893721482619 -0.068557645574833459 0.14446918402285416 0.10217150854058019 -0.024924422624063563 0.0062647779454064181 -0.079058436475284474 -0.1501878342801945 -0.15390691375519433 -0.026649230668808192 0.12786478742705892 0.038557671720829592 0.077717755179196713 0.035934412674753398 -0.16352784956495298 0.034805274621209699 -0.13391974378268129 0.093644073111285156 -0.07083165013459429 -0.085948982824129314 0.046516919697341466 0.024580449288255656 -0.035850720273416917 0.11133793736681091 -0.059504167309046632 -0.072722877658904589 -0.15489286651104647 0.046610020841766013 -0.029930542968029661 0.049575432425964086 -0.018622032483195269 0.081461705836987169 -0.15493439385179766 0.0090334418988432443 -0.025598276119486056 -0.012552597858784957 -0.010007535602715466 -0.12661235981917335 0.053135871475803745 0.045667934019565787 0.040416486972616635 0.15181835642199587 -0.053905781626293774 0.14434976512261707 0.075960555160449042 -0.10552765224131044 0.05706532125096965 -0.048251669607966417 0.021100887606782071 0.096420924024463714 0.037074296688247341 0.10909319509892251
 -0.0756476771098442 0.037932307378569133 0.076634710171626361 -0.055261035658933595 0.14673440122513765 -0.14526715251550593 -0.053516610396106647 0.022500107665638699 0.07754760690040835 0.10464962984646659 -0.040595806495693658 0.10420815523042337 -0.13225775770327167 -0.095296265990595319 0.15168991705879081 0.067885190287170966 0.084715661806398265 0.077498701671250336 -0.13203737119830963 -0.10938637271462705 -0.043825111831096386 0.10949518294935003 0.13496092955025291 0.032591194082056164 0.093054177714103167 -0.023907629779190403 -0.091959764738597571 0.084280334505097934 0.086425048732187676 0.09905390495368939 0.034194836939128753 -0.037367005992279045 0.019603639670465335 -0.11781463490111548 0.019438268832130158 -0.0076795879360513552 0.019460011187354805 -0.091944088765025384 0.091423716553928835 -0.024351696131320877 -0.063148509023649213 -0.14023151533397488 -0.1356322300746465 0.022648353879416883 0.012256124773908372 -0.050096737704897872 0.17418939359964164 0.027189806239846213 -0.0023777920689571448 -0.10739863221107089 -0.061270186651496306 -0.1009344824815885 0.0041932984568118 -0.0011088384132796833 -0.0027479016669073376 -0.065555711573787534
 -0.048517241936907103 -0.050450179157518441 -0.16708204881506389 0.093038679089197926 -0.092189177221101204 0.12094752511755484 -0.11801492462804401 0.087986104883563385 0.12361090977915758 -0.11050444522839616 0.17409631161843825 -0.024807033225496961 0.1167641326944408 -0.048116592587829243 -0.028839492898872002 -0.18117981188698881 -0.041422745991296681 -0.034788219788251674 -0.073029135406192811 -0.060473099028039642 0.061021473319351996 -0.00015089458866474851 -0.016586027743066643 0.0091988248827736836 0.057026302014934603 0.14916340726126828 -0.035035924757104375 0.013731624969914228 0.10118625690925714 0.054603398631251035 0.062121229899519792 -0.067963969226338489 -0.23432964274579404 0.06736381628569782 -0.027541753949283231 0.090927826051186975 -0.1202009106234041 -0.05267903453812417 0.13715939931827659 0.093137656348692699 -0.07375206465083807 -0.14813084690178421 -0.039845799327073925 -0.00042079656325708662 0.082526284167318734 -0.073037895618613083 0.0093744326004460993 -0.079794505826304957 0.091061664579769733 0.048345050708345279 -0.050896967817888224 -0.10647084770780449 -0.092091808974201356 -0.031904664479107302 0.021817981069523651 -0.064407541014984554
 0.11638930512118613 0.10445009219301729 0.0225871319414651 -0.01235630820796056 -0.14637450300348828 -0.064568062606561241 -0.12062999974740994 -0.040095265383680537 -0.065803388353809944 -0.042070627451449773 0.045958905000305333 0.10486973048529301 0.064463365530522052 -0.11716683707251174 0.041151644213059273 0.20094435784421161 -0.033865096452214118 -0.13102959025547953 -0.034202811223568316 -0.037060627357770201 0.05890099427195767 -0.016520972248048698 0.096575358983067239 0.045463301626500682 -0.043065758847850348 0.038941068284314539 -0.069489904156233656 0.079734762440264881 -0.19017095876301798 -0.11129127055024211 -0.019650744130935739 0.036825929060248633 0.12094897775417797 0.050634280046547166 0.16782472210703916 -0.084222615065140879 -0.093891068264495989 -0.16323377170959308 0.036462096046703737 0.11212914988250619 0.12371311427953957 0.19604830303630577 -0.073170532326427451 0.14998874271099302 -0.066034960543223498 -0.016433844019008895 0.14574023217312446 -0.019866234132021543 0.065260046090981155 -0.083540463536961401 -0.079258159715653212 0.059743873161699636 -0.064806428966278445 0.060599041847290307 0.032452235635173819 -0.12528384465052253
 0.018582643875730817 0.071016579764608956 0.05761981571210386 -0.08813809004396575 -0.084825492899148688 0.058315709411400185 0.10153944056644403 -0.055643564821431082 0.085256080665596395 0.12785851403516207 -0.080175442143655226 -0.11454426532592617 0.15698590061427389 0.029472351566560955 -0.09544064806966801 0.12832214073388198 -0.10396738013992997 0.044475645288260292 0.082950077645952816 0.099693260433378533 -0.094805158903836728 0.076768443317895632 -0.028522888169177998 -0.014675355345804489 -0.093860158853607989 -0.16588371373106922 0.072879322816394171 -0.18649914772182286 -0.12316322266616105 -0.12948161098434044 0.1062004844010319 -0.031703938545025706 -0.098027434901876584 -0.079124530689952136 -0.14141980417242547 0.21074342226720622 -0.018751802677573971 0.0017581085361121492 0.098924311626960013 0.086060422316783833 0.0307359194604611 -0.10038306157065414 0.15234832622377353 -0.063630135259218651 0.096134629487750853 -0.045986177531069657 0.043753317470017976 -0.01766759064862158 -0.062475486023191508 -0.049794993728793417 0.010143411811739722 0.048641193633113686 0.00094138736028235182 -0.065315672254577711 0.10143821277147465 0.0040532675500944979
