# Created by Octave 6.2.0, Sun Sep 11 16:42:35 2022 GMT <unknown@LAPTOP-P0PV0581>
# name: Theta3
# type: matrix
# rows: 55
# columns: 56
 -0.11492693981503156 0.083044394677369168 0.060474807199162726 -0.11422012641573097 -0.096528050645364905 0.095006493053431881 0.015761820261552355 0.047183795989916233 -0.089394206684150171 0.11541280632593569 -0.02357328651923981 -0.070789978274233917 -0.14146289494298714 0.097531091241638723 0.076233883023241078 -0.12481448758314927 0.057876228985671102 0.08986046645121272 0.013718941774278239 0.055988653597693575 0.065555003276154364 -0.054423547936016704 -0.15490794009160105 -0.054583588274354493 -0.044042373624363987 0.021937752660265184 -0.026074586268041228 -0.09901471045820652 0.14037608787675479 0.080609990346331081 0.05605848247093119 0.13057488393746433 -0.045399612085363715 0.098510355911214861 0.067947576932356826 -0.046550705458673264 -0.095253969395210178 0.11338122680425489 0.07743696130164128 -0.019566250980840479 -0.036273409407927663 0.027239190894386797 0.08937976459139213 -0.039644267264050924 -0.10399160624206781 -0.099310835616564438 -0.018543101631525952 -0.070925772083235555 0.0051398169925478375 -0.029749258496453657 0.023707041242259037 0.038115699019378682 -0.089112618814051553 0.062454619639366105 0.045667641522621434 0.044993518718889729
 -0.1131711411480842 0.10310329067523712 0.088362573695580496 -0.12191696744947225 -0.098233830156350663 0.041970297743514184 -0.054501462790983897 0.0088239058566608273 -0.082082297334388987 -0.13455413607191963 0.093246618213004617 -0.016481928860213293 -0.033531322709159574 0.089165719891117157 -0.0074252255757049348 -0.047382058142769197 0.064205836747456183 -0.052816430919380368 -0.11044285413366343 0.0025708477302265917 0.023867875945201698 -0.043388331846988204 0.041661985638656786 -0.095518902361286503 0.10978343028970823 0.077550964680349846 0.040915817773656771 -0.035663045493866952 -0.10176275822579957 -0.11441917139556343 -0.10745762247159678 -0.027041684310332818 0.11284080130601926 0.023878480553375669 -0.006525921969823407 -0.085228149015870419 -0.037397501383445372 0.032319806669726586 -0.10595273388855705 0.049296123694030775 -0.11726154023694621 -0.018570999305676475 -0.021961222297562605 -0.05824469089563071 0.015958943417629465 0.054961917666798629 -0.0243734847135814 -0.022870462114494436 0.00021459535532040519 -0.017448157862787989 0.004013206783699731 0.10042986596298918 0.0074030385342226728 0.0016864720239423456 0.033547100065979482 -0.01412605338713035
 -0.052919983549620554 0.14007529811763994 0.12226113939823535 -0.019222548181157824 0.098441965551729238 -0.056868273790918911 0.08565093988127212 0.080105210803710705 0.10769371876413621 -0.010647769954169677 -0.10069265334384808 -0.035351136968721768 -0.056593606254873224 0.082605352416488517 0.049278035401421651 0.001963736599515653 -0.027836601232971412 -0.10192590965670749 -0.097310123877418983 0.042077037647384241 -0.1493020402460089 0.093821148452144176 -0.15680561707427318 0.036691853708074262 -0.005840241021663032 0.051907460083195647 -0.10184952124866228 -0.0158108401860458 -0.014363815653282387 0.029309815399548356 0.084544785976129355 -0.12196383153734397 -0.11963260586632925 -0.020809643242131901 -0.030072122292088985 0.11082621672085681 -0.0017577924634306918 0.10602454363045997 -0.096125526396167518 -0.045032626515455282 -0.12446747551823653 0.18101433556654278 0.07642283810264959 0.038907564119598136 -0.049884029196760105 0.070411773494055918 -0.017653106796761554 0.040298284511057089 -0.074823247113411318 0.042941089365407303 -0.14341129523822174 0.16903097131511521 0.086125841505548126 0.0716788985383051 -0.11743337773220057 0.091788551688002776
 0.10223830085475659 -0.11086823399812432 -0.12457753282305987 -0.047765750875622154 0.109676034357476 0.10313669183619045 -0.059952638242592934 -0.071665554235041437 0.049006100993531858 0.017854931866418323 -0.056771380893478759 -0.2104327809800394 0.054856011027910066 0.052310648348123941 0.083508779559376675 0.070500354492942341 -0.11836363130815115 0.045341662207685395 0.067084375992657097 0.099055732086909876 0.10945450351874547 -0.072685041274344719 -0.074626214962814935 0.044031360670832402 -0.035973020878383347 -0.0087345740636297457 -0.025631052024084562 -0.021277220789746511 -0.045290806160234912 0.054617008503889973 0.10935696108113466 0.11907776893129397 -0.037126946888608285 -0.0043329222852355222 0.053486624118475837 0.10842321371094779 0.053431303647526539 -0.00726641574265876 -0.017308532355728927 -0.10646724721934327 0.059232925129121802 -0.09104019966292351 -0.0042234193171079284 -0.022743358699283806 0.015776267708033816 0.084275299146603394 0.088865934860493601 -0.0002028523387083182 0.056765712930721697 0.026109660643459907 0.021229713514012014 -0.068359254439533113 0.043513454290650594 0.040335047239263337 -0.066337196121743242 -0.036905772781753617
 -0.01876748449514808 0.019422801847543941 -0.053771387448077745 0.095998044675314809 -0.076129206741264679 -0.094353310443846761 0.063587180783187133 -0.1101350139143959 -0.02065501413232352 -0.017499487373408253 -0.056948072510965488 0.072857649348278236 -0.079924465058084218 -0.025889359977492588 -0.11366191416521733 -0.069161812037361298 0.076173909149466729 0.034699495287499119 -0.027863695520349202 0.10964362778666496 -0.10690678783251276 -0.029802278660325417 0.0070267932647078372 0.021262232064731938 0.023511796860405408 0.023843119418869643 -0.055554846981693259 -0.032280024469329066 -0.020389184673286837 -0.10292343574012977 -0.052070038734300474 0.036285002207858533 -0.06331274680325201 0.037963178424997912 -0.11324410849275621 0.011014899310676327 0.088179011123796142 0.064356015425390004 0.11222895811173367 -0.045445910697407055 -0.041055983899442788 -0.08754282443858584 0.10897311442380288 0.010089449319607037 -0.082486820501357846 -0.040108361275482451 -0.0099079490590560162 -0.08253455072180417 -0.073402963547531883 0.0046270005232037946 -0.031756247908177763 -0.025777722915385205 0.011690453694907463 -0.064401870547948867 -0.10796332199465811 -0.016029122785205067
 -0.062742787272216827 0.0091942719737933814 -0.028824822920169892 -0.09883550352781767 0.11875527289611457 0.10420004564910151 0.067856526901902914 0.070515101423407667 -0.033766601971570852 -0.050361800847309901 -0.10206489558611008 -0.12206542104324374 -0.086685219459698495 -0.047942205755862451 -0.067623733771281877 -0.056426097498264716 0.053144273206575901 0.064519541470268213 -0.060636549818363014 -0.0043936787981205096 0.076744212234308398 -0.10451439264503878 0.084583673895409245 0.086708212593593098 0.073904601212991264 0.031815473759135134 -0.0854570792398016 0.042393594368548483 -0.086918770370253931 0.095370574878305095 0.027800663362807856 0.065237188559432821 0.061144364611950754 0.032446262553255459 0.125373980005166 0.0066133128106938338 0.079797363345508687 -0.008398715895327008 -0.08976288609450056 -0.041559692479940881 0.09825701230984811 0.07200061462971917 0.1235446520955812 0.034960012819717758 -0.043660193111543566 -0.091426222729971862 -0.0031542098531956472 -0.156666951621621 -0.13523802134570651 -0.035965681464510998 0.022088301295412369 -0.090512459385202498 0.06022173577520458 -0.020124724554692372 -0.046285767947002718 -0.0004026676004958599
