# Created by Octave 6.2.0, Sun Sep 11 14:34:56 2022 GMT <unknown@LAPTOP-P0PV0581>
# name: Theta4
# type: matrix
# rows: 25
# columns: 26
 0.09408977615994854 -0.068361549399490962 0.17314212935651013 0.031212451593460054 -0.048360879172282135 -0.087919848546619939 0.07985746693809237 0.03190868698814784 0.027249956072529072 -0.092446590677939866 -0.10836738124231864 -0.027802068314454097 -0.095034676526223924 -0.067938251756352444 -0.086596173098736476 0.024159212917443367 0.010097769741451853 0.068936866389857104 0.019853707770801095 0.061513393292458612 -0.10999742456452033 0.041160252911574768 -0.036637857329944977 -0.04112645085078289 0.039428512166976626 0.042244015657252207
 0.12285812507054079 -0.031057022520043172 -0.12520687117039622 0.012138262978299466 0.035215506937414119 -0.17922894373221884 -0.077190291262192762 0.18183394581822704 0.0052556101042000531 0.037672505170773696 -0.078609506947278265 0.15410814158640207 0.12745957608609443 -0.17794791725080319 -0.085369192138393946 0.14627884549185016 0.050605545310018707 0.056812596646232498 -0.12227849398146247 0.10495726690836227 -0.15742940192052196 -0.044743592610935544 -0.12067596974377337 -0.13661108113798648 0.033991451995565768 0.041329442655588258
 0.051065722794201643 -0.12068128004361514 -0.04035303614606911 -0.052142299383487377 0.11219645567987949 0.26238042723835742 0.07781410523619374 0.06836764178409431 -0.10898996162800029 -0.0049813039943012736 0.14647674590810897 0.052269438768833033 0.053989980349749112 -0.11703579578561266 0.19187722254037004 0.00878040727107662 0.12125218189041261 -0.14457597095769878 0.095902611673075108 0.0028356068108975237 0.01604424977350704 0.031522137778481459 -0.0073131252915915983 0.1604750437660834 -0.023490809271604816 0.082875026687972878
 -0.058504669123186734 -0.082242023800656636 0.091065940190933045 0.098460618917941958 -0.080681994277380265 -0.16790901452875504 -0.18198812780552104 0.20166694677316915 -0.1073293836349531 0.11382656155130347 -0.013072250813287207 0.068895934197810885 0.046681045574649471 -0.0082727153175125318 -0.044772265554916653 0.008236633383877227 0.10939284273659382 0.060682896528049049 0.024167217087705854 0.024848698501062205 -0.058939991945225534 -0.06876056706807944 -0.032276730134198649 -0.11590511633476559 -0.041003597156091878 -0.042927667549284211
 -0.043273422853740397 0.055045825030573467 0.030372736482557797 0.053782110291955412 -0.095597842810853026 0.047346216690290717 -0.078007886023176348 -0.042472995538912643 -0.064600851406156262 -0.069201776713862517 -0.15755646659674294 0.11303320040359296 -0.096211955674372962 0.075188645414582728 -0.046722096819635357 0.057972667038421744 -0.064681314297983725 -0.10870367027130859 0.089947243435170549 0.14662799405898869 0.005710989831947233 -0.042491743832536323 0.1795120287273364 -0.019934945032096398 -0.037839513807863774 -0.028027515836669108
 -0.0082914693892302133 -0.034881175379819732 -0.0142276900614931 -0.083216034985275328 -0.061041610866627377 0.045473618484427276 -0.067680526636548527 0.080081743589949683 -0.15555134182856112 0.13314313979896769 -0.010785880180222078 -0.017266376869361028 0.12008552797472727 0.19587486024779913 -0.010706815311898819 0.083774091905782958 -0.0038807742924577048 -0.046867260946199515 -0.10403244311547399 -0.040906502183634029 -0.075553408327082197 0.17213963727609582 0.042719115919217038 -0.046815975724877605 -0.10105573894732281 -0.054293638399723565
 -0.087168223532985312 0.075647837982598359 0.10841049708417026 -0.039536640842895029 0.049979043456459052 -0.076046955272226519 -0.20135521905156936 -0.083071915253387876 0.11034996713715074 0.0071972105514180379 -0.088431401351470762 0.086593190037503251 0.13297953664363857 0.12201384867770035 0.0042866812346451849 0.0046950530345741624 0.14516830689737498 -0.0066536090959416457 -0.13892177526969501 0.13406419829454347 -0.01637088406763574 0.00092931315745068874 0.050894442348208273 0.030949617339644384 0.15661575863093519 -0.021358907184283574
 -0.12018758976778071 -0.11236080607215358 0.1000996471550983 -0.025903278442987909 -0.0080762461864021164 0.1185475881161739 -0.032540886511890132 -0.067008681645042784 0.16589842244806877 -0.0074818407515681151 0.15399922083982928 -0.067654767054790566 0.17447036567582522 -0.063051118799619416 -0.034742085808593108 -0.089017243801296692 0.061555382039419793 -0.058607922262139657 -0.021538424475048737 0.097189090927374031 0.088108250152494544 -0.085922864335015489 -0.13928690089251308 0.0041612006019416869 0.072053782042534931 -0.046237550072032972
 -0.11221582354127342 -0.094136494006934607 -0.085574851579476599 0.081877940127607879 -0.017615706011705583 -0.06746872575354923 -0.11202497947284387 -0.037631745390402156 -0.081223303227496171 -0.091341716412174478 -0.053623104666423033 0.07776457624995993 -0.025872750013620001 0.0065250683334273979 -0.015902457610277282 0.027620420897870285 -0.092430917032333151 0.02966651495111617 0.078930399953991162 -0.036986611186899582 -0.12387196835481092 -0.0063182825874136929 -0.042082099965965528 -0.1096602293761897 -0.094261175006126394 -0.040596782412309664
 0.1002562874115339 0.046838672048962859 0.16916188400881063 0.12625248251510507 0.21801351827634943 -0.063026245458438601 0.059158556433105289 0.15687531989754167 -0.032176788997373265 -0.068940544634379153 0.1238976847339522 0.0022522576282765993 0.045466007527444584 0.063750062866566176 -0.13986337371065549 0.12338900447538016 -0.093400332019245122 -0.12065810779874397 -0.12721990778301878 0.1122849641690819 -0.015793174616653739 0.099246376694269237 0.095218032755119406 0.027859778545388011 -0.018526919333272964 0.036046961028091774
 0.017152911890781344 -0.066272996616336427 -0.087910084528535909 -0.16053277654544332 -0.12841700487588226 -0.0061526543267829614 0.0048071784123965436 -0.078754425993231 0.029103676317250565 0.15571529656670374 -0.083410923736246076 -0.064902912660040973 -0.11143008393222541 0.058144229728234631 -0.031124556457236746 -0.010280154044009102 0.009735963496373904 0.11861297488039693 0.12278912791389746 0.074333687049757374 0.12079019182148994 -0.10204679603372395 -0.044150285309597477 -0.0041737898507257908 -0.0032201024056095024 -0.1141311606975355
 -0.075313274659697449 0.0096518284070603883 -0.02234922056888378 0.1450164680181445 -0.065783543988801887 0.19891421644807905 0.053864543284355276 0.028722692658659326 -0.082277767598306573 -0.031461798216164329 -0.047863275286867027 -0.011404282101311407 0.015443756138996708 0.059012940517356033 -0.086265074464346725 -0.01648033431624844 -0.089767757677459828 0.19590488595807637 0.021344628612729687 -0.018154389204862079 0.010921376405078698 -0.095585683791120549 -0.11535469030986002 0.058456164790018417 -0.10914022979878769 -0.0050076588658769109
 0.076270971894633749 0.10756173416781412 0.031168366400534848 0.080195379158086721 -0.045986616093035011 0.046026741431510088 -0.014754426972988965 0.13325261310800135 0.034681071583019869 -0.065993116519499212 0.12258527158445254 0.10608022201754157 -0.14663371384675677 -0.21721905716719567 -0.11340798210254159 0.090676217623692934 -0.037247126263658156 0.10422932065520191 0.0087382669115312443 0.057079104840195363 0.072407909888180674 -0.14805994728775396 0.1024256030611798 0.20845726379157867 0.028534340252135724 0.11298643876256381
 0.117029388229758 -0.051229347912002038 -0.089607195686829746 -0.071052059891848818 0.07547574844935645 -0.044038936353198485 -0.055186862212910151 -0.061511338902806932 0.053005440590889213 -0.087380830290636161 -0.14765231683118235 0.038705835383600569 -0.1581809211854136 -0.13383697564076294 0.022123345875371771 -0.01358634064953922 0.04058973955801834 0.020533440806448092 0.068725466923568693 -0.085460321910807532 -0.086835166897446636 0.02620604402658171 -0.0049463204563503053 -0.11917843265165813 0.032645749274418531 0.047101310891634413
