# Created by Octave 6.2.0, Sun Sep 11 17:21:34 2022 GMT <unknown@LAPTOP-P0PV0581>
# name: Theta2
# type: matrix
# rows: 45
# columns: 46
 -0.069725558969561188 0.085457312939229424 -0.03650138069948531 -0.10369401538181873 0.040996352749577115 -0.14517823237007635 -0.12085229005432993 0.013923258496931649 -0.025120147920576135 0.077108043473137378 -0.034415146382888041 -0.089773479621341329 0.063001250386564553 -0.05115542310249848 0.065374173583639936 0.051708369042121581 0.097198417841159832 0.081718537698327889 -0.082332335068157653 -0.0097772653752560921 0.11602037603972847 0.11340156227955994 -0.099373303811062144 -0.079056914329450889 0.072583135360842488 -0.050374156276195001 -0.031467402915622882 0.071714446333495344 -0.18574968557420765 0.014974440678536326 -0.025170514140542704 0.080944518843193036 -0.051610673951566967 -0.041158388044002875 0.11398685103777896 -0.032839202225085823 0.13650199392463544 -0.092020575217799772 0.033892379798723157 -0.11333691266842624 -0.04930719542834304 -0.086375224166419906 -0.075391815187432418 0.12954362167659011 0.021132411868957427 -0.039916790959660102
 0.0048875084510762177 0.047444409332443829 0.12402188357665148 0.090369026656976797 -0.13199616004931766 -0.065428061082680844 -0.077810234381129453 -0.065252650043020194 0.014647272740692633 0.07128397298735567 0.016728797894137372 0.1271437835391647 -0.005939651970976071 0.013015485147798525 -0.083184329064157125 -0.065692116242928311 0.076363763791908651 0.025745941961958806 0.052412457386741468 0.015575688666712927 -0.025771362529478509 -0.059507579558478033 0.053610494809993532 -0.11805787536789381 -0.017561566083881729 -0.04329818757038105 0.09123814507968811 0.0018457433974475854 -0.10212188269880383 0.022674393972835192 -0.13156004867547888 0.2006367528649074 0.12276736729758374 -0.017512241145385299 0.10124798619296571 -0.09176945727033757 0.052191246531401038 0.019853313317069354 -0.12846877246635954 0.11188468058667861 -0.10649747407787223 -0.021798902804771151 0.054311820620311577 -0.079063364576476378 0.00084418480657139799 -0.12749213259159126
 0.052957412046557253 0.09987970635920948 -0.043039279481944887 0.038305365076565151 -0.09167885927952904 0.023097447892941495 0.069451350059579933 0.054922167257661282 -0.059375556310969448 -0.011437797942313196 -0.1047842691355787 0.023534939435902846 -0.024355748693370292 -0.13685484604872317 0.084069832978164602 0.048647193987711196 -0.14719290001331831 0.089183436722519507 -0.087566851823977346 -0.026897694165624497 0.056211461978823818 0.10520091346447343 0.10071504306083716 -0.06484204225345587 -0.0031569388002323758 0.084747503585840697 0.049744206522353847 0.062863050166808709 -0.0050235009713804294 0.10851672494901414 0.11518428997311786 -0.13651492287362424 0.011772018860966791 -0.088555144913370507 0.064425906950503334 -0.03028355182603357 0.063944616632849047 0.13148904860574456 -0.10758709415105167 0.17181331824802037 0.076753863528002994 0.079719259800876935 0.0074441996376626244 -0.09202934364494457 -0.0099791339715908315 0.050697310659738308
 -0.0083193747311679691 -0.11323386697419242 0.10560360071779619 0.025364152282745106 -0.031794653343884073 0.10227699477978072 0.006305212127055454 0.096484710621076608 -0.034559135665495642 0.069570362539230199 0.05449487925851234 0.088284191753961891 -0.042661808626261552 -0.015927207803164527 0.14819630434005776 -0.10281938254050861 0.042520470400843308 0.076858854871014126 -0.051198880935528365 0.058241366227866367 0.078183681251970075 -0.1107388158927972 -0.028033920347631351 0.094093334083188637 0.10448418772854959 0.043920567685710288 0.022693245163737805 -0.08823282257494787 0.03015642755414499 -0.041584838808268854 0.028856058563647719 0.029157245654759963 0.10325273982554088 -0.054812399363472875 -0.034652167189117199 0.055342865084802739 -0.10351211475121694 -0.058409080364787917 -0.11001133119210084 -0.046534434665459506 -0.028253538159118841 0.059287338576004774 0.023244040916478775 -0.10034757760429715 -0.072449499559939318 -0.092194495758825282
 -0.081625147842027387 -0.059502348735058108 0.10295017706535617 0.033307615542127078 -0.043555823152270023 0.050662350630574879 -0.087109680478998155 -0.028163409531738362 -0.08729977955675039 0.087574037566961249 -0.02026617201723387 0.10463795600753091 -0.025468295627870216 -0.012550387964355484 0.0084364606795479542 0.098637592304135685 0.05171370882465056 -0.01122835594664961 0.079227141663364198 0.063168063574329317 0.016641209264000652 -0.047081820669570972 -0.063109939649969887 -0.014771660488655957 -0.064946002333409719 0.036001634517099222 -0.12028822992890213 0.013204996432847378 -0.1651990790007663 0.015989831043310802 -0.12160267953098375 -0.13234691987031513 -0.059790436232492847 -0.041352964679853964 -0.06570086164354659 0.020965207491708951 0.10420590393086418 0.053032593707713419 -0.10441022324115741 -0.13856616398854069 0.022357453926075424 -0.070038352783416399 0.11313558283364504 -0.13077024557882916 -0.075852720515393726 -0.038875138931094046
 0.11743130528132453 -0.04401006908846563 -0.059787506114077529 0.024049457752351074 0.11735919114220514 0.21185225663335885 -0.069950926941921385 0.0072252979778290411 -0.045156070117459784 0.15226161199815291 0.05658017662686915 0.13031005153999298 0.029117146548918151 -0.047010665753593604 -0.098170018172694537 0.09518837835544755 0.067130391780195878 -0.1112273537377358 -0.019592458379364699 0.072079636465576247 -0.061043905044000264 0.074560695278703709 0.037811305861003404 0.027883017582718939 0.01848146035592561 -0.028469880798407902 -0.063292738916089927 -0.026030130657765081 0.064062352885810372 -0.079692966722795452 0.028870763051371259 -0.11615733996157948 0.0039290161754828596 0.10242018846461301 -0.039007483193820906 0.030009389518875929 0.028396997420726888 0.028954282213134099 0.02631206735644705 0.048847050716007902 -0.07059527610171229 -0.091870602136232035 0.029236766496971607 -0.023932316296765409 -0.049473981935221026 0.044109467376626771
 -0.065206116976856313 0.086743665299206324 0.056566154570108711 -0.072807730217385402 0.0089309040029066557 -0.035678448321264579 -0.062446758918319897 -0.049779480280794208 -0.010409223088748908 0.093259765486776891 0.047194573870566761 -0.10673336512777942 -0.058338795589433792 -0.02340593714442931 -0.014473802003202365 -0.022106463295082347 -0.013230833206137816 0.019852346180460324 0.0042101065432250603 -0.070292723093323919 -0.059498428097552847 -0.1014790867636654 -0.10232904125170225 -0.092735316255251429 0.06002139921430865 0.10074914383461395 0.039854004496529247 0.042616713668235093 -0.012358326286468701 -0.070277239538322864 0.060297242265131841 -0.076908546421437893 0.10046330335921912 0.032339220136865889 -0.038664162429166718 0.073048674160643409 -0.10795327010485103 0.028537163949485092 0.081254823776992335 0.017805946101924489 -0.11694684820994028 0.068843555423882694 -0.043024213875922236 0.057465712699489066 -0.079228130192439641 -0.0044412296017019735
 0.11911612988590187 -0.098573673868247697 -0.045186153955542707 -0.084948932173552136 -0.0079228208890207621 -0.059685894958973959 -0.10336816478117859 0.093706374981778598 -0.02464281934589305 -0.017921376111924583 0.11739660333727403 0.047332630858423312 0.030756785492247737 -0.1191949243692111 0.095981697443809522 0.058541716005099304 -0.041913492169537735 -0.069928795413878961 -0.091699667102863106 -0.014065485090612855 0.066032222403900442 -0.012947909616876571 0.099860101106088436 0.056990928682724297 -0.09955923178499175 -0.036617891074237373 -0.028407083982735781 -0.051687133444346861 0.066251489859372167 -0.14419490125172849 0.03543728657859864 0.062272266102649597 0.037761001608537993 0.13697997061725728 -0.0045047105194561624 0.0076480839303738196 0.068620477731687626 -0.055396921274593357 -0.019773924874899939 -0.15501270777826334 -0.013779455011829072 -0.10487661866462368 0.13628817733292542 0.14267238351353248 0.13020876095302389 0.090229469646386701
