# Created by Octave 6.2.0, Sun Sep 11 17:22:29 2022 GMT <unknown@LAPTOP-P0PV0581>
# name: Theta3
# type: matrix
# rows: 55
# columns: 56
 -0.023709797597738141 0.02234649020578738 -0.047855633366045237 0.0085592167533508224 -0.088774304255170647 0.043879525326765242 -0.048854589354267501 -0.049155563758119726 -0.019997861972359674 0.11466032969577709 0.016667729769322525 -0.071313080304135704 0.13280528852012954 -0.046424260472943853 -0.046441714159589378 -0.093500127133255409 -0.029627560070901875 -0.019869785081901736 0.031338551763235481 -0.049811222385390527 -0.13016535683506644 0.0085131707401575347 0.088087741080824691 -0.040135015441944311 0.13940274600979125 0.081959570282443439 0.051059374885471465 -0.020992724492239125 -0.072091528793825951 0.13653640762966932 -0.020170346846979003 -0.11106438495768226 0.032082478110551087 -0.055181678200362662 0.025362682542459793 -0.061783334519005882 -0.044382998566515591 0.029487600874830388 -0.088243585262749349 0.028853698691152663 0.077126283949638871 0.078064273689290142 -0.13064038954054638 -0.088197377505893779 0.090116677706476939 -0.025760929835432139 0.011610582646180125 -0.016208546327780828 0.057873047898008595 0.023869244670559092 -0.10791814019086972 -0.044809637936119903 0.048452468652401562 -0.085139533028714715 0.034388955475292103 -0.044979079902819935
 0.020283175475889838 -0.072734972178438648 0.082510298547304753 -0.074087995102911877 -0.10602392370372712 0.02197995654421037 0.084819462269446325 -0.11532761074657669 -0.12478762186113909 0.059506355293077351 0.043612552406698278 0.0056035532787423233 0.10798283205242583 0.022343403065079159 -0.11600815343836654 -0.0063351285885612689 0.054438316554112944 -0.06938780224865583 -0.11403337979328798 0.088317050164989946 -0.08718999702935161 0.039432670732415534 0.018318729187172721 0.010702079378424073 -0.1119151663774461 0.057459132314081521 0.082217923874073437 -0.068812487320491195 0.078636314349313521 -0.046674532158856682 -0.035861583487138776 0.069158256545589547 0.044417622051258855 -0.080808072125794952 0.11335027696308689 -0.020074648272564402 -0.074530397109448865 -0.00034449390300886958 0.067132509224108822 -0.07123019000906497 -0.10937866034700197 -0.070175239896130531 0.047792285085422395 0.0089850167280629521 0.13545481172385501 -0.014774553081191842 0.13716090276829596 0.05203117811038057 -0.082868174371713912 0.079048637790518003 -0.055442024442219427 0.0055706449767388474 -0.10098316030345394 -0.125265224878504 -0.084096295529735382 0.074989200310725632
 -0.046140406319543643 0.059393921639627242 -0.053690151822884967 -0.0070310245635436062 -0.099648149729470933 0.027300677377299493 -0.020422818627603947 0.049027357393631156 -0.13452949506948184 0.023726173843814171 0.088280336289242325 0.068991739648434094 -0.021615656568521206 0.13417856792806498 0.018093382014133918 -0.058134780030179058 -0.050542989427662437 0.028205719287239389 0.024105601554232189 -0.024441503230952934 -0.015007465417824929 -0.11885900423524849 0.11681313216699991 0.15435976851982211 -0.039560450804785673 0.13570386328935016 -0.02763159210439069 -0.055048094596036046 -0.12435503488823439 -0.037288623701562849 -0.025389027550567066 -0.07276447101301696 -0.059095092268046823 -0.0096853243852350925 -0.030099161288636715 0.058595580599155692 0.017541883497424731 -0.0400645091809744 -0.071393612144637505 -0.014914543137560337 0.13097027319490395 0.038233965486803648 -0.056225717171890274 0.034714514300225173 0.11713576661866332 -0.029605289177399258 -0.062699675091352311 0.080527039562029057 0.033448704071825493 0.033703672526104241 0.079924878058869511 -0.0064144870064727494 0.061845451154191801 -0.051835384580639667 -0.096251718905183206 -0.06739069447560038
 -0.050599656632838948 0.012686414427667764 -0.037588846388154011 0.024574903161993303 0.011944623633807628 -0.10399484379953845 -0.075683053293928923 -0.1281498164945426 -0.051306506219072089 -0.10383990376970614 -0.06095885198331763 0.02480671128750575 0.016931866638906667 -0.064568669538289936 -0.13333376270520278 0.015407132101463111 -0.089626052345652199 0.085565720760565636 0.04267020961248303 -0.07040655620667273 -0.098313144562170329 0.072695017153308297 -0.0049664004767716857 -0.11221706936615183 0.090638227788408215 -0.035776221402557158 0.084326454428249584 -0.0062286714215455284 -0.053569002911682734 0.067868282442798286 0.063946040554005573 0.02113306089518981 0.12631880469102566 0.09714113632631069 0.07622227714815992 -0.081317343393176533 0.12438826623024503 -0.10528001507275347 0.037559288448255991 -0.073636772548398316 0.031843697622302394 0.013971988731152433 -0.0026196294730978452 -0.091122305261724323 0.04676684647622522 -0.039327812782334312 0.12512431684546785 -0.086112485023345314 -0.0019651039005162815 0.035275196934141502 0.00052456489184543793 0.077480245540829135 -0.01490704813025668 -0.0028236631072498957 0.074450439644454247 0.11284493011870649
 -0.037732216440482927 -0.088766822222677913 0.075342597521465798 -0.099191588884808363 -0.10742514775858836 -0.099320558748148699 -0.0026779315210660498 0.13615116169846622 -0.045852255193943911 -0.061043045888471731 0.08572738190073026 0.014061516307286965 0.092040287184337211 0.043254355655877923 0.11967057526826889 -0.00056389315304395619 0.075296261603689213 -0.12202069375208005 0.18832664958192391 0.088375592722618801 0.057276908557455992 -0.038018673459603469 0.085233419458605325 0.016797748974382236 0.084828960413307966 -0.071534494163523768 -0.15826627112946953 0.0070281326290332615 -0.11117906476167953 -0.00026956442992373498 0.094115566056951316 -0.031140910002847848 0.0089072208876359096 0.0092360638383368384 -0.037842596791441224 0.088275882146389859 -0.054335120033762993 0.011184697733154288 0.038983649612527989 0.081917024453638687 0.0074856413383562219 0.029542672750827989 -0.03937270072431804 0.057183238852868454 -0.092392887438622867 -0.035775252254288632 0.062044420531056417 0.077608953079932499 0.039191083288613794 -0.046168499008662219 -0.11906348705728108 0.066602978176821329 -0.070558560349858093 -0.0505053524172661 -0.0018924220353777545 0.072688440279159383
 0.083094778886487003 0.090380566513384705 -0.12815668094027877 -0.099113858724350065 0.033959002620751452 0.018822035979052555 -0.061039384910024197 0.096858513536230303 0.070082371307832222 0.083825849316490411 0.024678781841419875 -0.045191939266549928 0.06634846472332058 0.085455404379607539 0.016966330488487738 -0.036492201478011466 -0.020289912081097278 0.044275013128566937 -0.037326861686679029 0.059664583550413132 0.0073376586370716449 -0.012489827431679838 -0.06595829548648699 -0.060807795560858767 0.0039061404323131235 -0.048536660264724196 0.05233347885505113 0.017754512215039039 0.10431621627969681 -0.084419010361736158 0.023843407055778618 0.070995568611821616 -0.099114374794412208 0.095710850325719646 0.11348870560599082 0.10554741910515517 0.1013071026521615 -0.079808600142808939 -0.031427825830455253 -0.01824169562363627 -0.071098638585330734 0.052250658849614377 -0.11738967362464285 0.064808275455529862 0.036214732279664992 0.021585845986391978 -0.10003913232613869 -0.10172913545317432 -0.029109092461810829 -0.026077250151010204 0.044977415771230093 -0.089038716547625088 -0.063138642145345633 -0.084255211407842062 -0.10149757352806905 0.086586715800646419
