# Created by Octave 6.2.0, Sun Sep 11 16:50:05 2022 GMT <unknown@LAPTOP-P0PV0581>
# name: Theta4
# type: matrix
# rows: 35
# columns: 36
 -0.040518887166974063 0.065624566861594416 -0.063788556488363915 -0.064649431095011201 -0.082217355849585866 -0.068715537002112442 -0.028178159173909055 -0.12746730780983212 -0.1539079527732273 0.11950784992924172 0.054239617735604505 -0.018570667988331284 -0.025660952531053115 0.052337218700352954 -0.005991638761993886 0.061424781864368588 0.1154227561371676 0.016087740817386287 -0.082035620782423865 0.1952447978417596 0.036663469678051341 -0.028843614771965873 -0.10728380451189741 0.17846558309475127 -0.039786679740478718 -0.12383901117120415 0.09816334725236163 0.090386347333404629 0.075158665168427674 0.10408800261729802 0.14844227429265605 -0.10609272824258056 -0.042271432062297824 -0.064086051003043543 0.13424614471559812 0.13820425509100207
 0.0043674280682768568 -0.089495882223297588 -0.058998174489442827 -0.074211490032090571 0.040363788840266708 -0.031152781607203972 -0.063698681543893798 0.062015543459908326 -0.005047777715782068 0.0099248387764510337 0.052632309763849944 -0.087255126434247834 -0.043581317259198386 -0.056045538180069798 0.092848308400111823 -0.10189400699054411 -0.051566837968640478 0.074957543899191903 -0.10528286773536284 -0.041713851446543646 0.070718801628453759 -0.092670127799555649 -0.024921635046437299 -0.0945407721626218 0.027570418045004774 -0.10385357959455392 0.067507448912687812 -0.0076973603283594849 0.09114086169518075 -0.11338969960763806 0.044795770237569574 0.050506816677450612 0.11546053517649232 -0.064777052366410751 0.0060141500725659916 0.075977476105871841
 0.035263348719643241 -0.13092423447526186 -0.063755833716772556 0.17333703600490871 0.054938965346494679 0.1261893882791818 0.1642315808866433 0.058363145139067332 -0.026485227160894093 -0.017355837042085289 -0.076567974436694747 -0.047983987454366134 -0.032302665429815261 0.024566575651183205 -0.13857012443002711 -0.026951971765534623 -0.1178185104753845 -0.091040143897107642 -0.18082922289458464 -0.10270351469895105 0.080867937444414534 0.05848574556190976 -0.06832687985372185 0.10004364347010079 0.073485524059801285 -0.029143634795769046 -0.071497160887953354 0.13656442305280944 0.095852135304309943 -0.0045173276335701016 -0.092035442963891601 -0.02901121631980301 0.13359406262804274 0.086697511398930241 -0.13004581656390007 0.038725275965073518
 0.077105394186318912 0.053927229420051258 -0.061522989515592839 0.16637555196947565 -0.12779750352000785 -0.071093371895758956 0.0025123874639542704 -0.10240664951589129 -0.043486777241663617 -0.1021454945674149 0.091335732887625365 -0.13157092110071406 -0.071774156681345624 0.083393312272406983 -0.028202100840188413 0.094769282266526297 -0.072566968418473571 -0.10334207833110902 0.10703476240479094 -0.024261778793964815 0.22914646921771437 0.11496105203574297 -0.032888307475317173 0.016600934935960373 0.0032756140565530891 0.03598174132919664 -0.052671505827042234 -0.11479883402606461 -0.01940953899643548 -0.019078352989255459 -0.15659841651635037 -0.06766215785007712 0.02358708017120989 0.0039896896275501709 -0.10316554328737929 0.058666534268007504
 -0.025221272050731023 0.10451198950671517 -0.11402375192630926 0.072412702652710367 0.06935624290932299 -0.066853675027427326 0.069364083916818822 -0.0034530381761587459 -0.072691315367770876 0.026694516529618895 0.10119524520857325 0.045718073291961592 0.09804626103435414 0.014305943817529986 0.078826430800153738 -0.012336088142465432 0.026635784916805412 0.01180205669433188 0.045544399712072657 -0.036552111379568944 -0.06234611875214599 -0.098064700159551432 0.048573462855898364 0.044319261357079288 0.089858903100460963 -0.057637554905488032 -0.078701731543585521 -0.097763704038987889 0.03759319722117594 -0.15385414955025395 -0.082080681708281492 0.0078016101879080403 -0.11420033891201967 -0.02894025813634097 0.000615330232982277 0.026347065796308168
 0.012587411311600842 0.11895478625525122 0.098633908560716299 -0.054504607158879816 -0.056030896943445499 -0.066208506453440147 0.025217154763772138 0.092779706220079916 -0.091362811981104131 -0.053514105019315757 -0.060738860743578559 0.064446187641593697 -0.012048570745211821 -0.061123080344574206 0.081483755018604845 -0.050622797700670255 0.0016749499014603944 0.036561951072239515 -0.067061588793136201 -0.051523898534189212 -0.084473297790102903 0.043050540587877106 -0.087743742281599243 -0.0066673385795699156 0.079093002838881835 -0.045162167663831777 0.053312672704812152 -0.0009100410930731489 -0.01126004688920043 0.061002194245998204 0.081878126352034911 -0.12360601924543482 0.018882884937457503 -0.10074060652409376 0.13407610270042103 -0.078363248928126947
 -0.070716890924615583 -0.037953421454753354 -0.11709978878073965 -0.073511429501981501 -0.0043488841598172687 0.0088746596364960573 0.11690333275453882 -0.12610198217127741 -0.055966047839301931 0.065806135255208176 0.12180426650627081 -0.067005425110294753 0.055671554408474738 -0.0014015938340885784 0.085162541272547701 0.084351684337288291 0.12622166204442609 0.00091176614189985032 0.083965466830970004 0.072494871174769743 -0.12825747403828444 0.13427273377822416 0.01578551219517484 0.153045329064914 0.089767256800829837 0.026218855349249681 0.051546881148130233 0.09958451874533103 -0.049645017958645489 0.0069880865799019139 -0.11822960800008651 -0.0013371490919113799 0.024693983160683962 0.0071151088970691258 -0.18038701794987022 0.14129707995420632
 0.0013995630303782829 -0.11074781538900828 0.065359673622717732 -0.11065609925480487 0.013491805427968346 -0.069067870399928205 -0.089284005366699851 -0.10771804232621894 -0.10793571964642255 0.026111421458957809 -0.073729629162614108 0.021341167978600823 0.056149432035031685 0.025113069883066386 0.012252610929432708 0.10510305505919189 -0.055390429185070825 -0.034765065947214131 -0.072770712839980586 0.017257245294492466 0.038623882101972692 -0.050373186439307001 0.096613875087995321 -0.051529212278436175 0.10991562279936952 -0.094948701607235453 0.0098579213089218451 -0.11516601624084312 -0.057110812805518649 -0.044706683181772892 0.0066922551897554815 -0.043489540351055143 -0.093319710339683823 0.098139759562811971 0.032883126558110376 -0.0046427828127660314
 0.06831302091747686 0.054004859548242488 0.10304937727070822 -0.067878890457911054 0.030864353559220577 -0.01692231093184034 0.077378133051392933 -0.03720079110219638 -0.10142257656797364 -0.068626313728572655 -0.041440741756947952 -0.041642482672729873 -0.0035328142270503373 -0.11346916698932362 0.0022000884851522701 -0.068561866570508709 0.039991083453649191 0.10660507056161073 0.021388565831685438 -0.08526022544503592 -0.12767169378481391 0.0032500840150033361 -0.041019287976471495 0.11391502771890309 -0.0015927872371285521 -0.0023670454831097145 0.0013392507480197897 -0.14098048220009979 -0.02737877994147548 -0.048727461301777776 0.053624679196719961 0.055398645502283635 0.069933716792318371 -0.024870883700205758 -0.033981035258683422 0.02261399319521561
 -0.086793383992908896 0.058724499613374725 0.020020947073384792 0.063874211636730058 0.08385952779644687 0.056075491651384778 -0.072834733864762996 -0.083113955690108099 0.042708637241984225 -0.11919444203564623 -0.061556629233591231 -0.048829949597868856 0.046200692827403356 -0.05874820626175279 0.075894411713946286 0.065002880235283125 0.14157021604516909 -0.025704911493034489 -0.087930450072204486 0.0082283883103980264 -0.084422856558978451 0.091115631135502778 0.11853773940050294 -0.11527781173845154 0.064431395230238067 0.049381746309012688 0.086682525576720085 -0.079429121056104793 -0.073887540075907088 -0.088814426560712464 -0.018473526618337774 -0.12419607518581006 -0.044744843111540047 -0.0076360785429279102 0.12912379469829635 -0.020508349887693858
