# Created by Octave 6.2.0, Sun Sep 11 14:29:51 2022 GMT <unknown@LAPTOP-P0PV0581>
# name: Theta3
# type: matrix
# rows: 15
# columns: 16
 -0.10519503623174375 -0.0062722301280922618 0.0030382866215163543 -0.054792222769113948 -0.069502717745904968 -0.04339508441668917 0.27083714253917746 -0.025382153412259693 0.10137556054693414 -0.048903695311232835 -0.070750606043703063 0.050192946110438862 -0.14910714757891955 -0.14679042306592435 -0.13814975752083564 -0.046910858485834518
 0.0099598345719014263 -0.041432879384057777 -0.045780471146546403 -0.058043389395157824 0.036876590263744152 -0.059378611778993201 0.073184118710202792 -0.019140684007815684 0.085098961937863732 -0.086907576240786724 0.060562732577135764 -0.054126570058117225 -0.041040428924408984 -0.076965625452188227 -0.011147168824113604 0.070275958132709399
 -0.023058659290062105 0.10233677483085754 0.11643997379642546 -0.11864928204166322 0.1735819760888937 -0.11922166553492669 0.061410079810390615 0.15864709734511576 0.010697853246339055 0.063772885489502801 0.061334058148139622 -0.041707545490893012 -0.022368205258094454 -0.011738999930462533 0.1924362645107289 0.0091392530890844707
 -0.082869376467242475 -0.10936868418963562 -0.16058314529867243 -0.070305837255958362 -0.085857896647057591 0.19400470735357389 0.018714599044350251 -0.022031335475361274 0.027365041949125198 0.041759283180783882 0.1766410495010183 -0.0030644829821562377 -0.16566235800305013 0.14104196537864283 0.11998003591282556 -0.069004995586260498
 -0.012075459074171775 -0.025034699728585602 -0.09679627461399487 0.18192612718867998 -0.055545835932067245 -0.10515113551230554 -0.054812416220907142 0.26767378800218145 0.093430298334261364 -0.10117473083126856 -0.14266235881251541 0.051644162789299189 -0.10478908406652096 0.072965082180839053 0.11527807866572698 -0.089544121142450681
 0.052318222617644676 -0.038422052807264691 -0.092546756120225657 -0.0091414457746591491 -0.099387594878539945 -0.021176204006280144 0.23345912365505783 -0.084311571249232345 0.25179774127073112 0.17016315392597864 0.079097124807630037 -0.058447719948173035 0.079969098005030853 -0.17321156060559073 0.010866936089017834 -0.19089561377750527
 0.0062330633856414264 -0.081229750455972499 -0.02319617936493858 -0.045616007725636322 -0.03996036331770296 0.096844916285465057 -0.105146619501192 -0.0064090774810578359 -0.046417387268741658 -0.029167168107035058 0.041412107206576856 0.050879773981880871 -0.15196204917439923 0.17819344366730569 -0.036526039748940649 0.079574891833391059
 0.057178957928103125 0.097172699260162101 -0.066358420333635162 -0.0040937809826372884 -0.13617874407704017 -0.027257217229298275 0.19863945121730275 0.073017554545610569 -0.11378745251390505 -0.13760213440184751 -0.11680039540755351 -0.01473171650240592 0.10760424507772827 -0.09947157479337719 -0.20602277336484631 0.036039975376724244
 -0.03829967106290566 0.052795667525813966 0.15646247333458516 -0.1539443536949876 0.16184532336619656 0.064696039213945178 0.10281330366942321 -0.2587482733518604 -0.078896609401099035 0.010456029566807202 0.03058213928236973 0.16208039268000671 0.025074570890756823 -0.099919087485215302 -0.088483193400796495 -0.04588200713931459
 0.064472168453945405 0.045294164006673486 -0.071255966846277732 -0.15366497178659755 0.13722929354861516 -0.031957486946450252 -0.15586209953796401 0.091919757091464382 0.043934192274164278 -0.08586693505868559 -0.069238921790583871 0.092825089569545563 -0.076695744937368651 0.15212537460937936 0.12487997026115412 -0.0088117305909242785
 -0.099757834635219908 -0.20148837877920908 0.13405800295479625 0.029940521986871953 0.16850589185093692 0.20432349627637392 0.041609763751865245 0.11998508236212169 0.045410981751403443 0.14690890741317311 -0.012827258010559093 -0.22456736116267056 0.044060235773882878 -0.015251162528093684 -0.13363129142003963 0.23585563160861509
 -0.060459645173930959 0.11660837212563938 -0.030726432133085246 0.12084406351258425 -0.19108444916000566 -0.086533006529714906 0.0061886972457103869 -0.026464641204941183 0.08448490798063088 0.1320632093284935 -0.19319122092106777 0.12492787915964042 -0.057860952913536913 0.20408764970302909 -0.12949460919617009 0.039027716918777974
 -0.080221614773749908 0.034460881119832448 -0.04010710841848289 -0.1145006659817242 0.015404988388593345 0.27200597571565288 0.14451567313067323 0.089141528348169935 0.052407611083654389 -0.059051534658459678 -0.082390827866775831 0.13427883250574141 -0.04316429106333769 0.041575795112481051 -0.16965443575085939 0.12596042054481016
 -0.052133960627246838 -0.029560493781154339 -0.077456987234245586 0.0016777269432124116 0.27374733998039158 0.045322287326905006 0.045584239366238698 0.24915021507782142 -0.019186371160748124 0.0023266894562637423 0.047237882495171572 0.14990663130557683 -0.18745042476366075 0.060475467714431845 -0.086506295157863816 0.047699156916166122
 0.11472498433799432 0.0014369688246869566 0.075059043910698384 0.080637967400125812 0.057012784254765046 -0.0064203945904009168 0.06547739332576695 0.075086384851747581 -0.056262262567510823 0.17869349129980586 0.02445010390010376 0.13140390444198491 -0.00063589390386192173 -0.14558314980284051 -0.19710495785974128 0.0098007039473783485


