# Created by Octave 6.2.0, Sun Sep 11 14:29:51 2022 GMT <unknown@LAPTOP-P0PV0581>
# name: Theta4
# type: matrix
# rows: 15
# columns: 16
 -0.04981848211817435 -0.012618029524242924 -0.13181362112922451 -0.039056102353650882 0.085229770398327478 0.030091871355387257 0.094689870326939887 0.057681465126905064 0.14949889712136105 0.066590065878439408 -0.0477473309903413 -0.18177549055616757 -0.091584498412344853 0.19650668173763713 0.012226840631962626 0.039725269231955636
 0.03207880104741679 -0.074599376710852164 -0.034400058918679671 0.0010238911518335931 0.21781691705531295 0.0016824387358149629 0.23019884993736331 -0.13155621308235044 -0.14579581914098927 0.013151923179267609 0.096112389439584528 -0.11345230575532511 -0.0032519541171517753 -0.068333902878962335 -0.011852985224324096 0.068480568874882825
 0.095418910381351474 -0.0043956603995443915 -0.0050430602993357969 -0.031670310445140619 -0.049204316690790582 0.12496245696945978 -0.022571877528218359 -0.12518257918998615 0.13605136273845944 -0.005506030039092987 -0.0762689797236797 -0.04053223357206473 -0.10003719415352917 -0.15645360671647676 -0.041696042055844033 0.085556322258083073
 -0.0015781485277906872 -0.18142433977447339 -0.036764830385351333 -0.056567302877990576 0.074546859425992373 0.28305640906913437 -0.048409911101334066 -0.019594359283160272 0.036402124106951275 -0.067609812123833449 -0.079346576558455867 -0.024006654527831656 0.29557665089413038 0.058448396315288517 0.031805687124848769 0.19478311762713557
 -0.076612968173610033 -0.19094761886218081 0.10226195577109339 -0.069549389225563307 0.049077723628303656 0.25580106165901978 -0.091803736124048615 0.037113550163879482 -0.090759339615823512 -0.28465576168777817 0.15204608035052888 -0.065341888862275099 0.12702529254769998 0.029611469407625646 0.22808462837916918 -0.037637280581269202
 -0.12867705029055701 0.0028697878255882409 -0.091225999794810567 0.077282496055214908 0.10568938151307726 -0.01247303038877383 0.21724484144506392 -0.01273935432421019 -0.16076723524787126 0.1126589342030003 0.073972629920513733 0.11230906819568731 -0.095719697954844904 -0.098964273676322101 0.099838179779631733 0.10751687078433457
 0.001692257839486183 -0.024905419830136361 0.086116147587668945 0.027600239197493132 0.18968841275606355 -0.12820843063624252 0.026816632139627799 -0.10132479583032118 0.058823811760325813 0.069891833837667616 -0.094330868308919819 -0.094912390201723221 -0.067712299308420057 -0.041419399226095818 -0.035777870707985368 -0.029248931253526216
 -0.043509710692311993 0.075985305457223248 -0.12173500030640093 0.054190539382209392 -0.1355448713495436 0.085347829207001957 0.048738831513288228 -0.12914775536156159 -0.026272534169225883 0.10248624780356552 -0.12120318857883948 0.32591081419946905 -0.086129826922494809 0.065859914619829651 -0.10898892656829612 -0.081613609215139438
 -0.13672928004457655 -0.049753360610780589 -0.0092365801650458445 0.044764544642008151 -0.096349029280313164 -0.04485446973117576 -0.10058185056302309 0.02266073112598041 -0.046219105044340382 0.080817928177610424 -0.16054137109885236 -0.099401647966378848 -0.051002719952791799 -0.11150257584824924 -0.029072063528159112 -0.10753778305292598
 0.077645397291413926 0.14123555530331694 0.13003769727192327 -0.087315448327135253 0.048322272410506753 -0.013833468645697348 0.32873909811788954 -0.039717218954969706 -0.039514784946782469 0.032246422334768411 -0.023550241946239302 -0.16497244334099287 0.17338629066681396 0.10090705170182443 0.068833877869554014 -0.0070909020861566951
 -0.011674645914564307 0.16112831351222717 -0.11836966258235303 0.18743963026473578 -0.13968151780324145 -0.051452287076531919 -0.12803106436953962 -0.085989344059898429 -0.056240912567071422 0.14838060310202292 0.23205795762424958 0.17104092094924062 -0.02657723709385932 -0.05345279808800308 0.10544653642216321 0.15409597405801512
 0.076038417895135157 -0.042369385818070267 0.065047378117357488 0.091241431812717072 0.018754188055821776 -0.064125191958303851 -0.14419200616322181 0.046293945833276513 0.0091204079062500304 -0.052854020139986559 0.17930077620985266 0.060896986574072512 -0.099578726200018342 0.15493282755512877 -0.058461388744482853 -0.12247413113014029
 0.07261636799835422 -0.030275832975765266 -0.080852320216761572 -0.023947118592826114 -0.10825481405121297 -0.056338140962509095 0.031649749484445461 0.12150004656050889 -0.097046411480852829 0.10812835288381271 -0.0037961097559567913 -0.10666757927753243 0.029265522558605626 -0.027872063590494683 -0.045682355791868884 -0.0016982931495927119
 -0.11636165073255196 0.10470082282103646 0.075027632874662145 -0.12148953031972458 0.060908027375642097 -0.15313722552620104 0.01739004792399507 0.033762380743956599 0.15402125198048186 -0.093080115639477518 0.011104228870816232 -0.10589327957472483 -0.049709932369528302 0.15049783971514347 -0.10055607862368993 0.1174911918651171
 -0.0046647537404628046 -0.0076465433827250422 -0.01426425528693246 -0.22777179303999115 -0.023511465994842797 -0.042528607685618718 0.0710967360902236 0.19895127200148005 0.057782068948375447 -0.13329229250267569 0.068984393412656414 0.19624000722621512 0.096948212589134872 -0.068939053850853207 0.33237737040813353 -0.086765624474719555


