# Created by Octave 6.2.0, Sun Sep 11 16:40:09 2022 GMT <unknown@LAPTOP-P0PV0581>
# name: Theta2
# type: matrix
# rows: 45
# columns: 46
 -0.0084292765032051888 0.089134780224882124 0.13690334955707342 0.062606490696798023 0.015667253180457742 -0.033842757027876091 0.016848537637823398 -0.13776230566830799 0.0082966769428231592 -0.091374853702258216 -0.13996299517721664 -0.086839424253219347 -0.14704469075852852 -0.11166619005890253 0.16395498522116655 -0.033845757165494247 0.021401590930101525 -0.1139762528738536 -0.10803295175408631 0.098979081449459633 0.063296180899307428 -0.14944885474853781 -0.047175391715273955 -0.10650657376192177 0.13755506923725494 0.068963453871751443 0.077107769288299779 -0.14003627939554603 -0.037120721724224183 0.14909220803333756 -0.012074052068921506 0.14777874162413152 0.038130501229609697 -0.00870589663482353 -0.068720902147027821 -0.039560631304732481 -0.13955801685494065 0.07913226010263541 0.10156704684007536 0.049609920975852234 -0.077058363927422671 -0.081937344813169624 0.053257901889959366 0.12502669497359406 -0.0028341943175278642 -0.00090570278543823006
 0.10930512793481438 0.024222148132480824 0.11366555175062665 0.0072047248300710458 0.10619318675927404 -0.057635294034028763 0.04165979481468747 0.11685319376868297 0.0043953180218626025 -0.0055673633349447912 -0.16577640533980031 -0.055011052306761579 0.13766999722442594 -0.01748517509868458 -0.070916721998494081 0.023731172577163031 0.0036531639868318355 0.09742350434168924 0.066858759641261922 -0.079825113631212641 0.019323977082382187 0.077762613742923564 -0.027985072317914576 -0.0095074164217280807 0.070006993923626165 0.049593046023072504 0.051220715529804561 -0.11772852548194433 -0.10198291948564052 0.071071477982756204 0.022876074984553921 0.15833597993883419 0.011161661204075267 0.032884150588246196 0.051905240684497776 -0.23925029584346966 0.079032225141304674 -0.11944896858700534 -0.016535498798455419 0.005989772798523022 0.079692481529835463 0.15260077596954236 -0.15107903829460242 0.0041811734177498554 0.072870676289836039 -0.058924755604059652
 0.098178217465662146 0.13120037970803125 0.094787835631426134 0.092608686978177299 -0.071503586654954959 -0.056920758262753932 -0.10214436001750618 -0.054989575935908495 -0.053039880586681562 -0.10979861637832432 0.055224904231361581 -0.12305023196203445 0.092689038415923256 -0.11928459009035605 -0.030722692519954898 -0.04412050056539981 -0.039499876002020609 -0.02222758441479341 0.040272040897294116 0.0020271972216581056 0.032691900871131586 0.11274148298598261 -0.050111717022973221 0.06135531223696785 0.10070200649262853 0.015390354133636494 -0.096492567775893184 -0.01520073927807025 0.087429170299303069 0.037006107289275683 0.041205492182124666 0.00040221612444594075 -0.049246963250781289 -0.094966730620189593 -0.013724759865262712 -0.091642992070302007 0.041023631483093223 -0.013892507082834118 -0.073510479922063304 -0.062970888806482439 0.046833775011492218 -0.11646732625533351 0.017138319268202092 -0.10110554036971733 -0.1174983927676314 -0.068051440554315501
 0.11398612051845793 0.10618539644033635 -0.01722750059098855 0.13763202693326962 0.0059439218769939154 -0.084113515384939358 -0.037494958031217933 0.075135749134478347 -0.16846680598386221 -0.034132031227903675 -0.07982890172441176 -0.020165015106739265 -0.089643548493935354 0.05107887901829436 -0.044891276230721658 -0.10722025248935928 0.097999786739640771 0.13201248405204344 0.015381108654859981 0.049500222443231379 0.09844750158974723 -0.071024604931414603 -0.035706804911345813 -0.085873688006270002 0.047318941321875502 -0.070414757605288397 -0.11176363902769831 -0.051115356429275054 0.038289237713302449 -0.059934004350476008 0.05701618741596684 -0.017155901516024134 0.075489135955541672 0.034426703936490742 0.06707401719437045 -0.078528133628844074 -0.10420336858786861 -0.091364995888316827 0.020341976612303598 -0.10080316242259398 -0.12538786919603717 0.031552168968732058 -0.015603717613269648 0.013461558617739761 -0.10953907249551116 -0.10650844687597484
 0.11782486390414988 -0.025804515078210605 -0.021495044111594197 -0.010833058810768915 0.058209795091675259 0.10386094045660138 -0.073037757686360311 0.044255835744888526 -0.11168327736982966 -0.15090369830896427 -0.13000172196830356 0.071352564607797361 -0.12666184431726932 0.0231766604577094 -0.030288878216287302 0.091430982426825472 0.044152580666978788 0.10821576701160632 -0.11060633113365746 -0.04421785577737742 0.036292892958867354 -0.036550416369200651 0.036409986716865336 -0.13151921910940007 -0.015465105889448256 0.053140943311658258 0.018463903749189686 0.15824185768643273 0.13678289330607299 -0.055082962577423081 -0.075228218664847094 -0.072679427483090656 0.068069314997412561 -0.027888352579555801 0.082233840284479165 -0.10009196608261768 -0.010596435793838203 -0.16740396618342768 0.075147430600359041 -0.084509445441234995 0.071963210201982306 -0.032614799152281167 0.0061757575086847909 -0.0037501709423429412 0.085924707548844015 0.086721897245487137
 0.089206850671747717 -0.10693685633015515 0.034306006855148855 0.015329739332927183 0.024168561081364084 0.014590260651891302 0.0049296954715513548 0.0062290953333937523 -0.13539820065252189 -0.093281958189994615 0.0044130867882203554 -0.055281084059661686 -0.083547398339221521 -0.09547621359789682 -0.11184879857884725 -0.094653684059402332 0.054661345303078389 0.14777113111831353 -0.012522360123327983 0.14500823230530602 0.059891869625305023 0.10526283324990283 0.11293050654968002 0.13029441268190872 -0.011269250459196073 -0.029607541741393038 0.0021145796911239715 0.0046528457768366801 -0.042212231831987801 -0.077451407322059684 0.077206953717066845 0.14138369603965403 0.01177370107416425 -0.034688059941226056 0.094939131726922671 -0.0018437365612717462 0.078973197780625781 -0.12020178492218266 0.082629581728879367 -0.061418651714802881 -0.093654236823022791 -0.087467676035303435 0.09906634571143022 0.067120034472985549 -0.087964092443193143 0.023983142010917433
 -0.023644040753764188 -0.065160513792762914 0.041255006007584222 0.085032630452738997 0.013350014803375207 -0.023701453940391429 -0.0035155841644441089 -0.081082824400515438 0.050728903920466598 -0.019290835832406015 -0.17199534559048474 0.030679867565798494 -0.12078479388441435 0.073876425256710648 0.042559719521691151 -0.069027331983107676 -0.10010300117163379 -0.10906376648210334 0.0021797206411147607 -0.16110009352305013 -0.13009356394342972 0.14950474469564431 -0.029381245921120208 0.058516627007913886 0.13149404446016189 -0.076152193240881738 -0.080321525314540773 0.078455080671180594 -0.053260688773886684 0.043230852700404838 -0.058244935458895898 -0.056249604308210924 -0.10342047336488147 0.0037426428319985269 0.17015459105479611 0.11407978232750114 0.01486614459850627 -0.06419463728556267 -0.11033196237781273 0.023483809028544397 0.096481410733192552 0.096631692827666649 -0.013348248384442707 -0.017896739357650085 0.0067127206284262799 0.048742769976995615
 -0.023995848372363796 -0.014019167044591925 -0.073878268532187333 -0.038332254410077135 -0.19531026790875522 -0.0039266532028928835 0.14465178101457818 -0.039183492238677481 -0.090029059197597225 -0.056969626218149896 0.016795334746142875 0.051295502803422738 -0.033195678800530308 0.055513023355929614 0.10527420493706369 0.00047058080253497691 -0.098367043066672072 -0.10661787287976614 -0.047501338640191106 -0.057460729028123755 -0.084093293601807423 0.075314701302393899 0.047327767614957258 0.061639432081301793 0.036775030696583728 0.12393580128227141 -0.10846575393473801 0.03533072502422261 0.12982058212091471 -0.0092228413214190102 0.079157894047616875 -0.022170629042261636 -0.0074510923321397162 0.19460146633770811 -0.012984672844090576 0.088306173246163924 0.067078564475985564 -0.0043061793648947492 0.069258553421310751 0.050172430481910779 0.058825218030609736 0.029937216460433558 -0.057390516199842014 0.05376131704142121 0.02189770603006546 -0.0050968489926847852
