# Created by Octave 6.2.0, Sun Sep 11 17:10:00 2022 GMT <unknown@LAPTOP-P0PV0581>
# name: Theta4
# type: matrix
# rows: 55
# columns: 56
 -0.10468745326436052 0.099409690296836994 0.077442386812538552 -0.10192785795613536 0.05190608222251588 -0.03723698692364194 0.05464098285935623 0.003379544931034898 -0.11356693678320678 -0.0092041820751022768 0.097243488854213883 -0.033600540065326319 0.085132520933760031 -0.041661669160805548 -0.013895390030991278 -0.091170973130050209 0.11537599712071558 -0.076456037993078582 0.0026208040379548212 0.09060713752919812 -0.061565757527493853 -0.093594361367431989 -0.020064144417148013 -0.078453538180932758 -0.089526946378079342 0.09239531259124735 -0.042889243674280639 -0.10976998626292327 -0.038544125853304106 0.011894134902647137 0.1371050534565621 0.055545351142686217 0.1052051531342884 0.076457838000903902 -0.03937927403952398 0.067784312389675888 -0.078093000885514713 -0.077594148555561321 -0.022924647542428279 -0.072241418321158962 -0.060150736938566221 -0.064325443781789657 0.058380783304348045 -0.1119369717344835 0.10458395163121589 0.016217131017751966 -0.0058755891604573241 -0.047356126503941838 -0.015266085041182721 0.089400465392023315 0.068529669443854344 -0.014757364954405135 -0.11393295002969489 -0.065452948020728902 0.043233824941784522 0.086745703591035339
 -0.072122327521152899 -0.036495888969691831 -0.11874520340265741 0.087711645972649827 0.036741994583498139 0.0044825453390549075 0.078852656094909143 0.00039925348186926218 0.056504491346845875 -0.092350997600512602 0.13005293508390664 -0.080629984699925245 -0.10084681361367751 -0.071784438395867123 0.10234703479568906 0.1015223128231036 0.14197640490582089 -0.0062241755817996512 0.075905503672845209 0.076993207726380797 -0.078381700660897669 0.13122265979234235 -0.10891590436558728 0.061146125097016613 0.014430480788389623 0.023244091297478821 -0.040246675845138545 0.13750355670636882 -0.032055086113379413 0.082112658517990059 0.045537293768935186 0.07418520211410147 -0.09571307244914827 -0.12594059934875174 -0.10888003594538576 0.064680464429763398 0.093812209926902243 0.082222325059584933 0.095532334671397184 0.039255553517109548 -0.049180154803072848 -0.0027178796989892266 0.026948153482902006 -0.074457395490899733 -0.02958799345443186 -0.081375841751720565 -0.021115866757142047 -0.057278487011850142 -0.071739417400440597 0.033549491412595861 -0.086918481953472848 -0.021804084459437881 -0.041474605203702365 -0.018046727376763296 -0.092457096649993117 -0.11450516769954615
 -0.018562734096366825 0.11046921966184675 -0.082956357290326133 -0.022601934117123447 0.082991006097366773 -0.02012412844260647 0.044932697776149756 -0.058703654496801122 -0.074556740837878679 -0.025730181834582339 0.021477537435490513 0.11641948942816646 0.090938638517389411 -0.01098338762212699 -0.013086196937354593 -0.044510963955759042 -0.06782944164524804 0.11550612093548838 -0.054710206296781839 0.040030115832066462 -0.095451792403186853 0.10178491366511883 -0.047291218931961192 -0.044859828664034526 -0.074951865759159686 -0.030022751201336472 -0.048184038288176544 -0.10358063884546947 0.088664667080571399 0.067262353823877075 0.084043741669878547 0.11124205531924113 0.102800941559285 0.031860948885151383 0.0330135825038625 -0.03204485503145918 0.10540780166046584 0.036993798287756285 -0.023031405255727132 -0.055119892543126485 0.012586652061909682 0.089784805246795774 -0.073729236899321662 0.057099356201739851 -0.079745186736240897 0.033136834654364788 0.011700044390277975 0.026488878881077167 -0.074240432401465467 0.040235430290870983 0.048266148320294362 0.08198563214819668 -0.0015246944587571413 -0.0044860261414285899 -0.03510774737808852 0.043522376001814904
 0.073769352461740018 0.1043696851430055 -0.09956551975496164 0.024226193941572379 0.071450425270259688 0.049156453555893043 -0.016640265037375018 -0.089293110354179472 -0.11472787993451759 -0.085534180299528945 -0.013055825166494502 -0.035713050377258145 0.018976168434602078 -0.038877060199638151 -0.011488635388008418 -0.062436764255647037 -0.011226296201401599 -0.096404681376470611 0.030638367714257462 -0.052105677080493615 0.079688764293703876 0.06978324846171155 0.060963852333895938 -0.10930708634269555 0.093951956439209727 0.055646310573472677 -0.062309237445782456 0.0044602780269335611 0.13870157636697161 0.031272172656303519 0.078448794853449313 -0.091089369815857454 -0.019905433574008202 -0.15689260807572428 -0.10520372299387602 0.016210282337001669 0.049582411619252073 -0.078904772306254423 0.038688134305453585 -0.02919469916134889 0.091377638137081246 -0.031463701831864477 -0.035303757132736931 -0.053581515823029148 -0.01001256791720608 -0.051304956208485235 -0.062806823771724474 -0.088230145849567759 0.12645772302739819 -0.11299868524930158 -0.01881602123577009 0.10818566048611311 -0.089361271633044914 0.020987646022118452 -0.089368703062047541 -0.028557713967467743
 -0.052929704748606976 0.052971761343708464 0.083910038271547013 0.040280129191701423 -0.091657726963229047 0.14298597431731608 -0.079262289819474113 -0.02638882919420742 -0.042688818336343005 -0.00092993122775440686 -0.053169431197208829 0.0017632825983899887 -0.10013041927431318 -0.057889438924883477 -0.086747484525516796 -0.035028314206268771 -0.095925297280176541 0.0015212083568245571 0.14260362462683324 -0.052450973825928615 -0.13314135052787768 0.10094225376836059 -0.071694284335309555 -0.029476346721673659 0.13093811316608958 -0.13284852273639519 -0.064469796003336494 0.030973816653778151 0.087763352194826436 0.0099690225177430161 -0.06559911742133695 -0.094809665476105129 -0.092730736979309433 0.11258602672228704 0.11350278726518281 0.034386526786527448 0.019346972505921944 -0.065676214808568834 -0.0031475465906926937 0.059973542900234024 0.1113893778637825 0.017320087687888418 0.093108233654114442 0.037608707823416673 -0.043534722832605212 0.016252719926166288 0.00035454435832391301 0.012883757099930835 0.10374821023633436 -0.030548080199440445 -0.085965170921932912 0.033294978720450244 -0.077618553746296018 0.060184693060007247 0.08418012079202368 -0.083558777367935766
 0.05469275806778541 0.051724933402482888 0.098596231656704017 -0.070707464265538908 0.028320637283525792 -0.055227570676842141 -0.080058938141706643 0.017015963420614112 -0.066747383818257067 0.11854455012211902 -0.0710241774959047 -0.053142828090712704 -0.11041004187322374 0.0415303783208541 0.022831561964895088 -0.091071580891806919 0.090598477126106788 0.06894199832786771 0.021223960847090814 -0.070187633066244495 -0.023105515852657511 -0.093858026254337382 -0.073731894677876844 0.12935889304771142 -0.093202783582294058 0.04551141563342942 -0.012003670473785323 0.060563619631662978 -0.056130515203039549 -0.092095687039447524 0.11431590184320287 -0.095253048711236993 0.0097134789207784563 -0.08592173098915247 -0.057394555690550846 -0.079858803621308816 0.066803090727729053 0.12499695327993036 0.087776186654355368 0.075428898896967342 0.012110201941188644 0.050396610332770035 -0.03106439859222165 0.025989527068144579 0.028704339631612036 0.10574385608596135 0.10301949912758031 0.078818313555877637 -0.011191288941047596 0.063118950740199978 -0.030189679188308862 -0.068453004477727536 -0.051526523345696171 0.099130345099402939 -0.083250567799974903 -0.11288440263424644
