# Created by Octave 6.2.0, Sun Sep 11 17:32:41 2022 GMT <unknown@LAPTOP-P0PV0581>
# name: Theta3
# type: matrix
# rows: 45
# columns: 46
 -0.10704060172380579 0.072162010360990583 0.081635640750415003 0.016389074467863689 -0.085388610593144676 -0.13683076104049743 -0.12226341089413316 0.11766473610841677 -0.04628623168442858 -0.058696487578559227 0.10507245563020701 0.10591534678206274 0.026993740668243553 -0.16596818971689883 0.16747245554990306 -0.086150398458864352 0.062478195128722387 0.10063680770774512 0.031963760901334258 0.053816861474370342 -0.07954807465225941 -0.035952767955563777 0.032563100382560439 0.061316774258747049 -0.0031322126660813998 0.060528795501933998 -0.04596521014537993 0.14295387217032338 -0.025540158904226846 -0.033741298365434401 0.093358342451728429 -0.017728858493193913 0.15017563286675828 0.029675650629096682 -0.1590919151113247 -0.059596840275173091 0.044056976588786767 0.10637908297962546 0.1103162531034621 0.059555371090978665 0.11825096246178282 0.11596926303910628 -0.026556895917125432 0.10610124515350305 -0.081676853362557339 -0.055080965692872227
 -0.085389229151209473 0.020546842522791882 -0.10492819015439432 0.12183035400220574 0.0023475808001673418 0.044586057695459001 0.079536186857058627 -0.12397723890952476 -0.013243901838027563 0.053095086586943695 0.14583673149103718 -0.059706519589948708 -0.11490175784820063 -0.020612826694877424 -0.044131540739204063 -0.021078584082165022 -0.051010144327479558 -0.056944646578005756 -0.074854176574288958 0.016561182255006759 -0.042559089751450688 -0.047291920227921211 0.1226771893333804 -0.0052779036863114222 0.053549308282930266 -0.026849574007319688 0.059271118525821467 -0.10137151471224252 0.083330769098066346 -0.10041396386627813 -0.065380192683667446 0.11495678002720644 0.070818866706800682 -0.089689565644842068 -0.080571868604794983 -0.035805911660483088 0.060426363067657536 -0.050591735235814929 0.08669416759902622 -0.093849155559697819 -0.05006997037397843 -0.12823146151281539 -0.10033825401650165 0.10244286923509459 -0.06830773888579357 -0.033819911035705398
 0.041324141128822774 -0.094038124468315054 -0.049741267033511824 0.12860006337094787 0.096829954124208487 0.0746634874373093 -0.066084803409698939 0.050542960055342194 -0.046984392928400016 -0.057608865586682996 0.051115801442062951 -0.099491779100637709 0.10292466902853994 -0.10858193172490388 0.032280326253335087 -0.11002569505436971 -0.014064903384288995 -0.044805550046659259 -0.021591918032818382 0.11587342142803075 0.039601171342625238 -0.026767663372492707 0.066931112479834326 0.020000967560555468 -0.075517103391174803 -0.030138591454639423 -0.078740744584021596 -0.062288899216955115 0.045490976497893125 -0.089569950740210388 0.13531071387835145 0.099597875365357164 0.00079727086580394534 -0.063650569320937461 -0.13328818419663777 0.10049724530289432 -0.053775725341236286 -4.7598364875651061e-06 0.082029183746743548 0.019323678472809028 -0.081342695233572473 0.018547027056651941 0.055851036220804645 0.070729411866059383 0.091692912253981379 0.090748034655445439
 -0.013623531619328944 -0.041325835350788577 -0.00072984916090829762 0.095917935495242759 -0.039369433637474402 -0.040840962939204237 -0.081198434250006432 -0.027009148537365885 -0.11643186991821836 -0.020388666406474507 -0.077876965090904055 -0.072007310698587054 -0.043520594890651368 0.035468723507974115 0.095117046640277578 -0.073273964696744964 -0.050562085657123119 -0.02830370075523132 -0.089178602351876371 0.087226817332245077 -0.016149475254333572 0.030526391747615449 0.0547199494340899 0.076839045675664283 -0.034320220170563756 0.025120812947283196 0.10278964222040213 0.023281923483914915 0.0090523137194612226 -0.020774960575875096 0.11895925253467042 -0.03171085317271221 -0.050558107469597303 -0.067986968692961947 -0.072129399984529136 0.024924568015448446 0.052930639038531943 0.075753267207690017 0.014029737572982589 0.22374717467175309 0.054962617155794466 0.044702338888949235 -0.010400929899852017 0.12941418642062505 0.10297581542209629 0.079627287054745047
 0.027278576728939557 0.053187890178171486 0.030336166703941195 -0.088627509064139298 0.040396335342169923 -0.021193020537089168 -0.066273689385579232 0.02081215256811628 0.04715118600673273 -0.024628819084978732 0.04291926981533959 0.022289235930076791 0.076452632359283373 -0.095447699185748774 0.032746194246454467 0.048818166844582948 -0.0060789633020439668 -0.053856220458887639 0.033557231016344745 0.043304179431697724 0.06650772585559464 -0.0040424961786669844 -0.080028218267605769 -0.061215601617348729 -0.042764101684995739 -0.064859046389696362 -0.054940841270378585 -0.044780666298452072 -0.056899867972729966 -0.066348066139225739 -0.014001765044980203 0.080079397582719744 -0.0077491567118328523 -0.033744557815816943 -0.002678844689747223 0.0080305253226611983 0.02573246789207197 -0.007973760989654988 0.031274448310584305 -0.0049838688292079547 0.094507434154715103 -0.11220939673230804 -0.044308059401266767 -0.079222632164242898 -0.062054070887908166 -0.018483203777914188
 0.019836151944495096 0.11375520052442466 -0.046804536420298352 0.016266391737218239 -0.045408586606019909 -0.097990216756381032 -0.1241499689453667 0.00057546712261367493 -0.12547412988374224 0.10425733412818214 0.025507151283185554 -0.018153537396409708 0.087874041948564879 0.090748361596273447 -0.077814420424422673 0.10592133168162061 0.0031841562664741427 -0.14565296059193678 0.10776979889860716 0.10324340476985945 -0.057923919487890163 0.047383277548838684 -0.11274022702570038 0.070423374359273955 0.1016530409915823 -0.074072753319842838 -0.10738576015627527 0.0075510371726042616 0.046049193873313361 0.13066161802875584 0.069692702516062854 -0.087740428256114861 0.11260957495636248 -0.00043892460153080351 0.01692071778030961 -0.055608471397514264 -0.099044851630923733 0.037174640249198879 -0.068250984368698406 0.11077818191278958 0.083172378359451599 0.10488444921847122 -0.029402678568809619 -0.034630715296731306 -0.11555635786113339 0.089391629093265562
 0.091879536251849261 0.074792435693558798 -0.077195816617192881 0.11425990960856376 -0.024171402282675291 0.11060476228262731 -0.071251093436604018 0.044407850141786318 -0.0038439674508762094 -0.12708607070463906 -0.071179935272683542 0.059073557162674609 0.010375839758040028 -0.0056710620669854868 0.070113124851886241 -0.071688587567276058 -0.026774957578067193 0.02309047949291846 0.10505745111564094 0.04855907227477281 -0.11563227969923795 -0.051586318026060812 -0.11112962106508779 0.0540925048711332 0.10357480840049721 -0.095926002556330339 0.062319794811248115 0.12298571023487122 -0.043650553211911441 0.077714271786427924 0.08523856597679802 -0.11184442885772544 0.077750849566113805 -0.0056886614221817369 -0.056761938318097185 -0.06835979639679321 0.015518155840583652 0.10767572238559815 0.16876980422577903 0.016742195566689377 0.080218074409735177 0.059715461307765984 0.10438442752265956 0.14131503396434325 -0.024163836217633534 0.11553490817239438
 0.014601927527483093 -0.0090960657317511844 -0.032863225370121409 0.12599544972261686 -0.084751952208767148 -0.024816204987662793 -0.03954736024344005 -0.11260371894808961 0.045837542286539974 -0.10324479426473342 0.14629792685499474 -0.086426155392483536 -0.066403967986644594 -0.13980431797592635 -0.046884240597371847 0.079739127176952973 -0.094676527477097316 0.075459620944072006 0.10070854189834226 -0.021976252545965001 -0.076325839957438843 -0.066822335911678646 0.054973111721464414 -0.0042163553472349818 0.037988570254624363 -0.024971259412885 0.10081377580170267 -0.019477957443973865 -0.10946378669728034 -0.0014858698165289522 0.069102202990281941 0.070267903885766619 -0.083068634033287445 -0.0011959570886014665 -0.052486722087858227 0.028889893781664771 -0.055260391485800205 -0.021610359321543399 -0.11218761369142213 -0.069552762621975642 -0.014907291397231973 0.10250266957198635 0.055971266414375304 -0.0066737195401807923 0.086890104423667458 0.10472872096534816
