# Created by Octave 6.2.0, Sun Sep 11 14:47:28 2022 GMT <unknown@LAPTOP-P0PV0581>
# name: Theta2
# type: matrix
# rows: 15
# columns: 16
 -0.073831829169166183 0.12599567372752843 0.0025187937890067554 0.050460061596837198 0.092062017313424657 0.18957431653937676 0.082870574613124415 -0.19162874090084406 0.049630334977082885 -0.0030580538414926562 0.028120269812615398 -0.11390626916519417 0.10222980599631547 0.055207846889706397 -0.0097690554221009814 -0.15453680972460129
 0.10035634444468608 -0.16944165666755096 -0.003353483833307136 -0.088032172448759549 -0.05734949554141637 0.2984302882169001 -0.11017794201772901 0.011178489765371927 -0.085328792339971885 0.14581167724126678 0.0085346881665566664 -0.015379784077993284 -0.021341037757791493 -0.026917789116824728 -0.029271836174937393 -0.19453920334392868
 -0.031554740580405423 -0.015594601229871661 -0.016789617490455308 0.12333678479792948 -0.0055982545764006984 0.12171106478849121 -0.10742335072109224 -0.053932339229215802 0.14866130997102323 -0.070438315105445487 -0.0045095773528415943 0.12128267774097608 -0.12486439925726003 -0.071097674839378538 -0.052175859016662912 -0.093944995383858948
 0.041273397341159576 0.14164595052319215 0.11781208672254416 0.010074340136420331 -0.06526696555258206 0.021741803346912978 0.07121654891842974 0.18096389593437132 -0.11233992504957011 -0.069117120582333214 0.016428498349509976 -0.018095651409125856 0.22682319319809938 -0.10683210753465042 -0.14357772857755741 0.030723306244422072
 -0.081803953941420787 0.11315495944524025 0.080601622061070008 0.17035693847344011 0.024030324686261574 0.15033759246874664 -0.12467735814333814 -0.095818572694480908 0.11836682048390482 -0.13160694728741601 0.067932946999005428 0.0010815433164563673 0.21333416666651794 -0.11317545863166247 0.14484793689246106 0.1555016607225089
 -0.10029463830918678 -0.19562705115699966 0.058903711200583846 -0.16742945301973652 0.034605388006915615 0.10865520507525793 0.15014520538373879 -0.063986847673558458 0.060024004205464665 -0.15596333049736222 0.047979095981587339 -0.028773479741941655 0.079854041200896855 -0.03301430311350613 0.028491402692657212 -0.01146624099123901
 -0.10031676829411322 0.085948594545397147 -0.036228202148049109 -0.10010466586763513 0.014686402222183486 -0.090247358094872554 -0.10962118725293891 -0.029227331736064927 -0.01373295825056591 -0.019952713804027498 0.10974805809894787 -0.077301217922086274 -0.062477617435991006 -0.083548830863010445 -0.11777765730301999 0.012242953894729085
 0.095284845134104859 0.12042923356194733 -0.03250755527280895 -0.0876580351869089 -0.10254535957406126 -0.031853119533625351 -0.095037797499075025 -0.027651737353903087 -0.026280734591606913 -0.10753125045528492 -0.099816614056685932 0.046513769009002497 -0.073172221606084192 -0.11147975659675083 -0.082183125358412532 -0.11858926201482037
 0.090736580776657361 -0.029224521202826044 -0.087746710272956441 0.22427678199394652 0.035390270417499071 0.0045436758891485608 -0.042440249204177924 -0.16048958125714052 0.0024951561592839433 -0.12628581360332461 -0.1640865899664404 -0.14725268181247733 0.18870197836815431 -0.090374936134868869 0.13153627360311637 0.074917444509906977
 -0.05713193560168478 0.074784878544116251 0.021736617872087652 -0.040805374074666806 0.0092425594854656547 -0.077183552247233181 0.14638676885906443 -0.019245677533218989 -0.04913654936000348 0.08555676146678956 0.23233679417399586 0.040734787579825758 -0.15776380156135145 0.054913103485248041 -0.1693634341368643 -0.076466909940562197
 0.092055522396150627 0.14300354781500563 -0.087789156904184443 0.13576722250017825 0.036212231500786861 -0.1341929397982756 -0.0263288517230135 0.018226207612483815 0.17323431868982908 -0.055608799308832897 0.15761941352030467 -0.031336152032028775 0.016118910294833481 0.046895841705599677 0.093583235538645171 0.12061309969158969
 -0.053671278931456012 0.10118576263728124 0.064609994197407178 0.07103397234871181 0.090347732173152409 0.10340039952609842 0.05990630527036734 -0.15200509093195361 -0.18011459856183867 -0.031853728264499198 -0.030270095118419486 -0.064683081288053029 0.11553520590153983 0.084069350166493015 0.033725705157207242 -0.16921879547403113
 -0.056869281365268205 -0.054798394309784837 -0.01863443856352958 -0.11556834576236477 -0.0018031690001832322 0.031020339078945997 0.18104186020782201 0.021007869943255274 0.10550733135465815 -0.096045012796303716 -0.097565214648385482 0.020662751018548458 -0.1107012040092374 -0.018038419366415013 -0.054017698660076358 0.12157386528603509
 0.085592503135954581 0.14037554803141022 0.026072349514762762 0.18696414696336217 -0.053870857544869789 -0.014809972114112026 0.19811238595352751 -0.025760810268815854 -0.087329975938306104 0.11799492454503317 -0.1409990794970368 0.12730466050930841 0.071130916973304287 -0.12653266713907174 0.099883137890909746 0.04009992634370009
 -0.080597687942998264 -0.024042568337242876 -0.1369532920563154 0.12298967795208257 -0.044598476263339855 0.24092218251272901 -0.12640505601096588 0.03093031833391828 0.088945917831262572 -0.2568888353908208 0.039368570550448845 0.06806010222906328 -0.10904419560121578 0.023863715442456489 0.0088812276274541115 0.15684766091597591


