# Created by Octave 6.2.0, Sun Sep 11 15:00:52 2022 GMT <unknown@LAPTOP-P0PV0581>
# name: Theta5
# type: matrix
# rows: 10
# columns: 26
 0.044938384659704518 0.039666928682943678 -0.085107978451659877 0.011118935589043064 -0.0038586828705590823 -0.18216826701147396 -0.044784589775449177 0.16463735915599578 -0.086317928462179352 0.16552989493143008 0.014431561861574784 -0.12643422104247604 0.040546440084377876 -0.033494694184063901 -0.18000551721129693 -0.17831153847100206 -0.099856648854763669 0.055145464517228487 0.12400737071432238 0.018373410266021965 0.12920294336724059 0.18176511301859921 0.089613095567788112 -0.0053804651123931461 -0.1604767222136691 -0.025244079505610296
 -0.018436338781035587 0.034506211712125576 -0.063502631607727344 0.10371745874747385 0.074521170677183945 -0.10678297604140116 0.056173414153114658 0.11933798006276018 0.023968213874454112 -0.17865157352933214 0.039600937589255106 0.0002396900782400314 0.086022526242883701 -0.13588502151453802 0.1459521862918893 -0.014946383757067279 0.083653678294148756 -0.19377401060017099 -0.091785752405164039 0.094480624466053403 0.10148221024180996 0.086381801151892187 -0.10831560149639577 0.12660855043578073 -0.18544812419459603 0.0089180343680771781
 0.021904829237354349 -0.042873038242786321 -0.044251171029909067 -0.018489942241836654 0.010723240384541342 0.24449198959305021 -0.012881344732894134 0.00026441871419193025 -0.059739550875479233 -0.14334835214170349 -0.063083810034482726 -0.016286659891665008 -0.075571963462709529 0.044702647690359885 -0.088707695380443097 0.00555581508738356 -0.048496734098065986 0.13182932941282088 -0.096683913030068375 -0.021479150669000639 0.21403004203201628 -0.078885495759506902 0.044537065740026201 0.16107739557674025 -0.063792703537657702 -0.034810018997907602
 -0.12088701303799329 0.11236962218334107 -0.09001975077460829 -0.058406314064716955 -0.035818656882251554 -0.14533809624960986 -0.21401967868987831 -0.1616921828512419 0.0075137648598498363 -0.032363501091938175 0.16357820228099756 0.12598930466644348 -0.010943463753556801 0.11422454190282919 -0.00048570906257151608 -0.017498214030462613 0.16033242688597141 -0.055455068333359336 0.054070627486285154 -0.062199290577477202 0.016891504717402531 0.0092954560809904632 0.11468558617186839 0.069011062459579872 0.024314575790667457 -0.091003589314952518
 0.12009683737792895 0.033809374114583374 -0.040254655680886556 -0.08265083001378376 0.019104985086771078 0.097109562700355978 -0.10416675747554602 0.19665212271805962 -0.065279687471682821 0.086665650401178268 -0.16864817617076153 0.087246941190803284 -0.096338675306965701 -0.096878726057001388 0.11181261892623631 0.16451791718099168 0.13402267325267722 0.12618919124154249 0.067323170858650833 0.045030355882654971 -0.021201340764855827 -0.32034931686847162 -0.17497747837129443 -0.12081481061719505 0.13999932999345177 0.060217716495993716
 -0.075190500968154925 0.10473393445855537 0.10297554048187656 -0.094546239857921932 -0.020831527761803824 -0.023660723268761289 0.013746992211232814 0.036258500577606864 0.061440277040961742 -0.025299475813175161 -0.04227281223388743 0.20819674932415108 0.059053157675042732 -0.14818571877825459 0.040089444762639051 0.24062818285963641 -0.22531645667517908 -0.05666597635527134 -0.10896020078444386 -0.11418447494232398 0.14833357211525833 -0.14310185456330241 0.05679549533950224 -0.19280596504067293 0.0080509268385731778 0.083865871579243856
 -0.010541713394529093 0.08445286603247458 -0.068387001441636758 0.11841713078594478 -0.0096094519142144331 -0.00087288727233965455 0.2484120855973192 -0.095548977347074862 0.079449405064816986 -0.10600803725338884 0.1223216271622556 -0.094469229924010203 -0.12954154928825068 0.073455234897742347 -0.083348553103744574 -0.11114620359341844 -0.011857332471406704 0.0080579889251091059 0.011063926720607858 -0.096820022976626313 0.13516181269392555 0.075935333141345804 -0.026812302780036729 0.075766744554379845 -0.11832305496005113 -0.13369285400464367
 -0.026311382783601511 0.02047944200495979 -0.040095762878668034 0.076781390610964673 0.082418835332446552 0.071521863302295915 -0.047920979882918033 -0.036161019536527193 0.11605447176618952 0.025276950949659406 0.0042770258167356577 -0.0094542863205479572 -0.096202734557643652 -0.019775230606148053 0.027255649871477047 0.045096101870648109 -0.14965472400396115 -0.12479752572683739 -0.092584277752455063 0.078414448936053996 0.011851442670155045 0.041699018303486789 -0.054615504361720246 -0.10143102584277502 0.21768411544017688 -0.21098171767918128
 -0.072019386351970027 -0.094476889361175473 -0.11768166386901581 0.033116550247174789 -0.088269293252960096 0.20114334235737436 0.0063543435280748826 -0.041603971249637106 -0.13244147498924527 0.10246994916873273 -0.044416430097397069 0.15186266794350858 0.053574300127500724 0.2232442658636927 0.11023497254058158 -0.015915352861610874 0.058667387091144135 0.0088028477438909652 -0.23329055681973876 0.10404399204654126 -0.13630509916094688 -0.089279598605213006 0.07774759849874599 0.10757866568573927 -0.10296620264573224 -0.16441315280519106
 0.059139660241013761 0.069454420499075173 -0.026990653299934483 0.15688684004805509 0.080594088009382267 -0.0064416161520501501 -0.072501118189684619 0.02798672598184988 -0.011244124211037902 0.026890629848293417 0.12731647264797452 -0.08466483782478855 0.12470178992444886 -0.13943731690982292 0.079330199430364595 0.04855749341686829 -0.075287269500420514 -0.11133006583514882 -0.070565871236363445 0.034981345495543957 -0.19309283532205487 -0.03402188585202371 0.13113400411080967 -0.15589147586301799 0.062011279520917548 0.055717384745387295


