# Created by Octave 6.2.0, Sun Sep 11 14:47:28 2022 GMT <unknown@LAPTOP-P0PV0581>
# name: Theta4
# type: matrix
# rows: 15
# columns: 16
 0.012023030714813259 -0.090490537509352292 -0.027578995908463959 0.11258044074515572 0.11443592457280842 0.007573298609163572 -0.061583833802842623 0.026909249115687078 -0.1197768002506875 -0.022397315126961293 -0.051828254295997939 0.027159935795721526 -0.067045135887097776 0.045592752289501354 -0.095741421396651691 -0.078691169169580008
 -0.053571733520110285 0.001509749113549763 0.2432088080866659 0.054675007438770261 0.095894278130616725 -0.053321793011363215 -0.077300582032137022 -0.11240946807194176 -0.1521552924173564 -0.10593920398530936 -0.20443415181662364 0.24123778363740475 -0.015447587125608387 0.090367066013569489 0.089635442383611527 0.027771817258727474
 0.051994029909269622 0.019158901029944185 0.058655963734654523 0.054462253542857525 -0.048016078831105709 0.038094212619975365 0.040556895493292534 -0.13209425621843895 0.080650666131668006 0.00021179923817174281 -0.12824553112208925 0.05639148257991565 -0.10222614831568305 0.029567278211104261 0.082367987839065043 -0.076136435815457718
 -0.0014382340474792363 -0.11635377906250234 0.16878211667672344 -0.040921914490329295 -0.093465466106083209 0.008937177933123654 -0.016291933025900849 -0.1258479691021043 -0.032457939276799436 -0.051429983935282031 -0.085926858908853376 0.078611223940344602 0.05105200979226579 -0.029233605252828813 -0.013161838796241502 -0.079825842998009627
 0.11982788563241403 0.12829278500921937 0.18829760648354812 0.04875889901510122 -0.0027535064843863949 -0.063416957550574679 0.21655740483568317 -0.15084521989620747 0.0060278783602431508 -0.054928217611439706 0.032889265858138408 0.13049066151119559 0.14724876215054239 0.10760226721980698 -0.10890774219980272 -0.071817111556844337
 0.0095521548347134218 -0.11112912941810765 0.042374389819275514 0.043187421471530568 -0.057254777712305867 -0.040625239378380709 0.29086477583800896 0.066042397091748251 -0.17810547289193057 0.14524641743752806 0.14069236437483582 -0.12655316358091995 -0.16791072978963054 0.023635050563438873 0.28672236121712724 0.097909170794482067
 -0.027951873404919274 0.084919162930417347 0.058075488334092207 -0.1099536998251326 -0.062481092231695352 -0.14139962464238082 -0.12279227130548508 -0.013356060985883069 -0.096431781517846954 -0.0065505514348766034 0.0088315837666456121 0.10846194530520341 -0.14241388629356191 0.074118301331729419 0.0035053342183971681 -0.07467634512244721
 0.038266724897811535 0.066544007384719356 -0.11123998615131926 0.051611805394321787 -0.059637641673648087 -0.04933576701672801 -0.035121650382626421 -0.068438027677451482 0.029895904674259736 -0.078593880507819042 0.049222220117833983 0.097302581233513236 -0.052205933195101514 -0.092419728777617588 -0.047393460778669884 -0.13164552049269684
 0.07540531339304643 0.10076447206685268 0.10184625787585631 0.12053866109598436 -0.064317506852759374 -0.25733491757916488 -0.043863789339984312 -0.089073511475329895 -0.023230654400729644 -0.10216031138976267 -0.072744839087687974 0.011628193839609476 0.16831599670782324 0.0093690521800972853 0.26515163039648831 0.018649630938413039
 -0.0055475173833414698 -0.044498363637105492 -0.081727631593178585 -0.051401757189375633 -0.06881988901334804 0.058883182629954914 -0.034784723583573388 0.0040474644670088229 0.11072016412080435 -0.12047406830168707 0.13966577524841939 0.11434269410177124 0.22179087341562623 -0.01976880189625364 0.053545224659961581 0.16294197938858032
 0.090923035443242053 0.0081929506490682532 -0.017339853704664974 -0.03202523585906232 -0.044175886471141915 -0.14446177210930364 -0.090618216824377928 0.10106506154488862 -0.046813114896308447 0.033093515467113303 -0.1772822946433619 0.0079732104961888137 -0.079323899782663201 -0.0027987134323197247 0.10478250257539069 0.089821582946227885
 -0.057043858736213149 0.1706703778202831 0.11316905221540448 -0.054815969570769237 0.11348240444614198 -0.10197726692728615 -0.053080749671272465 -0.15592594633019505 -0.017178290897295414 0.28558509841528579 -0.12486794106458339 -0.076207717738524847 0.26110567895353387 -0.096755754133691002 0.022709084198595464 0.23224927079813359
 -0.075545057269962967 0.11931823480670961 -0.01904412820213329 0.025605745519544448 0.075447750296502206 -0.056512265892659785 -0.11104105142711325 -0.040689376267293943 0.013277582153619127 -0.10912349373876966 -0.10921180696895902 -0.0018998439933997323 -0.034561135486321053 -0.054256656640061976 0.030898840651853242 -0.066616348217943169
 -0.059011235334497258 0.095082338260374266 0.01710256204252001 0.086691744377732138 0.047819159847305073 -0.041898908910811869 0.11152414710929737 -0.021491727306798995 -0.12868634393570688 -0.091323407846442273 -0.022487652761210973 0.053062484112112882 -0.12252813686462506 -0.039705513805327552 -0.15348428730602853 -0.034154215012435929
 -0.048895461943145688 -0.013649969209711137 0.035927929381515712 0.0052455017411836575 0.12150104779369836 0.23990482949198555 0.16581173779452396 0.039236745087259217 0.29569310432991031 0.077107811771309306 0.010478030749326265 -0.0032305107261860555 -0.21634971444722129 0.057698634518853348 -0.067053765598608872 -0.023763274817371442


