# Created by Octave 6.2.0, Sun Sep 11 14:34:56 2022 GMT <unknown@LAPTOP-P0PV0581>
# name: Theta3
# type: matrix
# rows: 25
# columns: 26
 -0.10957306466075019 -0.077117722364445002 0.017738890064595822 0.078331507244916207 -0.071420294119045366 -0.024397298814383607 0.068719905754167213 -0.093741962605175658 -0.089508306739530377 0.031466341332619059 -0.10503573163397632 0.042882304138006776 0.053869456277311517 -0.086286853533812199 0.089552355458694125 -0.034086070100896551 -0.062914810141374594 0.048393899624109886 0.073484862202587348 0.081446035592192587 0.11320978025420965 -0.088009520257739823 -0.019861897731883297 -0.029147912553730393 -0.046474270748044666 -0.11961388161004534
 -0.072334760517747149 0.055995971351180521 0.14391826373925934 0.038931002939529072 -0.087873623096682882 0.10804463964359119 -0.067532541392431672 0.030058693545344305 -0.041029107446719504 0.081323588876673972 -0.21006787386728337 0.09984226982791522 -0.082180579200689025 -0.11439418797393462 0.03566760657087107 0.065825059417099346 -0.08670108651371683 -0.0094075346173641688 -0.031662188897147427 -0.027493429337377331 0.045410489359456949 0.1633831623411566 0.042065657610357743 -0.011185397226126432 0.18780994699282438 -0.073175972379216483
 -0.033428591509320676 -0.082688021947372042 0.067876865612405163 0.064784354940486025 0.10569979447578069 -0.10264777240537699 0.10184604466796707 -0.0024468005549173662 -0.10727509222440978 -0.10581947820204644 0.041012014797484217 -0.10958508295583312 -0.04521921069792488 0.037180834070647061 -0.034208416408163606 0.16375529338910041 -0.065552723508160285 0.14675857551497856 -0.10610600882169552 0.0041029899217910008 -0.10978154285682001 0.0069577806610358027 0.066378079243237714 0.02845757769210688 -0.084833530749135702 -0.12959112934356035
 -0.11053092544632956 -0.062288388257969424 -0.095881035598732581 0.043597155140283894 -0.1329617318067631 0.092530289616866046 0.023426546492613689 -0.075256520546936226 -0.060426940507691755 0.13597504968428667 -0.022370978668106348 0.16214788200165256 0.064865423993785129 -0.081126558449660824 -0.12550311973888925 0.10232635117247459 -0.0049744380637869127 -0.10299568330492512 -0.024018132242996378 0.1000348406915849 -0.038475722385259939 0.051918933129219559 0.032144722973735475 0.0038151863418662015 -0.02934991229641665 -0.081986937670034385
 -0.071554246466000948 -0.021869381334731975 -0.12727298496284964 -0.11219717256066164 -0.10596760362951491 0.093823262791460221 -0.0077764676629121085 0.039029844854371998 0.068569081472700869 0.16585834240457853 -0.13072080191992494 -0.030115891734603176 0.064171277662245424 0.17355003279969822 0.27182345149230425 0.062593979345249615 0.037184139254941177 -0.0082558034903912614 0.012343175496077953 0.0039542530781973614 -0.078877586541890435 -0.031072627532375673 0.086999405947906797 0.055173874617846591 -0.10661758495331344 0.12601718256023758
 0.025121855080187494 -0.12515623024418782 -0.0013673555188552272 0.019519163649561903 0.056867769547640591 0.074520346404401416 -0.062095090567405579 -0.15023727131061831 0.03906895654239529 0.040988770092824145 -0.060716007361515487 -0.15018670097232747 0.021608106748404254 0.010992523508642512 -0.13905545543531758 0.19672655231558947 0.12036118535463032 0.028721799414434285 0.062178563292233709 -0.0016090351010105725 0.11153817488654069 -0.061305876292004007 -0.087184912429828801 0.12342740495963472 -0.03119487571957948 -0.061647148354244737
 0.029480638352552543 0.10141376006067898 0.10232369665817612 0.14156687743438809 0.10751908196499795 -0.095397755901018594 0.076486418715527277 -0.11828396161116803 -0.046328494267430062 0.0026659188525521549 0.17043405603750306 -0.078565738418988465 -0.11688342688983715 -0.068218878675997408 0.11702786045081762 -0.057513997791418518 -0.11701792032545275 0.079579613820526779 -0.041616565735314512 -0.018482463006264042 0.078375043982515213 0.0076144328427918372 -0.10703611934936189 0.075719433592204788 0.050333274168937334 0.13383739356439794
 0.10440445401591965 -0.038816709011487517 -0.043654789700386297 -0.088038947776300905 -0.082786416656561682 0.10226659606532841 -0.12104822997361692 0.057612835024557912 -0.095250918896032835 -0.091546898686484954 0.008932913669902634 0.095433146192637541 0.0034015534309618655 0.027364454735715884 -0.057013876820005464 0.038566775305553178 0.0039577457084060711 -0.14196478193705372 0.01370936540918213 -0.10594161930097303 0.070342160463631814 0.033337556218387195 0.17203467708963094 0.0060578335017816088 0.025974197676822238 -0.079411040621982051
 0.085955222779362753 -0.062109619429115311 -0.018708503222813904 0.063878453286830783 0.12448384151043349 -0.080051556032653085 -0.030891988399440372 -0.064205421679499178 -0.038654465023402126 -0.00073319510276599685 0.0021185662889470348 0.1016386330814311 0.11417302331317605 -0.056424223214138571 -0.057794137147270427 0.022100007934480852 0.14191320854858763 -0.089663111989270503 -0.10237232763271571 0.045012656002535525 0.082316323586671875 0.13074873178102739 0.070472060096625752 0.0068678085302945543 0.19671650396300008 0.13078273048535874
 0.02710153430162365 0.0084163742791767155 0.14917239189795861 -0.029817492230071421 -0.088661544883795088 0.0047328067427247923 0.078823165448061672 0.10525924123247891 0.10833325922832397 0.090854511254467835 -0.098738061891853801 -0.058426122758187878 -0.063005769836626646 0.10433442911960117 -0.019056308839219039 -0.0071333485032328697 -0.12350694545949702 -0.062994487943110869 -0.054099973933793254 -0.019748761417703452 0.077510803525405542 -0.066767966093514333 0.12016402550389431 0.0044891925217158809 0.023268048771125541 0.11254805311406346
 -0.11512371051469295 -0.0052796365488062711 0.022687083088751392 -0.10367872285428067 -0.11338796287359684 -0.028117088933943057 0.072083088062425069 -0.0018968880347260801 -0.080100095782846159 -0.10090697865236496 0.18193060530960009 0.077397043021439321 0.099879001975159115 0.14103290770060764 -0.075359813920492555 0.088767997150014447 -0.12655042914643308 -0.0018973943932007024 -0.013708655939540836 -0.056001383120049007 -0.10694286752961361 -0.057197193868091786 0.039749244487675209 -0.15725455708423297 0.093741046642872347 0.14344708431703185
 -0.0095835446570172855 -0.084300041699995373 0.10026503220177456 -0.013212372670256361 0.15827010346930748 -0.044155048673708099 0.03076577048342527 0.13294349551237028 0.055774691766499004 0.020607166793128066 -0.035790477409603637 0.12189373519262431 0.044655927444767179 0.091040065244416837 -0.0019734613502887517 -0.026787032232938952 -0.045016924919553558 -0.078172133263643973 0.12278390603222088 -0.1317753898956335 0.083090019900027762 0.10138136285216623 0.14930266374136844 -0.064983627398995852 0.14275943551216816 0.013782008480888341
 0.10591367967608149 -0.067604177969427137 0.0070019944374751248 -0.10780335788800732 0.10425141329318229 0.046817455107566332 -0.026449900268211937 0.34594024701697035 0.040425116738097532 0.15564302455498108 -0.05848733077970851 -0.10082176659189894 -0.075152988930326944 -0.16109156354346688 0.11612864615483263 0.079644895633969939 -0.056930834919229262 -0.081081303249473227 -0.18835628819601938 -0.089481814618183358 0.072202296070646557 0.13225538653090974 0.013419220780987631 0.22513597563721094 -0.1003821902841172 -0.042014428191077445
 -0.052037847465088306 0.080841707830990026 -0.11872903501575405 0.046902120573519723 0.043469725312313461 0.021164819833419377 0.080829945589794214 -0.025673047279503137 0.016878834185675005 -0.040973827018992874 -0.050104224054430033 0.034796469937617355 -0.11060667424358142 0.16067940912264253 -0.064001413537076807 -0.042223092128122586 0.0096798952188726518 -0.079135501404115544 -0.015192666275910628 0.06439765873360484 0.051897092896889485 0.018218992807854679 -0.128129833480217 0.042799096816912928 0.038061849546974481 0.12899771359010206
