# Created by Octave 6.2.0, Sun Sep 11 14:29:51 2022 GMT <unknown@LAPTOP-P0PV0581>
# name: Theta2
# type: matrix
# rows: 15
# columns: 16
 0.030728929042435588 0.043740079334309602 -0.053456145584682056 -0.045236505571615161 0.15292386827995796 -0.14196684563411835 -0.033014247408025568 0.079924468201778662 -0.025577817502208819 -0.099314041440567463 -0.089270956508481325 0.036426147896428888 -0.0043316187914444488 0.16937448573484359 -0.024372557826478843 0.02866713490014032
 -0.046894554707489697 0.051842840644679707 -0.094917151871973707 -0.028109749576042366 0.020565421966605872 -0.064175054227349815 0.27008224351792359 0.11376522414951691 -0.085601348333362901 -0.080183293438973693 -0.049110618212396893 0.002878951355652656 0.039418915549821909 -0.1577100496569705 -0.030677616138281547 0.093402952683990459
 -0.081732833079384504 -0.065638294621970308 0.10969484918004961 -0.094565719843114959 0.11735046986839041 0.062793837491223178 -0.15955543430269301 0.019699786812387841 0.18361565961074844 0.02044874728366387 0.12448091354958969 0.17011373941230282 0.12648277282817982 -0.13823939706663194 0.15130795051811788 0.014712267631961679
 -0.076023895388094065 0.061882247458407535 0.2058051256580129 -0.13257057998532734 0.0054333070053347839 0.24115899971781407 0.24120284611583961 0.15157426641744839 -0.11496417544217122 -0.092798149218569936 -0.0366056897905946 -0.1113742060631388 -0.10365382601638432 -0.12145436564008276 -0.079265204208726292 -0.12848058838001186
 0.062292711177511895 0.17666245445884088 0.13769034313683157 0.14032499770068443 -0.13981233098556139 -0.043745334932878854 0.059278190758553277 -0.04225690332638176 0.09500593263160402 -0.0070234152078430395 -0.055322743249103822 0.019630245061781432 0.094038569545337541 0.33176075420164386 0.085813427464328892 0.047214069181426156
 0.043812365651313662 0.053812460709127673 0.11268133242772237 0.075697225563298637 0.042868251682900385 9.7447235214043247e-05 0.12790509638081893 0.092708842822005547 -0.13933754943205817 0.058249039853882661 -0.075150209798682019 0.18286565616292694 0.01130308753536436 -0.27071312026320232 0.17345525253476751 0.044875476780902056
 0.10323999407654939 -0.066377102684813546 0.1965503601281198 -0.033496116363682847 -0.016843845644867732 -0.031651450184798605 0.31620621410136773 -0.037592431438111688 -0.16134946070497905 0.034252398857783389 -0.11282224034009015 0.013475448462651599 -0.01266272986314629 0.0053516752920758342 0.27024251499933355 0.052835071699410457
 0.11398225594591807 -0.039199122804376221 -0.039035577929542466 -0.0040434648710390838 0.22999904668715304 -0.0086268360775507025 0.0040349115375533174 -0.013626599907232095 -0.11805944151519976 -0.039924413026742392 0.056723156736219062 0.073947558059072771 -0.010198463328984483 -0.050307647559320365 -0.12968655374416629 -0.13375424628058469
 0.084205154163334461 0.12632930150840982 -0.0021613149609933267 -0.10772394072925269 0.24612074587767696 -0.082744469622835173 0.24685397965677711 -0.067231697975968965 0.18516136296810612 0.064425406973832103 0.098720661705517382 0.17851624960729071 -0.023674010178152391 -0.079138537086885744 -0.09008415113216138 -0.082530492518157278
 -0.10201952320324595 0.18417263415671714 -0.045035529883398845 -0.060816279577780928 -0.10576573067702455 -0.015836320845512498 0.076404237096312083 -0.14003861637248927 0.25468314335331627 -0.036522985532866259 0.12000852740854182 0.070800591977164221 0.045702382969147241 -0.072846480472414946 -0.13424847890811439 -0.021453744150930976
 0.0015606260131368762 0.013167956581921337 0.28777695442562806 -0.094030292772091434 -0.056090363519021948 -0.24728003169446297 -0.04526758305589957 0.12897740195719812 -0.0089875130951234759 -0.10071927401102537 0.12176807777732127 0.078146367906736972 -0.12002110504106377 0.13838552637440557 0.063004404596034805 -0.089835130957399187
 -0.081931568988843517 -0.021457530989153175 -0.082388941558031073 0.048718831344071512 0.083544890624083268 0.12132971059267114 0.18299255565419004 0.063114998156083041 0.025683741414137807 -0.10248567655680901 0.1645596045028353 0.013451306758572193 -0.023382883718546681 0.057766800462004587 0.23505843554546896 0.19872072063357091
 0.090029235856483703 -0.13991009476986543 0.03497256094240158 -0.06336889594183101 0.15419589492328423 0.094549945869099233 0.10997373015191197 0.090051681056813299 -0.031351921853465844 0.19335864282513879 0.0048219863965155421 -0.070389148921130823 0.090169282142944049 -0.29855330963128485 -0.19850906294959497 -0.13164468192672976
 0.052037791463592414 0.09138989574345828 -0.32604897030605695 -0.22874327774463363 -0.0401523863382173 -0.065136826018061714 0.017882534303903252 0.01870270218614354 -0.066976501052173482 0.2447664663479201 0.059447643398823677 -0.099269223809466359 -0.026737079298848564 -0.039963309802742014 0.011438052593722129 0.068821239374073043
 0.081928772360160579 -0.011304622012558005 -0.15778456595522947 0.1644166114520694 -0.00011440710885069959 0.022053510835542769 0.060588551601279711 -0.28329798921515514 0.008220131907949603 -0.024774469074348247 -0.028322615766772859 0.020173506827395434 0.14400338889762529 0.20258460334879141 -0.10426334099720734 -0.0063603213750987311


