# Created by Octave 6.2.0, Sun Sep 11 14:47:28 2022 GMT <unknown@LAPTOP-P0PV0581>
# name: Theta5
# type: matrix
# rows: 10
# columns: 16
 0.023224974054544822 -0.071934594456494264 0.28446198904242059 -0.04301607787000182 0.20445807548658632 0.26690094046267032 -0.026298095929786495 -0.10218163882026345 -0.012521553626427475 0.074732110318459763 -0.10673408180778113 0.09129262416291227 0.064828683091437078 -0.035986580023822635 -0.033997465689903222 -0.15865066620351154
 0.20625048946919677 -0.028306037658031052 0.011269412306189436 0.12567799640759716 -0.016295599914720901 -0.11679546356110226 0.0079612222904054952 0.031847996870465384 -0.077153422785582348 0.12728868872898386 -0.17607324833804913 0.083188963107563671 0.25591330948464586 0.075480843127370509 -0.037738488228006878 0.12899494348003568
 0.0032104641302262331 0.10360954591048949 -0.070620577043255833 0.10825044124541736 -0.0077539747186521051 0.022438325003968165 0.094131341563962287 -0.083727175850435306 0.0064951564388595912 -0.067783338435905435 -0.17601151519964495 0.029173261361777933 0.2474576426555862 -0.10969269581332296 0.033443031597695912 -0.30482742857501671
 0.16704511589401944 -0.058418956608727861 -0.30425070125080994 -0.14469422717509309 -0.13703484149455117 0.038507226989108273 -0.23040826860305544 -0.21994779154143845 -0.044118016496848683 -0.11798053247071537 0.28088083515706946 -0.070581451682650467 -0.19762161277417553 -0.14476818488456597 -0.044224904056219566 0.12087766771082289
 0.092803608898312517 0.015863233431899878 -0.12191198722431676 0.081265604057601235 -0.080934971544093889 0.23654052808049902 0.19001860432079373 -0.062196568495378211 0.0060396019897341873 -0.072718918235505053 0.0098630861079131004 -0.11259035689751706 -0.18836017411480124 -0.049055457536020398 0.062480540630754068 -0.14997606223742013
 0.16120725133992619 0.058426942737202732 -0.072906477598446928 -0.04059314948637411 0.059043798219333532 0.095637069458735111 0.2159891587573142 -0.056578807425379241 -0.014198714088648973 -0.068134850645339765 -0.16829691553000137 0.012797949672716847 -0.17706328770798455 -0.091362676511616531 -0.1066844341236243 0.2043659152635881
 -0.25124988249935748 0.083785550185005331 0.03231694527548494 -0.039403175553522768 -0.084410538190504272 0.0057900130298023057 -0.1732942735736879 -0.043812857633539766 -0.09706334820948033 0.33408763389740498 0.051745164640718148 0.19006066885696005 0.1229190374435577 -0.043293708227425544 -0.058052466123087114 -0.071029812378725077
 -0.2141684217118992 0.023152462755780964 -0.01043587000647969 0.057445004209114671 0.13223132697278486 -0.016857428368875646 -0.030484254126019981 -0.048482076347137852 -0.081352244387267222 -0.18951699921793241 0.039144001487119974 -0.073531505390281873 0.13957219729688278 -0.072419691620217636 -0.082037303720768076 0.022304520792029197
 -0.081545416773083121 -0.0046826571780618298 -0.040983026590655454 -0.012763975637431313 0.13154025294905314 -0.17453525609539725 -0.10793808281433971 0.019048725854466486 0.070764815898392328 -0.056600150885749441 0.38918125552241251 0.028457887648502867 -0.076832260543820682 0.063208092413693406 -0.091597475285942462 -0.174015413225654
 -0.36236371604077461 -0.017076415077234491 0.058067671999514708 0.0029097158906059221 0.079853483070951484 -0.1247632151752182 0.3251295545521628 0.098047466003592515 0.04699632483530005 -0.080573884944320898 -0.021202221649682818 0.091153140182743092 -0.17613260057484251 0.0117373170973878 -0.014119783008928572 -0.067224195102665626


