# Created by Octave 6.2.0, Sun Sep 11 15:20:15 2022 GMT <unknown@LAPTOP-P0PV0581>
# name: Theta2
# type: matrix
# rows: 25
# columns: 26
 0.0051848189713414143 -0.08912749506328739 0.044272299146334543 0.098643990332121553 -0.20742593811839877 -0.042433447078879014 0.089246710014355968 -0.11523296682641528 0.054189764688321311 -0.13525405646346036 0.11560417086970985 -0.091486648044566785 0.031113376645448929 0.10776091864018636 0.086124608515034826 0.015681008051486933 0.079167700895907037 0.12641266841116772 0.055532272554257703 0.022936702620279602 -0.15302801857742648 -0.0039899922004185528 0.051612971244422448 0.056201450232392772 -0.011510567323072799 -0.23645178561603516
 0.044583726116943834 -0.066477997591365981 -0.082760373815105301 0.032051568785236434 0.042405949050737107 0.11795400429695671 -0.0030098469305022751 -0.042672931751340952 0.080178685338960123 -0.093985191760817474 -0.026805186250845055 -0.10654045240015021 -0.010097311762531322 0.025530589347737925 -0.15023458829470682 0.086149712803855388 0.078016320926219143 -0.045345925147853391 0.097507985741939959 0.06606544255271081 0.017036263015311519 0.11246475208802419 0.12543244118265831 0.14498404519282002 0.06052019238439852 -0.15051909984462203
 0.024955689841462039 0.07308275262827027 -0.049197022436853075 -0.11485761615440611 -0.0030829284142818271 0.14910891026944559 0.095181039813546461 0.10924170655394921 0.12365217750857908 0.07318427125923968 -0.095873342899792602 -0.082120621858292525 -0.0078463890035930066 0.12759496709024598 0.037306033258070179 0.018228587840271607 0.020877777418442437 -0.025914901917120294 0.092505755277227306 0.058881647049357895 -0.030755825419015233 -0.080048718923739617 -0.043623894357444619 -0.11326202348659262 0.08862012549392681 0.064492049201403764
 0.064373814365669454 0.053473823319970186 -0.0016528636340162723 0.12464585695230386 -0.0048088720632653128 0.057099092242216029 -0.04825432307582099 0.17774784337954544 0.18725162233502515 0.13079850607169735 0.084322397973668375 -0.09049771462065348 -0.023395810040470075 0.09879862791108833 0.055007047548017635 -0.017759571961192901 0.14941431268794311 -0.21143792799336691 0.16357047037531081 -0.026158354394122642 0.20555598630352337 -0.085879756775255958 0.11317146573072311 0.05351745213973827 -0.055760693291261453 -0.015625704846259445
 0.039423435828114507 0.15136646750449353 -0.044257265160760728 -0.12291864726971903 0.0041833997472979709 -0.063518966447216232 0.045870971296993988 0.031212463604503856 -0.040113540945538623 0.03704622232360455 -0.028638975984575085 0.19452031622658411 0.011327730647633349 0.062417198758908173 0.056042365582983499 0.11777845228815395 -0.034729512637466688 -0.098749228807079703 -0.11764747584618857 0.0065017456901962792 -0.11687594773912968 -0.11379018216717803 -0.0051959159897805801 0.1319519856392693 0.089638751827618116 -0.012673978816122561
 -0.025674264951965692 -0.061929027943703849 0.03575836954836633 0.050141715328940545 0.066248444296928194 0.11124330485481758 0.10351097483647224 -0.093553498194909143 -0.035214821646822658 0.12444130897564999 0.091484544303001653 0.064383733686117259 -0.05517254813373481 -0.14525732946325604 -0.11847709413779926 -0.015328597758505338 -0.054339532564268052 -0.027715620158394301 0.17046202899783897 -0.11586572139735513 0.11486674222220651 -0.10541619988618735 -0.036538113502348708 0.043724532735523167 0.014976145103804626 -0.074279220902754767
 0.06857149002863569 -0.067036316027556483 -0.046775288118715841 -0.024465141588292369 -0.090543675210051508 -0.033120628498095175 -0.035011544632072192 -0.074291314325235003 -0.027989923132322379 -0.11550080153442883 0.037811109962450511 -0.078815161717203208 0.098727072594925025 -0.099237114362424661 0.0078049173945731552 -0.019327990009412429 -0.031597743898310285 -0.042993473264948887 -0.061996345330067454 -0.010004796744737351 0.010902456337062294 -0.031366224191309397 -0.10672694255450126 0.00011537848377604083 0.023764840673646433 0.090052436134796673
 -0.084247976435732369 0.040759159523735801 -0.050871250617712901 -0.12972767517915226 -0.10715557597708447 0.014004023933923143 0.020871853225141155 -0.093990821238342404 0.038501991549200316 0.038726150467522737 0.075876835992116642 -0.066642362125919993 -0.0026329039213342249 0.27463124593573085 0.12293736344542883 0.091422662488410023 0.094340260310369975 -0.12813313111113195 0.12531935037184458 -0.01625191548809729 -0.02574518249092559 0.021856385557515547 0.027298861562066477 0.0013842382314255145 -0.10438373059792773 0.052539653204414651
 -0.053269081199935418 -0.03430388029457207 0.050705462503076323 0.18673614442293182 -0.056176113874214 0.13595008876178546 0.0084792708652976691 0.028179990341717611 0.042445453349482298 0.11056741897699329 -0.048389939477469973 -0.0056018970846138383 0.057457850261804673 0.071306756679351199 0.059652570374556069 -0.037669210872480402 0.004120563238284458 0.096522861589545109 0.041103465647283219 -0.045756986054829384 -0.080483031040240238 0.077825195583966555 0.048314780577824373 -0.061521449451678652 -0.064436388180275014 0.045932109589068869
 0.10647378834229627 0.041199949632642813 0.044974209024498821 0.018057388417642574 0.13194952612442018 -0.047366891340239012 0.13210502433672003 0.12690498201289782 0.081468481765960554 -0.079155336002270135 -0.022224639934728039 0.031075363914569533 -0.11450810893881619 -0.072874385529028501 0.037060486831981668 -0.019896451465530471 -0.052735692553928792 -0.075484889571512101 0.041684773083729934 0.20294449735477976 0.097515020199566108 0.24308170365165049 0.080650367965272821 -0.011858193343728318 0.10691231517095323 0.016553228539812198
 0.036380620903635086 0.076100124325843926 0.035734080792273838 0.23904488494517911 0.052544877662086757 0.027760809938746085 0.053401673671511204 -0.028709462408884553 -0.10827814161982535 -0.092649567115552028 0.050838064207920232 0.027401740754077638 -0.12631814148389306 0.048686862765810683 0.2077494517576372 -0.10803037891556529 -0.05706870385620591 -0.11636024473753223 -0.035068346763609891 0.01224857259059854 0.031139029283008553 -0.095120431730184848 0.060422673713593104 0.06653473791383277 0.03002077196973961 -0.0710120518034002
 0.015558071919137008 -0.020236316566699122 0.12574553204811176 -0.044364820555783134 -0.095981306687346973 0.064511171347600274 -0.0088790942588693952 0.0047052192066685105 -0.034114882458380749 0.0010313975106638518 0.11290135780873775 0.11783144139276272 -0.11198329747902581 -0.11409120208791981 0.092904656566271546 0.04356493535271496 -0.014495700952113874 0.11944123043333109 -0.1072737547769301 -0.063230074780613502 -0.054499844377726661 0.0040578961188015295 -0.11506530018611406 -0.11880041904122558 0.070341597332719968 -0.039071098162890082
 0.022818397724965307 -0.060297047564072677 0.011859117318481745 -0.15908700949685634 -0.13497556943693456 0.12530220404832546 0.015795346844046907 -0.041526286723389809 0.0011749091397256898 -0.077263236128828253 -0.08604632871068979 -0.12423082521669673 -0.074226351250256381 -0.069765967484563665 -0.02508030544010359 0.0081790113356289395 -0.18734100331573292 -0.019767607376237933 0.075168186343812726 0.25298698105613021 0.18279218409596684 -0.015100159546369906 -0.091815465559306614 0.11251567221039507 0.10852441508301798 -0.0021631722249106202
 0.10625251543112488 -0.045290371204908302 0.0013664023668442341 -0.031351678708974401 -0.099559223484106951 0.18432591997220368 0.064533592168486656 -0.062901286566366732 -0.10580901201814703 0.086814167497260564 -0.042194584112109072 -0.046576352506039198 0.013339969189794441 -0.070237988136781698 -0.080055658122764703 -0.11179312583662378 -0.12204287339452627 0.096380653416457726 -0.013685102003739524 -0.037495075351307541 0.036831633138821721 -0.064747042052722248 0.028882196315357354 0.19042816866053197 0.10972718385330013 -0.0052039467622643099
