# Created by Octave 6.2.0, Sun Sep 11 17:28:04 2022 GMT <unknown@LAPTOP-P0PV0581>
# name: Theta3
# type: matrix
# rows: 35
# columns: 36
 0.051236266863193963 0.051483550566179231 -0.05504156241707378 0.0055442345120424921 0.017466579491005871 0.026903864781884966 -0.11700643539962655 0.00012796002551192641 -0.11931419462885476 0.017590460696396127 -0.01343948688449792 -0.062145422712294521 -0.062375488883515011 -0.096615249764765626 -0.071722205192499749 -0.069385367117941937 0.039402805885067782 0.054445325395622683 0.11192309582314704 -0.11436606110928586 -0.036845574041651931 -0.090459522147684657 -0.081005694078953513 0.0012836367120493226 0.02355222216419274 0.053329142457309596 -0.075614199995562403 -0.063129245950091339 -0.11926010487780107 0.062460360567189482 0.056153382529015465 0.085527044303294622 -0.015535706232260011 -0.076394082678516564 0.012994982836931672 0.082006697618277016
 -0.03501804974621063 -0.013715754884734021 -0.058603010821766333 0.099079139641350206 0.094769557008180877 -0.093502784892825361 0.15429997964940065 0.044757987063801678 0.081425047014214172 0.091827968320503134 -0.043579408490246559 -0.10201086026547303 -0.033858335978546157 0.034308767330281556 0.0053785739107044817 -0.023123637439087467 -0.10769855215024525 0.02735639451158774 0.16965404540743753 0.037539410455963401 -0.041445751672362988 0.011884821339414518 0.1202014594992861 -0.073884562714104013 -0.12227238254177764 0.062436370460660681 -0.033932128194871451 -0.079820614544360818 -0.042382816572644824 0.039378825991221493 0.077944810237983525 0.036840209106846704 0.089461213924986266 -0.0099313932499907904 -0.043235906878183114 0.022021075183983951
 0.017423782714993376 0.11240544055151237 0.090100275554675605 -0.17875111574540978 0.053065990289647418 -0.050572419616549374 0.092278166806637155 -0.097811641857495898 0.043217106131825569 -0.061890834184389593 0.048229619667987909 -0.13340370162932347 0.061385159011642668 0.0031754389352830225 -0.13257066792658523 -0.045638943488792418 0.0067797179239550906 -0.10339568648101359 -0.065252296609029647 -0.10558518770637917 0.09047004355482742 -0.085029466748682725 0.060265052217830836 -0.0019799658549643591 0.0040438908269424074 0.037638024149155805 0.035472563168239747 -0.0083859857955192602 0.081376094799173584 0.083756231632331424 0.063569211370166287 0.1498570632553454 -0.074531551523725162 -0.1051720704006759 0.14505932487073467 -0.079838921365969734
 -0.016013712932687732 -0.090001049180132631 -0.054381032022124909 -0.093671893820219523 -0.11171276295681991 0.005786377626772349 -0.039081700314524626 0.0078891890444181476 -0.0017959063240356875 -0.027819458239966736 0.1445665995634951 0.082693243912433892 0.073079090986203327 -0.082380302024430599 0.084178118062806714 0.08303359276911744 0.11766858759469664 0.10016390360977855 0.073209041595532362 -0.17490094682462076 -0.051264225217269123 0.017484073353466446 0.056797980025268431 -0.13711471312859941 0.10581973177795773 -0.096126772767905308 -0.10260132458124539 -0.016823068020462344 0.038995285103929904 -0.069830967163922161 0.063261536309208166 0.1090511437174914 -0.12156829248910785 0.094221097021619252 -0.064162389049299107 0.04939233936833641
 -0.10799723863085552 -0.0055324085280934621 0.022691846351743927 0.044337007340586147 -0.098363140857410797 -0.072710821509995055 -0.048641926007653283 -0.035439378933204653 -0.066878501805650303 0.012198857442722411 0.035352976783661498 0.029773780819300856 0.11108425683827601 0.15754603669689521 -0.13827720132945301 -0.1038012000277576 0.017210218404059778 0.083683814653532557 -0.049534980488163578 -0.092722618810244836 0.085834122418986983 -0.016290193966547677 -0.037845167899205973 0.10994823277609948 -0.12369034979312674 -0.11949379598404174 0.11078528322776783 0.049311207726813841 -0.11971454029107 0.021747889482866302 0.045340923969563338 0.02911226364878379 0.044478284306835966 -0.065152538963305265 -0.036574410705778479 -0.097882145352220035
 0.024002667841705121 0.090687524256232055 0.0045976641083500143 -0.0094802248103941049 -0.0069269577272874326 -0.090548882496774882 0.042977715472131535 -0.11209803298258932 0.084074418591155262 0.087659067720111408 0.017188834386147607 -0.042884279423309225 -0.078154218876713422 -0.078578435860612639 0.019691830499144792 -0.047645819537686186 -0.099242493522899586 -0.087790087323535437 -0.056666007287742487 -0.12707342547795478 0.044663142458758263 -0.10516641218072825 -0.10341382560047141 0.087359373057475181 0.0080665899189078707 -0.013376762754162361 0.085773156301520548 0.017260350682072746 0.09189375368821158 -0.021910605862746155 -0.00041288858556810554 -0.049966873436060245 0.0075683662882183684 -0.049504538101956291 0.027623848375228712 0.021848893581746007
 -0.016938477851344638 0.11289430906095126 -0.05890985699601485 0.032664312122542782 0.034080459729458071 -0.045671201980270977 -0.0091175748794512686 0.093409289678300089 0.010418428860179811 -0.073484868802491887 -0.14691224240682954 -0.090431113123770779 -0.017197496730612157 0.09841601304303943 0.016239839113055279 0.036434342907692145 -0.027426044455638971 -0.084786518466956201 -0.0081502216888565595 0.1385174687051258 0.10444326369191549 -0.050018785918340823 -0.063940843070783557 -0.077552609377543102 -0.024996903403795675 0.046390747264919992 0.093374227329836648 0.021286498796524594 -0.09795555070535801 -0.14351669552264912 0.073960414595949084 -0.12427369897385007 0.040282790277371999 0.089786675256738793 -0.075953694322414736 0.099537786768583769
 -0.10291424589139866 0.10208565619196051 -0.048911623419055673 -0.093622357576980855 0.0928789420545032 0.016730747063309348 -0.050279918433708694 0.023755619792526647 -0.018785785960649278 0.098692863802389771 -0.044774351555785019 0.071500543646277753 -0.087513046255824137 -0.059619361554977837 -0.018292202625338452 0.036264216477507723 -0.1162385640958284 0.078958445378736475 -0.0058734242015748691 0.0051233883775709385 -0.070529747200790513 0.069105549819106049 -0.12104575215243776 -0.077114220584081405 0.10507908719816238 0.020567121804693438 -0.035938709095366658 0.028312003825829719 -0.11212985042699317 0.069395261325812405 -0.018369420829140188 -0.055616572086175847 0.11074717679461807 -0.014598027527252802 -0.024264273866375464 -0.103249360981022
 -0.061166359358811595 0.043371594804678351 -0.089095941177660121 -0.067770026033115993 -0.11946098198283153 -0.062914711733300696 -0.07982607538365645 -0.071003609107560553 -0.017814970997701723 0.038258424095533358 0.12753249807036809 -0.074608905324130809 0.0018286265165570715 0.053076802183455743 0.093505467392307098 -0.0050981661285405891 0.021112771711502176 -0.10708062421540465 0.083390996450188049 0.11793280193818799 -0.021674989367065516 -0.016920753326734674 0.050325899030295461 -0.0047518582791900438 -0.045102033178067762 0.016746729227453308 -0.034235861728194518 -0.072848215610939987 -0.149999795858997 -0.048654321943039258 -0.006317014111785077 0.046992458879160731 0.043308585877783259 -0.013677620611469992 0.050407811730242946 0.069574573353725341
 -0.024173486132805434 -0.11321461276578638 0.053288519125765987 0.16647458189587003 -0.032582592316159897 0.041352975383770051 0.020027540736967674 -0.057533871946888623 0.082576285286430628 0.10914594064440046 0.19183314766144094 -0.095086899348446371 0.10124665602475688 0.12294421300002582 -0.081377141292726274 0.087276187126392499 -0.040332300672351384 0.030067507139117069 0.061041661697306203 -0.094467295934338655 0.086660080944368861 -0.10153859446371551 -0.067560747474918054 -0.19556248828939479 -0.044130158669172137 -0.065019829768305296 -0.11215178590749168 -0.061864305073127769 0.023155469233458546 -0.14899090819397381 0.013845714426930049 -0.090695385124863331 0.087288554956948886 -0.11854863639507364 0.087017019730971285 -0.13692236796308463
