# Created by Octave 6.2.0, Sun Sep 11 14:55:53 2022 GMT <unknown@LAPTOP-P0PV0581>
# name: Theta5
# type: matrix
# rows: 10
# columns: 16
 0.17734101532654054 -0.059096659554410659 0.14558310924343854 0.049725084614206286 -0.32255125613287772 0.065013032521640035 -0.10536259010828856 0.051855884653524767 -0.062968121016559075 -0.050710519673072357 0.27485084390473602 -0.057672398552872539 -0.2104320733814235 -0.015594602703127011 -0.17077742558776787 -0.24862881334693809
 -0.010335924434148634 0.053986952632384587 0.19927059783360107 0.074486849356309809 -0.08382968066625604 -0.22921839188049817 -0.055031591322741914 0.076842978629212758 -0.093704050340846709 0.040285770031425021 -0.0020578407461147499 0.016191882667430636 0.066597953861031289 0.056587175411681262 0.10508887465132384 0.080900266536944834
 -0.068815312287787325 0.058845915561556765 0.12459853294393509 0.32690632607859316 0.19897555208660048 -0.078822413437854302 -0.025140584204112512 0.083692801289758464 -0.1509213400725069 0.036205427675197709 -0.087740169582857214 0.033011482825855545 -0.098687976217583406 0.0080270760156848104 -0.11463024982258184 0.05445141180745864
 -0.084724815367677495 -0.087288820618223559 -0.033014826130653846 -0.048884679894042951 -0.1164864287542212 -0.080851599854926931 -0.10111212182876779 0.18852819806127985 0.076861857104314382 -0.049455155378892612 -0.037956673109581951 -0.019359718000836485 0.054309948996486862 0.049699560671989586 0.23989886352605752 0.016313730875368915
 0.1425950159481113 0.051623610537192242 0.077313525522820781 0.076158564635616974 0.19845426257623713 0.22495952303052955 -0.068197333867358087 -0.075615632286950854 -0.097810470091893476 -0.23697952438745368 0.10920243805500704 0.092104870602826419 -0.066057571451632269 -0.024706025997552356 -0.05320221178444659 -0.049172751975356525
 0.038543390729394597 0.03938867083085925 -0.09469357689682753 -0.0030439770160035334 -0.0079391633572386319 0.040121944203645073 0.32235288263037448 -0.11983737748444692 0.1056598716606223 -0.10339334626289551 0.046835760853804261 -0.083558494186707924 0.064697141990983711 0.076696383457852318 -0.18716965214305237 0.25201939867035289
 0.1064194495964495 0.23941528130938927 -0.08381000668450854 -0.014826966019821187 -0.12795899871427663 -0.28635789916512472 -0.044934922099046641 0.11902958178290021 0.1313999442357455 0.086773522579676271 0.11975169339101216 0.079362439719320971 -0.025891162975639041 -0.096374911970867019 -0.051601754518573108 -0.015447639518826765
 -0.044465647324048736 -0.16096147960227047 -0.10977060374744047 -0.10432483064457215 0.062504254410374271 0.10952179257353009 -0.05594480744407139 -0.037011426725308494 -0.11872421180010137 0.23265363993452179 -0.027238032851515243 0.1132636312491449 -0.10693572617036254 -0.0086268367908401596 -0.12811215795521294 0.0049304323001578953
 -0.16148342938687568 -0.13937193248894009 -0.17634090964521035 0.060076958133317121 0.18751658244822619 -0.058602223185099528 0.059713830056708501 -0.0042654172470586197 0.17461651523412858 0.11877385574456062 0.016829992741292356 -0.073833791397863488 -0.006844507399136222 0.042679444559804006 -0.061626019510276117 -0.12639805348033878
 0.00832761515737181 -0.039096018504465174 -0.040424361598499936 -0.00063140250852184603 -0.0026175814095522184 -0.041377002511577977 -0.024342948613728925 -0.18979423180133098 0.056908583367748913 0.050007132132182511 -0.093243893426463623 -0.12036312610845046 0.29904590245690865 0.068639915026625503 0.085226784691259758 0.01184566219612011


