# Created by Octave 6.2.0, Sun Sep 11 16:42:35 2022 GMT <unknown@LAPTOP-P0PV0581>
# name: Theta5
# type: matrix
# rows: 10
# columns: 56
 -0.11241986094852122 -0.018759987699132175 0.028155192445278934 0.10428899246135397 -0.074752669521417597 -0.04911498401956544 0.091104520280597526 0.041569573776466494 0.02382901455966072 0.094002244472714505 0.22250886393728372 -0.09436870683000867 0.047903502258218503 0.022663557446546554 -0.11637796541711239 -0.042948178577435318 -0.0047414706143089876 -0.079986039844020668 -0.052397779864463069 0.11252852370631838 0.0038176230245000799 -0.10502033157646881 -0.0025875656430683967 0.024928461617095648 0.0017312209732554687 0.087875014884423105 -0.09256026170973583 -0.061399221275992073 -0.10556019802181003 0.047853236317251267 -0.048990676543278461 0.099350399610186269 0.056927984488173856 0.13384483143263509 0.061768246301626896 0.074817115885670735 -0.11876579666887244 0.12365942941964611 -0.095156673446176426 0.027619339832267904 -0.0018262162597459247 0.17816018350725235 0.062895517982037977 0.065293421812785565 -0.037734618738663191 0.089415952179916727 -0.11751774760067597 -0.10114878642945062 0.080071718197349331 -0.068388063059403786 0.16992252841050162 0.024504995669763791 -0.12826204521850595 -0.090087822579064628 0.014548678688480554 0.028701461620691374
 -0.096565435356616366 -0.059246086388863688 -0.042402616244897301 -0.0041829533762451319 -0.10880986775135487 -0.10241751835873443 -0.18467414630643186 0.078662395208282138 0.08167689804329413 -0.11606956033323873 0.0021801479842677744 -0.082454171248368416 0.068283713183891065 -0.011808243311947382 0.11819157954919485 -0.084326632798410323 0.12769072416962063 0.10824006457090869 0.057520922642077657 0.075320236075706315 0.016127372989265903 0.10083689578560705 0.15845481296981398 0.023553687933510422 -0.11364391358599703 0.00070596848753698644 0.092314160926810385 0.15427112471419449 -0.065959336518174011 -0.02323911983034042 0.072556957560914473 0.14547934705711565 -0.048135170650743735 0.26398258102226874 -0.0075229811237185092 0.078224897567290258 0.11126209568788131 0.038627926806403402 0.15810939300552776 0.12806862694144769 0.079048521393259047 -0.0071038788258779685 -0.13408532574519816 -0.16755905721094408 0.06333818575774848 0.020961756548005056 -0.0028452031173134265 -0.0016873966231541213 -0.13374261888414929 -0.019708994493759711 0.041327709495224123 0.0062484762978964855 -0.065249765345001626 0.074950720952239466 -0.12689859808034659 -0.068934496225049283
 -0.0099328910897258493 -0.10748454837108501 0.027689667721081133 0.035167154224058431 0.038900649076988293 0.12581551748140163 0.018457662271134746 0.21797285083348886 0.028672130812752338 0.045728345274265565 0.0093918238650086486 -0.10381020993173047 0.13459886028011933 0.089908258740750438 -0.057824951396314384 0.12177070028021564 -0.02960863064589609 0.045425209173447167 -0.010690701780329088 -0.042755766421808117 0.0093810576202355781 0.062500999033722887 -0.026339059879001096 -0.064707723399442377 0.072118527286141987 0.047592692637618797 -0.094322880548757149 0.10677551710653849 0.12391172393091174 0.071775059879471276 0.099191525639653375 -0.067069175621546628 -0.050447882046834966 -0.12063403208410847 0.03228975009781853 0.0367451517471242 -0.090384864735620019 0.042728704721574098 -0.093388744383547675 0.15373041575069754 -0.0090787657505668404 -0.075465827445408987 0.007676233171075522 0.029993632992920721 -0.052255340739178487 -0.11090821354251487 -0.098611748935269902 0.24396326941664714 0.049449895078531786 -0.072260288650301499 -0.14627823090973058 0.083809246038352311 0.049050839628082099 -0.029127733683655843 -0.047318418473941345 -0.1244285111844706
 0.014556953980837381 -0.050567970056791797 -0.24838169826247675 -0.10068004914107069 0.15010313870627021 -0.12067064003592354 -0.17915869598210635 -0.10553530322873474 -0.13948448502229746 0.086734556116632319 -0.031195918307199092 0.048696615499147437 0.1371784909641979 0.10369482375922393 -0.11757839877895802 0.1231106449695569 0.0050662625318815034 0.028662345182667796 0.097012033814792675 -0.047199463754744951 0.073112626114657242 -0.006217645321217111 -0.11609221971082827 0.045429286672803833 0.062038559501991414 -0.208440902865486 0.01081295709760695 -0.13481952694468577 0.055803667000797245 -0.029995831486707068 -0.02029763502276484 -0.036654255009780021 -0.11734905962694103 0.09670368197435622 0.067267956335196361 -0.12114443260447677 -0.12265501100917077 -0.1081739368001683 0.07062860766492747 0.2152236225113858 -0.081063100913839142 0.019637653015925745 -0.067196927057244102 0.088217708459633531 0.04088186608660882 -0.070306087918859297 -0.098958692731862349 0.14478271979509214 0.0046029438023951902 0.13371112414027864 0.13031915447482012 -0.01634910169480756 0.12939895295257001 -0.031200151253537371 -0.0057398132277807499 0.0058855694675658109
 0.038363202083539903 0.20285449042292339 0.036878391476652658 -0.12711402082210962 -0.14057135967067022 -0.048623844369225788 -0.16610569487066967 -0.0041090846921584484 0.063983697926331698 -0.13558307317922536 -0.050578856169599284 0.18822613067080471 0.083583877349003979 -0.057885842128124504 -0.07217659191179196 0.053496095735913289 0.05090972843025237 0.044803963560884598 0.054648891873884831 -0.090098864904471707 -0.083111748505475466 0.057208407827586669 -0.0051424674796927573 0.083255839931827627 -0.012231275331729984 0.10542878630096869 0.028895900832236879 0.17467680329866406 0.13208692940100183 -0.053564193439777592 -0.033709045299125384 -0.07535765514471407 0.2305110892011859 -0.096428726239622786 0.10299775744627244 -0.029691949284173891 0.14649789017668749 0.0035372020148795764 -0.1872748939439135 0.021689767885152766 -0.091238020601431283 -0.0096258597508106693 -0.066254444120534259 0.10510266522908712 -0.23047925885318118 -0.029785655771586282 -0.10274725766607012 -0.097300470327677663 -0.032877228231602253 0.1660155369338128 -0.090433917257540061 0.14455315609327543 -0.17372867085553992 -0.03153647437792139 0.0067872062421682573 0.053500674236646617
 0.046585854412599062 -0.15262530364422383 0.057234313164591544 -0.090433303180982375 0.019374554457475671 -0.051996124368356614 0.02382065578741472 -0.10377215339163204 0.026754889869343615 -0.078906153419364355 0.048870410902035789 0.038460124624157453 -0.026424704827586382 0.20704446977821597 0.032674526277259898 -0.016474950907209705 0.14401455104129945 -0.0083901958618956187 -0.042747096733005488 -0.041952212658864521 -0.02257077904080507 0.14425005317102177 0.048076703549748634 -0.10347943076957059 0.022951394156568529 -0.052895690115352008 0.037946164693938439 -0.19576950741634078 -0.097956816218383813 -0.058364391287249281 0.12472631449922221 -0.055210852445462345 0.093742667239450364 0.016538330487421007 0.010043465614781099 -0.14708527276426062 0.033268684910984898 -0.18714600700567724 -0.070787156554696209 -0.10378962212116359 -0.1847347403359158 -0.064892947857775191 -0.074631692292007362 0.093544352336545192 -0.047825537606977941 -0.066306808608478943 0.12730021297362273 -0.050796599268389482 -0.07349248640852557 0.017076511658980213 0.008883350530961967 0.095606190260977206 -0.033829802990977355 0.21581660168419417 0.012694104894406253 -0.001090255017908917
