# Created by Octave 6.2.0, Sun Sep 11 17:03:02 2022 GMT <unknown@LAPTOP-P0PV0581>
# name: Theta5
# type: matrix
# rows: 10
# columns: 36
 0.009878445350497549 -0.092467782866160364 0.06619795504480247 -0.12691776576746569 0.068401789074901007 -0.13225082031740928 0.025932736705012536 0.070176391212408484 0.22233656621652645 -0.041083095191431933 0.026594084730449025 -0.069277439171081159 0.036142502935549055 -0.15714238233866412 -0.12769827609158019 0.0026356890838921477 -0.066959556365286874 -0.0627059362185175 -0.02542349899884656 -0.011678098745279399 0.12105217842955308 -0.039678646238461082 -0.17003813732712439 0.14214969205885603 -0.16210123427600254 0.14783365966301018 0.098112966046706024 -0.0070657169254806241 -0.1124082537284002 0.20238975675351339 -0.10559864610373948 -0.004038839621896613 -0.014370641079775587 0.033627704368505949 0.18072040438373596 -0.12151741102388389
 0.052679893829491745 -0.070343586435546099 -0.0022820729337391038 0.084053725725671158 -0.022037459135636324 -0.15543354277377452 -0.048703016617678556 0.17829440958248413 -0.060041824998298743 0.06674847261753214 -0.25540632757008191 0.085801197234730037 -0.081157840398777867 0.0022014658727830716 -0.17480766900414615 0.078803234258474117 -0.007814928138899814 0.059613803889588979 -0.019683220914648251 -0.055456716394520773 -0.1097048060317157 0.1550846648983677 0.10148978128851675 -0.027705879168738987 0.084295480659996633 0.1836229653095888 -0.059783749536183289 -0.050572763384957843 0.041203330654095344 -0.078499310179035525 -0.013374281734323569 -0.083382520958243583 0.024788474769384356 -0.18346124530514077 0.10359445542426554 0.061720360348711902
 -0.0017234715640786907 -0.1104895371983696 0.27822688475459256 -0.062211671137046433 0.040343930647488806 -0.12289590261335241 0.15350332552480322 0.098123768175985143 -0.068107311343158894 -0.10825404465948647 0.089086551901217309 -0.032119481144467381 0.024116863467130146 0.057388414812637352 0.11803619361980354 -0.011526303095384591 -0.12143882312636493 -0.12495104321317056 0.038962263816485834 0.058793805015616103 0.070274006268594424 0.010716856401818572 0.15618991381694611 0.11681134748195721 -0.075209954747333871 -0.1487928343752466 -0.097326993595527989 0.015925795765005878 -0.16131767685778997 0.080960042329175419 -0.040825740606555305 0.051362286178064549 -0.11913243240479303 -0.083341576748066845 -0.20246023928418863 0.13930533663590941
 0.087686693055873399 0.13104134769521988 -0.024881205656708941 -0.097548920786029655 0.021013578874976915 -0.06702155614110028 -0.0068188746289158126 -0.19600385417199206 -0.0045786850024431437 0.17139146817945811 0.072141568149005644 -0.12378480057211462 -0.087208976225409587 -0.18573176912809727 -0.16520211932947976 0.019830987582508335 -0.09010874803789666 0.19243124029721542 0.13560908670485758 0.129779160496695 0.048675069274787257 0.13574680650064599 -0.062372534797380606 -0.042944105769695672 -0.12622291778096875 0.14610300450197311 -0.040771681565656019 -0.088684600845459163 -0.085343383903807649 -0.071050213276827756 0.012819224901236036 0.12110872787786567 0.041806960232477972 0.033904021098423956 -0.033085451395854427 -0.050391674233135043
 -0.016780927390128497 0.009992694598771213 0.047842019576861676 0.14654848183797786 0.034851048814625321 -0.041743452323220701 0.013274211839867548 0.024985673037915029 0.086549238564325948 0.16762174223050644 0.29430325705663296 -0.066039391084943971 -0.075844353102744164 0.0047006744708799142 0.053180695401862224 -0.099418634517403973 0.092983325996090785 -0.20590494426911488 -0.16169783551112485 0.13033356712084007 -0.11097435939060395 0.00057487695911343482 -0.18576070999733268 -0.12128340936037058 0.13629183989686514 -0.17692343058549453 0.082848054063973803 0.059887828462476082 0.18480422167872973 0.12143410060587158 0.14429711214455099 -0.010942481424537111 0.059026849068520217 0.0017702442866284732 -0.05117845422592001 -0.064436271097016898
 0.073851434484601686 0.020749638883251167 -0.2036258255463595 -0.037615447344948087 0.098099149320646034 0.12464973682752542 -0.14977763120852045 -0.041425467338127651 -0.0093148733695085743 -0.091472973729395557 0.076216207901537519 0.038874536443594503 0.093715523389919703 -0.10110062081440815 0.21191171444634135 0.052531311257312641 -0.024684595071982743 0.017070142105228503 -0.15590190534721263 -0.091679925083972907 0.082027800128423617 0.063401419187860866 -0.0044675697862140741 -0.0053822263247239443 -0.11509763699318898 -0.13120505539839566 0.030204863297609841 0.031993602017632974 0.097938671661822754 0.017630948532320976 -0.005422195881936558 0.1840772496839482 0.091221947918215432 -0.071653707806415445 0.16816420812267358 -0.083839245541415558
 0.057797274326916871 -0.13663581103272229 -0.097016309454651214 -0.15454689016807213 -0.034911144154096498 -0.044357841422963736 0.083607144560749774 -0.097144447385818025 0.067961391097703674 -0.067021004615745061 -0.065660359968220575 0.073242207370021892 0.010311363515022444 0.12628366689462212 -0.062682579362524429 -0.11883511320820452 0.022917834211249034 0.0068263158393651836 0.15529793667184313 -0.086609810114660526 -0.15918346664895036 -0.023083145488716952 0.08383192542617407 0.20275011360248024 0.11827549151193045 0.18876906988373585 -0.046837473911790391 0.16770216111737649 0.0094915387488300768 0.016565451178157428 0.065928584818998631 -0.063269576964354909 -0.094083946495327905 -0.088924334770014268 -0.13167984196708993 -0.10545268473396523
 -0.10436380670477741 -0.055520125357836264 -0.13800797519553298 0.029503641196134092 -0.052975572330765518 -0.11163447487560545 -0.15330600936754704 0.056748629708933469 -0.037658781522932262 0.1331732902081755 0.06229654515056321 -0.18045896796579697 0.050206315999810694 -0.070382404443517788 -0.049360950735329805 -0.059310284754207569 0.071963324958964167 -0.04823181653151213 -0.036695620928415315 -0.019895637523054458 -0.0046103281534236274 -0.11506792991966233 0.092526953941647783 -0.014430337836682773 -0.11437286285623462 -0.09994919380577709 0.091219247062499481 -0.0063412499169179671 -0.12210100881585219 0.080337477219832976 0.097911462538502886 0.12130079326310862 -0.10058183594655397 0.14239562395645575 0.067997075171955593 0.29109540319487093
 0.099342616879299628 0.25819169130332398 0.15090813825806634 0.0034943260889099821 -0.015437707065887119 -0.072736256810706654 -0.076757500857230668 -0.1863564725505496 0.0085077475664208438 0.063561077980270539 0.15230432772911384 0.028049622287375335 0.12567985603883119 0.1724431411611243 0.0018989057396528212 0.0082542660148619273 -0.038750681162696379 0.063287950865874132 -0.0071152265917304985 0.063605601181211474 0.050460508411096755 -0.18643724197976555 0.00056698116704014619 -0.052390882903173862 -0.089848636723351707 0.061728197178855825 0.05523930897176875 -0.07023406984175154 -0.011536462183653732 -0.017694335250081881 -0.14123258287187129 -0.052383253263179511 -0.051165397966607511 0.069567354763550956 -0.21012668461928349 0.057978005579761058
 0.048747015842036195 -0.029461104447957836 -0.10738845099548104 0.13226548309268391 0.046318230169730898 0.14858451903876069 -0.06151897161467193 -0.098757335600135082 -0.008003066526273174 -0.16633897985892915 -0.045783796041644328 0.046875830288987619 -0.0039488511696767169 -0.06330121618407572 0.073747185879031937 -2.6444694533654756e-05 0.06315081615750906 0.1445669545318613 0.044153055232371875 0.045886406138083854 0.061668937915005877 0.016707916943483399 0.11756231115376477 -0.16322024056591594 0.017270844230697611 -0.0012895226608256667 0.077273906454503868 0.0029117441109159621 0.09520270895951953 0.16126922024884796 -0.074307269356381545 0.028550466393148351 0.079447063135643425 0.044393761098387795 -0.092808013060395822 -0.034078497892571502


