# Created by Octave 6.2.0, Sun Sep 11 14:38:34 2022 GMT <unknown@LAPTOP-P0PV0581>
# name: Theta3
# type: matrix
# rows: 15
# columns: 16
 -0.054558240967341631 -0.051118313328062701 -0.12314383419296879 -0.080115049485736639 0.013048055570360706 0.29403461323217539 -0.13373223197531101 0.03827566763860378 0.15783588923394995 0.065442749436389072 0.015922917994465872 -0.063414449888617774 -0.05613121636629495 0.11261987832801575 -0.018439886427461086 0.15325041265350292
 -0.11109462118747084 0.051504579046460872 0.01463405477013377 -0.0020383531304873463 0.038721403505115097 -0.13268180310790256 -0.011624027633678912 0.14864813335446728 0.014734561904029709 0.069751194393308069 0.005367158063875623 -0.037004623732153998 -0.022679862845502347 -0.043520754186104682 -0.015272536882462658 0.2168668295230701
 0.054829095866689881 0.082369211745460122 0.14973180580923198 -0.088242492083608431 -0.0084721437998819555 0.080271104744354255 -0.095284420874016743 0.036476461897518485 0.065291019771279032 -0.079139048008163765 -0.04895383018325869 0.072031497756445143 0.045453372142389661 -0.016091162169833865 -0.080921011412648916 0.032353192400275121
 -0.097036765184669083 0.052918244933642666 -0.0082075493525365761 0.17391281356411178 0.18326971854088323 -0.16773242810298669 -0.029563878422254174 0.10268510984234752 0.11745172111046552 0.11212576136290472 -0.13236040141552768 -0.08156508896806855 -0.066529139912584967 -0.1890612363035809 -0.038618151197476434 0.036095711231970147
 -0.071263567516227269 -0.1337584947713589 0.060731360194595956 0.068717954000017678 -0.033762724927922115 -0.070003516587788917 0.061058976345086273 0.12833019913155191 -0.12697351596777395 -0.074945682391380497 0.21435284402496174 0.049089986561265092 0.13599274842252285 0.16866382060906313 0.001748861022156027 0.06075490622832061
 0.11297904889527588 0.05333688073183649 -0.17902165966702913 -0.00935244716289289 0.1119569254848068 -0.00078954519472596853 -0.096716118906597079 -0.17626528794911459 -0.1140474599565947 0.01427583615447172 0.2258171143151797 -0.1192810644976363 -0.099026582386234061 0.067415760440457426 -0.10782887573327263 -0.025706267773836756
 0.081737885274505956 0.0097529855670476992 -0.06243584442509717 -0.092324487142689274 0.14437531122632688 0.10974460079235832 0.23926705630670803 0.037771036239762489 0.027217272009478346 0.094053426125432549 0.13510538146278506 0.14769942279710702 0.031885861593952881 -0.19188071631908551 -0.086645320321374703 0.12538510493896105
 0.11509537873184154 0.054896322575644745 -0.059188187534664538 -0.12603470057075122 0.15046692614258936 -0.10279876080886635 0.1109576667485441 0.095978314072958384 0.09285923569216703 0.041703050346647938 -0.092340882018598025 -0.10909666874404263 0.12259678620722862 -0.088273696627600789 -0.054163368843506435 0.086080921584064468
 -0.081809170653007232 0.0084719304880959932 -0.057647586906961167 0.2321865286816838 -0.073069639715257081 0.16841568312573002 0.010119405414041041 -0.18555374592016119 -0.042852835320875075 0.0084500790582577381 0.077219116990314945 -0.083329116318210078 -0.12673038191972774 -0.067345326179650264 -0.091432197773195431 -0.19683115994051997
 -0.081230105464568242 0.10000954502092364 -0.062724811907584027 0.027121634806337242 -0.10561514961014119 -0.051851548647081004 -0.030384812080069767 -0.012933344857574735 0.018252616687034647 0.12668495938888305 0.028046430895966451 -0.11519740662916758 -0.076478760690514402 0.029013457559337805 -0.078940448334581304 -0.084342578431570558
 -0.11108215738883681 -0.010516236643492764 -0.06442744199110019 -0.033468995204112464 0.048633250173973727 0.0025542562196603984 -0.10472474775990334 0.0078255367515968777 0.091232729675917654 -0.048925561260453485 -0.082515537586737436 -0.020647208767684819 0.071509068066259812 -0.069841438498639788 -0.10573518486256281 0.0048234687561879543
 -0.080154114252482297 0.080406646716414301 -0.012585892672533957 -0.13662005571932648 0.14761116166655569 -0.026291098780508646 0.040029847036029916 -0.10571596505320663 0.11567911232394246 0.093034107069034006 0.083852085428928372 -0.06961156609830986 0.10555433882188472 0.041815891013297309 -0.00015217453719875042 0.018065254464319776
 -0.083103828503302293 -0.071357076128432242 0.10157986900240379 0.14441706482071998 0.22232793262959399 0.064591051574864541 -0.085707223865256116 0.10647453491056726 -0.093071789231662427 -0.18601855596277472 0.1088600496923489 0.061980050605099132 -0.19321199787604088 -0.0077822495670554249 -0.035659420205382437 -0.036706694443032102
 0.10517105581937612 -0.14140936193040046 -0.14857856265002076 0.15421450072930357 0.12168463204832571 0.055919963862351214 0.093282679488920231 -0.045076203231557845 0.12048161371651081 0.10152334603005381 -0.12666779114444068 -0.14782837871560775 -0.0027219910853466607 -0.1033783230585139 0.09383752290659271 0.046820810884002577
 -0.081088476898244888 -0.10575393570264931 -0.16474214415285723 0.063499927614220686 0.136902787645096 -0.0098218644380152383 -0.017708934721478702 0.027971218793320918 0.11107773821329997 -0.054927199505388505 -0.13018061154411503 -0.11760417077330274 -0.0073520137375716671 0.1021214731762287 0.017620813310340606 -0.16364905356098888


