# Created by Octave 6.2.0, Sun Sep 11 17:03:02 2022 GMT <unknown@LAPTOP-P0PV0581>
# name: Theta3
# type: matrix
# rows: 35
# columns: 36
 0.075618983619891708 -0.11506880190100401 -0.058387960178581583 0.20572765280157571 -0.14955122352417463 0.083587322304598699 0.09934190328846132 0.0060159699169687539 -0.039025819383787873 0.0048652209444525214 -0.086721611632654183 0.081719095666903607 0.085015911814553383 0.0034655599856444974 0.069932036517813254 0.05083169990622028 0.11798633743976511 -0.032101795375383574 0.01195792191653324 -0.036202726554518033 -0.00055415453864647384 0.06442416786668051 0.022917306070436832 -0.11340168361088748 0.029946956767896105 -0.1215962278638365 -0.002794898272819573 0.15286496096847274 -0.0047248929191829291 0.066274793399251145 0.031152531299635976 -0.01716093285296014 0.0039312753655609814 -0.10734583032013247 -0.047139875263856934 0.061424983137402356
 -0.040705722227695397 0.13266625777892482 0.090625577743637109 -0.15480870320845189 0.066481613858772895 0.094687511431302593 0.03660101408326813 0.071018438242644075 0.1242857086850304 0.012256381969714219 -0.1146861969195262 -0.056595797727225242 -0.026718495049787079 -0.032412551587698429 0.099447108508312787 -0.084938674322577387 0.052634121291286043 -0.036217936175143656 0.11603156609786332 0.024821199649493825 -0.020317155431145217 0.06629171251399138 0.0097398109796911752 -0.08499776516829656 0.080519747933359184 -0.00029318363324116044 0.087194056096349171 -0.059295683026814518 -0.042960167805318743 -0.11490692639360743 -0.024091836380126973 0.034240254125509594 0.15769135430854103 0.1222616543613744 0.040762076452578601 -0.020082825106054563
 -0.083696164783987337 -0.043826489377229418 0.11166713919088626 0.069638728679356846 -0.089053451817363891 0.094868537605323128 0.068876404529313359 -0.012729170332766025 -0.0029268807087873367 -0.0065759681041112385 0.033054180183764263 0.12115403968356142 0.10981644388313136 0.086599434821238719 -0.099651181879541403 0.02573727539135429 -0.054254420473168093 -0.019231213636433833 -0.14979993463650784 0.061589055792436717 -0.090947502646613915 -0.11486883166933079 0.067705866766800293 0.092092871254020783 -0.030973378913125266 0.0093422581040402096 -0.030284133933092018 -0.18404764249525901 0.074329217082861415 0.098687832003556894 0.12508127076768918 -0.0011549735293542886 0.15772588805356635 0.0091574586132680356 -0.16473771977986257 0.073047849662151179
 -0.013491056694579083 0.093444199165654704 -0.036494515656744268 -0.002073757013355119 0.079462690577290385 0.082663395319536287 -0.097300007485571313 0.12097881094813484 0.12125258366530706 -0.12242745422921514 -0.095633724035240467 -0.085310729881856687 -0.046695639504465307 -0.077150631942256243 0.074363166844389039 -0.052673523767063413 -0.026187543058702179 -0.12251377188574891 -0.11202786139821612 0.043736321509867053 0.025095252307742486 0.036295767498334304 -0.066101316021401471 -0.035043973579993087 0.12763028597418224 0.038703767676165686 -0.041528573760827567 0.1067847177981705 0.055748236548411677 0.10911501375488555 0.087770473461673909 -0.056057773693795512 -0.078354691825085448 -0.10058307171126042 -0.016623153344201499 0.066171597564648119
 -0.034258494317005631 0.083569436292562554 -0.086415680943887324 0.04114287982574126 -0.05097976654356022 0.1309179103467922 0.15344527466909605 0.1053860973870709 0.015267127998682186 0.001649689140446821 0.07295157930310768 0.022472452433632481 -0.066136075854108745 0.069410482414967528 -0.12028741985394543 -0.066226085174198812 0.0015975264408828905 0.087817515135006533 0.17652726155129481 0.16667692308086862 0.090765640466421174 0.060916655134724482 -0.056393115377696111 -0.1045499225351343 0.028855064657495579 0.061340325182236109 -0.048385479512221274 0.034883912501466718 0.013855646883401589 0.11961733942363183 -0.10113170169921583 0.017529295954224165 0.075545915827961677 -0.050970496213277476 -0.17349150978072117 0.12751289070283553
 0.11791060563598887 -0.053802820066072697 -0.050336087428303464 0.093690991486518244 -0.028054169488775097 0.11278906869583522 0.19707371755277209 0.050344400177563357 0.031524687881352417 -0.10363054771881085 -0.013699678988402183 -0.080899616185600709 -0.093819105625454757 -0.10467587392080456 0.051761725942776379 -0.0071915240168792622 0.10342652243210144 0.11502467718598619 -0.068681929221894408 -0.15439671781638037 0.079720521247505449 -0.049939285071989699 -0.018773328913709132 -0.11073458310792243 -0.029604886937902395 0.0052570326198101772 0.18669395816242298 0.13158507634016156 0.042080541078183827 -0.01325993116437872 -0.066339374219034936 -0.078999869980826906 0.053935321520355697 0.14856551266954796 -0.018123231657795811 0.021483614229128069
 0.11201143693378125 -0.10909839026526554 0.016221838065003314 0.10518782027376306 -0.019438703667313692 -0.12831894035756661 -0.06395340803695021 -0.11753728663700391 -0.025516117625090519 -0.03679112462544526 -0.13012757916909967 0.066448235274682604 0.048090029560272737 -0.054061581509745771 0.014951827007090659 0.025893312505002833 -0.0081510987521571498 0.018065624774237836 -0.071852686678452363 0.052190594929094308 0.048492568486529816 -0.048541285474809473 -0.018244048241549429 -0.1030156885954112 -0.095568856894191603 0.021588959040426858 -0.051968710256090143 -0.085486510654023823 0.04964361887616825 -0.13455008633719026 -0.059045524065534025 0.052637781041994826 -0.10454779410921039 0.046941554837472824 -0.045144452003185183 0.12864208259193111
 0.047998314205958265 -0.03663547867692498 0.12744055466049495 0.028604182540001678 0.10517778377719574 -0.054716378511646464 -0.064554348158854205 -0.047092527785051103 -0.088714717274167215 -0.042321728289464143 -0.018165256178678809 -0.02113874594765416 -0.0494162140966262 0.058820521934617467 -0.1079751422551752 0.15469534208198357 0.010984074305207932 0.035025736691688784 -0.1126466136071837 -0.12785678871089462 -0.059158495383484909 -0.023390836925490526 0.12349749176694341 -0.045706687655204116 -0.048643843169239233 0.076602554352161484 -0.041791735024161912 0.12980096126343812 0.12247779228746337 -0.03943146725739826 0.037915748736275866 -0.048877690878731006 0.038875108275623745 0.031924305855951574 -0.091227010627202287 -0.009927090647154092
 0.076669698391439001 0.033397606435097267 -0.070250421073360339 0.051431166290217205 0.0099613298164763272 -0.038561596181843197 0.033697108549694196 -0.064238197573418462 0.044488831233829219 -0.040561338251515471 0.053419911372590369 0.029981946318547004 0.00044314018602767104 -0.090444757641891624 0.018357980662674637 -0.0882133197995352 -0.11069605719276587 -0.016561307493767361 -0.015585846271513508 -0.039635650945869183 -0.050451369753265231 -0.04924118168912664 0.012298289800337099 0.0079216523166248925 -0.010472471750750926 -0.021215295602196441 -0.029655845210567387 -0.004552657421548212 0.093413314844354944 -0.1093125547013008 -0.088309672081317611 0.0022809117304663767 -0.010079183126611322 0.11995281493910001 0.10205141997590993 -0.082189280216599367
 0.074246057147352329 -0.051059466058273481 0.050087713420430051 0.1833059319811654 -0.051889648347824939 0.065082510927219506 0.050171324420344429 -0.011630925196720522 -0.044946521515484485 0.06095019571434996 -0.0049972895565630875 -0.12494858808164992 -0.046039325942918409 0.019777190942115743 0.067150075747651264 -0.12490447491478081 0.064900326797192598 0.1315789470098199 0.096460242536018967 0.025842140370078263 -0.15005462194966523 0.098150624431605438 0.023926531303656604 -0.094626681984756655 0.088268856984463975 -0.27943999073070153 -0.15199176937144931 -0.049620147681033205 -0.0016284040050699683 0.062814353426898076 0.050141323657768473 0.091463074664072441 0.051982035889399099 0.032780183842138641 0.10600398261071008 0.031696122102851852
