# Created by Octave 6.2.0, Sun Sep 11 16:56:17 2022 GMT <unknown@LAPTOP-P0PV0581>
# name: Theta5
# type: matrix
# rows: 10
# columns: 56
 -0.013493574824034096 0.10342060307522204 -0.075092094207447432 -0.067008668522953202 0.019059609397686434 0.05421430478160174 0.13159625256756857 -0.058153519845373293 -0.016717166524432649 -0.07706012429562481 -0.067154346163984954 0.016268454349499251 -0.084708668737463785 0.15461958712731499 0.011951365102558727 0.10388116368986622 -0.14841532976540636 -0.11626638858434434 0.055170900204125642 0.1654224811916791 -0.021850360819697229 0.067620521879411269 0.077708046807378764 -0.1154208987538955 -0.14384053082157949 0.0051552593455674225 0.033490248837291098 0.11504771622380722 -0.083825958913767304 -0.10574538836951064 -0.133595676502935 -0.12465313987206465 0.085825249400463807 -0.040680336655199788 -0.1258771085983712 -0.10036313008956257 -0.13689957078219911 0.17145647863769042 0.036392753581028871 -0.0034145267532528258 -0.0019405206390223967 -0.032847781359632962 0.0034307956915198656 0.027133373123975974 -0.074997799139833732 -0.22412177380174075 0.14126387976996099 0.049778076403023348 0.017279780936976696 -0.035360387804748546 -0.1469952889466111 -0.064445391907983887 -0.082513448681172261 -0.079124368362137612 0.15638243503894139 -0.09351115714691606
 -0.067619137575440608 -0.015466886822633261 -0.080530569844671121 -0.061709683931418922 0.043279717600954198 -0.22036840796081378 -0.16823113950398053 0.071973751140356923 -0.043125119358810401 0.14279321104627141 -0.032529176774669953 0.030706138489577817 -0.006633022996004133 -0.0024166969528380371 -0.10049914166061129 0.034935547719493122 0.010248208231209277 0.1225652736211454 0.030820365667873949 0.0199541949205846 -0.069873649939049959 -0.0045280483504669192 0.036208795133614906 -0.17231635403525775 0.063618172890786293 -0.046820961973167742 0.16566706794713099 -0.16119807720662352 -0.0095660304403034462 -0.17960665725848241 -0.071334410765383383 0.098018980770854872 0.10519547506938241 -0.080038247852799116 -0.08641777534289885 0.1222487531176687 -0.056083049938533441 -0.024165739801812722 0.046668707504294929 -0.042551999740103721 0.10271910487537703 0.053663787645717553 0.10225193213842766 -0.028069488074337717 0.18260052400292143 -0.032897041163235712 -0.022830308166539109 -0.042592874135645824 -0.0095541985064895463 0.076980698880015644 -0.051798060551288806 -0.12222527056569403 -0.11620684411451551 -0.0036009038802521228 -0.17905221729245424 0.033084215266451493
 0.07970622267033306 -0.11541624632338215 0.034606063823765902 0.10504014992674271 0.0057334090899172655 0.13169162274799873 0.12540482546210843 -0.058407818182639848 0.054636709129374079 0.01493592804666 -0.0023852566741872964 -0.092590533146292911 -0.1052549545654564 -0.049359395431272143 -0.097250131720742941 0.021510071426662912 0.012423378958544186 -0.12512715866582053 -0.10962641365341631 0.055028341700917499 -0.01494804210424336 -0.043436102105502424 0.075254479396695523 0.084013182179379378 -0.0459657378644244 0.0025579341270244994 -0.089878009790389513 0.017872114169631179 0.13830873156050821 -0.048250894972850601 -0.054596739379865977 0.097167887264783148 0.195054996689182 -0.062135275953606808 -0.12042895898851405 -0.011843264967030649 0.1662035299574286 -0.090991086225980775 0.076278028181406804 0.056459120258960577 -0.032716151025125102 -0.069217814985843923 -0.17851233405401895 0.017338163620262206 0.12058378918530341 0.034731163392713871 -0.19276231212541753 0.23949104258022941 -0.017417280902818782 0.085741900338965241 -0.20172065319567317 0.11610018839611871 0.029745621993634466 -0.01256377901488925 -0.044320537115055091 0.021001848062014782
 -0.080384375514826717 0.20191106547347348 0.039979795546312542 -0.1797336455463574 0.020955480782491469 -0.053394699809309866 0.18385128758287511 0.019877061097368351 0.14383637066406188 0.071461638570763639 -0.07107386135207773 0.010866242199502439 -0.044090815011154229 -0.032121102496762741 0.078637687059334771 -0.017397234100873432 0.15590467914086606 -0.085598110659073037 0.046777194260636479 -0.083476803032700636 0.039713395550285809 0.16530455904083938 0.04081718261552942 -0.066235388059840389 0.1338301862159948 -0.14652009187231993 0.085691435837024377 0.0055458067314051512 0.27461737913973222 -0.10082822663331566 -0.039741019899730952 -0.097161127190023566 -0.09105467263875798 0.087390112991362429 0.054402808879866357 0.0050105218504973622 -0.017888255319658673 -0.10963611945278094 0.036578525151406076 -0.084139157370302628 -0.035787568387757353 0.071724428216891567 -0.097007967937995224 -0.079579668128235137 -0.039396332339678881 -0.081564892745748935 -0.085685642085002414 0.1118927558135439 -0.047367092167608364 -0.088830517119223878 0.10360965452137572 0.095408860802403697 0.0085289612817304843 -0.11885580721103173 0.0037717194114639261 0.12896394677702505
 0.065291552478531592 -0.13151892252552322 0.12328346387098996 0.082286574184678454 -0.036064546330538072 0.03203928912402132 -0.069061710548490432 -0.067230325628392429 0.019572045390623065 -0.24762581937307673 0.052198166207298953 -0.045055707317505266 0.095835410377526617 -0.054404369121961123 -0.12704225464688312 0.19242317864285885 0.024695688578986467 0.018330841101452826 -0.083698318418692394 -0.10082167965193665 -0.0066267457352077123 0.034014131421130953 -0.087370473712738109 0.056089862664103846 -0.0080848996539511671 0.025403291163342601 -0.11285830773034061 -0.071639886297102245 0.18486800846802259 0.21648759902962691 0.072782785922167026 0.041600628564257482 -0.0026970984569926379 -0.031316874245264366 0.054384438033144501 -0.029343339309407707 0.16285483148049462 0.021626765097743354 -0.10510954566120359 0.10388372862959436 0.13803617599535078 -0.023499702700483717 -0.039864852101207736 0.11131831582306885 -0.085102548077603188 -0.064982920682531836 0.12149050522270592 0.049744020460393272 -0.041886900675487282 0.088730082482202502 -0.078888209141425109 0.059135559831800757 -0.02522854214694881 -0.028983243576454223 -0.016200669519338785 -0.058904381755413106
 -0.05652257363557938 -0.08065750623541787 -0.027046100839136285 0.025537510527679646 -0.072173188236976785 0.10739406610250418 0.049715311056340986 0.29747901031631574 -0.11638184317187709 0.064777520692632026 -0.0464593730806434 -0.026369123066829959 0.023827916250723991 -0.11067118408827424 0.060020119190302583 -0.10899580432598682 -0.05349678283699634 -0.060109629488902014 -0.093950308742533156 -0.019921478371041895 0.076764385387213793 0.023322277565307505 -0.060782972749888149 0.089012000889055795 -0.19100776879846093 0.021453815374279841 -0.071815790572331145 -0.083256673562233013 0.14513278628101722 0.0046966334791438604 -0.039478272921800374 -0.076839706407607261 -0.15538917291625939 -0.088190154004157764 -0.087040186750224846 0.099711082645867768 0.006595156521935059 0.14401212939150188 0.075105904519529393 -0.043939582129546281 0.071823356735499042 -0.096549033119915209 -0.069674225253053515 0.077648128789517323 -0.18109796099821837 -0.0897905865498832 -0.049329420012485983 0.0083129325303018583 -0.0029974473420172087 0.014561366581436941 -0.011128014111210465 -0.072813268465872438 -0.023083379774788183 0.083909021416365651 0.0071874546477096457 0.09744949802692715
