# Created by Octave 6.2.0, Sun Sep 11 15:03:50 2022 GMT <unknown@LAPTOP-P0PV0581>
# name: Theta5
# type: matrix
# rows: 10
# columns: 16
 0.23952126691528647 -0.027611325533745786 0.056109811129140243 -0.24974039562663439 -0.052164838039250642 0.1603772152481179 0.13008083451191274 -0.21843282285967169 0.021816426361214683 -0.086899091384790239 -0.14541797485293156 -0.12725385198984748 -0.0033669145251179092 -0.11318635131911602 0.084815625268870889 -0.0045736330663846596
 -0.0447762538374376 0.029933817410523839 0.10068259592948051 0.06073394164587357 0.073239224677285997 -0.02750278038561374 0.020304131140731537 -0.019762419044787656 -0.027242445252427187 -0.14906173141725998 0.18382408909023326 0.075350586895522292 -0.1113488911327888 -0.0079975733170908579 -0.017052275938291634 -0.10164060550317756
 0.053240103826816619 -0.064546577787685716 -0.070117377177215862 0.014225027827948784 0.0010139143167822878 -0.15930441166302994 0.29056631517027681 -0.10515431248252488 -0.029817948415067585 -0.16693692575365487 0.023960594191180101 0.072175266596320495 0.068016638309983543 0.10048009871807032 -0.075328236691329584 0.069584231050874884
 0.089060227136041864 -0.10837664066261582 -0.17082394906455087 0.11113329278432189 -0.0047693072703626415 0.13524451068075014 -0.20420261864921355 0.018084636705917104 -0.034742247469706639 0.07021818992758673 -0.25384246517193981 0.012885098681534547 -0.024637437237693058 0.098954652722414979 0.086230121650713212 -0.061157063594190389
 0.14922431766877872 0.018722655302579078 -0.019051750297196024 -0.011400625461581854 0.061422444466434328 0.14247892507295501 -0.030329171698302453 0.080926379849407495 0.094476763040259509 -0.011285565152554694 -0.057780560419478141 -0.050488933715957571 0.081269712823318518 0.05882961405768284 -0.04548205018351334 0.21579890407088806
 -0.027371463117729779 0.048435200735461301 0.011585583434470251 0.22674470894410387 0.051680252089476041 -0.0040849469242782779 -0.11162700261754896 0.17615485284350055 0.018818740972799487 -0.0098276197107373623 -0.12063292807277391 -0.014957129414774019 0.049953672014650917 -0.083202725784133333 -0.27257326932496589 -0.079950681801725487
 0.06909885290030035 -0.076149954582701351 0.11387723099005498 -0.21061201848395894 -0.0013032358789385012 -0.090166139532584483 -0.070898186186935191 0.066533079492689134 0.082316645963199792 -0.14997594743900322 0.1397192698306981 0.24623665727164873 0.059269253331094111 0.14216550961864155 0.2339802880724986 -0.24380282059604139
 -0.026977304192940393 -0.12029667512444932 -0.12378783593121816 -0.16389032090526021 0.051933058570230749 0.016607044273412565 0.087979806972276101 -0.11454219319540117 0.028242559865746659 0.23349662297259166 -0.081975162975116991 -0.19974349496437938 -0.059054717486323502 0.035968688606175622 -0.20569369947123278 -0.14358115165354379
 -0.088036735795424217 -0.026726297711863568 -0.24023095912842873 0.0042528103117466399 0.046149251578617267 0.05093604843987256 -0.014041567805024408 -0.15312489599623721 0.0037285306291538959 0.014750285130168557 -0.050625549790355939 0.049786399104409247 0.10654190988682974 0.080368019146868877 0.10870182083558044 0.037312484462027527
 -0.053747777868084788 0.12487033533438019 -0.074826067285154937 0.088111283425636691 0.10531820453334614 -0.11231211414407186 -0.07244336874833919 0.24572514043882579 -0.055744984258446262 -0.00041809657682514886 0.18075828063973245 -0.062170938808187859 -0.12014534695621139 0.035484711065611088 -0.12453172844674482 -0.21459160569495628


