# Created by Octave 6.2.0, Sun Sep 11 16:42:35 2022 GMT <unknown@LAPTOP-P0PV0581>
# name: Theta2
# type: matrix
# rows: 55
# columns: 56
 -0.038154489636507687 0.015819013249883846 -0.094751331927932392 0.11584900957206996 -0.042495872655078898 -0.10188919745783397 -0.075854809182248073 0.08625113018056639 -0.01851174774300467 0.072108849571860062 -0.12865585266381183 -0.0010232636850603623 -0.037391114358409687 0.0068627999695157213 0.10380944489917572 -0.010486502707893159 -0.10985044489523696 -0.063195499783643125 0.092941041655348403 0.019663556672001172 0.13229113410616383 0.12683063392815322 0.014667808282687243 -0.099107900936648036 -0.039183189495617984 0.046943645410734251 0.090597517507389216 -0.11192683117931822 -0.064343939659837868 -0.049612829791468527 -0.046842458626481891 -0.0050733739848058236 0.10772968574895847 -0.0040998381545615629 -0.014363968759866539 -0.0066462015214696427 -0.13890676610091934 0.022343144359175632 -0.026629037063522959 -0.071199378280324882 0.10401302538527213 0.00099176745292462658 0.043776889960140557 -0.01962093366810358 -0.10058077270156801 -0.099733603781957267 -0.027940265123231885 -0.073969930386747207 -0.03901263253488986 0.02016378291286058 -0.02673677993816535 0.10372881690954021 0.0163432727667122 -0.005508971214832954 -0.012291531129022306 -0.16815784266952938
 -0.029476818752346531 0.10597537615764209 -0.00029869863749294197 0.10259802230369461 0.01404499323057385 -0.001817336427718048 -0.017888979073190984 0.087559455311933279 -0.072795505908890695 0.12167526701179104 -0.04403073611318678 -0.068928989824023665 0.11429805124122774 -0.096251561889177883 0.0012630396706107155 0.0075996886458147448 -0.13353951581764528 0.057098513257205163 0.049713945855606616 0.17808412094934795 0.0028683947026032918 -0.11216287157735877 -0.015863257210549347 0.053262460303577237 0.018971733779059963 -0.057242201808126593 0.055803843920757157 0.02952636208547698 -0.11909985909133709 0.0013232978539020072 0.02015080239762777 -0.051530265085362466 0.056191178599472077 0.093652669470445857 -0.089653876745778127 -0.030106929506938902 0.074621753222705353 0.037528025853997761 -0.015312891175028017 -0.11686797201926054 -0.099592722570547076 0.073400796441396299 0.18197596564604201 -0.0079866725986075023 -0.00031047416397135752 -0.14643764850196173 0.12502759249982165 -0.020433884962888987 -0.16635140983352611 -0.013407253256883227 0.13976682900587106 0.068203372086700825 -0.029692071844053897 0.10785618181162947 -0.019457302512601502 -0.16444111122397989
 0.061174223291501392 -0.077963915290219815 0.012468460278528735 0.010349251906591431 -0.0033575341492912128 0.048638779893145079 0.056529940385755283 0.053865382855254197 -0.024270617606352737 0.11894888426549144 -0.032165239466712549 0.00015032094462038965 0.037994071372887211 -0.040052457295937142 -0.10232374443430076 -0.0644312083310567 -0.066588963138580176 -0.0079025596534981774 0.066796745285458939 -0.071463930237989859 -0.00085488770816477381 0.0116822448769048 -0.0028674512808034031 0.044612933517245101 0.058154727601196783 0.094015882002111514 -0.013386420024495872 -0.0075084261177884529 -0.16251263214531281 0.0031070930822303137 0.0036531966539124325 -0.077178299996602931 0.0076744354104077437 -0.067798226997021899 0.059734802568065175 -0.022812284211831374 0.11247222460438995 0.04921044964513082 -0.093070201821894169 0.0079158070866346564 -0.05713894363248994 0.015906927473423479 -0.10885666553760251 -0.019859695552389298 0.084297420856798963 -0.014203711519529257 -0.088560721445108417 0.070723982491470716 -0.098644762888338094 0.094979304876362566 0.0043672685195900434 0.091821389758817859 -0.022922753606416071 0.065731697040122009 -0.13813131268186615 -0.084616473792906613
 0.01033186566226036 -0.07481552223280491 -0.10174714389178792 0.046377365149906258 -0.092165637436258024 -0.037534028871037829 -0.060253642865166088 -0.068708696809240077 0.021280684272158363 0.084921778581472707 -0.035819009835255072 0.17623626534425793 0.0094590368382552192 0.079688256198280835 0.0046581818379583606 -0.053228821728071397 -0.03167034678819821 -0.0016516703698735333 0.11039707570201862 -0.070554601157840097 0.018937213912560143 0.054511344795827109 -0.080696104026834636 -0.10433282790902776 -0.058265878987821706 0.075591899285046976 -0.10451524492586242 -0.049994510500947387 -0.035778008572772503 0.035057279417843736 -0.14047118099770142 -0.097499335578150687 -0.092574911356546913 -0.010650529372857064 -0.045828264929646575 -0.13736982545445184 -0.021268117882446126 0.033538757969541019 0.07410432116495326 -0.025868220169392012 0.070306302290417524 0.1568897085481652 0.044287904859577572 0.10800807041275222 0.059398558972267528 -0.027313446738578391 0.020472923016215887 0.065282241603717997 0.0053558493564721445 -0.084727652225873154 0.094092659114609067 0.019331927922761279 0.038938662942183982 -0.043335243257328716 -0.12786639632078614 0.0084016031677682304
 -0.11695555000550946 0.1088480398756808 -0.10455275358137277 -0.035493013017670536 0.026866607931104305 -0.0095551093162910238 -0.029513366290100717 -0.14371930367955332 0.014184155900260988 0.11158546188523139 -0.012064883975291294 -0.012469328654297914 0.039298961407164858 0.024179383576655663 0.020962683404852234 0.048642716597441148 -0.10779427550740858 -0.047602905738780975 0.17618753641463192 -0.034111954305174129 -0.031164312201291278 0.061586855848583991 0.017649324172964404 -0.081160496347727179 -0.13910374906085632 -0.082452761103655708 -0.093285870960064451 -0.057222401300163615 -0.062637975925984385 -0.035439418144685708 -0.013714587029537786 -0.13103205282281799 0.043777286283101388 -0.037129231795885322 0.084266423440893287 0.14244693094610567 0.026225223384207786 0.0012301151083853659 -0.082178010281579561 -0.096767845617006035 0.028632870376801945 -0.012149212359464499 -0.013922829691072719 0.0086331520215371365 -0.0014462467109865912 0.039546990648442894 0.06629134018891096 -0.0056933660254578321 0.081854963555656357 0.045047709930638759 0.11148658315296241 -0.072587453891612655 -0.11334353734720697 0.12281657770184269 0.11526412456796918 0.00091772173963526366
 0.1192239634670267 -0.12110235115025175 0.069829901520302148 0.048324495985150387 -0.078815568632921509 -0.045920910560360413 -0.080196539554409432 -0.096972930654478109 0.030466855365756169 0.012037192008558234 0.08938996733946715 -0.097622830484287285 -0.10692696625475004 0.014256948061052151 0.14228075772711443 0.019463127446045028 0.087417823716410811 0.0046153842601682213 -0.12209821729372931 0.14293205368957082 0.061272815707094121 -0.053636449973611715 0.089104398748062655 -0.027583809471333879 -0.11065952873308429 0.010119165710135207 0.1245423389490944 0.096701393405530051 0.0030339689524305005 -0.10639728528863882 0.03231503238843042 -0.10033568952475973 0.052066710999991037 -0.11180581315158632 -0.030585866769040789 0.13901332023048246 -0.045699249359625632 0.15706645532550878 -0.028187807702915433 0.12988835100637564 0.054619548991942928 0.096049692714775842 -0.053635806392002411 0.061456438350359334 0.10020941991012995 0.079339921161977814 -0.083306523106052119 0.064554668419693054 -0.11338536340769892 -0.013547634413054491 0.075436332986641055 0.12634191231954972 -0.022007763668057737 0.022812939990822876 -0.015735835741841151 -0.033690463756255014
