# Created by Octave 6.2.0, Sun Sep 11 14:29:51 2022 GMT <unknown@LAPTOP-P0PV0581>
# name: Theta5
# type: matrix
# rows: 10
# columns: 16
 -0.17038700874552154 -0.091866583125379028 0.25825605395767282 0.018471432818071107 -0.26130222740911951 0.0053231357151062152 0.28232940509533483 0.084675687420566151 0.17964238840010069 0.18222054021401063 -0.1387672635189601 -0.08966946282820118 -0.098259395972688485 -0.046866983288081504 -0.059962885888831897 -0.014557111185952482
 -0.21669082361770969 0.070032200680685108 -0.009930744357850978 -0.1009630582060122 0.13833325617441369 -0.22356166397206481 -0.0095132895704752619 -0.129635643338011 0.1144623434191973 0.014106612693840401 -0.066788895766675932 0.36507779628294301 -0.038592221377015221 0.070274600864742492 -0.031029899191213878 -0.34177449717172498
 -0.016878053576540729 -0.1795616235444239 -0.15266133695116438 0.15001287177313152 -0.02670056368545148 0.12580903663328633 -0.010848501613533758 -0.046663254834579546 -0.10564586545298549 -0.13406652867338306 -0.025894817934488747 0.16837604022209246 0.048250621012946547 0.0062158165554690708 -0.056702459523557056 0.20053477752940199
 0.20137720350171076 0.28350749864969194 -0.060744802451470473 -0.0027556961247169388 -0.010163498674554875 -0.21971296742829061 0.11538106040321577 -0.016603409355078147 -0.20381466386749716 -0.017380921755036947 0.021121223716982503 -0.040666419820443368 0.1428588419231436 0.022249686656307305 0.20629479368082707 -0.13401746355705432
 0.24288718357822722 -0.072345058328157436 -0.091932406714891488 0.03884905170580541 0.23206091508926502 0.26000156778947559 -0.24687620644367278 -0.091746135082722544 -0.1023340394796681 0.010674155039808984 -0.10954558261312822 -0.10621251434094721 -0.19082576113272415 -0.02691207134355536 -0.08044895175439204 0.26403518151489036
 0.25349665128703269 0.0089575671066879168 0.048318015829361016 0.16981478017740884 0.12894589622339128 -0.045196878174027101 -0.10264083034160965 -0.14861711390821405 -0.058663215697863313 -0.0018437418459019395 0.29231716204499802 -0.10772996421555735 -0.18427150414536439 -0.099957627952320008 -0.12420445848231927 -0.10040584424480829
 -0.23685577231203561 -0.026839235430364053 -0.042942500029074335 -0.12819686626899277 -0.23525283156164775 -0.26864243470038418 -0.053720593620666453 -0.046240640864590246 0.18784391493276073 0.02463753575929372 0.072486851533903426 0.054792419443141581 0.26378667750184936 0.005941881205743244 -0.0072235941805637964 -0.020276053344515217
 -0.16978974506511918 -0.014518142677572734 0.17191142779674226 0.045802744149167976 0.12700006547373457 0.24729171334941252 -0.018714547119262979 -0.072739417295751646 -0.032597882750985914 0.02566026087531097 -0.19962096583954875 0.053388142026206079 0.076833883723640695 0.019237436700986123 -0.089123215419804294 -0.19229137928074147
 0.045823407828169634 0.098223404564974859 -0.11952029258743847 -0.023015523422785476 -0.061208004877288599 0.12952880222440386 -0.080768809838930616 0.074058455376601023 -0.11295058823239185 -0.026566474632941525 -0.19021136857512561 -0.11862821210437884 0.14640740360982729 -0.083074956668572758 0.17353108179993793 0.27843019140018538
 -0.13528034664218397 0.137697335297569 -0.10458899005958075 0.057407915089299669 -0.064531354919646497 0.032754863097458183 -0.068022037706895119 0.044658472881507337 0.23997081871764758 -0.06374859995834356 0.052545406269866708 -0.1091003665332048 -0.29220394612345363 0.092308681782029528 0.16661657596312382 -0.044411188693976103


