# Created by Octave 6.2.0, Sun Sep 11 15:20:15 2022 GMT <unknown@LAPTOP-P0PV0581>
# name: Theta4
# type: matrix
# rows: 25
# columns: 26
 -0.031618744942829055 0.058752403166734718 -0.010028928618085006 -0.084479902683180313 0.075356680890421704 0.085430073685051969 -0.090332491798588391 0.025820676408824603 -0.051858851807963895 -0.039490051167802617 0.030767617595274441 -0.0033163795419700447 0.057571030836354162 -0.13656152726590079 -0.063488310094592978 0.06305058457837634 0.095797403589095262 0.12754955424922249 0.1175760530040503 -0.066540753434482611 -0.047292507889617232 -0.12462246749637239 -0.10723126462222342 -0.0039941780962636977 0.10140953192171744 -0.12837403745371878
 0.064451136422340349 0.12793152122362283 -0.026316915308786125 -0.071946320525372157 -0.13996941110770919 0.015535958080887239 0.10635340304931491 -0.059655915687532708 0.094615984958628552 -0.053502768832310393 -0.11885747587408944 -0.067831796195979996 -0.10482711975831326 0.018714086653688646 0.13584463758543558 0.048396834668705237 -0.31327220284319629 -0.012022320058230342 0.27950971533065999 -0.11468965627416128 0.091679177378001561 -0.032852102554513068 0.079965615197664985 -0.029426448455497762 -0.070238142529631648 -0.087198764053166469
 0.096644593693846426 -0.009783172018047865 0.054094233462697927 0.035125077185693569 0.033816694006863025 -0.093678980186077038 0.13008395381563365 0.073201423175583688 0.039114254394896256 -0.11065404607353911 0.10981254264153878 -0.074261349664457646 -0.0022632563809221471 0.065776399040417571 0.17109549613893946 0.12732668424174079 0.045358398894645421 -0.12413717368100133 0.040813043235396751 0.044468826555787794 0.03224506118666521 0.049506803379209374 0.10760716127595425 -0.12741186240892832 -0.14838211779273894 -0.075235400510299533
 0.01087013377177737 -0.10373109953121545 -0.039333488893797022 0.057317607351382534 -0.098121754369561581 0.0060088505684435106 -0.11983774470902336 0.1027548398507669 -0.069692797130002232 0.01496257408638226 0.089645165231281299 -0.095449257685354907 -0.040943409945806711 0.088626389223682309 -0.12053354724207707 0.019324229991794045 -0.1161376230797467 -0.11468926461403198 -0.069994055599585173 0.11445442063803413 0.033108251901994873 0.0020548295891426979 -0.098636495121018186 0.060773986866706341 -0.076221925861462453 -0.06274479940573241
 0.033326991673816551 -0.059483270061713514 -0.099882263324918411 0.076862595327838887 0.11720774291092799 0.016240438642116776 0.074729389009834904 0.079295203714441168 0.14859156881779534 -0.049956435602055121 0.090816255526915274 -0.039638919967507048 -0.022342535140429689 0.02011290308508782 -0.01563338194472402 0.034011867597413932 -0.10906892390989548 0.12340110261160213 -0.02341047067881237 0.13896259539733757 -0.050219019590329587 0.12477146456910791 0.088424099084884106 -0.14908004664876434 -0.17035176876252595 -0.053755750551026951
 -0.019814390410758293 -0.026758368189518766 0.056568414256186139 -0.12216555622545212 0.027674218835431252 -0.05477544480045507 -0.076743057651676744 0.018590280489771255 0.094190303082251889 -0.029156170981082731 -0.090828146742942512 -0.053102550437260532 -0.10911528641086102 0.13511515664635695 0.15039643203578573 -0.18003296349092704 0.086277052986416164 0.084548059235315692 -0.099950584296412751 -0.090662364369004295 0.061341251009116741 0.043781610356069478 0.013437760514411356 0.061594745940954786 0.17350921970235397 -0.042723492266695209
 0.086847777797067746 0.10716384108763917 0.062005724787814166 0.040886802192778023 0.036809582563761094 0.10821600555113235 0.10869385606436058 0.011231455491102497 0.045324627801952566 0.13985094244432861 0.020472882576479057 0.005756057748961309 0.04275610954106112 -0.004299665297196646 -0.1681705047896262 0.23052901423220754 -0.035086825489233565 0.19140449010297569 -0.0019637226194596335 0.053555392182354243 0.12036572758167788 0.086625902440423813 0.079358581848182591 -0.16943236748963078 -0.086059251137452067 0.06006659474890079
 0.11200402514173663 0.065567194537295828 -0.037489120670398488 0.024279813311024627 -0.0099776217802073006 -0.063267982966729447 -0.16501469856398723 0.030072067493171088 0.076088396027400529 -0.14824849707955579 0.1523979263790661 -0.067483442691727083 0.081247441606739426 0.08848124385868715 0.038087169474525888 0.087604952306210834 0.12179928955366111 0.026451563249876017 0.082276093052360499 0.13849425656399661 0.069514905351001799 0.080235406221123323 0.0076821056177818828 0.047299695717723612 -0.024567433890905706 -0.0060480901634124649
 -0.046292773368870693 0.1646341071347921 -0.096117476680351976 0.035406119674734081 0.042684122523600848 -0.11280391015647533 0.13384192811321446 -0.00079322165592574264 -0.064261610109417763 -0.025674470477425115 0.056749997111094241 -0.080429911965816364 0.015128146638433827 -0.018973179693213344 -0.056616790700779164 -0.021974460659849752 0.10391584934358038 0.06233438347286574 -0.058131613557193589 0.081066089381159459 -0.015347890669663886 -0.08680610609774439 -0.11427625129690631 -0.067624951732162181 0.047033014324350544 0.05588944015267857
 -0.094779680010500675 -0.035179991218091948 -0.12369232227694053 0.11057759739292303 0.033117471383576104 0.10054349905245953 0.10280067706161901 0.061426866503839925 -0.029955803650238082 -0.060806531629169942 0.037942149350223137 0.23229683695394537 0.020749544498934444 -0.12068117249219058 -0.020426414761654407 0.11917474683624539 -0.0093930289991615273 -0.08367947227953515 0.043093872521188188 -0.016862522209948959 -0.083702203993913996 0.092839648145975742 0.12174242688213417 0.062035088808931695 0.076771194310629232 0.16034249479959722
 0.1016020423935009 -0.12936385669356174 0.062971225059421321 0.049592485699033857 0.04199111780271305 0.012515119359707507 0.032924799773823323 0.042843337738826828 -0.11504073516604744 0.11002691756810597 -0.11696885054064833 -0.07073889020690402 0.10015954331389107 0.057257841445071803 0.2021858714194178 0.19491323097995242 -0.087231069761515193 0.008697900375882868 -0.070209973881572477 -0.10180558097127859 0.10108769066591525 0.042202794928990935 0.090678294141775154 0.16346180999662288 0.10975119848347069 0.027187494249201742
 0.0082127726703358096 -0.075478819769266237 -0.017715725058637125 -0.099024693158785496 -0.087734091292261077 0.02544483693631373 -0.055411970624488854 0.0036947030367856328 0.0091806909339252184 0.069319938884412111 -0.018341197971599884 -0.0046183151443770533 -0.042759892052621561 0.0062498151446373296 -0.1065913491255126 -0.015540851516333439 -0.03718116491868384 -0.080248241133491313 0.027079269107208273 -0.097457104175910123 0.030986188559373313 -0.10985476452987197 -0.052644193424706304 -0.031646745947413076 0.051247722505133909 0.10418787683399679
 -0.010216122018377233 -0.057173661350996191 -0.09719002366644186 -0.084821315571323788 0.075668473166766281 0.12060068158655075 0.057904147953180614 0.096810609262143091 0.1437580326095976 0.0058905774842152297 -0.13121568789973051 0.024695634970550495 -0.089078066565164093 -0.029400466040322263 -0.047553803663569538 0.06297288005220375 0.049685090002402114 0.0087120563356590242 -0.087586094817575316 -0.073715643150925048 -0.0192072070949727 -0.027746094404955939 0.05376348797045255 0.10712822184169088 0.040921109199865371 -0.01747876454211823
 -0.020966110027302472 0.0010854086112276062 -0.11013356423026797 0.092305178072615776 -0.029727763505709874 0.0054810005226200702 -0.10924263067052729 -0.022486956354262004 0.044431719647670481 0.09338465985753025 -0.054062154442751885 -0.055533887767942158 -0.10966380834708744 0.073736965521186401 0.037261100925089642 0.029400486221535536 -0.11084821299701858 -0.042453082510960388 -0.073808518029379683 -0.11146884143049814 -0.0034301324967148297 0.015663402767503009 -0.0580705633037365 -0.043243680487675018 -0.064580436348461709 -0.030830027076094193
