# Created by Octave 6.2.0, Sun Sep 11 15:11:14 2022 GMT <unknown@LAPTOP-P0PV0581>
# name: Theta2
# type: matrix
# rows: 25
# columns: 26
 0.10002012912228453 -0.071748387817279116 -0.11489311217643815 -0.11265870512258384 -0.064492260937114937 0.064850445150963762 0.038505311754668897 0.050937142450793886 -0.12315021393751935 -0.061891751867945571 -0.010074712468286454 0.070039362409039296 -0.039358647663000276 -0.024698844270482519 0.079186413824304705 -0.030020392280150427 -0.096022176194243691 -0.058686649752763539 0.069883098598561608 -0.034509546076327668 0.097785152385897592 -0.034623972942156044 -0.0042307213127965419 -0.08686698431041491 0.03452386775008634 -0.015322741620907012
 -0.026779792497714811 0.18169670738159391 0.088792333415063443 0.037452154098313796 0.036305294526526019 -0.017107605792808917 -0.016119345419368627 -0.085251264089854756 -0.0050018648184114349 -0.060966532417893703 0.046713753884767444 -0.021304986057468146 0.073639177343473972 0.073155376789031529 -0.068523113285390486 -0.14911470192550258 0.043040493636292046 0.094442979829752027 -0.044614246849927396 -0.18868236827807044 -0.028585456733953993 0.026293564413216092 -0.1057046744828712 -0.024318639240159198 0.072505080613391309 -0.055305507091583037
 -0.062030211912203259 -0.048732181733778038 -0.10127202607141253 -0.074764274532078207 -0.073952664831550954 -0.052973527753163739 0.041715984391804795 -0.062033285487370839 0.24980129753018993 0.076148118227914091 -0.14592334616165306 0.15460643784918088 -0.019828484575089213 0.022467005481768793 0.14280638905833554 0.0994452077433155 -0.12185578883706367 0.0050496450324368537 0.069791992447566231 0.03750933016752981 0.0090433515888333621 -0.040836767905474525 -0.083872180288189935 0.064516886521979705 -0.084007186702302686 0.10511728849014523
 -0.086080394152044937 0.11931647095862859 -0.023477171445709141 0.04273845676599048 0.065314546573690249 0.071411792293868806 0.022829414777301719 0.10479069019228476 -0.045696695493972463 -0.029115511574361996 0.0093574109756849044 0.051259702056205572 -0.014673306185741239 -0.081613677078205424 -0.05557854015812097 -0.13559592149623315 -0.03631506626668294 -0.009398941470752039 0.085432564402634234 0.0072518380413470933 -0.067436803687962843 -0.019274156033822931 0.10167307137436007 0.13977505650152838 -0.10413825026077717 0.0086476953310142372
 0.0038560102949115162 -0.12355128156390711 0.06812083877655617 0.058548399284375684 -0.12881257135909793 -0.039805601987538276 0.072444493468578841 0.081407197058689207 -0.029027445373999077 -0.097918320721752328 0.11974841612762303 0.040399722493405163 -0.12579053039405155 0.070295907477698025 0.072129349766914652 0.023989904873467947 0.09060424745626984 0.30403212068188823 -0.082172362914185712 0.056097505481207115 0.018037390524139753 -0.057507773954591695 -0.011971338129258133 -0.070315032003535768 -0.10008871699115758 0.12076776805357083
 -0.067158355726648133 -0.048963925884924042 -0.12747819033280516 -0.0066503682162263747 0.04113329714259871 0.1942088012888675 -0.122861818912241 -0.065997723900771604 0.042922196029672885 -0.061301760001739376 -0.065404779919722197 -0.016050923450330476 0.039929897432391274 0.13287751262787054 0.020097344268772244 0.098108806986058131 0.037281898476759737 -0.042776172849236987 0.076253694116168544 -0.12374575746626434 0.01124520862173658 0.085895521562506627 0.045449351377673836 0.0091844070218277014 -0.10825252938005439 0.061759021300941283
 -0.06597520118739951 0.12338873511717376 -0.093972310645828963 0.088703236872739871 0.0079508205597207237 0.1453277691369779 -0.16902982142932707 -0.032136871593680207 -0.056024130340756706 0.019552747843440257 0.26220483677595435 0.042260203163890654 0.0081322947848135475 0.02863252865231063 0.016044184607054209 0.044042253311585539 0.014069554981802346 -0.036625103695953523 -0.07455941506871594 -0.035641765820491618 0.19315349360323597 -0.16481791692120334 -0.067410168470632789 0.13047878549349379 -0.10588605332291387 -0.10885766711882669
 -0.09202252498610429 -0.17401565885022957 0.084188377210504581 0.1996130585405636 0.09408480769702153 0.039039574198045844 0.090004888496245161 -0.0089684503627007854 0.051588190765519036 0.10984790749877854 0.046002395844898833 0.018179986470286853 -0.10700133178210369 -0.033982369052603843 0.15837344033163941 -0.026669832999413803 -0.11137564832329247 -0.096488654275021596 -0.09075583601615049 0.0069055088840748787 -0.11542086632116637 -0.087904133688127356 0.016321808690717764 -0.071203666538944957 -0.12317770098438975 -0.092463161614239411
 0.044733167703091395 0.042269570012467068 0.053424465398184316 -0.05464108597968001 0.03958857096608253 0.057490151275715516 0.04677372797668982 0.11960391631525029 -0.016351214541411072 -0.096639793410038879 -0.1633745406483372 -0.15388391510841604 0.039545454178290633 0.0079087962992958841 -0.0095953176623385979 0.15725192945162469 0.087591030049307281 -0.16578128103249512 0.10115640555616996 0.093281178632265843 0.069558892768896166 0.12863785805245351 0.12479305020167651 -0.0042167862267775197 -0.056281024612651616 0.0054703138524077963
 -0.042910922227585413 -0.0070059660284983883 -0.022600630822903967 0.001355839677844656 0.19744325358568129 -0.076689938939423413 0.12075024090585307 0.087532410625915519 -0.13284996379708228 0.16005061717436744 -0.078984050596335648 -0.075685286335607907 -0.11652125263229865 0.018289781525683765 0.19642269576962335 -0.081599851142544436 0.046899548953101139 -0.029004995957593156 -0.029061626719197098 0.071085124690222282 -0.055179708522299038 0.026586188736335576 0.047792710368707199 -0.18040037061500752 0.042941243988487698 0.0056739704904443401
 -0.002258382723866048 -0.036275881793533048 0.077962139119484616 -0.024981761129206786 0.13182979483464552 0.028629202805468695 0.015704859699756109 0.086332456677835956 -0.071538856551394372 0.08345867937012591 0.015643000565188768 -0.051411788663699741 -0.027419781636719105 0.18843717274043567 -0.04183766930138369 -0.1682126229070445 -0.034074229474779713 0.034974668106146481 0.0080357168361528571 -0.040296994669287663 0.15481500073141871 0.10229554851727921 -0.013703772038758518 0.0022526814851941295 0.023332896992081298 0.15696987619175268
 0.050280237032732981 -0.04192915407715031 -0.11110086718263258 -0.11400816709004588 -0.065175992086301232 0.040257990086812058 -0.025195525274811708 0.044318507494199709 -0.034245785743833392 0.12147409430866844 -0.1293955195952374 -0.0068232837975345673 -0.0489246380820412 0.031254297294368572 0.04078680641900901 -0.049081478966787898 0.10671482415699519 -0.13098356531371491 -0.0048447898935046613 0.052329793002649429 0.023327231405554542 0.055660734034149256 0.061783194761256342 0.033684278801194227 0.13204229925265612 -0.012443104730818453
 -0.014015245842223672 0.20066372211158712 -0.10357030200270233 -0.10577846893164301 -0.081579168000816771 -0.053827277126078432 0.048082099502679554 0.023175776670795477 0.033552781010712941 -0.10617519514811509 0.019804351201897181 -0.15100832216744564 -0.090102586933101345 0.096711757019627781 0.1595801979850314 0.078869803504515987 -0.090766013618995112 0.16633806158450531 0.045736891811027823 0.010134810640558283 0.17467481459117334 -0.0022577362523640396 0.049490640885690128 -0.034079630272380083 -0.14394665584889968 0.044880831328480461
 -0.10008781899284173 -0.061076302933667413 -0.051008765243638898 0.00015103696925392377 -0.10665773017239936 0.032034386197146845 -0.1052895603072288 0.081824070309654023 -0.014859896179203084 -0.077439663364722328 -0.037644063721277189 -0.047939745599274851 -0.15913040150621513 -0.067537911999959982 -0.0029621620672900498 -0.021332177659003401 -0.083108531337790392 -0.037617343169990707 -0.036597858725950297 -0.027661413187166584 -0.12240162601648059 0.077426729377953321 -0.014628475824393528 -0.060525096717083234 -0.071200525493518296 -0.12091070467922578
