# Created by Octave 6.2.0, Sun Sep 11 17:22:29 2022 GMT <unknown@LAPTOP-P0PV0581>
# name: Theta2
# type: matrix
# rows: 55
# columns: 56
 -0.073544499744457967 -0.018806741453529008 -0.075592320827454457 0.0032872638393110676 -0.082173176020407065 -0.067054113922793618 -0.087465393876563199 -0.069855097545720932 0.1083052922513623 -0.056052852027981222 0.052437380395874075 0.0236006538758252 0.049963630467825683 0.016496915607318682 -0.031004083873713954 0.094506662627663468 -0.10344464566674816 -0.11275938419872034 0.15659307383292553 -0.09581138569883281 -0.066489345617258569 -0.069061380848530252 -0.070590371806141333 0.084888866340285266 0.026744215882651419 0.039501926032057759 0.0070948038904949783 -0.097190705310455261 0.11483457723774594 -0.10189173301406958 0.035056808757655232 -0.029141474489020602 -0.054736722375548982 0.055160506860087152 -0.069392055769854036 -0.092763201375185345 -0.090225720876634954 0.023818369850508819 0.1181012639477646 -0.10812206524842269 0.10962610765576961 0.044339909603853304 -0.060746617273861242 -0.00161036976077613 -0.030987033933974832 -0.031807249661470888 0.048390863546947591 -0.11283414033561245 -0.029631346892120131 -0.043394675357661637 -0.022635921789491677 0.085348664724669385 0.14733318307992757 0.015834227401876656 -0.073321778644866692 -0.036415797359584397
 -0.022325625527218729 0.063907696225807137 0.059071348855189713 0.059305629728827997 -0.041164928160438249 -0.12913484545029028 -0.10060888148661475 0.010864026187325472 0.037214030493929635 0.083773529444637534 -0.034730530396612079 -0.046128612868874055 -0.14540485406951009 0.086298839636467464 0.098155561630984281 -0.09194467435842274 0.10592658954942547 0.077295290938285938 -0.0056947670704872331 0.07709139904125005 0.12937972190548028 -0.034930228060230196 0.038710991418440838 0.072904745867436602 -0.044313280779795211 0.10807205999670226 0.01131894934022073 0.027988976544905678 0.049504912530276939 0.1022834642910143 0.10911959404326947 0.029772337191908447 -0.084533453699976238 -0.0096025355398862561 -0.08401980738661731 0.0070720732172034279 0.096145906147832208 -0.031300765130988138 -0.013348980897020449 -0.044763325536889144 0.025100315117465324 -0.038195601283946737 -0.1677634279286648 -0.020642871235267188 -0.056087806690647612 0.058345766061282035 -0.04971802435698882 -0.025986029829572266 0.011192331251439079 0.070103501823470485 -0.047867582508042524 0.11775897238710242 -0.081908809086321491 0.029554878193576606 -0.02937617080791741 0.026409845728276357
 0.11526345544642244 0.036852135477906382 -0.059871900384807622 0.092902737165320867 0.060829036464852056 -0.026846192792085007 0.125406167239763 0.026880918164871904 -0.091970315834773261 -0.039836633031684825 -0.083950703061696344 0.053940112657582216 0.056718369197834982 -0.0077768879417790268 -0.10743639989368071 -0.091308068383228108 0.12182674074891094 -0.081298577756274998 0.12983626441288892 -0.039491218819484225 0.019622008429428135 0.053160463028244273 0.0069746016087261428 -0.12380046838607854 -0.080505263535350799 -0.041469499945772918 0.14626204029869719 -0.040296749055728415 -0.0087134640993343053 -0.0879970255944693 -0.062429447318686174 -0.0075136297426998625 0.041089930664643427 0.078889463830201886 -0.096879115409138156 0.036754627107162881 -0.065400759708413775 -0.083613704628072799 0.037197241279673464 0.0473412462669398 0.047490766185666784 0.096042981990768911 -0.12728151346101219 -0.039349776446457416 -0.095596713981369458 0.083789931565341105 0.093740003216564241 -0.056796070936521496 0.10124410169547213 -0.059143380148374079 -0.11237233996597566 0.1414373785691381 -0.059794821380405906 -0.073905177187414059 -0.03760231294346409 -0.069221826288997437
 -0.088536190254789593 0.044688039524634696 0.098450565948098617 0.097970352174388015 -0.013192556900699067 -0.11878080697742376 0.022536349085342019 0.099449305748055578 0.065555637549923038 0.11078836876159542 -0.025482572823558952 -0.046658577950963877 -0.066910252951276825 0.051924988349850563 -0.093330624286152644 -0.049231938310256018 -0.11116184817304389 -0.064913349631459158 0.084749877003717333 -0.12240804714113218 -0.038436264483153425 0.020986097210081101 0.082920542120430402 0.03674304044475786 0.032894966805152588 0.1021214363556741 -0.055064350512469815 0.081003873940400706 -0.10622706735969671 -0.020062316284007255 -0.053690260592732797 -0.058342171869282013 -0.077851621678901542 -0.072044169996291957 -0.013351425510405681 -0.11568618008503115 0.089411208547080748 -0.031339423372106538 0.047740568192193619 -0.052776822163766494 -0.058864169244206906 -0.080122438737346327 -0.099855449946934946 -0.01799912243464924 -0.074538772533234474 0.056389439074031163 0.0082734508356682272 0.10196320558824765 0.018203141694969033 -0.0045252871151425563 -0.0066170631359719258 0.099854590615502711 -0.11218163853394175 0.0066788039370002591 -0.017724280804235812 -0.099643456059758467
 0.058336086638559242 -0.076578171054521929 0.10915908257145721 -0.075565412377172861 -0.017403577696993269 0.025345045382185533 -0.0045440902088559904 0.067088039596859106 0.045366942939339988 0.096368423064410125 0.10272289717371876 -0.11914930832884756 -0.088034092501111494 0.042104648689774919 -0.03098422005898497 0.095721254858417607 0.015325427391579573 -0.031374067223575788 0.099112809481171474 -0.07057256969797944 0.044699194466218117 -0.02129935865989814 -0.096125555355145706 -0.0022259107293716345 0.051135197417565302 0.090819490835807676 -0.070100938041779151 0.060799202525801649 -0.031150017255902968 -0.090923029742820197 -0.1025100348604728 0.1584559256489588 -0.082333374200925777 -0.13229057163041122 0.0078314226634428209 -0.14235647573482382 0.021104489798450535 -0.020491294133928643 -0.10619535681525501 0.059720269243806343 -0.010720000696901261 0.099768778770612077 0.030075792313618815 0.037614209371727929 -0.034994602412378978 -0.037242497649005168 -0.10508170669920187 -0.078363180337690477 0.13504822060455271 0.10965175283187203 -0.070685943696741499 0.076067488338721595 -0.024989654441356028 0.047037006233700857 -0.10536249810296158 0.12269456094144171
 0.080875992760148313 0.040058470655274819 -0.088069410297138911 0.028700768581164188 0.00700820303670788 0.12212962033550728 0.065462978591485282 -0.0088231278835978841 0.033956278988869035 -0.070534868883583665 0.13048924282391658 -0.0065851585606223435 0.082177840582009706 -0.076669395310367067 -0.090931894208449493 0.055810261091824208 -0.0015321245265181775 -0.090130369407326022 -0.063004957875220299 -0.034629459381938697 -0.027151039622253018 -0.034875001097150991 -0.095406925921036889 0.064928234608117794 -0.066245437403802523 0.14576716512407517 -0.053014687370809936 0.056297557588014163 0.054727082040718085 -0.10270948595457034 -0.11311585579088997 0.027054074204647227 0.023561976326611996 -0.037869005435280136 0.062427628205709518 -0.022184106949785235 -0.030553380422705907 -0.027758652049423783 -0.0083391767311192574 0.051124432050719003 0.042291922575810499 -0.0026365000251576958 0.0078696398780090729 0.065110708053085289 -0.099985450522035307 -0.12737757232587621 0.09302673755083854 0.014582475112586273 -0.07429612836128828 -0.091779948815211565 -0.078275194614726443 0.056829274448433546 -0.11433620915638511 0.02477863602879473 -0.046312776986959063 0.0035313975985360375
