# Created by Octave 6.2.0, Sun Sep 11 17:28:04 2022 GMT <unknown@LAPTOP-P0PV0581>
# name: Theta2
# type: matrix
# rows: 35
# columns: 36
 0.096196400044998923 0.025554222399507213 -0.045147669304352364 -0.095400496857159858 -0.097612426008114705 0.0076272122062083954 0.13023198165899325 -0.058127219458622294 0.086976759699667713 0.029267382797044411 0.060270154244615091 -0.10123920348555612 0.061959381351389599 0.096113293093400609 -0.013581645667854253 -0.035857316791189704 -0.046024156728930329 0.080275420141165024 -0.037672266111541591 0.10237736250515363 0.040343549812228471 0.12254104200015592 0.042474040365357152 -0.11105585752970805 -0.13954823299675198 0.014557524175539609 -0.072707816627852098 -0.038624227822867979 -0.035046012914711329 0.10034783308914264 -0.091348879633001437 -0.11301475695608948 0.14988388169650366 -0.044886484284909475 0.037463421860613709 -0.1041444606126371
 -0.0067306750308928588 0.092714263451476056 0.14197998667147158 0.069166717430125077 -0.084457268281937961 0.010160638489455696 -0.016098906119469597 -0.0077737413423779938 0.015607472987188618 0.051754298187016892 0.16509736413880149 -0.070656890386904619 -0.11945872206004704 0.11557691907854312 -0.12067201728214751 0.063544643689811442 0.121006653439202 0.17992639003392522 0.053960991374425255 -0.043763890229773811 0.029140695952291677 -0.061057824604564749 0.12728591595880451 0.1432467436167256 0.1484938812145746 -0.13017283417153067 -0.028786956652646935 -0.027791649585031102 -0.064899475667173634 -0.070617315468676375 -0.028975492828675408 0.025857673815976076 -0.041750928919291545 0.062491541642040162 -0.06775923650854776 -0.06862401793316808
 -0.06081939703395086 -0.061007975020743413 0.021503598439236028 -0.073115078335361253 0.0040163337474435727 0.058294555582335254 -0.021152696540147325 -0.12967207817496149 -0.020466797133831184 0.087896778056792982 0.0063094366910640409 0.11741617788953451 0.060158765848054074 -0.047609192448279332 -0.066532531805258838 0.039242260870813631 -0.060937640931827602 0.11144402295836994 0.049688614539008816 -0.037787395037644528 0.083151743841312728 0.007632987647988157 0.14376190216800708 0.14631073336617276 -0.071529829740304363 0.13025639954146878 -0.096044438280981775 -0.056033412719629139 -0.10093480027171731 0.016316895862987079 0.023932377824551189 0.022082552814691979 0.039497069746294078 0.09621378941378704 -0.068680659873225955 -0.053602056228667129
 -0.11195038410235432 -0.044485881267773766 -0.018692224848393512 -0.089719882857357852 -0.010846503546381588 0.029672518599249742 0.035451313456348416 0.097474164514395292 0.054931193629088292 0.072797334184991125 0.024774565307889174 -0.093417138304971573 -0.015229049775773523 0.14037791713705627 -0.026190666805016846 0.072633516825036534 -0.052490195848235936 0.072848263173450709 0.094790519240137955 -0.0058410471101344556 -0.0023942190885510185 0.034320702569987295 0.062621429924419741 0.031948902769524841 0.045367487429769218 0.032898806236632792 0.013622938106888069 0.14098384276162904 0.068145310920170024 0.0068069019785427787 -0.071079989416715603 -0.11837206411521199 0.074866870699195107 0.1432409568366991 -0.1214227139076024 0.05264974637554725
 0.029948656118329808 -0.074531806543505788 0.082310038189457049 0.1369025081758844 -0.01757958722459179 0.013131557094430504 0.019253916142249784 -0.10775134918813807 -0.040366229825469176 0.049601813430180275 -0.025566949270010502 -0.11147405094724705 0.065206426521846814 0.029871066268953136 -0.1064157463008943 0.045599002576715328 -0.017090672319050926 0.097523325447788356 -0.08081337070458039 0.0098866508083024669 0.087747675527603222 0.10114875136859049 -0.13917843939888705 -0.01520370373024112 -0.031884324786068619 -0.041407744775584052 0.073616074687534686 -0.053190707796658188 -0.052661852984996697 -0.059883605693612278 -0.01483224276790134 -0.056151144077083492 0.023616460661058526 -0.14154581147320824 0.11240880148532151 -0.13240406530043181
 0.079224132564384139 -0.087138062669805755 0.064013481161206087 -0.13649825433814075 -0.016228778537377777 0.070476047061164809 0.14378037670400673 -0.0016674365735185109 0.12791111998523241 -0.037016432289892563 0.031118631554865828 0.014966478129710839 0.046719580954206121 -0.094762977662725997 0.048215864688972022 -0.11925670171934236 -0.11013390485136286 -0.02093352443784954 0.14936904856526623 0.04655477790985442 -0.029905789254512039 -0.022353212241465581 -0.0035934174519161714 -0.093289916434675435 0.085991918482464666 -0.11931695134851643 -0.11051800216939925 0.041850311906056752 0.081232860299464568 -0.10706760576744151 0.098329352785113164 0.029230498571528343 -0.10392807705947173 0.062039774370138454 -0.096709588168409036 0.019996103010317408
 -0.0056394925596199331 -0.054304652509645078 -0.039806987040275528 -0.064234213557962008 -0.069590221220429752 0.023731843429145357 -0.015609156809944347 0.1069342246532631 0.05317307834503085 -0.022685705047948861 0.017964699155226926 -0.019189108236373518 0.10896270882608071 0.069200641646719907 -0.11227150229185784 -0.11086398719515814 -0.10725105372617875 0.094330813557290158 -0.07872814562749611 0.10955696149891991 -0.074946967963882477 -0.10695140669879916 -0.10698820084182305 -0.089909615262289522 -0.087184940957317145 0.034833569573981982 0.12387398146664999 0.0026653776234371426 -0.042319278788673871 -0.11993873220266783 0.051573124269654741 0.068472428824588358 0.096441432395175539 -0.10737291771596308 0.048253361352077993 -0.021912420037133128
 0.068258719104431861 -0.0021000207800850939 0.11917084966567625 0.085153478732708829 0.048494862876207807 0.071305446241956255 0.048372261199537275 0.00028709088451747374 -0.02691958231630007 -0.022176313689350035 0.019847861318675674 0.13428808235144235 0.048060707168148427 -0.014188511813989418 -0.056815970842953985 0.14324111651171398 -0.15059790418357222 0.010625153034362126 -0.0059678460132674563 0.052512607024655128 0.048829990275726536 0.078834905818300563 -0.14621827600821538 0.031440477062945844 0.0079529734662135629 0.037425315752267783 0.076199481868172519 0.066673537854469792 0.0076709893152223652 0.042220569454788394 -0.0093673126069521977 -0.033364494070241696 0.0072865481348935463 0.098139276333255476 0.1280672217093036 -0.039273028198169344
 0.019331295817960122 0.0803416228755746 -0.0060281952179223244 0.040999523097870277 -0.078681978155612231 0.016195208318099317 -0.057955246520936782 0.0581633349719302 -0.035288030554590843 0.091364329473074282 -0.02623692563765816 -0.065769666572884453 -0.12974796019380994 -0.048927160309680182 -0.035431279726073198 -0.018468605623023247 0.087168862103485303 0.0067629615773989356 0.066593962524201661 0.11296904483452791 0.076551116013383769 -0.11545115920987641 -0.12084834303659868 -0.036697049865531059 0.002148413387178695 0.067026166160553555 0.006796441869736292 -0.019455618963136575 0.040233878753744165 -0.052973237983651264 -0.1220194865598322 -0.067847524639083862 -0.098526121684882062 -0.030947729810423184 -0.13176438660173984 -0.088915441993805619
 -0.046112711008040833 0.056831090262060985 0.15907101583536287 0.016737384766632543 0.026155929812115491 -0.044235906840605396 0.10001615970336002 0.041833471960600277 0.048202573347417801 -0.093379959137209922 0.068592629806375829 0.11995552436208706 -0.076830046588584028 -0.079113996726993388 -0.15559987684740431 -0.031601213248294804 -0.040413410802542293 -0.13475261173209099 -0.039718511917800181 -0.033407155773313789 0.076729352987932015 -0.085150444754453991 0.049651999107169442 -0.056291271737078395 -0.076946886026548839 0.10548595245902287 -0.11732054004070901 -0.027312212033112501 0.086189050619596003 0.002305171621810982 -0.0088444190862758537 0.032299740477031866 0.10607456534600013 0.13108159726550517 0.05966158603984939 -0.071901249412260615
