# Created by Octave 6.2.0, Sun Sep 11 15:00:52 2022 GMT <unknown@LAPTOP-P0PV0581>
# name: Theta4
# type: matrix
# rows: 25
# columns: 26
 0.01212015199901551 0.0074885454119191786 0.0021258564295509566 -0.065370885361369674 0.013644970833662572 -0.069053944774977838 -0.1480432205707834 -0.091798808001385457 -0.056149699625199473 0.022747232985761437 0.025557192821082708 -0.042045713288844322 -0.0091605696170154582 -0.096097229295460732 0.11244742246484059 -0.022220932125731539 -0.087352287941592832 -0.17716351124554672 0.0036698075147308037 -0.10888435731599996 -0.012888748409649488 0.0069248181524392783 -0.044482265078056117 0.063334944528265741 -0.071803525379492153 0.11199624632934117
 -0.079289661703014852 0.0015282760516136208 -0.10466562919841778 -0.12677790756431437 -0.046468406621062948 0.092764054842035343 0.042427868037241794 -0.080228675547366207 -0.10385678632776471 -0.0517613240485005 0.077770016269919889 -0.033403383617914839 0.069869544438548425 0.053175684423702824 0.073544544917678714 0.11137723826177347 0.060935872775837716 -0.11010271832630358 -0.10550143500858798 0.08244132228571141 -0.07356381803662837 0.10009210326514967 -0.085162519040179213 0.071817640886604875 0.055154084519604782 -0.050915597024963288
 0.057634650532988163 0.017025473275213941 0.045923544422933331 -0.0016616826906560387 0.12095991050307774 0.10839880000646353 0.059859965552695037 -0.15545403150350232 0.014582134248767684 -0.012380680827034767 -0.054250670204660609 0.12771869246078105 -0.12975547770668663 -0.040617822562028838 0.13172243093873134 -0.0015407102057227603 -0.025019130122595594 -0.11983246085053757 0.023203328325860476 -0.05607942313504289 0.072155608726081413 0.10743198040355607 0.11363153264462945 -0.052919894008716981 0.050885628369304797 -0.043029078042415694
 -0.032199659626123145 -0.010760653629634563 0.032869828271592148 -0.11251394888949091 -0.018203975462724828 -0.079699555882304138 -0.0074979329706217615 0.037380138205282569 -0.11162455463300909 -0.077764429298350826 0.066021765959297221 0.010264778570135599 -0.05610313500925139 -0.057364503014784185 -0.064302742770725008 0.046583699743595011 -0.10301599246559971 -0.10188524520134638 -0.062471049850102371 -0.030879668787614251 -0.11874084909017196 -0.043329334675655903 -0.026782916185848184 0.053555260637242426 -0.040598582170925955 -0.031513762622802352
 0.12996197426385186 0.12910339405537533 0.045477857191105815 -0.13213309498865691 0.0065562578424170062 0.040903558747491166 -0.028174170802600696 -0.090628353238386763 -0.049569298506543659 0.10142173680092426 -0.11860030258424639 0.072369883672083732 0.068560913816206256 -0.076960632149551095 0.018991725081633649 -0.09291022597090208 -0.016136787184835723 0.29916115289561535 -0.080839069889301896 0.0041426545050850102 -0.0024719892835103376 0.017229183949923736 -0.039244200041368305 0.11693366826241339 0.14753682890720279 0.079596685991532329
 -0.108386417265738 0.12105910442586616 -0.056473447781919234 -0.1053388512248964 7.5761492203941594e-05 0.028826605039610022 0.051726229507706993 -0.034884950904272058 0.27699660595698467 -0.037602824208704845 -0.024155332654974597 0.1060297431142513 -0.061111415633649517 -0.16519350739273878 0.12305466284977536 0.054019768345176612 0.11154452713853867 0.015126631501600853 -0.13084364490766062 0.090756968107819094 -0.067042700100010594 -0.0454115666811176 -0.07098351597599839 -0.094840341345710108 -0.0081477757572222045 -0.062210713679728774
 -0.047966057975736776 -0.022419714120484376 -0.17813405282254829 0.15966759554164409 0.074393379152146374 -0.11081714635811687 0.073829254835938357 -0.030773006383505622 -0.028602050504196768 -0.046092422764088654 -0.12768109838356026 -0.11299535767621664 0.081011781363724611 0.075749211253820059 0.053787530675649745 -0.025872891563666085 0.11127475597075111 -0.010104416839124993 -0.0081135939276215877 -0.11653018732086619 0.06341741004766617 -0.077608040591641128 -0.0056830703862884449 0.1264703509294631 0.074032508603161892 0.064546074691781155
 -0.08983670848168461 0.090162423849284412 -0.059857231404822395 0.13480609289191825 -0.0033443645201626689 -0.032842364634768403 -0.016752345840101334 0.073505686801035086 0.0097805268356543924 -0.038133011966703947 0.15615443477338378 0.04992651398833569 0.037562098487236281 -0.083054016706536671 0.064240129513016858 0.082878104742320588 -0.10964936951173539 -0.13028670023223568 -0.019370406819813991 0.077436074708478228 0.039000681489150452 0.1252803910475882 -0.03482328427242401 -0.094635824108117828 0.0039200290138131852 -0.027283373215500398
 -0.025793540498112763 -0.084884854669001711 -0.0046145800663559477 -0.0071342950805327312 -0.083921765363485099 -0.057658423961425495 -0.007526538866044462 -0.01556567524710032 0.044461033604421864 0.0062029518282200385 -0.12018865704435883 -0.030286777286335574 0.11050382929712631 0.14244179182170455 -0.136205234824928 0.068657117534892204 0.100044038047537 0.063481060155520311 0.044780581582105038 0.13444731015481232 -0.069694066815584238 0.031948707961078258 0.22015146216202408 -0.1347774718813165 -0.075522651637773039 0.078489658280303881
 0.003611563504899279 -0.1046891348886661 -0.048738970418158327 0.10433208799435563 0.058757050806550283 -0.041329969164916137 0.097388418147746569 0.10934052151777081 0.024383887559590523 -0.020001413531802008 -0.044365899641075762 0.018667539295894792 -0.0041796817760860498 -0.23165043773628066 0.045001094049468428 0.13283852611183622 -0.041948480928605793 -0.05018764059666548 -0.017462842376819773 -0.087213707213193561 -0.037016731567355889 -0.10873719559271697 0.030624602882812987 -0.079463167746073093 -0.025255433500003824 0.0032399151938881407
 -0.078496694446351933 -0.15404691547997146 -0.041550608404875865 0.11854906785889933 0.040972643932854956 -0.075752073842232079 -0.045519245146856013 0.0071071789385668003 0.029663512910192608 0.14935514400219155 -0.12419015679894933 -0.062498139626152117 0.14467386626698778 0.12016923773422455 0.029352106983592193 -0.0365842781355213 -0.013832215533925121 -0.034876774972167339 0.130671360217118 -0.09637851848820532 -0.040732920415447238 0.014602667551254875 -0.15354897267892309 -0.052220248224417662 0.018373736388719007 -0.070715576939669719
 0.0047973847385757292 -0.044065083758913298 0.12635163990675904 0.1387665201329375 0.049353128993549156 0.037292597637278581 0.040756053982676725 0.032566515823567219 -0.13556061796117272 0.12226546821073819 -0.032376610661027705 -0.072023807454926717 -0.020263034298037996 -0.14059970257319024 -0.13237995317780016 0.039660857908812776 0.10563121899854458 -0.013726045823477931 0.065292996912292539 0.098050230981922795 -0.045417136414781317 0.11442677287552816 0.076268153362825802 0.0625484628564833 -0.083980301473422003 0.034466552288891228
 0.0712627050940777 0.04187257608223377 -0.14657094785822153 -0.021921702442430871 -0.023209285112359489 0.0091889533153942694 -0.042398659585360349 -0.084494688123007172 -0.031006440325588389 0.22259001350418153 -0.013944715327748826 0.21077634309266852 0.071830716021668448 -0.018576009501518113 -0.044518946461825817 0.026542359565575099 0.09226296267495121 -0.010420415872391536 -0.022244728262686923 0.063618012207780267 0.03931553937330811 -0.12945875496061673 0.069939309692838084 -0.032952710027282416 -0.12913763019102903 0.097246662524309885
 0.025576617770548787 0.030147613822146486 0.073332799616232527 0.078072314380613086 0.02895241279768429 0.083809178436718756 0.17562402171816974 -0.13692043949175281 0.013746156199569745 -0.18163217715781477 -0.08127105796518122 -0.077667473537404025 -0.08071536004628703 0.044146711503519051 0.056572906719838341 0.13561687442120196 0.056897295902757869 -0.017427274904658171 0.020430584200249988 0.096963439107266944 0.080045478971256634 0.0037085197018473792 -0.027100358934494941 -0.039878141070910485 0.1262813981303775 -0.087091515733304523
