# Created by Octave 6.2.0, Sun Sep 11 14:47:28 2022 GMT <unknown@LAPTOP-P0PV0581>
# name: Theta3
# type: matrix
# rows: 15
# columns: 16
 0.0035056964471765727 -0.092129500142109591 0.01834009766224903 0.071396868792671583 -0.085863070001026817 -0.07587023174949474 -0.029349327505615745 -0.11394891555531342 -0.11229522856733365 0.1104112859916945 0.026253541703818314 -0.087411069922002413 -0.024101715836480696 0.13424081414019604 -0.019210665179532203 0.17169318754624402
 0.039906639607848529 0.071590615719605025 0.28203568779342447 0.023785971317404089 -0.020795263267058637 -0.12599696372180927 -0.060628914439713161 0.042642265814094638 -0.0034492611446515172 -0.12823608393604038 -0.12855507164247709 -0.056735045317800971 0.013199995368359181 -0.037814985637170277 -0.085296133996387358 0.012942841995304325
 0.010898191038893227 0.019945992243134588 0.050806036450936384 0.10501039956868391 0.09482296543433634 -0.089270771045499686 0.11701090652252243 0.0010363405356742146 0.075617703278156367 -0.014309749237847873 -0.073264049352255375 -0.076455315176706354 0.0068331437598764646 0.10421375117523736 -0.089376783276565702 -0.05697068707110968
 -0.083913398933345859 0.026605798736870225 0.052707640745771792 0.1024729392139939 -0.030769991521194352 -0.10946153347063364 0.0013250551251817952 0.090608578064681103 -0.089270672395745154 -0.07321100113614909 -0.0026086928445101525 -0.092798718299533858 0.081739130054326065 0.020253547546526897 -0.1291027263626672 -0.0082246432821720013
 -0.035163961660612399 0.16975762507318834 -0.086494952796170518 -0.14981351119359301 -0.11284888256402274 0.10266079147528516 0.16218408852315405 -0.019457163876391036 -0.026907800175661935 0.1216903012224146 0.11403454399511981 -0.026462913302273273 0.051947870087837168 -0.06415789816291885 -0.007896108658509678 -0.25943110456812768
 0.035064046140444977 0.064315106924487067 0.075263401298691329 0.14441338802072731 -0.11753514414765583 0.057477391426655353 -0.14454209544717797 -0.081774609268003104 0.10321778109636352 0.19349103824472416 0.19791182276699326 -0.014145044416378984 0.10767654955993772 0.036587970490723522 0.28662665767562434 0.042435121396924139
 0.10851519709583551 0.054526260565985057 -0.10167417357116514 0.060493642854231526 -0.11964501992534091 -0.019425629860644562 0.096797954144314746 -0.039721346091629667 -0.086092338362870072 -0.046365632370017638 0.0036418426342459107 0.13055833384875398 0.068221226998809531 0.080821993823796429 -0.0081697092945405229 0.070734984303515658
 0.055653956539403603 0.17412755686933362 -0.092025190811505078 0.093691719471951429 -0.18309289810667484 0.10544138496662887 0.14100983751241539 -0.056331287777116636 0.11764540397687713 -0.078997781875277423 0.14316114678799835 0.074127769789537709 0.052641607837526617 -0.13531207695809902 -0.082296140953384125 0.064152227422791447
 -0.024706308798349154 0.00081437211135328657 0.062789189731443762 -0.028758776034169629 -0.018349765912377452 0.019276005295536972 0.17900623770354263 -0.12162144404689595 -0.083198259423905518 0.23243919421088038 0.050622389464002784 -0.13317245233136885 0.012216484242258014 0.045007760344636334 0.11420610001257604 0.18589797232096919
 0.094137023367885458 0.14627843858374168 -0.14380166182168469 -0.027833882714437052 0.01033248635851745 0.19390495879913228 -0.077855726961008953 0.072429912462461346 -0.057484725710978353 0.13063174393218879 -0.020167047800843427 0.066215717452990541 0.098722734514495661 0.045652896417504148 0.12243270077884688 0.063190998874925741
 0.0050048167574968739 0.0034484970538785505 0.18166218195579878 0.0078873938266283191 0.059025058878537526 0.008612100876512787 -0.047002705676324953 0.080797848926757676 -0.10441901254934244 -0.015916807263363506 -0.028075618043303042 -0.11746234171420407 0.12759220860093184 0.030526246107751013 -0.093861380912121553 -0.22234978642293982
 -0.108247267514521 0.14240268523929508 0.016984950461274476 -0.1200511011556472 0.22052028444305305 0.14637978329507256 -0.067040769686604232 0.081976525313569623 -0.071970300255476988 -0.036307465659235899 -0.037660507976268146 0.085157718658807127 0.22619735665568977 -0.12756633381818103 0.1650206638814764 0.13997200213426983
 -0.061613316996548401 -0.003347311635033864 -0.0020836892671848304 -0.032912139830994724 -0.047749602086670027 -0.045948129891863837 0.015047875214851797 -0.020369636358008106 0.02849535983327306 0.081793047568064672 -0.076291310718716032 -0.083448103138333021 -0.0477601160052432 -0.091539764266124798 -0.060782106172969162 -0.074295591658912891
 0.07133853595318107 -0.13655505543329624 0.067103769335976046 0.05396281462538164 0.060231123910015005 0.21228020687053442 -0.069664092847775541 0.032507246396621788 0.075018207361343542 0.1635877195156073 -0.21681122099103145 0.17923102277576744 -0.064679746134037014 0.13764329150605967 -0.070529191444937175 0.068987609158271804
 0.1040556120678032 0.074368920359068946 0.0018098138478120881 -0.022409082057253286 0.067826120451016408 -0.0060555168439316923 0.049470232468854541 0.0020362637491609771 -0.086856311969656458 0.13571311519320683 -0.1670991962759161 -0.051589491688258597 0.04345384139907877 -0.10222892016066548 -0.14341257270719268 0.1108568695868395


