# Created by Octave 6.2.0, Sun Sep 11 17:08:21 2022 GMT <unknown@LAPTOP-P0PV0581>
# name: Theta5
# type: matrix
# rows: 10
# columns: 46
 0.053594374702730194 0.069367798979784512 -0.08246923436370325 0.0073639756834482199 0.030158785583608561 -0.022588094990253521 -0.019006023048322582 -0.079078150645752396 0.050706352093388057 -0.089638295249120759 0.051399995148832742 0.11431883328960249 0.097308644863130442 0.18500700362953684 -0.10219471969490836 -0.05586796627174135 -0.08462940681990587 -0.037473893106762121 0.044670428869202458 0.085512038226123743 0.047903622910693756 -0.12196591292700147 0.15225887330992477 0.14238347694324149 0.047014402464912265 -0.053032631532671369 0.032783968134362629 0.011656715810008367 0.095304964556424343 0.094947460487505839 -0.010372807128043714 0.051617774313783352 0.020857444299410107 -0.029932946634917097 0.065259627947141088 -0.024698725038830353 -0.1022297548302645 0.061663904060720864 0.069321428145871833 0.083089120025158947 -0.080363319324377458 -0.030319445296417537 -0.068589950958923743 -0.089495338905320701 0.036917410408738631 -0.11035250251869345
 0.05171223723147101 -0.073002044457330537 -0.013065807547315974 0.03511807090246017 0.1030403449313957 -0.021434919090996492 0.10487597127975085 -0.016715657924967788 0.10559907794486974 0.14821645792565871 0.010177879648630796 0.01103924752492072 0.043534847479294141 -0.051043283073650338 0.067205589906908642 0.019164803981583229 -0.11327349825056127 -0.10761110099899494 -0.082423220792186697 -0.089587526406599283 -0.13631486474962062 -0.081326317109632659 -0.10221601665882407 -0.088791897219109447 0.0078077298702799482 0.093040431587938344 0.031986844273171097 0.1171388932702818 0.007903895066253469 0.0037699317224028535 -0.098530131395505371 -0.020881472248806657 0.035441801024484056 -0.056961753910608974 -0.056457560557645975 0.16053609317255541 0.081315220641222194 0.034635822119379725 0.036303587414749032 0.17330271175751652 0.11122682175769101 0.11189276745129342 0.039838724386335005 -0.05460482616750191 -0.12466988620012147 0.023147946405291997
 -0.04151568691839877 0.075117766690962831 -0.038017767264610813 -0.073901108211970393 -0.043416614702609699 -0.10328855700310709 -0.021055621074256608 -0.016244350273825578 -0.076744751828319566 -0.015531280817462864 0.016107491447368179 0.042698457476359523 -0.063708790568880555 -0.025306932173984893 0.089736044344191745 0.18330569511226108 -0.034189186037028751 0.0097782723257640574 -0.077049464830199324 -0.17902961444323243 0.11783967131740644 -0.0019100982529223598 0.019058185326650927 -0.095463394972711821 -0.1112828318284252 0.0040420526337101277 -0.1264119063979145 0.056652825208364538 -0.028800705256905562 0.10199327627617075 -0.1117236923279073 -0.063641819319782633 0.11107496664858194 0.065970667677398023 -0.070995292092924392 0.0078850950755520541 0.10233338640048339 -0.073988570657815708 -0.060209317784887736 0.12926207946034596 -0.098240198867610665 -0.077676177755506351 0.026533277514889771 0.0068514474151733021 0.11864398697699587 -0.00093906872262433541
 -0.015327595071414723 0.017806851316081555 0.1008691818297185 -0.083025403591581268 0.17375798386331279 0.023355064690781042 -0.066937967190500089 0.088693509078258806 -0.10693904897856457 0.10592654390139707 -0.092479500073788912 -0.07793665889372145 -0.12705415416813795 -0.088860673909331125 0.009229002448509856 -0.050831576141811816 0.11224019219175284 -0.017203224634341503 -0.040032406816596068 0.21176535067155192 -0.066775558247551173 0.0037506239785670657 -0.0090202216393957587 0.15222204115394034 -0.078996694205601889 -0.023641260513370153 -0.075244951602308111 0.016491377603056436 -0.0068863688669513678 -0.095830169436573645 -0.082996469342617826 -0.085377737634906539 -0.095311790086015272 -0.11050791675464704 -0.042043960564804993 0.12555178714218526 0.018092373125584173 0.020709354661736859 -0.07906646046318079 0.13484453776292243 -0.048983480393629028 0.026571658679966113 -0.026864667849604305 0.073467363525793541 -0.0024114834682062588 -0.1399897190786098
 -0.029338397651780618 0.036546628404267971 0.053064644467135547 -0.0017167161138508334 0.084692661273891037 0.066759769497402727 -0.021846967072828457 -0.0097245280573144514 0.01340031076215153 -0.032254907968378398 -0.055525120294552574 0.15456745531767238 -0.10768041346240523 -0.054614615140196623 0.11154707960381249 -0.012940362887346372 -0.0033460727787450774 -0.04962991509959197 -0.0012845330092984793 -0.067313977035337563 -0.12182927462253695 -0.016063075243472575 -0.19616456644922622 -0.030503466257466798 -0.045004855233898029 -0.03603158597584883 -0.15852342899867919 -0.030934061983735564 0.1587414065247276 -0.097588780388759552 0.1589156706736681 -0.077962125408714639 0.18066105477203492 0.2088984744714121 -0.016810400442940038 -0.12292587675556559 -0.04835043985203797 -0.04242152307949007 -0.084860332935013105 -0.099310083718110412 -0.10552010343445449 -0.0057469239501721399 0.16406459726647052 0.04294598377079438 0.044373405278558438 -0.1375478156318308
 0.045264550414366077 -0.037836997667375943 0.062020032149760027 0.073265970063836519 -0.027199472158649159 0.048231129691503491 0.0024548881240458614 0.10253507958796458 0.090438470695837478 -0.064449269491329272 0.06816655816187521 -0.01922830926166846 -0.086488659939465529 -0.032841886518300854 -0.065388908006715735 -0.12381328189486716 0.075134102395359906 0.049545697600582292 -0.0040820102256570847 0.069132459550784009 0.052757827373741968 -0.038214767007082158 0.063345531829008289 -0.038867553456023413 0.013700444819515035 -0.076803678164254346 0.10427579356397058 0.071898213094802127 0.056793926201247097 -0.0019632895007164362 0.054727369248699184 -0.15422788431211673 0.011161006212076345 0.12766680926959792 -0.12713280271010929 0.012132516974727604 0.11276130553435652 0.11459181562771435 -0.15218407853443416 -0.030711435846446828 0.087900401126809483 -0.13747423268392001 0.082598223287229919 -0.032407794786338692 0.015931103118797342 0.11405109540471801
 0.042457496174069437 0.10121110731586114 0.08945477268839197 -0.046336503676160316 -0.050007957877472781 -0.039379203540061587 0.17515796441290282 -0.073810095381151977 0.026416178523686988 0.10518269006811101 -0.075585789487096516 0.075446237623604903 -0.11645264047911633 -0.094598085588230352 -0.010574429224207715 0.061093426044639736 -0.032124566710366599 -0.049377168854028458 0.067343626084546956 -0.043608276106392584 0.057755919305231967 -0.10760626174241503 -0.015340638556414151 -0.099800661375670674 -0.01838547628223236 -0.13903017299055306 -0.084996795909524303 0.066385815203065981 0.094856556088205979 0.092554970927180194 0.01945927121686692 0.096041149866772521 -0.17829573422426917 -0.0054750352386796234 0.02239839958973824 -0.077828825903485749 0.0013248395837327715 -0.032459176478854851 0.057688552296167032 0.027481341687194839 -0.073374760241732229 -0.050764981055616658 -0.010084639407311512 0.069544411301872583 0.12443102380464194 0.064595377542651572
 0.031706622407479297 0.041545542424906545 -0.16251640868605741 0.044438650471705025 -0.093882353986791525 -0.094067261967012525 -0.10154721123755789 0.027594731956608966 -0.014334360922628783 0.083107353450608226 -0.0092047884221699242 0.005903708289185617 0.029086238422156952 -0.087391804071583923 -0.099888629203286089 -0.0089275338212922196 -0.050043476430368092 -0.11683480669562712 -0.10430548295318119 0.068791694737305717 0.018313841651526035 0.13834540250288913 0.034353197885609511 -0.10768404916890406 -0.0076504344323857923 0.054836779238369222 -0.13924677376781477 -0.072370063386264352 -0.12321860354266016 -0.028911394620065169 0.046632731002185027 0.10320111997665403 0.068334124191102574 0.081015748019986122 0.057862594061958525 -0.0058111446136461919 0.071834471995817287 -0.061387652189929469 -0.035329311191420874 -0.14380683088290788 -0.10251612408686983 0.070894428270330198 -0.0042180702270722585 0.077510587765111938 -0.016297093220859812 0.1120101259635421
