# Created by Octave 6.2.0, Sun Sep 11 16:56:17 2022 GMT <unknown@LAPTOP-P0PV0581>
# name: Theta3
# type: matrix
# rows: 55
# columns: 56
 -0.044994887048310658 -0.070006933124566031 -0.011749072761438399 -0.10233130393662489 -0.15731866817964804 -0.075360984135745754 0.060817303994085477 -0.10100437171257026 -0.092965051557739001 -0.14413349409404205 0.11236362618369802 0.065690648296623119 0.10501281027392648 0.094567394830254822 0.027077493452402075 0.028738139164352704 -0.14380401202054927 0.022195069966834426 0.10071575330494563 0.021664852495629064 -0.025776953083297121 -0.050001207383461747 0.083582410059193979 -0.048861316932069257 0.084865036684394685 -0.099469987691014519 0.013659650476248399 -0.012199994683807336 0.15246405722190653 -0.064370436205792123 0.10844756557511774 0.12413908488577201 -0.11474543727145047 0.009129074248745369 -0.091487360923059785 0.048919411877223234 0.069835569994925559 -0.079967629902722187 0.066263996664052027 0.15138754313995487 0.07693550520369706 0.14287705829908881 -0.12385296472246983 0.00061685451288316043 -0.049513821171974601 0.060569845303829924 0.056833962765079557 -0.055344276374208266 -0.14835502840279555 -0.003427025848915194 -0.01734382257368226 0.11447746417439715 0.10610313480531075 0.057959509554871759 0.039296659516972782 0.013249826636716418
 -0.1155172059027116 0.088470713105459162 -0.13294088712084573 -0.097258724953230416 -0.023117793545781969 0.065290879935043303 0.078502940436931012 0.013490413532776024 0.048637749794798707 -0.033276789820153599 0.046185564322494398 -0.087146340975000305 0.020107002644795872 0.084497855215364487 0.10848521914685755 -0.10235740378650024 0.13490657831648462 -0.057790677140262876 0.10072381136034882 -0.047245878892730971 -0.087315184999896725 -0.058462891893651614 0.13678786259600956 0.022794821199696749 0.029082384228094286 -0.090052292212051396 0.005113366689917488 0.04840713023701608 -0.10439047814042057 -0.061648230559686601 -0.07993640838515767 -0.026782908546495409 0.016013729938093271 0.025282203818884671 0.05512378796331472 -0.10635322541847531 0.0049853748907688457 -0.091908736334683175 -0.017791181805245904 0.038199296560242763 -0.034124291189143133 0.038279398598016448 -0.0065001389693353133 0.034595923372173883 -0.0058987456331310324 0.025725902512411289 0.040461790284377755 0.081781871985319166 0.10087920890667994 -0.05078099632857476 0.03002538225014767 0.08673895068886936 -0.037285865415156647 -0.052385085671221292 -0.057061839430464945 -0.0010518978191112688
 -0.075018584202539096 -0.084273014870402493 -0.095149362493640366 0.011688300923816846 0.12385823915032008 -0.079217674245591785 0.031767831948776346 0.0066014384672378424 0.021322538841697457 -0.11282912813952709 -0.076339340599659217 -0.0099970032260688572 -0.011858008368516016 0.080836541025230635 -0.047236954244537485 0.0046877681336374762 0.032292553195203036 -0.075389785639480969 0.094234085087878922 0.036901800644026296 0.063591543711738668 -0.070670587545260871 -0.041132042775493448 -0.029802083759760678 0.091980165712856304 -0.015703616081473824 -0.079118329199718895 -0.015731719327692361 -0.088921386804254474 -0.07200817852720115 0.054083668292925338 0.059627798959809089 0.030222084300784005 -0.091532905398549011 -0.043072762570484029 0.058017494687783319 0.099463006849320718 0.022508384646893701 0.041378201792561881 0.079943225384573047 -0.12449740419503184 -0.11860471477210029 -0.10995772117843437 -0.06575494866263 0.037225456783750568 -0.088359831409049808 -0.055256719961319693 -0.091014983587923051 0.085163432068372943 -0.027753868598471808 0.012847520624413508 -0.049018010228274976 0.10583268585183278 0.057976566999502016 0.027358861884852832 -0.11158524150632519
 0.040949868358856653 -0.11039561104390358 0.056998644088007103 -0.050392804171731698 -0.011477186446490413 -0.088518430728862812 0.074564385442653688 0.075386750652519513 0.071587261458104082 -0.11188301731829627 -0.11521948211745622 0.0024571415171901808 0.042457273889068267 -0.055648965502429593 -0.057063230511644428 0.079940920120631767 -0.0062181392134229279 0.057435590089662036 0.076229802167509284 -0.027781231380422055 0.055733180201453479 -0.071651980020222536 0.067480633712404828 0.021288106081802347 -0.051177743245881369 -0.11944566574925453 0.11296007198690584 -0.0056329722901279494 -0.10346391052344149 0.068008698310637272 -0.029397318409709005 0.079177331420203903 -0.053522197585752843 -0.10531311510941806 0.030112929546164485 -0.051831062209578636 -0.096729225177971931 -0.1095510423284331 -0.048292495892082676 -0.053647265453604119 -0.10578845327382781 0.089084901985582804 -0.09698467801736034 -0.087577458731193672 -0.067072887658529048 -0.092889173003788628 -0.12843537803142477 -0.10216971121549608 -0.016359376915903313 -0.092190969704537731 0.087332895840191632 0.085355276919931528 0.032418835074429331 -0.11515695413850896 0.026307691130812411 -0.049082678787205347
 -0.057449684617858515 -0.11736924250235595 -0.17115584530522901 -0.11397208822177247 -0.10293823750310606 -0.088012419457630817 0.023783969707191186 0.037326865912434462 0.066599654028994204 -0.00089012792389115444 -0.091971731491269845 0.11651870700099304 -0.06712866889907658 -0.066143061839359446 0.11746721037696024 -0.021206073913917614 0.15563152689644752 0.00061358205278453954 0.061963770526993638 0.047830242171413281 -0.079180366248771575 -0.054816108090114925 0.023212571751300579 0.081203408553079962 -0.12879218771818754 -0.10352757886168866 -8.6409006011140715e-05 0.020742134452479785 -0.0025031292695019149 -0.10786590118334574 0.028546915285934723 0.030613132042172812 0.030074632602010872 0.1306110597661515 0.085980722320755057 0.024144800201167844 -0.01524525882352344 0.096974074442541344 0.059767761554595331 -0.01768706608680163 0.10925036982462942 0.042910540422849509 0.068785583786847432 0.11057546471667619 -0.06230446995444551 -0.0624267341541919 -0.046154788396233278 -0.048781249452705691 -0.012054367004705378 -0.11461922779939221 -0.11247468116784876 -0.037944615480936757 -0.047627647487503671 -0.09933475010900461 -0.015002624875264469 0.1173890645336283
 0.086992804494379572 -0.008951732515375772 0.084429318750239665 -0.015684367523380299 0.025628395034846468 -0.015061917326450706 -0.099569137668717111 0.051334025637201026 -0.13100669465954526 -0.11205542512544536 0.0063330712538609687 -0.057258711069883825 0.072680658703347181 -0.011748582255104058 0.10660177245610766 -0.0052841757003490681 -0.12204155860333407 0.061754455950646235 -0.010951096549832055 0.048621639772962355 0.022236409050611219 0.096537819012546308 0.094563241419566277 0.025159634197639509 0.010434162135103313 0.086431848343103163 -0.13373078777083877 -0.059990910964931025 0.04039865755377809 -0.047705273847832005 -0.026989167095413113 0.046932332305983468 -0.088963219583217373 -0.093992302245194767 -0.079863161457855478 0.011947433297066209 0.047138923687019559 -0.016177527035360698 -0.034920677753550594 -0.17727288764604787 -0.047485730771925173 0.1039886261073929 -0.027299658322518613 -0.09654304327601558 0.11948491010247464 0.037811396118752914 0.072804223634557297 -0.079468656356847203 0.11124279481912594 0.032633606387054433 0.060595998672217731 -0.030311120195049928 -0.048303829688870058 0.04556067162469965 -0.0099641220156004157 -0.033221613450617776
