# Created by Octave 6.2.0, Sun Sep 11 17:16:18 2022 GMT <unknown@LAPTOP-P0PV0581>
# name: Theta2
# type: matrix
# rows: 35
# columns: 36
 -0.090825490077644386 -0.062781288943816946 -0.071248865979914255 0.065369800541338521 -0.050045708909203304 0.017608960627165434 -0.070820141533894154 0.14422823283559869 -0.11543744073644158 0.045649331218617258 -0.15384917587102981 0.0098252574404471965 0.062328235686990315 0.10405711324762007 0.11447419530746801 0.031662429008017169 0.0031735566023517866 -0.047309218443666298 -0.019246409936240903 0.029187624186611031 0.095243609103643712 0.19659560443208213 -0.025267188586832044 0.1019723260582642 0.021085880087674272 0.10136402073001584 -0.024726697212200548 0.1118962835811388 -0.10416572186287823 0.056104195220165326 0.099916957233788933 0.076899946184788806 -0.067952215765110707 -0.094980058905759265 0.14682454636578512 -0.1234860117749555
 -0.030518264935577615 0.055065816675771137 0.048936377015408317 0.15033101901698567 0.044387465140136376 -0.12096221282002528 -0.053483679891613692 -0.020684989249081725 -0.13030948268197462 0.050163567859832239 0.034575373272811287 -0.064681714791399975 -0.059987491197222208 -0.06958403577244146 -0.054998341014262042 0.062225221229241401 0.041092585374914913 -0.12859950099313752 0.12702243400018717 -0.0015092058024087332 0.00058539261464062053 0.051880010928200923 0.1338461350216554 0.10786070400779196 -0.022818643288357993 -0.00059458217955611343 -0.12515102267490968 0.020871178165393727 0.081916607771633815 0.083606366790112976 -0.067614152668226124 -0.073337792850291794 -0.011848199108091343 0.18249375292021475 0.027163766795666761 -0.067024765433826655
 0.092327830988083032 -0.04712060468619475 -0.056663977942460031 -0.13735228475284533 -0.027451333368667671 -0.01282495526007639 0.07195988397556291 -0.088802124589936304 -0.069221138557037959 0.042412912946207706 -0.015363310995825037 -0.015489134463418689 -0.014961197570059365 0.1637748103798993 -0.05185073468804996 0.058438013355703866 0.032553772714276126 0.083263870219583383 -0.06740762777074813 -0.054798042005488795 0.13526722704228678 0.015850641463870926 -0.042789375550339528 0.10283177294770775 0.011715709205424422 0.20566163731504086 0.0010309325382985102 -0.13413612774604983 0.094683279238721746 0.10478632348651518 0.14275345071935236 0.096782709639360281 0.05997109622382827 0.020776756527748925 -0.059226854935633746 -0.040365133846295059
 0.084984222432246195 -0.092760313219949417 -0.10123814904924858 0.086149612692704464 0.016892268998257916 -0.051571001117056002 0.11503607356887277 0.0050168814112775285 -0.02093537060798379 -0.1264383404544534 0.060139983595566965 -0.0095984092591981859 0.024169135398334166 0.071373372566306853 -0.13530008842415062 0.076026121124318183 -0.098918498224168552 -0.040960036480891519 -0.10819586793245188 -0.00623454184763005 0.10152022809630853 -0.042118971132616624 -0.019466393669408319 0.076884312997280865 -0.02498768166371261 -0.074748419029812996 -0.15044810784557555 0.0047552813332270042 -0.005824628815309099 0.079503351973972958 -0.031919338382881308 0.089456358497814942 -0.050986734724170653 -0.10774021770730446 0.033104332746414118 0.07127116246074762
 0.030870594057548679 -0.071600319082149422 0.056374037382670807 -0.14431347292795932 0.090732854133093441 0.049321573906841769 0.0072589879722786792 -0.031557776894534713 0.092481551512587412 -0.12499746423081237 0.14800785294941096 -0.14524773903931704 0.016532083603856169 0.09559349855230416 0.14792494309160403 -0.020074383286051954 0.019200871456840796 0.081075120136152493 -0.055628189415482664 0.1229226069171885 0.061149990957184562 -0.029988121537219616 0.043464209467321685 -0.015290170934167418 0.16819650732622549 0.01334801190852887 0.064286259083173411 -0.04086666673937616 -0.053825295882678037 -0.066701289949939985 0.011068276427307197 -0.072751960651912626 0.041554747033093462 -0.075791576666516619 -0.066342422639822138 -0.037088878062429116
 0.12119207145703874 -0.040130043470336538 -0.1050482191987949 0.022544777598627018 -0.13854571701931082 -0.044231195233375833 -0.0995005438235846 0.10500585815812975 0.056622082247383222 0.14921427982340227 0.1082984425526187 -0.084258181622208328 -0.041683042807086804 -0.019956467202177339 0.1679102240855814 0.075103920687395895 -0.044659228284703208 -0.095240525038879545 0.12279796083830323 0.16458054467694311 -0.012893698036868309 0.056800404647419193 0.053840304867046412 0.068404104978527655 0.022684631650239859 0.16615230138016068 0.15324677971121542 0.1240536867931062 0.044253951508892754 0.018965127887369843 0.22420663555752426 -0.064714426071622685 0.067664966078552977 -0.01075898223310969 0.032226632168133401 0.057629630023795966
 0.058242836939769241 -0.074279519733208399 -0.11334697743518238 -0.087931304864798859 0.03072630916580292 -0.12229675620765608 -0.10113715642462708 0.045740549345380806 -0.071434337941926371 0.0268630586198234 0.0074347400645055827 -0.041804705025932705 -0.071100267687572258 -0.0063285550550326621 -0.076165104899929226 0.073490238389706503 -0.02363940208551648 -0.021166875805077964 -0.049438979828462841 -0.10408645196545352 0.10802230944008671 -0.0022521962619827945 -0.1235210886619493 -0.066794897915704976 -0.054563494158153231 0.073546000761492758 0.0018573701926998885 0.064653538102656463 0.023199590038730237 0.10856177260606893 -0.047832271905950637 0.060646823315062305 -0.11951816418978253 -0.082165983653417984 0.088088765693713253 0.10544441530774723
 0.077530497580569027 -0.082601991370175293 0.025892163542676431 -0.16945570421609144 -0.052064365663162977 -0.14486462877421785 -0.063770901438901739 -0.020707635070512632 0.017666368180723598 0.044631907010609963 -0.02788887773306168 0.072096121694928059 -0.12394174369847911 -0.08385635963489331 -0.091336460025940661 -0.0045385688073250113 0.080546580502954115 0.13467293782277823 -0.041910312356785641 0.018224445492028979 -0.013099407829166049 0.097339925641297509 0.061415538034638374 0.021461796907885865 0.021766701108449259 -0.10103338567522537 0.0032705820043038556 0.11994446348332335 0.064745821592507982 0.040683519526264478 -0.040591924113874613 0.0048969906120097714 -0.088984823075186167 -0.029327247100133406 0.060615343432354814 -0.0005385380010203151
 -0.03980451068078638 0.12878587202971481 0.025216363888194811 0.054993995217201372 0.076796964200266715 0.086720848989224386 -0.12439127596798757 -0.063107280706879168 -0.10732663511827777 -0.055648432334110196 -0.067986729589850178 0.010419220990965776 -0.12734378945345212 0.1478270757382667 0.011123507243872366 -0.060182461357733308 0.11465828723683917 0.090326568934897392 0.0074289881647488518 0.10357372045930344 -0.077397656671710363 0.037048135678520937 -0.087262145618098572 -0.09144637929858529 -0.072421327265326199 0.072469088574178581 -0.022373039868187675 -0.020338670178249679 -0.013245496002565712 -0.097507405181189957 -0.016120637903819898 -0.0059247599714197718 -0.031950242239013125 0.056979593803766659 0.10848500928386627 0.0070670279741898365
 0.0075438290780353006 -0.017679897213905688 0.016324863073669614 0.031445488592307599 -0.027394452833306979 0.020520990797085879 -0.010898086583790077 0.14628761156306522 -0.092967342786275289 -0.085204127451797951 0.062677952371551021 0.20229716542325216 -0.0036269670321120526 0.099774605499377195 -0.01185410400889448 0.14996164918259752 -0.034923288909205201 -0.026808988987614645 0.0843186913400472 0.0081294342536246834 -0.12158749602154229 -0.10390593203155199 -0.076709120199238201 0.10808864247215864 0.0020938266162344047 0.0082247979114767715 -0.0074267211566193241 0.058535459410037023 -0.082453985494820289 -0.14029825562572276 -0.094706061268099911 -0.046117518182269369 -0.075996307579084849 -0.028699833548411526 -0.040861659766526982 0.023563772476483894
