# Created by Octave 6.2.0, Sun Sep 11 14:55:53 2022 GMT <unknown@LAPTOP-P0PV0581>
# name: Theta4
# type: matrix
# rows: 15
# columns: 16
 0.029960565427298722 -0.1899932887990459 0.028250267135950715 -0.16269073924900215 0.10250792583543573 0.18075250684366675 -0.10523361997752952 -0.0023057036662663759 -0.0048599923033262726 0.014255430969586208 0.068912255024764044 -0.048920767014246871 -0.13233375610376938 -0.018974652586692155 0.14466977225916677 -0.10550643451706886
 -0.070213430346217603 -0.026433204460151349 0.018205918631988536 -0.06071639050989492 0.21801256004648473 -0.042574203828835998 0.11402141975770051 0.064722316959638884 -0.086405931162514424 0.13333731777046021 0.086654777935329913 0.015029538534015773 -0.1025605905483869 0.17027606389421343 -0.030079544162152083 -0.047619813242968212
 0.076482092225677006 0.12736865364035357 -0.090416339194176562 -0.086506042777586209 0.170711391713323 -0.018403783033704955 0.09043171522121056 -0.013904023175226616 -0.034426140707294599 0.0083208715332861866 0.05074822510071228 0.13748627857706083 -0.015515349345583723 -0.079721224353917625 -0.14507507128298053 -0.08608196629681536
 -0.08760767178691467 0.097344310168703208 -0.2981238754274933 0.027437950297227984 0.2731112971264924 -0.03740148516455219 0.049339486365183122 -0.093537105320006739 -0.23945737567732786 -0.11068084579907679 -0.037419188111083183 -0.05331231271081744 0.030956479747494572 0.052440254348266421 0.080169151076547207 -0.10752565016661936
 0.10365844255881587 -0.012006972085579755 0.11307512984479948 -0.1334668348195957 0.17779275347792514 -0.10421367316263223 0.0089331979837607971 0.0039354685091735507 -0.14141387213869927 -0.041708560015836504 0.047989530225334323 -0.069370764647667019 0.12076792709663696 -0.16403767194269164 -0.16334081756600213 0.19691309345362235
 -0.053464574873292682 -0.19669590702993164 -0.062480938157076338 0.22032952436958433 -0.11529326603870849 -0.033469133478646808 0.048988875263167482 -0.10180690625677177 0.059405091388308892 0.037772258809834876 -0.073534353912643388 0.041385471739725482 0.049252059380092576 -0.096032937433721668 0.15126581781496826 -0.047689464879157845
 0.10988555924839286 0.051782974227376107 0.054414476987791435 -0.1318861728223395 0.18931873190861009 -0.026459690030905265 -0.027550515531998731 -0.11338524988658848 0.13267205530233922 0.025023086350012706 -0.066768330784360508 -0.13307473215745355 0.051334825460651608 0.054744166285471949 -0.0095104303133983145 -0.14911599917884089
 -0.00068606068746544736 -0.073750891254981327 -0.12919242595259037 0.04586224003589856 -0.0094381797702905758 0.16721144355628664 -0.046777929088709182 -0.028292597730648572 0.20807356255653467 -0.051977900357975809 0.013678109226571986 -0.079098506081446252 0.00063340805410156136 -0.12285337256854005 0.0006744590803007736 -0.054069605669900905
 -0.046038544710151105 -0.12706321639027396 0.1002327099484971 0.15417974773650056 0.14199991279416815 -0.020840727854544931 -0.0863454570991605 -0.0050995042286418237 0.072732247572375938 -0.10243248871849275 0.059758059837772257 0.02358756576549078 0.050445929988035612 0.082363748796503183 0.2146504278919143 -0.1034067362940672
 0.14213153372766632 -0.06558345942157276 0.097178222041993001 -0.10758218844814486 0.20802263277475033 0.15270736320452297 0.082104132320885398 -0.00037751655469998863 0.080210297833394145 0.056006490040864811 0.042326870293655748 -0.0039163354864902187 -0.073904788713596459 -0.10174407456332017 0.036187109437417993 0.022457894518412343
 0.06536496487850732 -0.0193706164419267 -0.10260470711725814 -0.17301050235914181 -0.077145603649085168 0.066068939611716185 -0.039931541275846791 0.0070664506048598663 -0.11353681608454388 -0.068445064512008907 -0.10687053433222113 0.0053358951754834743 0.093993339751681157 0.0030301502658523142 0.078292309842772911 -0.070219584073366592
 0.058779133414230703 -0.010740073713332675 -0.058002724258612672 -0.060468982670075506 -0.030689975797572513 -0.055354162560391412 -0.098793180726424026 0.097767100855818551 -0.035422983886486265 -0.13377092358857368 0.044454978340729201 0.088653798942128131 -0.11124984613009557 0.13203351609656108 0.19978647924006421 0.24522879468009962
 -0.080569988123458683 -0.096138083468631771 0.056498101554318565 0.05869006942907793 -0.1235689439258118 -0.069692550938376618 -0.023377085949967635 0.0066324620443025239 -0.10175823224724381 -0.014671776429935201 -0.092173625698990305 -0.060338868812238877 -0.094426993399741976 -0.10701149819558016 -0.0092844275129300869 -0.023240220503804445
 -0.11682364897054577 0.12384370263549362 -0.0017926064188399425 0.078945748788009251 -0.080686934035022459 0.061151178220362104 -0.13151193154885341 -0.0070599350158259402 0.075378107086519153 0.03472563088951567 0.076652945959717347 -0.0857552672614149 0.25816615079667332 0.051077044572794543 -0.085058373854997427 -0.21799594089670224
 0.007096561895321948 -0.0060081648646029013 0.17052440729719898 0.1840672272644614 -0.061719272966197267 -0.069561755169159384 -0.085300330205598573 -0.080842596110379222 -0.08945028900859886 0.25546680389419213 -0.048478933671486563 0.056879711768328525 0.077191667602070496 -0.048706476512304697 -0.11351595065158682 0.097739889941956523


