# Created by Octave 6.2.0, Sun Sep 11 14:55:53 2022 GMT <unknown@LAPTOP-P0PV0581>
# name: Theta3
# type: matrix
# rows: 15
# columns: 16
 0.028308685742318453 -0.024589126602071687 -0.14372628285260147 0.1185604531626481 0.05290124381295723 0.22479585605209013 0.03803633360814776 0.061191655939700572 -0.099660067853478584 -0.11926850699356155 -0.092769138242573781 0.03703074504922664 0.12808149129977447 -0.083973377945472286 -0.15675285815303625 0.061055682891616232
 0.024338499448142731 0.010530742518670474 0.13416304161075054 -0.13962122218775891 0.04150809805408022 -0.047388318805946211 0.22870764215974929 0.08868146729370581 -0.048661322662218613 -0.10708013876301292 0.25540543392788112 0.057154907651775486 0.037858212074479883 -0.033516909871284438 -0.12078742973882931 0.10423862547032889
 -0.039023496009253943 0.21622212371663804 0.1485188457155501 -0.072100687519447038 -0.032973850020349145 -0.11390144853239796 0.026672821322906982 0.0067366190628407622 -0.0099608135182490103 0.049291085579919756 -0.12913507708383437 -0.05971137193920531 0.040457325481212773 0.0094431489299184254 -0.22354605766829339 0.14710225388766687
 0.030453959690955573 0.242751297720878 -0.0069317081523126633 0.11643820286775558 0.15456568146042982 0.18319010089731266 0.017319815682066624 -0.022970434799355063 0.02117852052734202 -0.029423133864216862 0.30868727647146077 0.046872434651542852 0.20829662280022854 0.023000944661815251 -0.078230455053928491 -0.18286249661053328
 0.087326233073684312 0.13609326684086184 -0.10146160783117249 0.15223463383918615 0.021654869918050098 -0.0026372161453743605 0.0051993632601140287 -0.035844697577790734 0.024769513546090669 -0.15039531502506367 -0.054107434507999201 -0.12754294247420414 -0.13841576543511772 0.020469960140729899 0.13267085136397799 0.098660456041770928
 -0.09389220437073742 -0.16821939964908739 -0.08922746219629353 -0.037198065535341135 0.10300281543238492 -0.0069530862368293667 -0.00043261863342093691 0.04255628423058521 0.135848925514089 0.11711072632831239 -0.10962946332662107 0.086161352110478706 0.1054228240021509 0.044317472377551778 0.022534038874803954 -0.033411959657545121
 -0.014058296314764395 -0.022506256046568675 -0.040022291875843968 -0.09498084085604494 -0.097939018159415067 -0.028691252401831385 -0.084349531452893686 0.0015986921322380632 -0.090775235340271432 -0.10578751561674052 -0.063748548126521351 -0.1020505569770363 0.08031793277019296 -0.0013802197689231108 0.049097937250685758 -0.055345860909799219
 -0.014916954935902154 0.18900141471732756 -0.018540313117807971 0.11771862184886552 -0.12112264328123266 -0.068971712808382227 0.18019790940945221 0.08217430165432725 -0.024171292061783037 -0.11142996817073114 0.075038186094490714 -0.074254544858071467 0.018139411634363608 -0.0083739843726525383 0.093413025836493593 -0.22659228843070581
 0.006204909213311253 -0.058984829344977042 0.32222054901805919 -0.049238025047008117 0.027053957739021202 -0.0500335794150365 0.020419859636511894 0.0072125304916665313 0.07843408772779438 0.019081331047188756 0.14807326956022546 -0.12673063370379514 0.002136037990523349 0.060952895711476295 -0.058849787780969817 0.061659304593370413
 0.0259018808246467 0.0031089658305602039 -0.034418119849039398 0.041050752068785577 -0.10377830084537366 -0.042653173842379544 0.0018687950751952913 0.080537860186975771 -0.0075035583963020229 -0.086945018465402507 0.015707037142437361 0.0095445409847705852 -0.045141148309451207 0.088555083693772851 -0.023293753104610924 -0.10889058126825085
 -0.076603259670465815 -0.099362352404161039 0.0051300536949760245 -0.18332249773651374 0.10108141934469092 -0.12570366673605482 -0.05816560380711238 0.10627616021718317 -0.017789453261745369 0.016288268960713215 -0.042769765419303905 -0.0020498107711895471 -0.044169717460737876 0.063251906574066957 -0.019625366850634464 -0.098374720444103753
 0.068981690737900794 0.12294933736922721 -0.10771536166752704 0.091644458581357377 0.045898744020545966 -0.027957312405585688 0.1468549139651493 0.063588633964016567 -0.017552624014490439 0.022750941953292393 -0.11791558638877508 0.056738480654011887 0.11552879506733546 -0.071166358497424365 -0.16752296757306062 0.17559463999294889
 0.10674567045148421 -0.014512389454559675 -0.035550785476592871 -0.13841679632772383 0.079357036344257878 -0.040943445033502723 -0.13678764829952045 -0.033108527436479643 -0.10344099675939616 0.095192249817032934 0.20321487535599275 -0.025198041012448633 0.060333337429579512 -0.014554608872443666 -0.015725097705830339 0.13595407895382891
 -0.0091523176787594949 0.17296900350281752 -0.16818554688424828 -0.19013359286043405 -0.11785485300055748 -0.044426338388420215 -0.13715638046809442 -0.082132797466197088 -0.01207361502259029 0.057329299339118574 0.12700182291199577 0.11280499762397402 0.076791323486320437 0.23071752720067759 0.1301977245226045 0.13394119272539334
 0.042827445735610141 -0.1241777042780416 0.0076175113962335603 -0.12257696364263666 -0.076278111015867886 0.27815865495108705 0.16367866993555094 0.011499004972070011 0.016379538044862647 0.18301001312113141 0.058866323212421794 -0.056799851745150967 -0.19277949491762927 -0.097948607511638114 -0.029266138259481191 0.13970234011691576


