# Created by Octave 6.2.0, Sun Sep 11 14:38:34 2022 GMT <unknown@LAPTOP-P0PV0581>
# name: Theta4
# type: matrix
# rows: 15
# columns: 16
 -0.075275042084678667 0.13310956128725365 -0.15127700849874459 -0.096728218503365854 0.12829342591074308 -0.025887009609789319 0.053536077988261432 0.22168209970723654 0.049900635660067444 -0.024251663023076769 0.075655187738869381 0.051752286088006277 -0.020486252343791735 -0.032508640767914446 0.076546034620342013 -0.072127719797478937
 0.094777238673204214 0.18010987927197566 -0.088679774399969519 -0.012328395241717471 -0.14395687638475121 0.017069521814743836 -0.067449160698164784 0.034906800773660207 -0.10980374757402245 0.10450592660468985 0.042056822014881395 -0.11596873652727339 0.071924898640673599 -0.037685423898637167 0.17880188631473279 0.095278907630535772
 0.080943727787202949 -0.17378207446684321 0.020284190281188816 -0.021125944724707277 0.10212932970531934 -0.10938853045640649 -0.0033880198559040004 -0.11526586630785604 -0.089832362881737987 0.044556293457660795 0.0073897166214793013 -0.10928755455926044 0.05337407504340308 0.050174154118184863 0.10878613313915017 0.066470112018314251
 0.017488701876348701 0.0062848047717810138 0.10678149282354903 -0.12113791926062335 -0.0054106847796559256 -0.010753397094512472 0.095298601381875306 0.14446260370575997 -0.065936691647537529 0.06364289789909322 -0.006646130418426383 0.067903582206509258 -0.0091665273741473718 0.1689977426353842 -0.042987738526136909 -0.032075760647745186
 0.10248839779762706 -0.065199265327008191 0.01752057475157617 0.11940219586404414 -0.10782026968580963 -0.046708010874324683 -0.15507240392823565 0.20618675384233273 0.031887471964183692 0.16822783624098875 0.020688466257425982 0.092633627334738247 -0.084398558110313465 0.064815581875586156 0.12697516609628873 -0.086411117244068941
 0.11273417873725672 0.02288331606788737 -0.076892046004610554 0.0023550589341426241 0.047366203627111324 -0.10056473958023804 0.060599837789957901 -0.050215031556575217 0.0018236119138744658 -0.1027716655050802 -0.11466108828409866 -0.0088703352099731292 -0.086596607368124218 0.22574020949484164 -0.010199879447160607 -0.031757089726074987
 0.0071374860218265217 -0.019728856694025462 -0.083647554323860521 0.050666724410098271 -0.066294416294871178 -0.070698972339849925 -0.039957543810332327 -0.062427018869393044 -0.017975695525109508 -0.10689852391145159 0.057632843681236098 -0.091393161362523637 0.085191660032546912 0.058860111469807484 0.007572551940625517 -0.11623209507050335
 0.017522457166671508 -0.14739777575887134 -0.020535044802489952 -0.032118167721447571 0.057414879862179469 0.20096950223932444 0.054920509938238223 0.18837923391590752 0.18579316845820132 0.1384227738350336 -0.085352192685070216 -0.00036037893611789794 0.14328205242518946 -0.13555511178449342 0.01526420152168336 0.18942065906858707
 0.013238864529446785 -0.11151259423259145 -0.073733937660285243 0.089581074861647111 -0.1073428734721663 0.15122600854669285 0.013900129173181416 -0.092905829686140459 -0.15843127166508891 0.040465671423515995 0.10892667751645889 -0.03578344281882205 0.098455167176425107 0.16203248451035615 -0.025299411003706928 -0.12514430417625361
 -0.075695583005251685 0.16204264771302715 0.1406211803280896 -0.040708187487330974 0.1896309384236729 -0.17832380248829505 0.15430034833342229 -0.011685621773289965 0.088618391909834518 -0.063758098726258358 0.11773108478777863 0.029966134365086931 0.033429923647784951 -0.099644819657821807 0.05987542614078923 -0.053092620457009986
 0.098374544212947376 0.16291348303762174 -0.033012202148778473 -0.090220882244784889 -0.10341337547963975 -0.027909531662396136 0.056137056376655399 -0.046127835393562813 0.034878833086818634 -0.087033886636768282 -0.053638286744995156 -0.047322307768120422 -0.091412313063563011 -0.048348003451233051 -0.091486702334291889 0.081243898343605001
 -0.056603006384963038 -0.040510689061576455 0.056068865531600745 -0.030022143711581399 -0.10177113744558224 0.032199681885568016 -0.23565161809862123 0.014232548203201864 -0.025596020556110665 0.070641925270028244 -0.026634625955822434 -0.033131934609984835 -0.17439345722531896 0.22393500571692354 -0.20061382804260969 -0.017916958000086993
 0.094460183724020735 0.17403196232437237 0.1454231951090123 0.0020649137413751113 0.062349781359752311 0.10250812207649057 -0.12050288177910165 -0.034317791673859087 -0.068393943809474694 -0.23301346135257273 -0.11065863095220414 -0.11600766646677546 -0.03491336772505424 0.069338593337738313 0.12897011366318131 0.057006882898190926
 -0.037362930034072137 0.098725010070260938 0.042811618029714796 -0.102501727312007 0.19362011730229367 -0.13369504161735801 -0.14912949320821797 0.12064380495196793 -0.052415256897456228 0.17821071948793837 -0.038802535941340137 0.038144962845936013 -0.094391928614163914 -0.15441051503633771 0.19903799044202122 0.15045851671531912
 -0.073073082991433447 -0.099853432191447739 0.043107947492061059 0.12036174748047133 0.10539093187288087 -0.04535646293175883 -0.096567219747221558 -0.061006686287899972 -0.01657739875077811 -0.010461515715829093 -0.1113369724555863 -0.087791337072845116 0.10391026031964538 -0.024748691972961943 -0.11535927742124323 -0.0076933650043355716


