# Created by Octave 6.2.0, Sun Sep 11 16:42:35 2022 GMT <unknown@LAPTOP-P0PV0581>
# name: Theta4
# type: matrix
# rows: 55
# columns: 56
 -0.00096956547302264301 0.0068774085759048123 0.048223452986970054 0.14427106640073734 0.022195271049546772 0.099787858813945626 0.084325164955932452 0.024751686121405648 -0.11035500354131184 0.064138149423464019 0.041729994382231551 -0.0121310106118713 0.04828427004993506 -0.1445282874909887 0.041935421499747688 0.10809026556414034 -0.069437368004010527 0.073762958881884388 -0.05991254523397143 0.064020250689403813 -0.11550191444359366 0.039689842006462209 0.10398626372585552 0.17158741945420539 -0.099961779975181825 0.099925973982835967 0.048478376942133354 0.060870147609514827 0.0053933358847103085 0.024037208147145359 0.044544831603625309 -0.055672623753908135 -0.081732242863641738 -0.083805831809523348 0.11555646217209836 0.11424982057156957 0.080838758438730854 -0.0039371992445527094 -0.13260262178562415 -0.088215585780922187 0.061918067483291185 -0.09435941775110078 0.088992324315991619 0.030440312210020144 -0.021908973569203717 0.055149221962358302 -0.045111596041892764 -0.033194880487147187 0.14885186900429453 -0.087708362573981805 0.010269167827428812 -0.1476115382481733 0.057363769462167417 0.0012223785547338408 0.046785423220487045 -0.055509198143234302
 -0.0019936879074625904 -0.13877413696901442 -0.061552631667867848 -0.053754838652568832 -0.061380635512948374 -0.015929370080080506 0.068543767709830519 -0.016401965494652181 0.020696427320362708 -0.007620365081247164 -0.074224067084938838 0.012627699385410791 0.059591163250698527 0.032180711041025399 0.088732387145224356 0.082440761248391642 -0.042353183380118786 -0.096922005994237323 0.072246512707221114 -0.055333357153094322 0.052812897258747209 -0.11214871699466235 0.10109816683377428 0.047808321419982536 -0.012437908751693393 0.085804621024135247 -0.1330458446448389 0.10602045689980058 -0.049653038102886786 -0.032141256377526566 -0.040332796363971364 0.05970004209089097 0.059474826135517585 0.094315838550830006 0.0028593090806387535 0.0097922242953807758 0.033272479168098987 -0.0015356635076061009 0.026565357081148388 -0.09702105363366946 0.042434703221589265 0.074876855550598614 0.14248699748221419 -0.095038577104023456 0.10677472485628973 -0.12568441669391212 -0.030370724583936966 -0.074106459241830347 -0.071342629986037048 -0.033184701623718962 -0.016863883518992134 -0.096123542788885616 0.0790796932515382 0.092135811605614681 -0.11189113770891272 0.076933562356352528
 -0.10458994710485148 0.12437827587318777 -0.069604680502378502 -0.082088650562390827 -0.011743853562159215 0.09710364961798125 -0.11590812761245015 -0.038893878670680816 0.042231588891235426 -0.044029005622877156 -0.057022693783205361 0.018088200417833336 0.094193947340275266 -0.004923622457609556 0.083418824191941257 0.089453367733119557 0.024169181498321635 0.060686635880271317 -0.09247125113193895 0.025563899276386519 -0.11526478275275101 -0.022983959571719833 -0.03873764097627528 -0.1230414749098085 0.037025924254355039 -0.070438346231431137 0.061346671788954227 -0.051419794218867831 -0.10126698549042659 -0.055236684278681371 -0.031515900186942239 0.075237439093687811 0.022365400392434155 -0.031405624501702971 -0.048651922293897254 0.049309377301473688 -0.074563054528016107 0.060379852898727389 0.04048864659489243 0.025138856625584044 0.060915479464036297 -0.090244058058091839 -0.027252772015321704 0.094978215736422317 0.047994145275407622 -0.10338076485496936 0.087245010085419697 -0.026038788618868648 -0.11724358183906074 -0.053500048399396052 0.022218100387039429 0.13743602588163659 0.08594159914298681 0.10321483442019964 0.026424234667279469 -0.058013154562511798
 0.07911063318114403 -0.074612751594088311 -0.11396758723907621 -0.044358295400517965 -0.1158088454567688 0.11640162641332259 -0.020071141656628329 0.1286228525464426 -0.069027574821111159 -0.16913251727859976 0.056305917363735573 -0.045472747500971515 -0.054787252375349871 0.10201427747670322 0.090514784730577461 -0.074210208981440151 -0.13717492030835474 -0.07318804815651013 -0.017768199153147268 0.087695926686418318 0.028856286670906277 0.11232755978116581 0.11248924198989266 -0.073519242426264231 0.11759099569784821 -0.034674907957996784 0.054242401721929574 0.094931161613573914 -0.12681599461687759 -0.012515019357746489 -0.03615233712814022 -0.045996190913917982 -0.037338214038956645 0.034400552199847965 0.03500688106381928 -0.029819124806963998 -0.016374627851930102 0.075611881686471996 -0.0028980722114696944 0.022456169874813164 -0.011981204955660268 -0.011859348796212919 -0.026797918940859315 0.10723706805884459 -0.10795311181634541 0.046345587285985652 -0.050428995784182938 -0.0099480247043663879 0.086779682296745222 -0.085550421830940235 -0.021959404731697427 0.09310191957538097 0.1201759272191027 -0.029947335293672828 -0.064705847506243072 -0.057393180024968661
 -0.047653127903666923 0.074609553439839882 -0.036491936927725808 0.088883813929735239 0.085025549889320248 0.085951083891117344 0.090739185750109572 -0.028648423172731179 0.089551200957497717 -0.040490547761307727 0.11434802404112623 0.082119938645787607 0.025162188501809069 0.054384978543781361 -0.083335927297795528 0.022108115964750343 -0.00045822081190691124 0.034870642417047758 0.043368508218746764 0.11686029195647896 -0.027125782324346932 0.013051944400822251 -0.063061107852608017 0.067353818818697425 -0.1695195143058022 -0.086520853208204615 0.0015411182352557833 -0.077005037861865966 -0.10929214428115346 -0.10252908355519584 -0.13295320801334515 0.069677945638398534 0.079354690272829473 -0.054054234651030368 -0.087638489451646873 -0.12624010840105182 -0.014010462721263564 -0.078028100983111484 0.061744577538754841 0.1120146439961546 0.017317236032780736 -0.089475708848926749 -0.12074325100845841 0.049988336417803009 -0.012712197946953163 -0.05234659512212609 0.0931184478891358 0.026800537696526339 0.024377073867843088 0.096105018100314452 -0.029607669549621907 0.16763340647901917 0.073123944701304136 -0.044064812400558567 -0.027269987022840083 -0.019033161963236234
 0.10362264925151379 -0.077479612966045761 -0.076669118192409472 0.082953820449799653 -0.099471590872145271 0.068145210633108175 -0.10042506712123134 0.023276464858835132 0.00019879077590985789 -0.065809061437490199 0.01002003673385825 0.0028431977916713105 -0.13422795390313941 0.089187505481149384 -0.079316584841161913 0.036127643686493856 0.03589597078246088 0.068184510981452798 0.069028064170464518 -0.025192756375090417 -0.086086315822473294 0.017947444904954542 -0.040705650037981607 -0.058775008396739485 0.0090761247535168441 -0.041689610338931135 0.094017238113085211 0.039178534933724314 0.056979199873400339 -0.12249432631808112 -0.024883132612757274 0.096885367488170587 0.08512597719150157 -0.02281816023309808 0.080117594396340586 0.028664574826646406 -0.080938904928946356 -0.11841396803612321 0.15584458860688249 -0.093716778649782631 -0.10479007548211963 0.068465577048472143 0.0610834200702952 0.14148066141668814 0.053205120795234428 -0.059076412967540029 0.014440384452731976 -0.14395419661382947 -0.0048931418889445926 -0.07719583570405035 -0.10176987861920088 0.19870129396223732 -0.011985271003165066 -0.00064963796090801939 0.06398497263271416 0.012046747009941185
