# Created by Octave 6.2.0, Sun Sep 11 16:54:40 2022 GMT <unknown@LAPTOP-P0PV0581>
# name: Theta4
# type: matrix
# rows: 45
# columns: 46
 -0.088121166506746382 -0.011846584200058094 0.078872322248275811 0.032827663577702143 -0.022414992927886287 -0.10092594839700654 -0.10914764243017384 -0.051479288137628774 -0.071357222747479132 -0.033546703212806672 0.024961796294014248 0.099271473806593027 0.018179161258836049 -0.030503988868445679 -0.037133239255421301 -0.026775387932096304 0.01574109082441176 0.077666479160216045 -0.029984651068261928 0.10921709267714952 0.025589231431611296 0.1104206247664138 -0.064088025326555109 -0.051804701613014884 0.010302548807380371 -0.030576712111866893 0.006157380497839678 -0.047363372238674185 -0.030105771855786622 0.0038789409551864252 -0.11392887856703986 0.024794992905789816 0.006919700001623382 -0.075581351674168962 0.037371307944977505 0.11113923748510256 -0.013453670819470267 0.11578379334147153 -0.11691196210399972 -0.023249360606567578 0.10604500839666869 -0.075648409605113195 -0.11783024120775236 -0.016051009192258662 -0.010597718213697213 0.0020418897082634759
 -0.078140307475473653 0.0044997750129980958 0.10932047533915674 0.075751398859829996 0.094955348770416989 -0.028417096579188016 0.060712467428340564 0.01491072337213426 -0.067687987519617618 0.077440947835849677 -0.014882874255551523 0.085247887645792733 -0.043753415019436324 -0.084950329563142302 -0.00040847980311629976 0.10401255635953995 0.054047701667910793 0.015631991858403957 0.0034273602908507467 -0.1522878574500274 -0.098257796756505048 0.036912557676452039 7.1262401697140554e-05 -0.062522373337992154 0.070012535039974857 0.10428537500858986 0.03688100927512665 0.095137182525560415 0.035397201710532629 -0.011296561628729346 0.081884743205778654 0.064383537874040803 0.048236830754730321 0.076749926711036032 -0.10578817163434077 0.055490113569018458 -0.02416559420520753 0.022490604204928297 -0.14142761288206465 0.020865194395053879 -0.0038576840951853896 0.055191910143317757 0.027452452184277019 0.047066945503967818 -0.022500543035166957 -0.050148883774107152
 -0.015237603145770082 -0.0340326974867542 -0.10343430347973151 0.078662403272763123 -0.016622489018258396 0.01642293823278506 -0.03769600492150145 -0.0052308500680657566 0.019111062028533073 -0.085969548017236955 0.11084865883625312 0.098926841339803409 -0.086788352774823052 -0.15622987527039869 -0.073688783335637983 -0.095456868851908586 0.061093120177893728 -0.089807872353350277 -0.094837662924551758 0.093735308783421734 0.13377169331536448 0.1013417438213875 0.080014706930507218 0.03013278789521422 0.11331563893504343 0.090557470007995147 -0.049389854877574413 0.041333815647736409 0.18008624134596188 -0.077088965425892081 -0.025435413422649589 0.029256815593749545 -0.019095737945478579 0.067288604756198356 0.090424381825042255 0.1132626293991256 -0.012524919371794408 0.065904160544847448 0.055729359968554104 0.039370437077900888 -0.085282012224344492 -0.046757918805472254 0.031957336503400192 0.064880444296439174 -0.018922715771272653 -0.034517825000630956
 0.039774488847689866 -0.081329665859391678 -0.060638385699318627 -0.074019915849689075 0.048971741489238808 -0.041117343573599092 0.065622382169885668 -0.0085155087133328613 -0.091632879252262378 0.12862316107850522 0.093276637960321512 -0.051197356041397073 0.11634990523542726 0.031184644943615985 0.06404112801454262 0.011806772366378705 -0.13999993630235275 -0.029907893061067746 0.0086627208922006298 0.034979512291342454 -0.052563239740052524 0.074147296788098074 -0.10806234985236944 -0.024555076770613433 0.019383777991658319 -0.0055457444607835728 -0.10106035841317861 -0.047007826437835798 -0.093413447515298509 0.084723683206336983 -0.031011221130106233 -0.093678034151666076 0.053920193836426357 0.1321032535987145 -0.10750684926367637 0.12131488120926373 0.053336323243896706 0.038440817627391419 -0.043724073483667539 0.067763802998913741 0.13595136093840751 -0.043255943868553838 -0.052156035537273153 -0.018570756550495084 0.04149263574666006 -0.044544469387688128
 -0.10731908140458739 0.13311527129666606 0.050913545933547216 0.17398614575768753 0.0069099800111131265 0.11520669552312059 0.0034495964599049024 -5.5235695589416126e-05 -0.082676741329563097 -0.10688591874239578 0.090889849960907335 0.069357064805595184 -0.052263644710263797 -0.091481557659216603 0.020561124348196784 0.08934619772271378 0.0656463341965208 0.10013569767916725 -0.024538847664482999 0.11569746914550508 -0.073628108321307006 0.06446641997258501 -0.042612674186970512 -0.035248256900828279 0.10049514790374621 -0.050787542605230017 0.096279157813162805 -0.11805232820943741 -0.088942469327223703 0.062635397531437292 0.020955757411717187 0.049868956053874751 -0.12481695209592381 -0.13487921108129522 0.0081570109619693038 0.10657357866964806 0.039869870149675447 0.021930691539830082 -0.085849885646351723 0.017298807542414231 0.055216040831239252 0.036774000167962874 -0.071193631731677864 0.13004885619614581 0.075341542020539609 -0.082211223584524096
 0.08666886431409683 0.11631532830052481 -0.0076444901170974076 -0.059963587125123417 0.064988710107299771 -0.022644025098346891 -0.10362582854391431 0.003085037660311085 0.11333325153213117 -0.052291178359543666 -0.08044550335792805 -0.10797897035389259 -0.061504292252665932 0.040625437028761403 -0.10309347534972797 -0.093095657183275726 -0.049975394555370686 0.016712379350599011 -0.06911062828997705 -0.056226154881328615 -0.11333163005815397 -0.070911945123464035 -0.11807302348953329 -0.088748951185881816 0.046137921222182424 -0.066640592376227062 0.092967603032739404 -0.013821114278410493 -0.047844276213211252 0.04436614503171888 -0.10237281887623029 -0.080129508807597269 0.014460225640200896 0.15642826505665683 0.075284590978597271 -0.027651739808553559 -0.0084149093136891961 -0.031030575865807028 0.043271846353596863 -0.024865091864805428 0.012804930392690169 -0.10883448938007709 0.10660472818424679 0.015791751478920261 -0.11104727241742779 0.11698977801175724
 -0.015575861240164393 -0.061899523453763879 0.099132965088975969 0.12593418090324762 0.003107760524690324 -0.11616075972116101 0.063979900251620578 0.10154396975870572 -0.078838762270527329 0.0079531859431561311 0.11085100421028608 -0.065952616927989802 0.072314032705083311 0.0054791767909906112 0.096871779405996311 0.11732503686831454 0.055307630246178394 0.015176490963158948 0.058857321065509033 0.045929169358949071 -0.11825811225769862 -0.0056274518252671067 0.10415860044296088 -0.035269979997145824 0.12172038443744287 0.058076818872984534 -0.1059775029272389 -0.015990407912481543 -0.10574127754212742 0.030942866141344453 -0.059245914842968053 -0.077338591417218078 0.10114660314435987 0.026521044830583179 -0.025798620827614808 -0.12461490774823861 0.0682702458917986 -0.053970688406517267 -0.084465032785649652 -0.085398951107927695 -0.01874327452935072 -0.096411677929832754 -0.069242643189807107 -0.13525304285797474 0.086213130008231748 -0.029434887941502341
 0.035544327195513217 0.1167425683342375 0.10414677884534511 -0.044362561846432072 -0.0019467839402975676 0.075607808309220523 -0.059333502579738344 0.052242227691073402 -0.092602047638851617 -0.10749825276022094 -0.047245931713200719 -0.03194951889314173 -0.006332399742700205 0.071427548854598108 -0.084157092378157022 0.090615530122988328 -0.032863149073418731 0.10481183302326251 0.075601693648849014 0.0011021615804800032 -0.1107577842447811 -0.033242894104174123 -0.0046138035401004258 -0.027374091815103269 -0.0083766245202807673 -0.07271297076704325 0.019185835328858845 0.073595024396737915 -0.10624818786560968 -0.12249263354586504 -0.081196979671791042 0.053187979694130159 -0.05772359810914085 -0.078411959557382963 -0.066681399754909221 0.08253175661925316 -0.051624862478044611 -0.084060303656801935 0.020832265457344557 0.038264014227885175 0.10310736696267066 -0.058441237390546866 -0.088989844436102805 -0.022112779699950496 0.067198956342674462 0.025939991591805957
