# Created by Octave 6.2.0, Sun Sep 11 16:56:17 2022 GMT <unknown@LAPTOP-P0PV0581>
# name: Theta4
# type: matrix
# rows: 55
# columns: 56
 -0.021683144916836788 0.17959086911937852 -0.015105532806409751 -0.10557321787690249 -0.07455920006484025 0.097935536567496331 0.098312237280994877 0.012367134546916125 -0.095562536352962899 -0.09690381659842584 0.021540726528734341 0.12966634498123475 -0.061939784122600879 0.14797296934779317 -0.11434137539497409 -0.11402818128165601 0.017653653128891406 0.063703351255428559 -0.089738920901358932 0.031213082192195277 0.0071512147202260319 -0.056317108583303847 0.0050361568039852828 0.0075242720488385177 0.10536212208980915 0.030946629196459022 -0.0056435724774005543 -0.023713266903507755 0.093471162658323406 0.084614035579369348 0.14260937839472032 -0.076885332881348273 -0.0071487117536177197 -0.010788897895638763 -0.019401239255136812 0.082178639438283629 0.078283303967980347 0.10292960395559322 0.045486266610341747 0.041052219827653745 0.068171449285739483 0.018102985155992252 -0.012473229765112557 0.053811915390441868 -0.06110318848876984 -0.021291445209870894 0.090004881437730291 -0.030691527221530478 0.022236914111742046 0.017376304793673737 -0.050269803606803734 -0.0039269787242174614 0.0055517717982008332 0.059611827017308543 -0.091914207083118524 -0.072065258270444063
 -0.029141069121102113 -0.13228846991485269 0.011362732202325709 -0.028919407249378075 0.038785022476862288 -0.034498761190412064 -0.043126262090338638 0.041893366455601051 -0.062200514052076911 -0.0080531890383833109 0.00090541170963421614 -0.049873437086564248 -0.042077275347125423 0.020197685832916264 0.10092969621678938 -0.10291896388783962 0.057602682311539782 -0.017801830400491769 -0.091894123344098563 -0.1090327950524712 0.013861816725680638 -0.0060741561780944435 0.011546479631364969 -0.090171216106876076 -0.01047236750548289 -0.052755166640240957 -0.014532054518873965 -0.026963544660607495 -0.12821100073227887 0.01220199951944112 0.055300513655777261 -0.11193847189591845 -0.061709492714671278 -0.058205927219799398 0.043295677896638719 -0.071142822328008781 0.090058802188588041 0.047974505215037364 -0.11181035766939242 -0.15498870007388768 -0.075997764413176142 -0.018734094163223459 -0.11500686591534789 0.046748204401824603 0.034959134228853515 0.00054564197649865323 -0.095798569869461808 0.0075073034505703032 -0.049669784020082992 0.090153418860562981 -0.091522384155946213 -0.043805861447905513 -0.12167417976014788 -0.032340354734243688 0.007557155317911058 0.071923740139078624
 0.099566524316615654 0.03375124133003566 -0.078785698333192392 0.025915457517554485 -0.075913016510164508 0.12018871612106563 0.049812267564122131 -0.079874957929221668 0.160307706790596 -0.078418911501294639 -0.011300335912053629 -0.11458798440635835 0.071211713056982706 -0.096804874461197649 0.074920139419661219 -0.1131761793943698 -0.12770639802398637 0.10660242558152955 0.15772993170446312 0.12486399574189129 -0.065466574042320202 -0.04795671505893661 -0.022855054102780652 -0.03405716203700495 -0.16337685595575827 0.11636533759679772 0.10251722634454574 -0.11940164308383833 -0.049396544201517061 -0.071544285032888455 0.01959817753025677 0.01507605519627562 -0.093772084418900781 -0.10989368368308136 -0.095965635034825109 -0.076648853830710989 -0.016069084174431047 -0.068543314672749753 0.091137932200273261 0.044115828020143882 0.12001501142625394 0.031052470300073593 -0.048345442508030002 0.013697217449773876 -0.0010872096955721433 -0.067616289291063489 0.037600199246459902 0.092118659094120967 0.081999849746101944 -0.084417912721678687 -0.057984864613540285 0.095694717754316039 -0.095463598452085102 0.013784623656161848 0.035260982132138442 -0.21585106756616201
 -0.073321736305587137 -0.04006161885034986 -0.079520735118131639 -0.071834197571988861 -0.0085965041275600767 0.1175932869176371 0.0073865672377739387 0.087383281075014876 0.040521374156411091 -0.11243481896574943 0.038804928275720255 0.11936241684348771 0.0023801045745233769 0.06132453929354735 -0.0055393167388470468 0.07574268211875225 -0.04649555453793007 -0.019084862455384172 0.092933661813130383 -0.04794989939683849 0.0069579285661421761 0.10344202190291327 -0.048910800592551949 -0.14971514235056735 0.025605351228810119 -0.056872002339781791 0.072667538688073394 0.049083751386285387 -0.12325062660114791 -0.098428155755867566 -0.055183164517470441 -0.069846257172430398 -0.014368330529392816 -0.066124106899061702 -0.032525394391668849 -0.033928719556128299 -0.018439757727368996 -0.062464059064961545 0.0012245765775420428 0.063272782883095166 0.076013852699158044 -0.012408082114648843 -0.00204576936677841 -0.0040171263891080429 -0.073600513720738933 -0.069838120215728397 0.075062792620351551 0.047171184005389888 -0.053029842670875911 -0.061689784173236339 0.0672854959767855 -0.03350110767782663 0.017705025048288355 0.1095900305647447 0.076561201139910676 -0.045140911274298687
 0.006657394319577379 0.058484166273468571 -0.01353808376037411 0.10877470721593512 -0.092532856493834317 0.063705427133227313 -0.032713408091454232 -0.053633334002181045 -0.05246864996853557 -0.039882455332015267 -0.013033342517143404 -0.077514864543662645 0.013219523235857716 -0.09981890836107199 -0.084376276287034521 -0.029354767852179255 0.0029362434206136353 -0.081009459244935342 0.053111780314021785 -0.017391335419070592 0.12913107537998353 0.04209453320476908 0.12291525649674968 -0.10283001198112955 -0.028208947486653049 0.058860992663320545 -0.096891047051546192 0.026792146610337554 -0.045724086417462388 -0.084783855410768022 0.087469651622284539 0.019285657490690625 -0.029639271434987451 0.015447346902161043 -0.10136831473873871 0.048847652913701238 -0.019700335034997796 -0.14804257533537443 -0.056970196025313884 0.0064054061341509106 -0.018934052360083952 0.055988022674597397 -0.069023616846798114 -0.061602046224344356 0.099476848325980027 -0.019450048202457493 -0.10019469077102459 0.069544507141500511 0.10138719229288479 0.0093526296589871664 0.047076316227696487 -0.072505789020218925 0.0075448802196231195 0.05618145364681694 -0.037376007863200465 -0.04112426922354593
 -0.052539834509981995 0.090910437553881077 -0.049697528428884807 -0.019334335454858784 -0.09798764058875345 -0.10688788209226556 0.030957416201379862 0.020214422300109308 -0.10950961183401205 0.028707616965300532 -0.097211875794931485 -0.054818595152404254 -0.018980421685946994 -0.094669471833690427 -0.11944142866480773 0.06485728643407157 -0.12695013770599956 -0.11705742216080679 -0.0064599581160128313 0.068653624749652989 0.035034645907059535 0.043862267336689312 -0.051942540183518252 0.086895377197229826 -0.051915475189498406 -0.077488578117618764 0.081225188149468414 -0.057874136145426559 0.071450466249627295 0.098179233711558817 0.16998610645220982 -0.06441172419567924 -0.16119493503697591 -0.12605334131655946 0.064834669303284881 -0.037533566782339413 -0.0035153243985914183 -0.023723704244193709 0.084976302811931526 -0.085599355704948685 -0.011196778056909194 -0.11160806172349731 0.013442990051964867 -0.0098303079204358386 -0.096279849774280654 -0.03320817360722321 -0.0059829586564676416 -0.099873730670893252 -0.022686272171841118 0.026459046486304406 0.056968480350553123 -0.039285892339830819 -0.01274596485765161 0.087049007845119777 -0.069346557411689644 0.072690393000526474
