# Created by Octave 6.2.0, Sun Sep 11 17:16:18 2022 GMT <unknown@LAPTOP-P0PV0581>
# name: Theta4
# type: matrix
# rows: 35
# columns: 36
 0.082021481984522041 0.039118941206425992 -0.022841317143437633 0.079152653526634836 -0.046228482316191352 0.034873852451554034 0.014859193087941879 -0.082546870546218204 -0.052543687931785453 0.081326262689667 -0.037172158407186594 -0.028277407093775325 -0.088109415052532836 0.027687614112973186 0.053839779688984395 0.11508562575260128 -0.06375866995924491 -0.12664466145514514 0.0024766685784333134 -0.10147254532200885 -0.074643158231391699 0.083119832709380143 -0.035706550342141194 0.060575639964735938 -0.073586151064488556 0.074263252874483418 0.16753350740406983 0.011290771555122221 -0.11002713613052059 0.026799836737596519 -0.084648851480352491 -0.019532760968436022 -0.0079279397350242448 -0.0851502002648587 0.068743451690382651 0.017269199619239006
 0.016001981498631187 -0.021837786935978758 0.023111129560630619 -0.042360226343264501 0.091998595906987668 0.033837267369166313 0.055286383917700646 -0.13823370842140284 -0.043183590267571868 0.16965962708143947 0.14178083310730566 -0.092539126478727904 -0.013783472967360365 0.015467402835042049 0.13051724990987104 -0.010987117682664495 -0.11040574201272857 -0.019513389046769965 -0.076138026067922346 -0.075968839784394754 -0.11526540582276346 0.14569410483856923 -0.0020303712489977465 0.11171017897989673 0.10619919968214685 0.0070343382810021298 0.128945736068902 -0.14828994164204992 0.024484823017041996 -0.094050846809569835 -0.064423048145465178 0.058987960791102675 0.10637083380742887 0.006983743742391268 0.060837877115561732 -0.028055073273735149
 -0.054351635949240834 0.0038410005367806028 -0.0078574440260140849 0.061530994540727697 -0.069636515738850185 -0.052802565882087281 -0.03255252561715364 0.12876441838718852 0.03807576905525082 0.083112834265951938 -0.047880428172511542 0.11522100458264982 0.039748424502291338 0.037085491454957979 -0.035447585262019472 0.0086383225975339862 0.02817093611565517 0.066155866053872858 0.021021702616017667 0.021584400502090872 -0.10662718207667675 -0.042168159963309138 0.071928317986600515 -0.05586832794603392 0.14443792767816452 0.013307334879442525 -0.005794874546298694 -0.039336105266076976 -0.078227068800300267 -0.10271948132358816 -0.10556324332484997 0.020150128875097331 -0.14642852230258693 0.059073087534698206 0.019640997519414713 -0.044420914209162971
 0.017522278240283715 -0.078860805282179855 -0.0024786531665819829 0.018634172865517846 0.017254532160860481 -0.10332513527944714 0.18352700812018422 0.22302447094253469 0.082357737186536439 -0.043220129972269768 -0.0079083238382834254 0.016576217385473435 0.064386257308085657 0.041485138870111044 0.16620928399500254 -0.036899702226128407 0.028155033603056441 -0.052494937830075798 -0.081543420479247591 -0.034942850084879545 -0.069742187044435508 -0.12301756686796578 -0.14475874302454617 -0.11500866849530753 -0.051326817668050133 0.017854093902196739 0.15255693836203452 0.051299181909968773 -0.02433919926312525 0.021155154100956339 0.0873624500984609 -0.10911994263969475 -0.021416711947943878 -0.083058119069741074 0.088960382350571299 -0.10165299671684372
 0.023806287840714577 0.017805475277442116 0.23999036621186493 0.15467383835253115 -0.078295920283564538 -0.028468270541768266 0.15617539316253792 -0.061923135112443885 -0.0154261122736708 -0.21661288746916424 -0.062187758452891345 -0.01314934304569481 -0.10392722787792109 -0.068196836487545945 0.058577556380998687 -0.10793035937636938 0.020589105716768044 -0.04872582963009623 -0.089999565402762285 -0.11763844945423649 0.059946985710804632 0.0081070364390345602 0.14401545231407228 -0.042324175672765307 0.067463846768561958 0.06101557348120696 0.078182430170155373 0.07254432056878965 0.010940708910604179 0.060466447585324642 0.10139369370383648 -0.072004892525911066 0.12589778484962227 0.074222074362060436 -0.01534052199572466 0.099850635111687402
 -0.041559514188194285 -0.031619539259493283 0.040836691557794007 -0.075071015478115913 -0.094352874172440995 0.034805636053756167 0.11493131281766905 -0.068065258861168598 -0.038383453977886353 0.14185504335328158 -0.04883993642249982 -0.019734611432211807 0.069846370676246022 0.15459165294307978 0.13011874605633778 0.1518518069582433 -0.063726282534373707 -0.071540065956464685 -0.11274127901798686 0.10655895818613283 -0.11096289969286098 0.079241634992669924 -0.062286450379954499 -0.031861570944140806 0.076735582367977895 -0.1089049020276565 0.073854804359737153 -0.10386874252101722 0.0049599094377746284 0.090272093035194803 -0.035879467855475473 0.052340925544711994 -0.10645370663263122 0.061773465247769443 -0.091362507371294269 -0.02955712033683365
 -0.11210710092396417 0.04209726045709726 0.065767509160843798 0.069611645487177437 0.016171200820944472 -0.11167465093054946 0.050945430973308926 0.064913116673291263 -0.07755463946830253 0.14716686514699126 0.10319131672582497 0.012434908346625128 0.066451883490338357 -0.06708201654617911 -0.078843856458312336 0.078007331346235748 -0.045984034249784964 0.036110917479533412 -0.055517999668683315 0.10064075463391332 0.078973952609819251 -0.0013154559883026464 -0.084880333982557662 -0.11125888097147889 -0.10045535918308664 0.04297565189042378 0.068356583735111345 0.052128412797440835 -0.11583959754505629 0.056087493663971338 0.075620154218044494 0.065324515987465998 0.043359001911999692 -0.031600146151576233 -0.0097318813670930222 -0.078146640094420877
 -0.061163275240809618 0.14221400938676848 -0.11523455268130034 -0.12105970393465629 -0.021125648675362797 -0.11699182714756236 0.11084317806669131 0.27550373301288139 0.083660601897219328 0.0017173876256669327 0.0095793179658763185 0.048039994059619097 -0.087223565291606769 0.11253309099283744 0.0064020466683597189 -0.070727682288246066 0.090621457761782612 -0.019546030169676546 -0.11797126789538438 -0.038677053973557231 0.093820942689246359 -0.20105698263577884 -0.065181109285399191 -0.11126156918539454 -0.032362465886997788 0.076237117579765493 -0.017909012434346134 -0.055595411115728424 0.085994841906329 -0.055863025110427872 -0.075673745840672504 -0.030387541505556764 -0.09939146033552114 -0.086504276995591031 -0.081073000372320361 0.0074016348179115378
 -0.042923992414224003 -0.018515285554254982 -0.087050300327098776 0.14902172425063095 -0.080272542983184689 -0.083696479665918713 -0.047336108469455955 -0.11322411952134222 -0.051443362983858598 0.099381616182069463 -0.040083596713136951 0.091589586018327021 -0.04691727167321947 -0.09789174423308053 0.064743862312947695 0.05285648980088016 -0.083596812230599976 0.0059127632671702552 0.014038632934954826 -0.059294257699676139 -0.049530409833805931 -0.078440597751142566 -0.082499810598799114 0.10016804492779539 0.028757109836686806 -0.047215061234876982 0.0036000057056124134 0.022064735703005465 -0.11293003548836734 -0.044090589993466822 -0.089592739331260385 -0.067494808916108831 -0.12432126988269858 0.063995689812219481 -0.10544693023134782 0.071324131803889745
 -0.088137246480592846 0.092825071528240197 -0.0042564867617268824 -0.085032670204589128 0.076740775293186597 0.022005339373742151 -0.043396508382766236 0.054823638325152441 -0.10840029624878833 0.080444041433944402 -0.11157581886343211 0.11752668528130775 -0.015505564591714191 0.035382286272793009 -0.16257574609361439 0.12186391506609712 -0.011236971298862333 0.020179213546332685 0.084090654354294012 -0.05907065897013164 0.017715360952349778 -0.13726912307891273 0.013230933069471739 0.069657426059872823 0.12801207857875924 0.026019735277072301 -0.063012251216266441 -0.10589001363769747 -0.15278935425349657 -0.052744795202003113 -0.047733886683970446 0.017977132978210113 -0.030409200993032855 0.06270404449379928 -0.080239165732865839 0.10355764982008091
