# Created by Octave 6.2.0, Sun Sep 11 17:16:18 2022 GMT <unknown@LAPTOP-P0PV0581>
# name: Theta3
# type: matrix
# rows: 35
# columns: 36
 -0.0164368026498929 -0.035852646467395999 0.17689741065504722 -0.099019335056091826 -0.073010135677782195 -0.06351397189029824 0.16337861737343101 0.1090090905042234 0.028235138320243446 0.042303074042683526 0.042261247091900225 -0.067307363257145564 0.03940809269463641 0.0096633487873893364 0.040111353438583346 -0.06468673427927904 0.039099330011442862 0.078140884582099238 0.14997178261579708 0.04723977813905253 -0.084378593696546308 0.034963446901235616 0.069078344823681442 0.08311284407546235 0.001070613825555958 0.053765912351191956 -0.13384404299984784 0.16911488799030258 -0.14146353985865392 -0.034346270561981536 0.029600597312086242 0.025819631505378596 -0.024797508781966782 0.14701871538228936 0.069793884061219363 0.11720503576767254
 -0.030118653426328135 0.032409076049713895 0.057289298778817076 0.083888763743652645 -0.095750169637051977 0.14075212614054725 0.08035407502056198 0.12210419779692348 -0.07403837641832596 0.14320706738593014 -0.054776330634934048 0.064432698349725828 0.018617030544927395 -0.061578086230487147 0.023466838050011575 0.029911256832693925 -0.0079041734955178494 0.025576723403217021 0.072271533792516829 0.062343502053764731 0.069212017570200471 -0.032626589285193852 0.037310932561786796 0.092337122412638445 -0.075956129636037137 0.1690289021824054 0.09295202548656277 0.081681460257447741 -0.054303076835721546 -0.17683721766510768 -0.11908552889991449 -0.075262010915709762 0.0054385584577260086 0.13075461454368284 0.02925225323977668 -0.088755302541184092
 -0.10353114460551752 -0.013649830932716231 0.15196430962657326 -0.056165575930970046 -0.00086314552834108741 0.13540501434196903 -0.10213863971106796 -0.0088029629851147616 -0.16001999699846134 -0.0014324369364403012 0.024802962437088509 0.10921579527109297 -0.040469007146759405 -0.097824610288151537 0.00661070367135024 0.11184989571661902 -0.1036616279946474 -0.083766888532923758 0.082410673158912526 -0.026834702916623921 -0.036567890699734831 0.094259131733116688 0.20741707961448069 0.095590332908138939 -0.014976338312874782 -0.016319704241846027 -0.06284014317657545 0.0026602978751348095 0.055992287211476324 0.043355804597792542 -0.051693039803108 0.13053857994479823 0.14148047751486986 0.079108429893963633 -0.0034158592515709453 0.054241328996622595
 -0.049495312747443558 -0.0066630735651971472 0.079482045676973492 -0.087362408695910582 -0.052068315262399543 -0.10959666498557273 0.05150761317946221 0.039070983260371624 0.12356728934792771 0.044426017860137092 -0.083186755194083903 -0.089471925206262876 -0.013633667907005076 -0.040871026945529611 0.030167757655214806 -0.008147870089414793 -0.088927633801484635 -0.064515605544464727 -0.019211114884835127 -0.039190761328824035 -0.086362757557054873 -0.036917576940171414 -0.096665546008536024 -0.10544867912840383 -0.005303908846358933 -0.10802989341750033 -0.12296028520011959 -0.046447432460361662 0.025996305825558164 -0.12201987207253151 -0.096334978742269414 -0.097612833960563375 -0.11670803294767497 0.015032712747748783 -0.069929926477523358 -0.081562996467219234
 -0.0012948833930554885 0.082922084053036943 0.09388265722608953 0.0061547892202083732 0.097831151929994739 -0.10597467375285094 -0.075436749723012217 -0.062680952903181389 0.081568928145007671 0.035107791425300593 -0.000818463730024984 0.094253667734379751 -0.09227937299343951 -0.09377895346444437 -0.060296489691925928 -0.052860646259267237 -0.10714877427856284 0.079717231234150449 -0.10479092457509839 -0.020961430467092604 0.017718244662551789 -0.095861788326029429 -0.040007412728336626 0.02151703128415644 0.054055645452770994 -0.082935637349719663 -0.072006564979171364 0.0788397853247578 -0.011726621993531215 0.0557940241536782 0.096215299816407043 -0.056505021564657816 -0.10969981215293029 0.057355371462253418 -0.10655054843942509 0.051921392991226396
 -0.0016713664547722956 0.20553275449421599 -0.044905287315040621 0.19972423456642083 -0.041065803929255386 -0.11081302425584628 0.063676633041925654 -0.04090696706956079 0.050772304322027798 -0.092347213874128045 0.026273521071338336 0.053741238946699237 0.090255743750878373 -0.066238969141780318 -0.10956574326846404 -0.099062241026225614 -0.0087380281815184115 0.032278106645291203 0.054389157410954583 0.08078857896728496 0.029050716998114366 -0.024584507826979046 -0.10279419918029256 -0.083665091204357195 -0.12273306659135616 0.083027288015055045 0.1457268027679697 -0.018135434577238211 0.060294467931064272 -0.038839073304579391 0.057087952810159187 0.038799278900615325 0.097235977068260829 -0.051471881327808881 -0.063263720643161769 -0.013148950834936043
 0.053154179815921479 -0.1434230674403543 0.038636179663797343 0.14733668135629671 0.097544300237378812 0.084775486479236939 0.058413171443506093 0.010062847222857029 0.0011433818586065693 0.019242016649787835 0.097171273794246976 -0.081712136040364633 -0.12705786444148764 -0.020134438168125532 0.1755952064990873 -0.0026762230799804109 -0.014726015036994753 -0.059437942750443014 0.074931535568440386 0.089980138550376676 0.16023953996654847 -0.14419775011198854 0.0034731335617355411 -0.074131107823819931 0.042645195785599804 -0.02825037112586426 -0.13612826275737078 -0.13494137792698574 0.049664927905303392 0.17092863933040295 -0.081037755863664157 0.047536803447160707 -0.11303541881749853 -0.093636396230611749 0.058420485835353704 0.0080542624984754896
 -0.040070214545358675 -0.1162236923035791 -0.12416444771956556 0.088428077398175528 0.078716964946357673 0.053344763111762394 -0.14451523340691391 0.017875488412837752 0.077365479667565684 0.093820338145309851 0.088790560001770005 0.0087821571501052569 -0.05110666343475731 0.098393639728676582 0.115950770221081 -0.019007506813760681 0.012996830968751212 -0.11223699494687249 0.11423562870820725 0.014856293699960207 0.082200723961314753 0.013344234855892687 -0.067161354964932377 0.099011599194988587 0.066548512872071988 -0.10041911179738579 0.039981180306686723 0.057443447083069733 0.086894197794198574 -0.021653112727558481 -0.032966169005306148 -0.013853146489907778 -0.0027969186969466118 0.012756425127137608 0.049010350437740796 0.066772549882859786
 0.078209338887469879 -0.038379698139541236 0.013839078005150229 -0.11409258622326737 -0.10669338841739738 0.025291439463011989 0.086895798341806718 -0.078360827416590409 0.037137215669479126 -0.11509935061944708 0.10638922867473077 -0.10188813486254036 0.027484119994418077 -0.021745257771235937 0.069480245363849627 0.1233991116555167 0.085162590256356141 0.043872498728685663 -0.044292650978765946 0.11575337194898822 0.033229764960402593 -0.088794004046016325 0.065424085217856448 -0.060827614194191658 0.020817412194661357 0.12497097921551241 0.16201061252903198 -0.11272131803007542 -0.021102571984575179 0.12913548260153346 0.15080789818249424 -0.042531372799034073 -0.044792962626760767 -0.072229514969527384 0.086108535234272282 -0.013315161525399037
 0.1042458116107451 -0.08296311731486064 0.037444784335870986 -0.028672959209213721 0.073042707804830617 0.11746317015647587 -0.094787054734632989 -0.0070583563723430956 -0.041998280782399353 0.0092259049143666623 -0.10307122793051599 -0.052672115810422276 0.018063227833568871 -0.056570791922549241 -0.089596289257459966 0.13184239976798942 -0.035035030166388641 0.10908360812685176 -0.15777693204092955 -0.039382834722353183 0.084869123343228783 -0.070271892143449713 0.059583960252009155 -0.1080124977992928 0.10759832750948385 0.21341009765371152 0.074901125009452146 0.074785800491367821 -0.068590025122241716 -0.0087701786832836172 0.094010647710911277 -0.11584117857901519 0.10521833628987005 -0.072075641779776475 0.11479376517733757 0.10220636494512247
