# Created by Octave 6.2.0, Sun Sep 11 15:00:52 2022 GMT <unknown@LAPTOP-P0PV0581>
# name: Theta3
# type: matrix
# rows: 25
# columns: 26
 0.035692905256072993 -0.04968869570316875 -0.027184736406763575 0.055464260793902445 0.13594410804462287 -0.12412888611018311 -0.0027460900064662855 0.15252460112181951 0.12538197486455277 -0.091108249989035037 0.037612715662473074 -0.063383364555441496 0.042297751451269933 -0.085527200685882557 -0.020861744365428116 0.10974975058975828 0.15402879134640268 -0.047480273156122396 0.0029802789314201245 0.06795440393244162 0.095377293630448612 0.048813359433577702 -0.1055435873494093 -0.033232203461150182 0.048398842536324399 -0.12947306172688511
 0.06123916574197396 0.016755428758649774 0.0078569172165742149 0.13550711865043033 0.16152799119960501 -0.080416407464338993 0.11558878318995681 0.018353819655767975 0.048523896611382671 -0.05482260627637945 -0.018029474121681616 -0.032423998858798257 0.063207389908198089 -0.032759938003766031 0.048280835756435485 -0.074742892449386367 -0.12892930621139412 -0.12346138122203425 -0.13463289531611625 0.0020582269388713837 0.0077780360372538696 -0.053965458353308383 -0.099467776954043075 -0.055298829381438042 -0.082852816674944249 -0.058797953073568207
 0.054450347000051844 -0.078105912250081413 0.039650847778262693 0.01649666249323848 -0.0016695363014202491 0.25047679216840529 -0.10290945238047522 -0.041177178330747438 -0.023313534685285589 -0.018544142876421536 0.06498173199123676 -0.068437065486704279 -0.10583713130837127 0.013913622674989839 -0.10738400128675508 -0.092017630938658598 0.14564800536201319 0.063847562925103352 0.17645996409342751 0.079225711851032915 0.080690700518512709 0.15779977878240367 -0.089918439630221197 -0.016024581631600737 0.098493541811686944 -0.0081228134421094892
 -0.1193198879707786 -0.05825143549680737 0.038608112542851049 0.13233366239306371 0.11826272854293719 0.17486634424502237 -0.14598783530760481 0.037285889934322081 -0.040812374974328255 -0.077560004231308627 -0.023892096803153965 0.052071844747682908 -0.0053495519794632285 0.031478351245822919 0.044229363846264566 0.12310704957160798 -0.059239253140015519 0.049868483755265175 -0.024745042577890137 -0.1327193070084714 -0.11502477711941314 0.056725849319093177 -0.018858730450762626 -0.043742266596803893 -0.096931373197423107 -0.067639376131903503
 -0.049339536169267624 -0.043229994750698005 -0.035441561252239365 0.0099242630635414403 -0.080073728340982281 0.12059084886943391 0.14357855622234003 0.069042655421623245 -0.089879925282961098 -0.067508389830471097 0.073107740687453224 0.010565347399769449 -0.09204867225100466 -0.017648459073757474 0.12480114699966459 0.067148014480770415 0.039595566409179071 0.010574046864840465 0.01210049321831881 -0.00078728678686964637 0.047713042903738193 -0.11573772690361829 -0.024917371807893069 0.031209432836621327 -0.020526934347155135 -0.12784813086623628
 -0.0012144496595246309 -0.066855224676698868 0.079362932044840462 0.14135764980852514 0.070052177227151832 0.0013927557308846753 0.064427367240064773 0.030981842739633069 -0.060253416828941496 -0.06644239431104601 0.064536633501745183 -0.13761258115005978 -0.136414468785893 0.1294466569046899 0.099656314135336085 0.0078290144152629877 0.078933959168575527 0.14008675529288694 -0.088847865662821018 0.093371447908438404 -0.087191063389474549 -0.042993263117562117 0.042515835609789041 -0.018800144457429505 -0.035097953307443412 0.013748865347900442
 0.11931486748166195 -0.084708337034489128 -0.03663455239280735 0.0013671234548965092 -0.088256281497023387 0.058106889953055491 0.053622339297883667 -0.11028353988284659 0.063888746634707713 -0.032422695557640338 -0.031734070149831414 -0.00060754380067272614 0.087061616349721538 0.080659091142687808 -0.119423358895342 -0.14564977884055749 -0.037461244915547136 -0.13034090525140915 0.11096974377092216 0.16453655105817408 0.0016449108021547889 0.084871804957315305 0.028467438528610035 -0.099380465784979097 0.085780325180944708 0.065276310811172272
 0.084769164527964791 -0.031632865080722335 0.028332029825778315 -0.031992366078075554 -0.096429690509425348 0.015833259400406245 0.16216871024800628 -0.11445772395430544 0.21081622247162285 -0.058970662532985163 0.16642967533582301 0.13680134691319315 0.083937359478365961 0.19482903323280421 -0.029129122175940079 0.14423321707205861 0.051277903943492721 -0.1423110306905245 0.062829094502967336 -0.012371269942695788 0.019562076569759217 0.0017625331547468101 0.072904497516719402 -0.089868063109210611 0.12333088954565818 -0.046303939903981295
 -0.041317018781001906 -0.032207932275499888 0.14815746040271727 -0.040002565444898823 0.27165431598096224 0.16604927785605159 0.032086279750119552 -0.082976384843209364 -0.0096435864751167957 0.038432772844730748 -0.15908594283524197 0.037242688049792916 -0.067271438184582671 0.053915152755553697 -0.081327410348678172 0.080788991856176121 -0.063767167588849899 -0.024028636098035388 0.22304292682621918 0.091437761949236029 -0.093634690948462232 -0.13807804894379461 -0.10517733943141824 0.0038782987001761415 -0.030775680157926547 0.11779706588084891
 -0.11819605758521641 -0.12843018730492056 0.1087886125731744 0.16907071620313113 0.010533227502650943 0.087805624039190164 -0.033221247155540978 0.02589856262123344 -0.0074822177687165984 -0.0053087781636062545 -0.12227491154942158 -0.15505134385977065 -0.057269742222769218 0.06556840986684738 0.034479750004819572 -0.10535138863405981 -0.074559139700687727 -0.20337331076528423 -0.091799114186201944 -0.095697565238979584 -0.038283443265443431 0.017872632694654545 -0.044385384883639217 0.032311082666030097 0.015616474360637081 0.13665483766929651
 0.019361323291611464 -0.08268765026416447 -0.019749084955933922 -0.053375387924402697 0.089188824098890243 -0.085067769160828338 -0.011877374602694054 -0.061306157995042368 0.081074483674449777 0.022909153473279781 0.083510666276791864 0.029344568371777228 -0.04368474628254413 0.11631880988130677 -0.047735588873516102 0.06721688591723915 0.16771499338753382 0.14671170956916313 0.034482293300481928 -0.14213447156773251 0.090620278038595806 -0.18490565708529155 0.11117718499629196 -0.11517973351985079 0.0066505351349076822 0.10839012567980789
 -0.10448815029380189 0.14537020457819597 -0.1350382195011291 0.077028538208762917 0.031398002665451827 0.037691780285482278 -0.095933636135411643 0.087861333627591479 -0.093075142579074732 -0.042857452757099554 0.047628380591601335 -0.13922286829332989 -0.079522713872340597 -0.12262986210227866 -0.031962030437546383 -0.072286601644380319 -0.0096654638119015764 0.084160420522535376 -0.081314857664982657 0.19503248588876837 -0.07480783433459709 -0.047122814605692398 0.00067802633376789427 0.045928456980841768 -0.12408184190324466 0.099624285999365514
 -0.1035010309599993 0.0047380592127057169 -0.11755319980745346 0.20729272772465551 -0.041682343480155266 -0.048627095378060932 -0.027676272696903977 0.039391217137528037 0.11848197383664021 -0.083905581501799748 -0.059312286938406136 -0.070484598211256466 -0.12748408120371985 -0.15933527831698649 -0.058097535790624606 0.042257682691730164 -0.040776499355520024 0.016075535627071775 -0.015999623808022119 0.031887173127841999 -0.082808280421227315 0.0073745002073520366 -0.10047650679434873 0.10396950436133365 -0.10753084211001099 0.20893107251714119
 -0.072816833028472541 -0.036552248401774165 0.00061773740751729978 -0.070380540204059538 -0.012162175184847381 0.05149745822100564 -0.19363859952249335 0.090878003258876933 0.056701424576967425 -0.097441061817657132 -0.075542970055737263 0.066247148918987003 0.023071366030698367 -0.05420819315436777 -0.04691354099722217 0.040923625808342606 0.0035485203879529943 0.16821193422806627 -0.027762782225425331 -0.15031640245099542 0.10474023788431309 0.19955255224942464 0.035841798180881665 -0.045155970532812 -0.10884212285271387 0.14918252433077858
