# Created by Octave 6.2.0, Sun Sep 11 17:22:29 2022 GMT <unknown@LAPTOP-P0PV0581>
# name: Theta4
# type: matrix
# rows: 55
# columns: 56
 0.07813857881696884 0.0097570405358705474 -0.045120267085978084 0.040142235137315636 -0.0047172901830606828 0.016691478496524144 0.069928219273108494 0.014071642847254491 -0.095458175019200023 -0.093917005252289035 -0.062189855039038525 -0.0094684869424469416 -0.04403932927834505 -0.013585606124358619 0.10330758454386695 0.082599074465876929 0.14180882162518771 0.015005899674780625 -0.046464175491050565 -0.11924151979986908 0.0047262668180466155 0.09200369142825536 -0.041584151737327081 0.0091054516874721127 -0.070241873464601534 0.07077893124817107 -0.066224167604126444 0.0064299347362499109 0.058101005228981088 -0.038150357138808842 -0.098749859408836113 -0.083168092425742884 0.028753841788913017 -0.00074675044537135657 -0.070114979794150309 0.05262957717167932 -0.077360259743353255 0.055241235130871674 -0.0010451377787899251 0.0047729113673823688 -0.094196681717685873 0.07177205527887702 0.12096520321710859 -0.019481263804450113 0.086659672497812035 -0.054535938690806245 0.0072846116055980325 0.087102448662794069 0.022634469997038192 0.092933197692876363 -0.076135782018250206 -0.032103551787452091 -0.00042512044022025881 -0.048289005585223671 0.11733445222193621 -0.11574631539839916
 0.06605020879677212 0.033639709571599667 0.0096357396718648441 0.019270001173896413 -0.11058572113884332 0.039539096459389418 -0.083729294919362526 0.021275781469043648 0.06907318895050979 -0.049151371642307103 -0.033278634191492129 0.08505161797165911 -0.090590847196136609 -0.079572094044422198 0.013501942125202759 0.017244947799597961 -0.16705418834097677 -0.0071575646914418282 -0.062533280332347424 0.060142873648488228 0.11203335422971604 -0.101856220692779 0.076237174523976173 -0.034350993209159082 0.12313127352680568 0.057295230094750418 -0.064316845357817023 0.00048854781266514816 0.056349307393801354 -0.061065386217711043 -0.05354162362876802 0.092236463542111735 0.11634486932833341 -0.022137941703930027 0.057910790242545827 0.092295951222258921 -0.051165679188147288 -0.075912441318699161 0.066895211431180587 -0.11828455889719169 -0.0863182365702862 -0.12632295965181786 0.04636348797526995 0.043264247177202023 0.003769615647404976 -0.10298053888349537 0.0086697322111594453 -0.058617680546317642 -0.024661393545653887 0.070988917156967646 0.0051527216980946844 0.023311743632880997 0.014589859144541185 0.046340226536127446 -0.072342450054957749 0.028726952940664213
 0.083935611542877001 -0.00098025390087996107 -0.097268367045120888 0.07640616215559605 -0.051734912162011475 -0.029648245584437523 -0.041657588515162998 0.093345490705203732 -0.059394389710031352 0.13585383593990072 0.10874669377991816 -0.099263045671376338 -0.064785523618162186 -0.11440655069813606 -0.095625220779384776 -0.0046311931290112752 -0.006500722708842702 -0.090211695740968892 0.073176811997074376 0.039427565707012717 0.02295458411291041 0.14610469462396111 -0.018473507691466738 -0.016940625278345091 0.03477606965356627 -0.084822239314134393 0.071691972973639245 -0.090931049929307922 -0.034546905588729325 -0.029743294428020137 -0.030418409225177377 0.13230192713541714 0.040397541772287625 -0.027186458992012816 -0.062832285586471553 0.062484841813572688 -0.079601553536128397 0.12621226272232797 -0.027317165302476274 0.099251590029515821 -0.093059385019141266 0.0080693205378670318 0.053386083672192705 0.105326748327756 0.080397970918669015 -0.0083013970150957826 -0.046273567592594912 -0.05361200015968489 -0.079862516150984608 -0.050311406425293304 -0.0259263615736431 0.013322970722915455 -0.097918423788217704 0.018729645786904975 0.069592824514682877 0.087423028611300149
 0.041918291275447279 -0.11779222670854228 0.0052282309020559477 0.0065211534204302792 0.069838808810409853 0.071381340764067241 -0.075045412599634348 -0.074950234878775071 0.078661879714837415 -0.052993734534722101 0.051730866327662953 0.04377351734800685 0.094983281698295563 0.070239847901159169 -0.1010302182655929 0.072078721183006011 -0.14555796860808876 -0.15462412136542072 0.072732767836117346 -0.069563889902027595 -0.041357361742012475 -0.058901640400015526 -0.08810700637082329 -0.055809080959795004 -0.012705444956725981 -0.071369574587087245 0.11530332817861534 -0.0037021098002752825 -0.016444771769044055 0.065496490834294818 0.14315649374730038 0.11109585826019662 -0.047516360684306362 0.063095484852912012 0.045262480426616652 -0.14195731186147464 -0.013927807327757218 0.10092087614779556 0.022464589451129603 0.11059123962189141 -0.06606730300993939 0.061254095699671933 -0.088453300782847494 -0.098460451710914193 -0.087586210200853762 -0.091864504379120152 -0.02848151418297994 -0.019663783204932405 -0.054231918006196936 0.078706352423896397 0.080370403951031857 -0.089737252754842553 -0.056911717502705843 0.048162988396088555 -0.10582140493430144 0.057374680244132704
 0.062166594488269264 -0.10231844878160162 0.080252856531262615 0.114771695251091 0.1324629954182239 -0.049562027837140671 -0.091174912928768809 -0.12378775149674562 0.020249897641361217 -0.053376892059643889 -0.080173669691613034 -0.097952221322798932 -0.032885443741896163 0.025941608746206973 -0.0049391599417324327 0.028659874334405713 0.0087788518101177687 0.013610774896926475 -0.052551059162918003 0.10032357542235976 0.098241966655046559 0.024158531696993075 -0.04544223557707263 -0.080710674930521031 -0.07587815669697863 -0.12264193901911204 0.0026935081961166419 0.033866105737955891 0.07615706363078259 0.066010145834319384 -0.060201390248594125 -0.0074398615592048923 0.096772879433944928 -0.028967478105601484 0.087820664765632897 0.1555190746600254 -0.074832433117294705 -0.028982326583739663 0.10227568650872999 -0.07599110770306608 0.12520173896297462 0.0020489738375769999 0.081627528222394913 -0.11224459600408238 -0.063121179497106231 0.080066750045796789 0.080845722637854278 -0.0086798718137764755 0.1125690969418645 -0.020131836063267114 -0.057505794131084628 -0.04594006132934781 0.046753893946422521 0.0030317628237462235 0.10249143853873766 -0.12008792803798778
 -0.079134129994841235 -0.0024340315199112912 -0.042847252485181987 0.074762249840333972 0.10363366575951491 0.056990251595814036 0.044558260470138125 0.10592299908431449 0.001795535638735492 -0.0014292661374888081 0.042021710973659025 0.030328577338944104 0.09890042073541444 0.072700502532565464 0.059637307702134747 0.13415170959843212 0.016576055719108886 -0.074164953755852886 -0.044393765121777298 0.067518702035588296 -0.12586794846255545 0.0047128424901216525 0.012132330647922955 0.072472338353582785 0.046421599796408981 -0.090750807211387063 0.075315886285992423 0.075427887352683257 0.0090415765785500871 0.056151400393560917 0.0725734292160541 0.011747962704512808 -0.13039354235171391 0.066072423036759614 0.070524043296501845 -0.14122754538346002 0.016220918880751153 0.11768560643756741 -0.019444391661403798 0.056216137828567429 -0.034014533054739067 -0.093371731065843608 0.078606897579156079 0.0889690572653168 0.017754808219816749 -0.094276303265257072 -0.15009459095824726 -0.075551010897555435 -0.028102514147517934 -0.052665237832629538 -0.071044348101817242 -0.054116847911326198 0.068712019776166963 0.067345808992511233 -0.15189444797914475 -0.063721130482704447
