# Created by Octave 6.2.0, Sun Sep 11 17:03:02 2022 GMT <unknown@LAPTOP-P0PV0581>
# name: Theta2
# type: matrix
# rows: 35
# columns: 36
 -0.10835453796884988 -0.050610650617155917 0.15619027261210311 -0.012599629329394487 -0.10551409415016483 -0.092670172499369291 -0.092089392911292742 0.043830664444338634 0.081840931869375133 0.061425084744535077 -0.029457726308109274 -0.064992421519244531 -0.039726713394695592 -0.15050760159578147 -0.045534890563256929 0.09436125371582689 0.21681604595880255 0.066954458457868682 -0.07728425171682729 -0.070652609473542752 0.0051140130982161251 -0.067342418570215334 0.1742800828979045 0.0039004375845082726 0.097031321850818142 0.049190839061930787 -0.078241326946564729 0.077757220201628258 0.036370719561846523 0.087548118595608612 0.063570669524468937 0.0092828572507571306 0.07801134248334142 -0.12387475878327783 0.019228229576243313 -0.13374091875283323
 0.11906553130808736 -0.0041236215701167585 0.051364136193161235 -0.04351441849979415 0.12244811219482711 0.087386813545224235 0.064616847004821509 -0.10931092214902705 0.081999217348864534 -0.15662438084204131 0.010899718986947944 -0.043551704129747293 0.14118641325913403 0.050004985152365788 -0.016129897302484451 -0.0025898377845721861 0.1158999791433323 -0.086364175712989932 -0.17481948940737366 0.064164461273929982 0.13082253062871996 0.080220769668783734 -0.044472234172934624 -0.035152143466292488 -0.07838834547824422 -0.00066850302922511038 0.095970494888045446 0.099597128635873736 -0.030518612658028608 0.094190805829191232 -0.077644343417999542 0.1063720803475251 -0.058056718521983366 0.20417007648736921 0.093657692668499604 -0.00059172902343409422
 -0.065711140077260533 -0.012777242815167003 0.11172431830290884 -0.06868664728463493 0.070391693571285538 0.11043063184167123 -0.047023487300738263 0.0025005657927572411 0.076594509712346215 0.090048569029527958 0.10529831975767612 0.068671239608411913 0.13793854906093786 0.056836627007371625 0.064875523724608072 -0.059136878740058609 -0.052691962783002019 -0.084852325866891315 0.10699095837287007 0.14591269661279593 0.10014921914564953 -0.03673474163092022 0.060943119059047743 0.19066212357409928 -0.09086873350753745 0.013822093973115984 -0.14650875190258286 0.10928154405224996 -0.054452130695871896 0.060572746196622056 0.040701043712346577 -0.13744161331555041 -0.041581666070388289 -0.07828225315272011 -0.076999260397839109 0.025228186329240239
 0.021310636951721654 0.0025914019512358871 -0.031787604723477934 -0.11962637822487764 -0.092308610693253842 0.053695145892003429 -0.14589073385882234 0.082397239612975737 0.15761752564305931 0.013982414530337058 -0.15299319334105874 0.015508733721499596 0.034651467920413882 0.0280319915745397 -0.036878180232641666 0.026897047440191332 -0.10722710890225109 0.018113232466820155 0.030439049357020059 0.093636935900723028 0.07206447054205728 0.10439636218464356 -0.0077206552219955963 -0.025562305904533077 0.070035182870791968 -0.10427095476579733 0.03457024537256792 0.061525806277752552 0.11555547298660587 -0.11551863388597819 0.025168976431431917 -0.060610295836713207 0.10997374344993721 0.17233449548761073 -0.022065563739820479 -0.055783689752583125
 -0.049794414711693366 0.031103308639542859 0.0035946931061642683 0.073154883237940949 0.097078217692143406 0.056439931124764642 -0.077350884116744248 0.12275545390036748 -0.013062027092266483 0.038151144101901721 -0.13203314390380233 -0.1150756602140722 0.06949021455774082 -0.10527165143649102 0.12502444756948214 -0.0083331528434920331 -0.079438228198402711 -0.051772052457366595 0.15002209775207095 0.10516808815404635 0.10464867379679853 -0.018145157379217531 -0.12870290227057932 -0.064585986923708358 0.0087640282026921878 -0.13272648102346102 0.08814668205236055 0.077750349939032182 0.10838200599302537 -0.037029578729304936 0.070451673964649492 -0.065110759372902283 0.11839936088224109 0.076399842976797999 -0.050450891082166584 0.075139162290244879
 -0.095312594817432233 0.066747143089004438 -0.043485489720667722 -0.056708557184272632 -0.043249411830910148 0.02504698109082374 0.088886161416050713 -0.073410622980478388 -0.11552010322346719 0.049344654916215133 0.041978941048277846 -0.10507239312562132 0.075341346632006798 -0.06792843022136684 -0.010184954631904154 -0.059935583952928931 0.088698259714133323 -0.091806312977338184 0.075814348926639269 -0.095191217734957756 0.09862687703316951 0.0044322952030131594 -0.082139181173228423 0.084519267338090245 -0.13535406501333186 0.0086422106255694894 -0.10746574891183623 0.054317373870676838 0.15443105716414654 -0.1370347967189216 -0.052815931139083089 -0.022534950517290563 0.1461788669018759 0.035080760765211771 0.021636113722341491 -0.11081253944945162
 0.0094538260438339697 -0.0025021187219522187 -0.10147328522405989 0.080199080786607854 -0.12539850143458015 -0.054116917402760568 -0.02208127267381917 -0.10583555335588388 -0.035355350012173256 0.024728823627143921 0.078984257465393448 -0.099734757418966313 0.041218103487432517 0.10184169703888127 0.062508001054511861 0.099907019872904443 -0.077128025802905759 -0.038548354029382809 -0.083693046014255895 0.094160530135308465 0.057342642847753297 -0.11343572467575032 -0.081472354199804198 -0.12451184393070121 0.079457039860190773 0.0038212983520918824 -0.022970214028018944 0.09831280480903036 0.027020710992245199 0.15804615277464981 -0.05730261174960171 0.077323943611978876 0.074867057405663434 -0.065577771510316754 0.039929333213751625 0.016804426971307341
 -0.020778012679068272 0.053100089329714807 0.023784795500508105 0.018460710878756999 -0.021382321547875477 -0.14786406151233722 -0.12699652667894615 -0.04971674964455735 0.069198494245421335 -0.13396131248413118 -0.11809698370948331 0.054315523986463742 0.054104256711230876 0.047290797221615853 0.098086171424294419 -0.098476304641610501 -0.082401224466385495 -0.11766968856940002 -0.047753215248639486 -0.019976718343765826 0.03308766734127741 -0.0095585542013999561 -0.10027759202393668 -0.04803563768296177 0.024840744214989503 -0.085664997457880476 -0.0080884139080525733 0.07808533733495536 0.026708902071635447 0.10471472738995954 0.02047942295781174 -0.05822883828327037 0.0071509803642491798 0.10053346229973222 0.066298232365224224 0.033530121214211381
 0.08216153467711762 -0.0043726675062344547 0.045712745801912757 -0.026488354602002263 0.081666688762519882 0.024956634146804473 0.16619080489618468 0.081821818114051328 -0.047390729006504477 0.057840678361514755 -0.0081434734286617762 -0.063906328746468455 0.035282419133138246 -0.13513169837233138 0.0088200298139980444 -0.10472593143509959 -0.077389870834605287 -0.044090427183941211 -0.056000537332641487 0.034052043808785626 -0.012314525963083798 -0.030555291850028886 -0.01052397367987047 0.12423125113057579 -0.078144459331140226 -0.088973279512275585 -0.06290625182490267 0.12990262222648224 -0.048453751380775421 -0.010833252480169885 0.055674040362411227 -0.13324405572896331 -0.048380932260535067 -0.11027494848428381 -0.0209736943137739 -0.0085600413421566025
 0.042801833776932814 0.0079786298550888861 0.088268057046943682 0.051531958977867554 -0.021491383972207071 0.016067553119855648 0.029576881457063657 -0.11108508850101466 -0.13691030887315267 -0.050094104855176513 -0.014865670283356149 0.070814618916069577 0.085709783673867487 -0.11903377017887902 0.049129560361066471 0.094866773537082366 -0.10729909874183313 0.11867964078953781 -0.073291860670721451 0.087636634922630977 0.11052685104310715 -0.12747673493111952 -0.055485096205550269 -0.016724379503742497 -0.093439595249598384 -0.015272130039913569 0.09030751284158281 -0.041714121260383749 -0.11232482021232272 -0.00034013440648260134 -0.12728621075572438 -0.06043745291183112 0.015812052946949529 -0.035816143498486795 -0.0051745504748372416 -0.11822198571735296
