# Created by Octave 6.2.0, Sun Sep 11 16:36:23 2022 GMT <unknown@LAPTOP-P0PV0581>
# name: Theta2
# type: matrix
# rows: 35
# columns: 36
 -0.041378416907207449 -0.020929771522726629 0.12663686234826119 -0.051297527288051481 0.077023177891494446 -0.012003440960035788 -0.04255249367641975 -0.015623421739901394 -0.0090062654480139327 -0.0667933879587774 -0.024105614113519108 -0.0023989709703370744 0.12575614382497621 -0.070629880708916001 -0.054849555254549182 0.17871250885511816 0.069969999359184798 -0.039713642247222888 0.045069379859599037 -0.1269756942115022 -0.021394125437502458 0.14601679516972763 0.045743890264882479 -0.043653147308409315 -0.066193157027732513 0.0741407654608148 -0.0076385193988247561 0.01879152059493246 -0.14519071136919162 -0.2073778612716069 0.00037296884675319984 0.020949645411145617 -0.0876151163553643 0.061061019658966417 0.18128870805293931 0.037669049581886535
 0.058247587260168696 0.034934321004972735 -0.11081637434264789 -0.054085541478112134 0.057141704833690618 0.035311455781428365 -0.016281459273242437 -0.0091716451684516857 -0.051555633915075533 0.077646615440909297 -0.12158403522200555 -0.089605146082628123 -0.083519138732241274 -0.10806243294752885 0.15484886895460737 0.029725862034450306 -0.034208966906716792 0.092999334356184585 0.086670887563173094 -0.052457354587586658 -0.0015299054472640745 -0.099326821221870379 0.080876688028543892 0.048548214384910873 -0.086451492744229363 0.11611090393241599 -0.030689639466742465 -0.0082938689595900717 -0.072177943872136205 -0.017992660113870032 -0.021308589187140872 0.058647809185941702 -0.0070078136085794064 -0.036097707398572848 -0.040541076655216536 0.10582550863021636
 -0.075731403283980342 0.050023986590647516 0.10464371200705913 0.0034764333568274223 -0.037980556194737489 -0.012067632878256601 0.10321098986656854 -0.11744709604981531 0.12644614826722506 0.076041269719247545 0.19353161737700489 -0.042049226959075349 0.0070878715661538598 -0.073839262947114834 0.053264346917479416 -0.041958844733576028 0.04905635153259761 -0.040290120888171195 -0.07575229204866589 -0.087590218102485268 -0.10678524665449884 0.069553757235146202 0.037385776766563995 0.042891168626213609 0.12856070366285177 0.023087701911244266 -0.075514638282910634 0.045113286545971062 -0.031031188087125478 -0.12542113924044451 -0.080603325416658794 0.080366351815265358 0.080759673923008937 0.039545848217441094 -0.037207390756745611 0.020227330027221425
 -0.11030998799337836 -0.11119223204943861 0.068115738029872461 -0.0833647071282832 -0.080034800490971503 0.057249478927665243 0.11487178138468805 -0.092458391407463231 0.0047850528895524193 -0.066117948654776174 -0.067998735323202025 -0.051077559836642715 -0.018278794148015937 -0.014707866974742734 -0.096709655012550563 0.18095594018325831 0.12310189483333547 -0.037720162130374491 0.11318047850943122 -0.013737478284250875 0.12008230845177252 -0.037237337328342578 -0.021317255433752152 0.18399524821834548 -0.019518423831430248 -0.058736727265037425 0.041044776396985047 0.098753666566844006 0.072355197110241812 0.10685539248840355 -0.007510546377105117 0.0004511048149565105 -0.023344557835688867 -0.033554330531226112 0.14815509744268926 0.095312720870344023
 0.049555491922206769 -0.083195326649927334 0.034479250353086251 -0.12326519960479931 -0.039692536017736736 -0.11148160426613898 0.053506918736821625 0.066498794516276688 0.022522243284102586 0.02615019627311151 0.051643390672230421 0.16524281497074803 0.046119820807999819 0.081663081003107457 0.087739542876617449 0.1059978837861902 -0.026436004370141073 0.055953453677666104 0.10825189463206582 0.097865604252820051 -0.0029168660646829688 -0.12337525354134832 0.020945374528683475 0.10899484146931047 0.15082711924995051 -0.035670262997763942 0.089467250843475093 -0.028240591348397424 0.06737070625764062 -0.089487458314627913 0.09771683895729355 0.022612818204129755 0.025845284091927379 -0.15399227511229899 -0.088373774791476706 0.030438594628216829
 0.089550592174962099 0.031173662960352785 -0.1318677963041287 0.13958631978927752 -0.012916560387162533 -0.03472735115360108 0.030804283833883905 0.046125190389291006 -0.016563324437906361 -0.031648745470647728 -0.059454262027020609 0.080911108944482404 0.024849588175986103 0.086462399120352279 0.032143772134324441 0.1549923395145606 0.079074316982184242 0.17789488807669609 -0.0625365092299041 -0.11307445504832669 -0.12478966873614097 0.14780409216455587 0.031495783568450272 0.048212037353815157 -0.0079589872962630703 0.13105010908211262 0.08054111046166397 -0.061337471457227399 0.099669751870168952 0.025276255426044728 -0.053113858490686117 -0.015277194062616324 -0.098235118901045748 -0.17791366984373747 -0.030638108618462976 -0.045023636793214798
 0.099606751867779272 -0.10120749575906252 0.044082314868709588 -0.048859989164701419 0.033595459001293161 0.1405750392933775 0.0046444469392128785 -0.043146078576759103 -0.10736705673968082 0.002649261508175627 -0.13581989862920377 -0.021194051854843007 0.06722142178968836 -0.072712880237449373 -0.022384502429927181 0.013486822616360545 -0.09578550303423454 -0.10088350917316362 0.087445677175593026 -0.06538107725962003 -0.034000387702106748 -0.02929711832666072 0.10526778111537348 -0.072498746463392244 -0.055646337144943832 -0.0047306478834644484 -0.10132655228077166 -0.0032508349794735489 -0.12835714541839643 -0.091323519670222453 0.1014557746269147 0.12390244391872512 0.034886484778532394 0.015880754106413229 0.044543194121656145 0.066770921370889136
 -0.07742374000492222 -0.037718300400085558 -0.10154579989941676 -0.078548102795563915 0.060789861144849112 -0.022341463856961712 -0.054004058583276365 -0.0018011343877870284 -0.0067638289075658995 -0.16313958787380994 0.18444823071978192 0.033346948114973976 0.021872061853189909 0.071840739126091263 0.065500848323050725 -0.15493419635131417 -0.089784538371583303 0.038192050213764539 0.075451408650984444 0.097768634872410484 -0.022509107961425811 0.072272500195365755 -0.0011671016232137027 -0.05475213299334953 -0.0047414749013984375 -0.080375839810593125 -0.056914049914018675 -0.064919174758092252 0.013583400292618879 -0.10837964648326441 0.034766685077537982 -0.0032642916927004277 -0.0099840751713157639 -0.078939967989159879 -0.028211697707590303 -0.13023848768262641
 -0.051951089944987247 0.1442505991756276 0.067019964926446879 -0.017822296231557577 -0.025137057402719407 0.092205138047324997 -0.0676460416595457 -0.087305746537527096 0.083735761927972482 -0.096421270360246822 0.12862504115690962 -0.017233494355298185 -0.11500223354972493 -0.061921792099408984 -0.098006271901974307 0.044367112413684594 -0.012483530530248482 0.008556446280732613 0.011314819778662593 0.052573110779386326 -0.051980538647088806 0.14958890549078879 0.052639889896263954 -0.13086988677873901 -0.036354914817652038 -0.11805587694360842 -0.031502825645422144 0.086025305519514539 0.037945730721069673 0.087170127009032497 -0.003376236509663416 0.14984421905857484 0.042545431362171988 0.16149534937720067 -0.036565857975576897 0.028961664956081434
 -0.064437173855833946 0.018238054243085004 0.036946840882581954 -0.11156930590560954 0.071509545433147956 -0.0036943224768808962 0.011908713374901016 -0.07041527443660342 0.099313527080719763 0.14823874966755746 -0.021850106928220193 -0.085800089619562148 -0.11350070220555961 0.041186707178785024 -0.03649451262562247 0.071442161238433069 0.088395716741926006 -0.098379908217093109 0.0075890870350669333 -0.084926315353074336 -0.14093534961482271 -0.028143714611744808 -0.093233839001331253 0.01804123946402995 0.063828866796316469 -0.062536186198305269 -0.062430712222124873 -0.016799801269931615 0.068374211769689053 -0.044126149809670279 -0.096300030648339155 0.10957086476541067 -0.11058362529663768 0.018730012926269995 0.022405737962492671 0.10424582508023467
