# Created by Octave 6.2.0, Sun Sep 11 17:32:41 2022 GMT <unknown@LAPTOP-P0PV0581>
# name: Theta2
# type: matrix
# rows: 45
# columns: 46
 0.036606047034889379 0.12750246015190803 0.080524923701469811 0.14152521507688864 -0.111524580207923 0.1069576351123438 -0.023914709805499125 -0.0071278471568410155 0.020778501933222955 -0.025899415367537901 -0.066162954162187829 -0.08315870906806512 -0.050938015443105944 -0.10026615541333031 0.048485290721618002 -0.11102133843225001 -0.018964695856386528 -0.07118961120703414 0.096114294401605044 0.08799493496132732 -0.030366599175867065 -0.057808187661556293 0.025618844428816515 0.1410684231437189 0.016742412016382484 -0.14007925608766078 0.073355986865235701 0.046025362083444869 0.074526959026443129 -0.10166078425854676 -0.037737075968066795 -0.050178280290747668 -0.097865846978471407 0.067224370490542584 0.057340039046244538 -0.076915978243862898 -0.012694096657434423 0.024949637777547662 0.060035970842595474 -0.1195699523739953 -0.043733494112319027 -0.049061491008003701 -0.10415744774718942 0.076457139220911963 -0.10881636895070318 -0.0081821981678849749
 -0.012636717733994522 0.020556649610201816 0.14040678084486913 -0.073607950427495392 -0.092592985429056821 -0.058578925848871775 -0.077918848664350809 0.0011617516155976511 -0.014680623384274184 -0.043558750232390836 -0.095767627206954878 0.044864656554950089 0.039252372173405756 0.09342574756069974 -0.070237543208273023 -0.031779257740627606 -0.028852461712205079 -0.033072255312442858 -0.04981593069672479 0.034817618087519792 -0.10498764784574771 0.026465733647430486 0.081572831802432758 0.093104199537526855 0.055126571130578055 -0.028355175962013746 -0.00537707269444547 -0.047123486329671907 -0.0031875736519099891 -0.046191500192001092 -0.10394486000578125 -0.012061270241576423 -0.03317989952554741 0.082340952236276591 0.048270521367808086 -0.13257618529283427 -0.074755906195710015 0.036001176177845366 -0.11166392965790126 -0.11150666147236937 0.070002191212390888 0.13284251304371894 0.047492743132640548 0.089741583314001019 -0.064742964020648885 -0.0043767591946801271
 0.11879168926381138 -0.051670554722357119 0.12804711771201058 -0.030275688413697439 -0.062553779261695835 0.11193966741756775 -0.0025456945870790128 -0.079987903798966004 0.036722625345973071 -0.11401894658216673 0.03750965543924345 0.035010260424807177 0.049616459156843873 -0.035712060284355994 -0.081969605609311463 0.101549107238411 0.12270617247097138 0.03483771919788585 0.021248485833866484 -0.015458194970556713 -0.11197677175216442 -0.083435883575229478 0.11655132845270444 -0.064652425501865618 0.13231877446636597 -0.033878202424142523 0.10695430190871412 0.092877972477500265 -0.065104928546830407 -0.017252758998270543 -0.10405273434464095 0.070857567635168761 -0.12364829575039098 0.0088333955065474281 -0.049522267818802292 -0.021168246054269771 0.080344330181482015 0.093029851521890597 -0.037020095174305406 0.048465903619413692 0.11524002466868355 0.050785806637205874 0.01230483650529233 -0.029430097949953129 -0.0027659598113289369 0.17821634467426833
 0.0074965231977531261 -0.082326920473529533 0.0088082619948951675 0.036863952701237428 -0.050121762104367952 -0.097378739464018524 -0.045502462501444872 0.070374640579909276 0.056386841734557873 0.00017636785881876353 -0.055733039394405055 -0.12485509328847412 -0.11377845385953406 0.040823935332103878 0.035352863985007664 0.11251313446293087 0.063897046879253919 0.05221733561326504 -0.061597639808372191 -0.10726527848453705 0.031482891849013088 -0.032701179543244474 0.010050190404873923 -0.035117594013785516 -0.030996889427347601 0.072712638637516439 0.0025042320148162705 0.086773845274604328 0.055085720869372905 0.097952430573687965 -0.032919822450425268 0.094942625183710036 -0.030977587881877933 0.10478364126957834 0.033400770728857353 -0.058928252432772332 -0.0069680669146714594 0.077783632725280619 0.04031538388768667 -0.049051964778194297 0.07064333559551271 -0.074724742605584177 -0.04161235686246207 0.031386997720746559 0.035238842026644082 -0.049048581168799406
 0.061011884918046794 -0.039130423947824435 -0.04096202507343423 -0.010657969627481273 0.03190081477042124 0.021760482767061926 0.011829763926246345 0.16594376963235116 -0.057413259098897718 0.081782847797233924 0.15866217802738594 -0.055707769018062604 0.11261232752351351 -0.079163654075384726 -0.048553510273362077 0.093593168611685887 0.16242442226397305 0.039645770676489736 -0.073941088508653913 0.13086540997494234 0.077984465551381332 -0.0024650688547797855 -0.048527488771995031 -0.083225451015654123 0.025357507013778324 0.038885813219384426 0.16906962051220081 0.061987460749876461 -0.0065126140695746437 -0.046750386531797625 0.037761991847561668 0.12024427212903797 -0.10635959585654504 -0.12283983715313689 -0.094068180800867152 -0.062369173506775934 -0.074022160294928141 -0.11367006578032099 0.011258910592900228 -0.0676381129477482 0.071559721458069922 -0.045608676602968655 0.061434403065723169 0.071085627174895888 0.13375242082965616 -0.082451214949370757
 0.088772054860488989 0.002736643953829799 0.078121389302426639 0.10169516223376636 -0.18408878085597 0.074676243380498011 -0.047067729104302014 0.03811575922108891 0.067323442094847058 0.043772203656894888 0.18453286449659001 0.019346791174718565 -0.13689670608032289 -0.018336693879508981 0.083862341164673046 -0.079746005452737717 0.046864306905436734 0.08710266769593808 -0.14657723204283626 -0.10876765304114819 -0.072233416147560223 0.050752997820624826 0.0035142185571959022 0.058422469292039404 0.11210664816947534 0.014155889163141202 0.0062742318150575856 -0.041016637658388644 -0.12340781406945361 0.078381211888486541 0.049803259303320351 0.034891477613978837 0.074553423053822038 0.091525630820272388 0.001480010424998808 0.029367989629978032 -0.17295887113920946 0.050483500788587855 0.040857616590764138 -0.061777700012760235 -0.073869239211412419 -0.052271193476000094 -0.01982765601537121 0.030098611575725354 -0.14749855179070634 0.025841079676344258
 -0.08437460692993172 -0.13344459176114193 0.018904047422878545 -0.017779851621268928 0.10844790500022143 -0.0076786189177590319 -0.0046751421875103538 -0.12972632214024729 0.090422062033185785 -0.0020110034833875573 -0.12204610550399247 0.098960026810557017 0.023982947111978341 -0.096951996765766879 0.084639215569394965 -0.061448991321748546 -0.032621979496160414 0.11128682947231805 -0.092910864775834184 0.036882389679900839 0.092174188821504466 -0.093581539454368978 -0.047186311247090336 0.019994629516858878 0.085206498266523809 0.090504981117974226 0.052261442907671714 0.028507035778810429 -0.046206860039307594 -0.10961661158774511 0.06758363565958235 0.00071904659383358928 -0.12622067359539305 -0.095259791809529967 -0.044223702661458753 -0.11277945490270569 -0.086270909712645422 0.075676963189674887 0.014341637036019097 0.10380565641373077 0.11080458946713791 -0.11970070016630439 -0.10345876588468834 0.042926654774159988 -0.023855189982863383 0.1089366057341605
 0.085552417716606904 0.087958015702354883 -0.048576034258099234 0.012669523571622623 -0.11413719694889383 -0.067562012601427079 -0.0095149897391193106 0.0013237913818978041 0.030911153625245148 -0.12904324223360022 0.1408765629843845 0.086383620478982306 -0.035583869127344694 0.15086022331599575 0.10638839819655461 -0.0055544813836693289 -0.10852632502040281 -0.0097834617140315459 0.016582889118291196 0.16252812850752379 0.10653743357177949 -0.08509835106508104 -0.037703585142290004 -0.048621801587297717 -0.010044476496094298 0.072856722486379338 -0.015878814374764759 0.03424647444502163 0.14225873081055121 -0.025804027499344084 0.046450716425186056 -0.15596518378890553 0.063885718531782321 0.089596893062335259 0.046125906425541173 -0.11309809165945994 0.069396701243749387 0.046107941812808445 0.048586316780044603 0.11332548923981486 0.12972052456797933 0.043507903770042579 0.037106101380451478 -0.10398808533295543 0.0053316163484342415 0.1345298555831225
