# Created by Octave 6.2.0, Sun Sep 11 17:32:54 2022 GMT <unknown@LAPTOP-P0PV0581>
# name: Theta3
# type: matrix
# rows: 55
# columns: 56
 0.062414582092332159 -0.12505479010878942 0.12142920919039013 -0.1149727961006408 0.050683954895951101 -0.066137697219291552 -0.091715748771067529 -0.048435529440696123 0.10527039574451207 -0.08965536176370649 -0.04886931861163122 -0.010926880942230753 -0.026780011994456173 0.0013480545152773455 -0.044464989903315065 -0.074467277677068178 0.012256955655059012 0.067326937658912331 0.13585706813563489 -0.098601434515644237 0.09175543317193384 -0.12247214935044977 -0.03403733310993938 -0.021469462088056224 -0.093533275912053279 0.085557264718808521 -0.10560630438479437 0.14286239997358632 0.02640851878257881 -0.042332665431833824 0.05167324211179114 -0.047637655964694735 -0.026478911635024999 -0.11155581720305568 -0.06655320280492541 -0.068459050363073704 -0.030198353732911954 0.077798331611785773 -0.090634501426853711 -0.011136341807255376 -0.034238935143811676 0.040008810976542172 0.12606719872930447 0.004690588551419881 -0.078734505635571411 -0.079286705832624663 -0.0017110458166425823 -0.14891721602129571 0.04084530076709051 0.0090094660348944665 -0.076772265534840525 -0.049138064692473782 0.013819044805880394 0.0090602068220952976 0.081732304432328734 0.048634777429640695
 0.046997939748240528 -0.040915484965469831 -0.014921759495782061 0.094442873623482873 0.02756255869891544 0.054527818395746802 0.0087056051288303231 0.0092063123320876121 -0.0032232190274012781 0.013694585939215331 -0.097294255554718392 0.092629512250492096 0.018507867468010936 -0.064542984277471502 0.091279554103609384 0.041327332784487102 -0.033416391516979539 -0.084932063522971266 0.06999914659058161 -0.028016498057167102 -0.043247081446523734 -0.014802403149848549 -0.032429108580386404 0.078792077518591505 -0.038957748388278438 -0.087309499161217399 -0.085656035976140008 -0.13045007239925349 0.13102372588422834 -0.055250938475260344 0.02106476249024206 -0.067590265753409984 -0.12948505039360833 0.077373334941062966 0.064668477148740688 -0.095606560337997762 -0.031652248615435356 -0.03129613858471781 0.063498225284051038 0.0084167471516098345 0.096816256684398846 0.035297145803974715 0.10503500979826988 0.036626465444789452 -0.095930920500432865 0.13208219740492647 -0.10220621458585756 0.073482929058667962 -0.083858895097312966 0.09602095393421109 0.058050729698697442 0.026315591371141818 -0.083239150549291221 0.065007491852952654 -0.095830847583697185 0.10358601877879506
 0.054524788413571793 0.061157324672002973 0.03788920298019962 -0.067912819702641222 -0.047408862939741683 -0.055636724840414875 0.053315359970965259 -0.017209901873726726 0.050552101627343228 -0.062852103901135478 0.0058598699061644518 -0.11558029800659711 0.090138853225781426 -0.082736002482657237 0.08840617369997554 0.0042625515216904719 -0.074318617834408449 -0.046847350114541983 0.12265071990973811 0.06957915887592607 -0.08981270801239398 0.0076003905750800472 -0.033064918553624568 0.10152286516616836 0.13402558452831453 -0.0115259368098898 0.097467262737918586 0.095885968226528118 0.037825029469633918 -0.11209835712758515 -0.07966948578888966 -0.13599683237460755 0.052392220442893732 -0.11396749692837994 -0.016203676881802402 -0.069709483521661952 -0.049997526697916357 0.0440931844315718 0.0092733092514316415 -0.046846318492880686 -0.08677792498145602 0.095474632387222189 0.16389711676701743 0.12381433364189673 0.01960763270866997 0.13909730825966776 0.038785521645798876 0.11715531648535239 -0.037012733412499367 -0.093494465819414355 0.15844303560154738 -0.10657974483050796 0.030790715371396427 -0.028701847539260836 -0.072682971379556427 0.026408485525353357
 -0.027734206123820767 -0.099663214746760043 -0.11220463909830536 -0.029326992442945708 0.0030048945428035679 -0.043066893481079518 -0.05635805370583357 -0.02032557804996505 0.025227229742443007 0.013523444314842778 0.1013701096134491 0.028118263218681237 0.019333907111187747 -0.043683239839055414 -0.02037269357649862 0.028422443359445944 -0.0071326749150876449 0.096186955828581056 -0.031215533600473473 0.038842550212670413 0.1154980406133217 -0.038717885477477829 -0.12073224262965822 -0.10504058695616124 0.053415396882780727 0.097050498017932349 0.0512545380859055 0.071434640516332748 0.0039654321273433083 -0.07784680649677235 -0.10596649633121426 -0.11220901002611235 0.031427612631006734 -0.01677406217725828 0.061091563304202512 -0.08067531106511984 0.067435788235799127 -0.037758241220828243 0.064495838941762362 0.055860734779019587 -0.012437647083478845 0.0011453235796156738 0.026236964257463059 -0.11944988854387234 -0.078649492102306595 0.082385022558871396 0.051347487858388892 -0.0071983324882532286 0.054786946080341938 -0.11152626875587004 -0.085945526104522316 -0.14285984205643679 -0.091015193434934985 -0.08021691565316677 0.013770152026851114 0.059273406830269978
 0.060040613446826735 -0.011403800058442172 0.065243701684425226 0.031263750731834919 0.10498827372209112 -0.1115770207986518 0.0084008982030057758 0.11689142956407914 0.090546920779163681 -0.010708115967909045 -0.043174627009837263 -0.022918772481134872 -0.063201431111019293 0.042675060347953701 0.073256707691264161 -0.11641251219006941 -0.026741954753768227 0.10861243114140852 -0.10057851209317803 -0.074072024337337575 0.11166423685575685 -0.0050532609102969623 -0.087730725280837474 0.050683054628838008 0.002866708016909812 -0.028087265596472153 0.041533613973983606 -0.083076127814621953 0.021311353323268351 0.080910439190415989 -0.0930599414433355 0.029017267626631919 -0.034681772788259756 0.051212117555431431 -0.054431023381748267 0.047019045963291158 -0.10881079283471604 0.038328843931369302 0.017049186928453634 -0.058078671671332037 0.0051439379938717257 -0.026453679263830431 0.0042263941495116449 0.017871815147177103 -0.042729168245310881 0.045088663473817694 0.011519685448379509 -0.011490752580575523 0.138152681404966 0.024122045861098382 -0.046383726674422684 -0.054583600352894189 0.022504166003278439 -0.10806344969622105 0.11732011949402742 -0.0020862690340146504
 -0.047972453870891489 0.077825569558487531 0.0026991988286797601 -0.10592797843651511 -0.037286174644492215 -0.042842898307371237 0.015547225233513576 -0.11307478920561119 0.10986542605314577 -0.077243130562210882 0.073761711575109051 -0.067405878460464433 -0.064457256888012432 0.0043235314369431009 -0.037218670482004265 -0.045469070594721356 0.074053731288758071 -0.039271050227233845 -0.00034979635774916242 -0.023045322392446475 0.097328455869880301 -0.12720455180453205 0.03415156981076465 0.049032763808268834 0.12304818278867237 -0.00098220832976275208 -0.067818469152884739 -0.062603238003823891 0.037913013545054358 0.1321147728931534 0.027740122829672538 0.062106550746594331 -0.010359685419955068 -0.073889254285376363 0.13534130571023403 -0.0074840284728733657 0.011004715052966052 0.16215947408477768 -0.02593730726721586 0.031490584453348638 -0.11236989714966521 0.039698328056300296 -0.034928124834610885 -0.10644424901306668 -0.045091345971672747 -0.10229987522531882 -0.037775862460071238 0.12573363622052705 -0.10431295668053865 -0.069824828259460056 0.0732179970739021 -0.07000085298022736 -0.11897761679714471 -0.0089057855281552238 0.13577772577937841 -0.06656648487643603
