# Created by Octave 6.2.0, Sun Sep 11 17:28:04 2022 GMT <unknown@LAPTOP-P0PV0581>
# name: Theta4
# type: matrix
# rows: 35
# columns: 36
 0.032922424909848938 -0.07389836670560207 -0.026281416704536511 0.031690406182612554 -0.096223784102061741 0.090891345025094578 -0.10261082090134321 -0.088549737005480911 0.12221386925195327 0.0082815979858801569 0.079299559048471538 -0.017813169649867323 -0.18197057373686493 -0.04101446749197625 -0.13280361850553982 -0.11556629527829258 -0.061665985558050959 -0.030362162681633151 0.042185863307017936 -0.071163720014551138 -0.074187463586576852 0.038772267524314959 -0.016837162307902821 0.11119622591908576 -0.083447239190494737 0.086575384295942956 0.013983266731411894 -0.040311566463008444 -0.062536165378114017 0.11395539375127101 -0.085243181036566681 0.03094677630532227 -0.0047689607635507496 0.074563142945779301 0.1014900666965295 -0.080745352262086387
 0.04616256111678968 -0.031423506641512666 -0.050274484106425044 0.016621775129294587 0.13964009960766399 -0.0017964283250367081 -0.12653851632961979 -0.0069897327332152778 -0.041665256284773397 -0.065219318129264028 0.015690289257182893 -0.12928564516538149 0.0098804041286203563 -0.1452857004839116 0.050225828891626627 -0.026767485383315102 0.10729861986333028 0.0043791477734284896 -0.075479226984486975 -0.028750822042445348 0.0058663415933042215 -0.14914200605729691 -0.073135730959938083 -0.01613009765728703 -0.077525928925120183 0.060993228694781985 -0.013942533270311018 -0.075077468081767504 0.08678503655197399 -0.11663219900621311 0.036791769485096978 0.10583683876941211 -0.018046963749626378 0.039857204837058964 0.10688403445725736 -0.063999127918225943
 -0.072879930909999169 -0.053049109383627606 -0.024448822223267237 -0.053909146370284523 -0.059070584101820652 -0.092476019467822038 -0.01246443660888855 -0.040527505679749387 -0.011877107446770716 0.041248241642171481 0.052299185417566348 0.091559775570496091 -0.014319632058963772 0.046872233407381912 -0.057226393819135489 0.00045894964574869334 -0.078686592852522733 -0.14124325002180552 0.0026293381363872844 -0.062055968394601251 0.072305180778588718 0.025074559816387801 0.063053230726076909 0.097807682121429249 -0.098236055949037809 0.010173427297997877 0.12217182713319914 0.020698551133351846 -0.030829353369372935 -0.029982555257565553 -0.023841039561783149 -0.097278079787220542 -0.1262755662076642 0.052791089159521444 -0.03867806722923272 -0.058411721309598146
 -0.002928889501800651 0.072275658207192353 -0.085430350851216141 -0.039365429537136627 -0.001012265230475685 -0.17578832351401266 -0.064102140970700813 -0.087834497190248523 0.0031814287708873683 0.064638162235876845 0.081367658657139366 -0.085788125727285058 0.10735399700528095 0.0074966678212222988 -0.050197038928371046 0.15560388279531301 0.014035800336353904 0.051949526818074354 0.0097539277371924988 0.089735768820211018 -0.015371207418416329 0.076253529543257564 0.12037303204378114 0.11194829666572811 -0.10692135396316696 -0.07197589664959296 -0.027899711148075268 -0.025049861108117223 -0.026462252925023879 -0.099467335798392315 0.12739159159068744 0.10900096911894601 0.092927952586469742 0.085132659672136707 -0.10535543483189304 0.061654255897242181
 -0.12042032279587056 0.11430557829498168 0.036510737759310498 -0.11720020695430794 0.11859728337020378 0.074537494195732745 -0.094255688023845749 0.033074032399597275 -0.051136273983192919 -0.073230951770366967 -0.12903986899596914 0.077837337452190403 0.048036377930360391 -0.024819152455313812 0.097270660762610914 -0.097391877752622993 -0.036641456490586567 -0.013927437099619062 -0.062653953135782481 -0.079935487781385303 -0.042477831023710472 -0.060686909857103219 -0.032596485011175985 0.027691745477220163 -0.096689247918428298 0.031531108147078907 -0.036355095591138004 0.036173580444023037 -0.061867662981815834 -0.079829978692661396 -0.081315864305324434 -0.038945623077357987 -0.097303171317420445 -0.016472510590230187 -0.029325594243064922 0.01074853860186151
 0.035753575259711609 0.11695307952662304 -0.10378777814984824 0.14016870944622731 0.05111334484109703 0.081892703143957649 0.066053233111426551 -0.075624290833963131 0.029962208231137776 0.070694065118213842 -0.088375303758403773 -0.013927188738614666 -0.0070807319749708391 0.10954271705101185 0.037173563200646374 0.11534552914734844 0.063351819449627533 -0.053329875203755379 -0.097654423603212595 0.046085851388341419 0.2017136681254062 0.052340247717499386 0.023328702653731524 0.083886122392502108 -0.087929131650795814 -0.14339303814391055 -0.066134555620753516 -0.096164353484274087 0.042727499162980166 -0.077148686683175927 0.016997887793138416 -0.12807246903805858 -0.12324200001355518 0.052853271246269533 -0.042162921495905226 0.084621104482667395
 -0.090345647219396655 0.076072757228501695 -0.065742655287833643 -0.11795993827175105 0.0030472700629726852 0.071252061401672853 -0.086347135602096753 -0.044188139272536675 0.06035009197970892 0.014446609762922582 -0.080987463789608527 -0.12055568717842037 -0.12235870388751663 -0.013757460920325586 0.078035204333723643 0.087372173771385356 -0.022570861124991896 -0.019286459060943055 -0.050650421871353372 -0.091528644273314752 0.067983326967897453 0.0781723609659358 -0.013097227071630156 -0.088118650849277599 -0.070271409049373776 -0.018690781116110292 -0.092349476102397396 0.062511627993116256 -0.096176670121357499 0.04124928358244296 -0.085774281003962935 -0.17876387369114272 0.005914897511332784 0.090508775151895704 -0.023481874538622962 0.0069921164663620944
 0.030446320653029314 0.1070860283886073 -0.054030266628786391 0.057870564157006789 0.035692902307983637 0.1267064393008786 0.10588640405105643 -0.061708578737999627 -0.012254816458074209 0.037585543711407043 0.035291808076902971 0.059802062329882916 0.14703608327318363 -0.026545537559362804 -0.025791497275551845 0.031314483701329054 0.01956985825671401 0.088067582911223019 -0.017285796746103466 -0.06163018895195075 0.16760862291561746 0.084064780678776665 -0.10020189940835833 -0.035125006141239076 -0.010888545838103537 0.0058069110365274144 -0.018917585644498702 -0.082129597155625469 0.12971505676283465 0.036055560780618133 -0.037372096204342481 -0.15960077020293539 -0.14500210084447601 -0.086770762083428168 0.080085955556363109 0.0052953495689072108
 0.10156511654495393 -0.081741018150638806 -0.10034628538049419 0.011889236632367999 0.12953690696926273 0.090194442632218222 0.062599890565988095 -0.016154317642339419 -0.018350846910648408 -0.0058460932322462406 0.022937629288390493 -0.00018313285228382456 -0.0559618045090454 -0.090904248826392392 0.011939091446326334 -0.14880133967846129 -0.019718074901340914 -0.046434702855165634 0.078428862792068246 0.082096102512273339 0.018475289884023208 0.083760954906451759 -0.027659508005958133 0.072154156209027098 -0.043790949441935345 -0.048167661220776523 0.079574851323822623 -0.12088199522161341 -0.050977365032606629 -0.1186113035781238 -0.0095933196542816231 -0.087861917967810774 0.1506361877189048 0.10701181551385198 -0.031618620654402928 0.031023644402043065
 -0.016195650903016574 -0.082883012341293152 0.044208595067340269 0.014999325518043906 0.078121570959846884 -0.082638886709945333 0.0053426877998002413 -0.029578946520580376 0.010293879682824497 0.055004335073596332 -0.013132418403489115 0.050932945516731408 -0.072609147011336736 0.15290732156166253 0.021219610582961474 -0.022537768030270321 0.068641127652996167 0.023016322824379411 0.052406970589777842 0.0388522288332823 0.092863198807866795 -0.081095367493125695 -0.10139864655621529 -0.075411039564444948 -0.023556193170643537 0.056463598428232745 -0.095145087360345867 0.13973969402013614 -0.085344130248649452 -0.11537206134515868 0.021797349812447818 -0.019508281845730734 -0.018098416479770594 -0.055232417053551724 -0.048460202195764079 -0.10707920467551868
