# Created by Octave 6.2.0, Sun Sep 11 17:32:54 2022 GMT <unknown@LAPTOP-P0PV0581>
# name: Theta2
# type: matrix
# rows: 55
# columns: 56
 0.071842850450291693 0.11536389482937748 -0.068060516201790683 0.064418166089883183 -0.10906829370494539 -0.045743050222961483 0.12237871069053838 -0.107047656614808 0.033512184563366527 0.11221040183215047 0.055452881016183411 -0.11843599412098225 -0.0038451942094306765 0.10304279352168164 -0.017236744067235125 -0.10515949114857585 -0.089647317968232026 -0.011980040596495942 -0.06927118120199037 0.033897619201731968 0.09196470753649591 -0.091992092672895931 -0.11586611367928626 -0.064031954964478527 0.077226127776854753 0.024126051153235201 -0.040277878942931444 -0.07278249354150472 -0.08452275486914862 -0.016250822853966548 0.083710834920718652 -0.061641521758715095 0.039333500239479804 -0.094594498928943463 0.080581282373809945 0.15689648601979261 -0.11292312010207971 0.097036262193268885 -0.048389769828968657 0.069723323803630027 -0.089941780868770221 -0.046548215432186207 -0.016288951350301718 0.083700990441922821 -0.067298131935148414 -0.049066712829729922 -0.11108055415471263 0.045553464891828092 -0.082984241806128164 0.10700253953920819 0.076840390619647772 -0.14788937785302894 0.082823133177031771 -0.031933916628314407 0.097689768008771757 0.0015480602241840832
 0.035844515862980528 0.014152983841330742 0.11589648241710022 0.13178994821458756 0.088169980219347813 -0.056193766715112427 0.10563792991406656 -0.024418160361612158 -0.015050539592046238 0.090436903946683717 -0.0045036099019532868 -0.15907103736907569 -0.046407415084176236 0.059782092793304022 -0.1276936979244766 -0.043062751036008505 -0.020679896941386239 -0.023357926275800758 0.050498118204582006 0.016737676510210065 -0.093114562318779084 0.056463473960520372 -0.076836909279124704 -0.047446088236306215 -0.10283535488406466 -0.059182218905162717 -0.041786325254500781 0.003356387584445281 0.1036909216427146 0.07470302566774073 0.033122841008964482 0.046837227024099287 0.080468049590543808 -0.056444608878235998 -0.089497881966989851 -0.034483935454528741 0.066681951165504696 0.041396287962454023 0.092756645058805057 -0.02660062276066015 -0.12500811952622568 -0.066668332531356997 -0.045515478235821485 0.12650130673928614 0.15003058532526858 0.090189877493031381 0.067371274509260365 -0.025414240701094465 -0.073453322949846134 -0.077300927907211853 0.041361173750097111 0.054716303616354961 0.01830031664769613 0.12403539031268249 0.031499371192290522 0.088733338434145742
 0.09088290440114101 -0.091216776781274517 -0.1121495971153698 0.028143913408970718 0.05614547070878545 0.031708035487797583 -0.0049143394391503127 -0.11139906085865081 -0.049316770960023903 0.0099819117936599602 -0.084773268639505045 -0.050037951381867729 0.035493621481267432 -0.029318367984751129 0.002846155916896448 -0.066208360445452488 0.040095163815195442 0.019464488582361935 0.04168956707133363 0.062087518252220919 0.10436090733689436 -0.039006389629565444 -0.052407267611280693 0.060970262259082704 -0.040066004274472593 -0.049077114901985172 0.068064441709902807 0.066817948003116009 -0.086996062453254572 0.13646462679545204 -0.12998110791993031 0.050456172265502044 -0.15173031028792175 -0.11278638341818854 0.11226864188953285 -0.067935332049092814 -0.034371513685832425 -0.091642025673927027 0.047986292526431676 0.027917175763998808 0.0088445514127684661 0.09004121070127348 -0.010942894098482266 0.081683476301144448 -0.043706175496177377 0.035823279152445438 -0.10805040499561896 -0.002539853195359086 0.072064556327310639 -0.033324460873891508 -0.12812005965690657 -0.034243171206836329 0.086575264286435874 0.061944354019947918 -0.018130066242834798 -0.098135628853931747
 0.00611137007220616 0.063094231380229251 -0.016342886261286046 -0.045122238635520076 0.019834176345433319 -0.10544192914718133 -0.018225531012822059 -0.092585433287481228 -0.066294308125260673 -0.10187482600672793 -0.076168802355674123 -0.033720418873243917 -0.0071524679477242272 -0.098061426920888067 0.085759918482661124 0.061103945194641289 -0.054974186765097043 0.016246049321307264 0.067238308435237301 -0.067454916591595485 0.064302135940240215 -0.066336260909471742 -0.017203878540962465 0.086333059283140653 0.030159096493206621 0.10944775827670068 -0.06244523338801828 -0.035473487094684099 0.06616935274703796 0.068988302104694171 -0.076654226718796709 -0.009212062568030234 -0.039734682137160721 0.11777576278844056 0.036101676371212039 -0.10223441110745959 0.044849519494345021 -0.12281303147012831 -0.10992430005034111 -0.010066426854590175 -0.09861362923401612 -0.060251551992930516 -0.0096035722333679963 -0.11375814289125447 -0.10832672085942141 -0.00058501576517085781 0.033214295876759121 0.059012062957947226 0.10859361302314935 -0.12474588191528176 0.046989400257510527 -0.10103935289088141 -0.05788248352742293 0.067188047077894678 0.049175725883024282 -0.061726050109104293
 0.11328346674908325 0.024451554598633043 0.078288010754982443 0.054606960035986495 -0.066614820796513624 0.10352506653060656 0.12338934104947807 -0.10783168580663985 0.05271704421510829 0.019304552508414251 -0.091305752519536695 0.058143165277844522 -0.11464436902244432 -0.049429876369471472 0.052706014133863291 0.0036038841358035745 0.035293103673579601 0.05910049334506088 0.087263321449194381 0.092629516133078543 0.06332249928474333 0.15778408660565943 0.074485238609973151 0.091767706116383033 -0.14144462013774317 0.0745451886626846 -0.10114112786373071 0.060732689709329948 -0.051376992332555445 0.11187656353845353 0.084490249822248426 -0.06317896679201912 0.092005651308404587 -0.1257226007937009 0.048726084136562355 0.084485128020529807 -0.010593244539095119 0.15045795791138317 -0.01766679200975577 0.039249930223104232 0.04176466647033486 0.040910806940183828 0.071524009018124599 -0.10218323073855697 0.03314503249644677 0.068235720391457116 -0.092077215438390439 0.22224833657800711 -0.01366160839391028 -0.056441004719183917 -0.14439786029601842 -0.084793880851242412 0.13115538034052296 0.074671900126390564 -0.12927719203876056 -0.086700019244469392
 -0.10455208697739439 0.0051680765338791802 -0.091143195970737362 -0.063847593464632521 0.047230047395737808 -0.10519975228410436 0.085767164116608452 0.067428506905726701 0.10921352751008929 0.013272895875260902 -0.019649281031840146 0.067176895665492259 -0.091726518923956141 0.070135381234990066 -0.033974524344904458 0.070590221119396029 -0.093301298886671435 -0.029236904230273381 0.05579276354378504 0.051834925602938196 -0.06675855418768141 0.055143109916972417 -0.022747976769349372 -0.014802279400905193 -0.08270823863189615 -0.01296706635336798 -0.012366359808676558 -0.0064543052394020447 -0.063205201673321304 -0.052593614746659044 0.13447723032215389 -0.079878176653305058 -0.030400784067086128 -0.11873427434833859 0.087622960389991081 0.1208122600008896 -0.097844618207262216 -0.084047853334940817 -0.090053704746296009 -0.072761611458805817 0.12647424735800764 -0.12540058685403058 0.066647803802708072 0.01296388928815739 0.00017505243845428078 -0.050991966947694381 -0.042633388985519147 0.044529784813177729 -0.0013792805508461379 -0.097091075866344925 0.057998562368377929 -0.06122390206225474 -0.091036307587480852 -0.013215608182411343 -0.019347790407468902 -0.002940863573992009
