# Created by Octave 6.2.0, Sun Sep 11 17:08:21 2022 GMT <unknown@LAPTOP-P0PV0581>
# name: Theta2
# type: matrix
# rows: 45
# columns: 46
 -0.074933848863359687 0.062987076060044542 -0.00022675019371621135 0.067337137118314391 -0.053786591001861991 0.018142003762148362 -0.00091520778859540623 -0.10150733251957295 0.01560267517388007 0.055537795611276836 0.073530355459068025 0.10413987800310665 -0.038969652756754583 -0.055496194520284946 0.076492704674137948 0.071960677457307179 -0.096437018372040439 -0.011710228025383766 0.046461791240765486 0.059957552321183522 0.032317927876053386 0.014913286869344827 -0.0043049045330112411 -0.10184201413454702 -0.10431149062026421 0.009127680187944371 0.031985828724236019 -0.071317928668726063 0.023708353784936926 0.038722253688108263 -0.072397659973501199 -0.0072388126484196191 -0.096183565929060952 -0.10180842247485598 -0.036438892507357365 0.012347009643850337 0.037454006189714326 -0.11761796531156336 -0.098924595908741683 -0.09713781787564281 -0.021033292179526573 -0.084027659202019364 -0.016427896091428286 -0.000151076980904743 0.11601043368375266 -0.08019323266568186
 0.10608241237852131 0.0041734173521185761 0.04225726989136773 -0.016265775178795489 0.069027231701830852 0.030710968444356248 -0.12113111964189358 -0.081367276958491733 0.024657797140884723 0.097452397843389132 0.0021224720487759753 0.11697961295361538 -0.015400179208882044 -0.0062736187194936755 -0.10407533190005817 -0.051681872663447551 0.11089542636034376 -0.026586743172903236 0.036128854708099283 -0.08927662457958932 0.0086764202824266504 -0.11103064995087607 0.094928116756736347 0.047088688950586488 -0.036739494497206135 -0.027055778673028018 0.051620169705675463 0.035070082765847034 -0.0023242791490260505 0.0052767370240966224 -0.10141190384962064 -0.10196230155574094 -0.037467175854172433 -0.0054205107710547946 0.073687770696016536 0.069454595518067472 -0.030074516443076387 -0.027131621950542837 0.07877830572642941 -0.10332664065682089 0.063981157929335924 -0.050842210316125 -0.020664506591241971 0.039461466313056748 -0.096290524049424717 0.063044463623175548
 0.094456280202085727 -0.12755807940787764 -0.11340280018367961 0.011164644568502191 0.10090763721748731 0.0080810789970110469 -0.043328563039004474 -0.081828157484868463 0.065893037272171065 0.026018473374145007 0.040996430165111591 -0.073613598252493015 -0.11789555329236864 -0.029938455664171557 0.0035486020143310365 0.025680551536916122 -0.07713951257823734 -0.056608128110372392 -0.0079570226998469003 0.089541873408665124 -0.031814451580485695 0.059262835264089431 -0.0040943890768474741 -0.032714528393991561 -0.012813412170618996 0.13072351703346474 1.0260034390175537e-05 -0.0089821278659169817 0.08323840666484493 -0.082185809025032031 -0.11383495156612589 -0.030428461158744154 -0.096017242076755854 -0.028853872996862085 0.021118442377375209 -0.0059578015874050616 -0.021381525168611453 0.10325810136442445 0.055903607243429444 0.14596014449320427 0.0051083746820526311 -0.069003390293417149 -0.083737687707966191 -0.079611828679180915 0.026434644730685752 0.0074946295530065321
 0.071007917510476873 0.036198927140305211 0.05489857706553522 0.011185358408698765 -0.068811043382961137 0.043527162286933159 -0.077374331326413026 -0.10600193127720729 -0.094642270695471639 -0.09659586214634501 0.044566127095656792 0.10906576169305952 0.0026297685242615914 -0.12493882927241069 -0.017256254371080783 0.10066182013190311 0.10550710530751063 0.014496640957188079 -0.10794588181028011 0.058122010328684026 -0.0021798339712241336 -0.011581404360716899 -0.030557882530289154 0.094186561714582465 -0.073786080491977823 0.057680066423614139 -0.02537825911587482 0.044663084091232326 0.03331279459969861 0.05806696334358296 -0.038053734721838525 -0.053504967834602457 -0.056296054289528566 0.11632013308222722 0.07312923784273502 0.069310959414391443 0.031118118554795141 -0.066562358143723854 0.078283068230717748 0.038240398734791001 -0.08703469814283879 0.10018633237288388 0.037769526463776189 -0.019106641120880431 -0.079625840331941644 -0.082106320927139723
 -0.10433990826797698 0.0091662863679589923 0.055123016782832157 -0.091218990707389092 0.017460072667098897 -0.02728951060289651 0.013086780622889038 0.028081050459678198 0.035010320703028876 -0.062735654964229448 -0.054650516004689245 0.022553821025643281 -0.042174629481554177 -0.010671423184294968 -0.071031349331982768 0.070505316123961742 -0.13188179557862303 -0.0046763506390105859 -0.086110814836360877 -0.0085067944017055107 0.050982093703472071 0.017491240607733539 0.06106182111328929 0.089405899448177145 0.083299283859578729 0.017798973038604875 0.030334028223395697 -0.10615552721667641 -0.08020786844862654 0.05523307571470569 -0.047502359248717686 0.070778699248713287 -0.062918757691347152 -0.023543124858336394 -0.04030243403426368 0.027818826954390231 0.11046076979036278 0.18330785422686441 0.033419964235979108 0.1067779333115232 0.050313360798488402 0.13827794661835244 -0.022323535044919296 0.069537481088731617 0.02270840531952131 -0.007418237175045383
 -0.06406395066436113 -0.088025167857901723 0.030203865672088558 -0.035437007298457161 0.15475029683624997 -0.097080428370927785 0.035240685244667107 0.12929191633922216 0.034991140866134265 0.018037631013866094 0.053064626101635336 -0.058820707153179899 0.044413890862449075 0.0068503263313806064 -0.0079703708272423224 0.037561601374063357 -0.023525840343569509 -0.10678728534453202 -0.058720302675288348 -0.05856189252765083 0.094963540282047648 0.010694124773804513 0.056494154315363698 0.048731021149796008 0.074232509882504363 0.013737931302632777 -0.049806766690538268 -0.017328617288268754 0.039862495047061561 0.10008101348153065 -0.05402998354904829 -0.056176832900591736 0.093185932790613143 0.11356097424958515 0.080417203958289094 0.018667795177375709 0.061136918434690921 0.067278883195676278 -0.1381643548550355 -0.0062651979539544867 0.097047728465602293 0.11283915051348156 0.072679425036007494 0.026322509213428477 -0.062988642112021695 0.020109530841541042
 0.089285515334719318 0.10486629849002196 -0.096770849577968693 0.09382510453696366 -0.01684226653785361 -0.018820166442439501 0.01391412653255316 -0.10277390347422505 0.056512825607519898 -0.037493694333268011 0.019331660345527892 0.033110910350732464 -0.053455018976605484 -0.030460431490188924 0.054985160572598266 0.00076358244768231121 0.08114470491171194 0.007625439775795168 0.11237653801733528 0.084693406649903893 -0.033001107635405473 0.042096845312789774 -0.0069782530177760708 0.012050132237726847 0.038759431051361114 0.047346113285529984 0.010437279278750169 0.010725683622494086 0.050368726734677641 -0.10859242313804622 -0.083937534756358775 -0.053608014319822622 0.069980257682756827 0.054913731199324377 -0.11160843961267536 -0.02030456919126393 -0.067172635122148924 -0.10999823931803128 0.088441303877551183 -0.084170959497406744 -0.075212216866786322 -0.1139963774424657 -0.029329973955128485 0.099670515594064174 -0.030116246311804009 -0.084986935037363487
 0.075947281721951351 0.014916318915916323 -0.0097630659859679111 0.10344609675749329 0.031861194701133827 0.11054079048071838 0.12248379855474548 -0.087219615195028494 -0.080379783143508909 0.0078912262186269164 0.039424995538498049 0.014215824027281046 -0.033826037875508565 -0.11927033143465277 -0.068046484530182638 0.062376765764672826 0.069170396813319796 -0.12103814626961835 -0.030377579421980293 0.072778215169794588 -0.016372177881298525 0.045850075779673725 0.021674694016409469 -0.02291422383718374 0.047182362556171586 0.0287365796843858 -0.041008758354511399 -0.1058706713973355 0.092943972934957028 0.042610103652939504 0.057592749867430272 -0.0027155965428818764 -0.0066262906754397111 0.018518371102828272 0.075224579268646022 -0.025768314029907625 0.045119049804652089 0.023087872507814383 0.061063713821172136 -0.023619054428286365 0.050019359840984816 0.037655115818353145 0.025404667011460783 0.019790814241034047 0.072580852012139471 0.031340262606176228
