# Created by Octave 6.2.0, Sun Sep 11 17:21:34 2022 GMT <unknown@LAPTOP-P0PV0581>
# name: Theta3
# type: matrix
# rows: 45
# columns: 46
 0.092639565642159527 0.12202134855245751 -0.061324683407703966 0.10332554551583911 -0.016564762092601205 -0.12228871867725795 -0.14312073100432599 0.10467259606620934 0.042912615267778169 -0.080069285925063183 -0.011581170237199684 -0.015801963584028661 -0.14414598821877334 -0.065283685552357376 -0.076794083511094166 0.15121704141552872 -0.077074244180138932 -0.032132068560095324 -0.10184758045595849 -0.053270100913432566 0.053736784757972104 0.027421738443075931 0.085567361119214008 0.0073812489186169889 0.035022088677546359 -0.076777772019999163 0.079723841155285274 -0.075045883981527714 0.02399941286632724 -0.071192114687726599 -0.083177125053732898 -0.045410576143316971 0.034230847709353612 -0.022786476827409547 0.15625312150008511 -0.058971084980832596 0.075239013377499636 0.093296601780404581 0.12716181277328706 -0.0072659481704224951 -0.050292244969796125 -0.060998761885230721 0.075300687276122644 0.00070955867988186879 0.098853887802850676 0.084974992325936846
 0.034042366787379534 -0.037524679506706377 -0.0091038647503400138 -0.053256608399174996 -0.078752229575985419 0.040909969589539685 0.084221349678479371 -0.0054528681151074562 -0.07085568644049034 -0.12640793056971827 -0.0088403211118426358 0.042491132814810574 -0.15015348236646278 0.027923116653369343 -0.030038963516244483 0.14781153254725385 0.033042890686227483 0.015734112349305381 0.059992904473325552 0.14949237493968442 0.056820638001478484 0.0060015583191230706 0.017091675830599826 -0.049402914231259733 -0.025015893356261587 0.087051715833130844 -0.050986158559408822 -0.042034121575391992 0.054818067662454728 -0.077419717596888371 -0.0085404657728357456 0.005522119846848232 -0.022111270705158951 -0.018252895383096469 0.15169479661238464 -0.065197733631901136 0.13090061411916595 0.049624871947975574 0.0016652439490881703 -0.019070526282293492 -0.098785874854292688 0.12603857806035609 -0.15723631738782853 -0.10736405471389271 -0.058760292047545258 -0.040328338931534632
 -0.094822018636841032 -0.067892570384176357 0.10037830143400134 -0.003555049910222183 -0.071520117263544403 0.068617622859589389 -0.044730254035641341 0.10826102686790129 -0.09407020049117458 -0.14479372759175987 0.1139969341435261 0.049230833312239326 0.10109559063856147 0.0045437361672334038 -0.065739232261010555 0.049890237018842772 -0.023931152557186707 -0.023074301415146534 0.14634090438483413 0.038572227292981223 -0.05588590157389238 -0.076203196907301707 -0.082445431154809554 -0.090693260784941776 0.011668668284555168 -0.03586875225662 0.047445640857059122 0.08853403989562908 0.11755298224132216 0.0066845007667380146 0.036756082671206905 0.057058200217948926 0.06214832709989361 -0.065180482415343813 -0.0065677246673996352 0.02090887505364903 0.073044562972573113 0.064803691100731947 0.091476083463844476 -0.062737441765547436 -0.12312879997271695 -0.087179239661295427 -0.045070707984227958 0.10005893151236253 0.011438118687270012 -0.041558095476712256
 -0.038228553001211231 -0.063703497682562102 0.013603810786257865 0.017281140807038631 0.077795805473357182 -0.098714525009263462 -0.072173408223847921 -0.027535928371963041 -0.057423969163480935 0.0078499534325741412 -0.057159010464410333 0.10526849504492158 -0.066176082978247966 0.0070196910026650919 0.080870187341553684 -0.1307555352343242 0.10887738839501104 -0.037580229169778039 -0.056967296688398554 0.099699126664205662 -0.019965157712716924 0.12997448916388912 0.086198382182609876 -0.044467485989374479 0.01645115193011009 0.0011471535604167791 0.10584232898991454 -0.014455285136931732 0.012342652750956341 0.092383527891653938 0.017347471460160493 0.085571326766979858 -0.13088779013169716 -0.11385021411445985 0.12509079731863823 -0.062938663610588044 0.073659657734647804 0.045784014825022167 0.10600532614427675 0.039431094853659948 0.095538489972928839 0.026465627537088345 -0.026331309073412024 -0.052195857692433158 0.00019793125534349414 0.056156483690008301
 0.069052783064510168 -0.124963367812001 0.08034255529350931 -0.0047269592614892116 0.073829383659881176 -0.092133867410718273 0.0033800431650310887 0.088538904310688421 -0.066752037199324654 0.074012704160460352 -0.09654402839120875 -0.06437006017824802 0.027351965082185774 0.11418434284835324 0.16123478440519404 0.10516845130863113 0.14890126566057232 -0.018254455374295663 0.059127859282495338 0.17170252939715935 -0.054139324143311789 -0.10326733950855695 0.071497580658814508 -0.0078981687310895193 0.08783649488268469 -0.10886237764534576 -0.08714093472444788 0.033097194829039327 0.09204904991479719 0.088959865092356177 0.13074809410821508 0.014027872916463967 -0.010301237486413746 0.0042407025919838299 -0.050578476376904012 -0.0024981097917813047 -0.090796040761587912 0.0059717842987699983 -0.013350947268995052 -0.099130026531142598 0.1387772602933999 0.0096137165872184661 -0.026472155421931123 -0.07259339843902253 -0.13295175131646408 -0.047931632930914458
 -0.054501217305664575 -0.03025812117929963 -0.090558826976696802 -0.10091345747486666 -0.040337431221930849 0.096774597351406727 0.089016985047757749 -0.038901338680563037 0.065892277696642881 0.082644039255281868 -0.0030168823839938044 -0.15835137694297219 0.0030432656204978613 0.083524633272649959 -0.11793551316325222 0.11674585819063819 -0.044960846149973949 0.018355382983269025 -0.1077559525302384 -0.050966071504629715 0.039406445430566858 0.071041554598545734 -0.031549351403328069 0.039777703557778488 0.0044070304616690833 -0.032237190787783171 0.12062830911087312 -0.022527466539173525 -0.10908068062763891 0.039034421156463016 0.079959177855494362 -0.058633258086813363 -0.014239852486437252 0.11242917429322313 0.049915739841495027 0.076828060286108807 0.0091489359909184831 0.089356235586967037 -0.11211464203947202 0.022163246819365004 0.016649750763169414 0.073260208206925984 -0.097921346724192213 -0.038370233364954841 -0.038609235854625806 -0.10330719015320272
 -0.10005513904322207 0.044602182410091624 -0.04365326958560492 0.0025480065123136796 -0.00088081008490314896 -0.054903918163868907 -0.01606611462884763 0.12150540563819337 -0.022897127045843398 0.031225317522800146 -0.083484554325246582 -0.010124119454818019 -0.048657497021224398 -0.02335905875193232 0.0061463586278941908 -0.048414394005697199 -0.11790074328229597 -0.06686526559736837 0.0040050294918630002 0.077803510362258674 -0.080760185046291094 -0.082571539413333214 -0.11427483875418953 0.10562613766000742 0.07577981524097116 -0.094011170956964346 -0.014268329031664258 0.058800773638869749 -0.050552759341903501 0.014922068308871298 0.10530438767319972 0.0036257228253736406 -0.031665163076877598 0.052508607532300813 0.041130633200203152 -0.074327296420410027 0.022619882909781206 -0.045701322727592184 -0.047681150093068878 -0.092982012963837346 0.027617456581130885 -0.014357199355402278 -0.045057493049000211 -0.006684927496163718 -0.056107477374377893 0.017878646970656727
 0.1152113813007741 0.067152782274776099 -0.054172060688825907 0.084073821650852032 0.022591081755377298 -0.052954973018193789 -0.034013019183218175 0.002803034946343761 0.061434779933758725 -0.10983513692103199 0.078421710191426894 0.10707275965516148 0.0035832593073102325 -0.032318671776906401 -0.17125020136849678 0.047863287227581236 0.10636481837423603 0.088265229838564468 -0.095397357049022552 -0.033624453121603719 0.095723754786016857 0.010865039172648644 0.081040054040750417 0.09609533686608733 0.086668743263819487 -0.046803991524366817 0.082147188840296675 -0.0037885166379890887 -0.077243258291498459 0.0023798759832752148 -0.053985032827978785 0.069689183541960284 0.051381182211195642 0.088932073346692217 -0.051380640400061434 0.051790333214754618 -0.0022192991795582117 0.041925731413014429 0.018924303770373893 -0.014264552726225415 -0.15252238474133581 -0.067942327322214197 0.098992758307923936 -0.036374073057110025 -0.083769402001309029 0.092357663328869175
