# Created by Octave 6.2.0, Sun Sep 11 14:38:34 2022 GMT <unknown@LAPTOP-P0PV0581>
# name: Theta2
# type: matrix
# rows: 15
# columns: 16
 -0.061275162655440474 0.050561818521809618 0.025719588818516985 -0.033548418329219287 0.14525571351384373 -0.011035778831318661 0.05081892782651639 -0.096601519805023101 0.06439998666276836 -0.11717247215461742 -0.012986834659702353 -0.02195282606235472 -0.078513975704216699 -0.11597389439528064 0.0014841679263193624 -0.03534229771171872
 -0.10452960082865946 -0.075982774375391929 0.12940232810235391 0.088491820247404221 -0.14119285912871926 -0.08582231995369026 0.13027218110333208 0.14693407518523063 0.1143082208466616 0.11433656817707692 -0.070904794662176723 0.0019099691655107237 0.07786803634912759 0.073836713307005933 0.12315036166369747 -0.12534922656839126
 0.034259299731685851 0.033479991103181797 0.044532502049347424 0.0056497375212806178 0.023109066181085516 0.0023679735205682983 0.11117143581987766 0.28756277142493081 -0.067186806368997889 0.025876533289744572 -0.037081729427567739 0.038896065192418429 0.1465176855997207 -0.044620027357163 0.020647845878439233 0.20238559067434514
 0.047259567748229786 0.19134308313376858 -0.0068428596592105878 0.071338647290963897 0.01881617675807926 0.086501238999099769 0.15300556181055514 0.0064169421659675732 -0.1431885779014786 0.0032977021880396043 -0.053785287256165396 -0.11493830864647361 -0.018371184785241353 -0.071255155104937976 0.29976587940638122 0.19512443905090768
 -0.089368670949532908 -0.071841513610506433 -0.082057748403077654 0.078004780014114261 0.16020518918979065 0.1640550599382071 -0.17436593318595794 0.083901552518250128 0.011486243224781645 0.072416461773094493 -0.1018798954159527 0.057371725051866468 0.14050774810797523 0.058740046381316878 -0.0081608989940122594 0.17812567688840711
 -0.024835736687583314 0.14039410785094686 0.035210796388644043 -0.047755273411685777 0.090699867342497298 0.12670794716102546 -0.048723916590880205 0.02849911129782666 -0.11948345346054619 -0.19314998951900147 -0.044715070699554056 0.046213440337729492 0.026533080580388963 0.14325326127575663 0.14011264859296813 -0.14156336509557427
 -0.055372214884942469 -0.096332561916354364 0.1157306471286695 0.061270231510879396 -0.051090400705706959 -0.059556598836637345 -0.20950873315649512 -0.17812845874167021 -0.14556021336520811 0.1745440282350024 -0.045268683522464714 0.016299350006266998 0.020607685978946366 0.041750335407632483 0.15661319711934993 0.075861843080565997
 0.080188592832484168 0.087815592567633716 0.053147617507990727 -0.11000492441244483 0.073542280248778194 0.072615501271517335 -0.048875930766152542 0.0080334887907331422 0.064621867083414136 -0.035006598415427484 -0.041905868512240242 -0.1004864392005345 -0.11724917133881087 -0.075963782621410764 -0.064102241861424117 -0.11450806585698671
 0.029380501283615867 -0.047324316618101797 -0.083580884346961357 -0.1003875574707643 0.018303919746067435 0.14775452478705164 -0.071946651216988136 0.0022742608307415716 0.0090711246416879457 -0.14686309296466341 0.013703686775294734 -0.024574256109697584 -0.096058019475324524 -0.098817401216211076 0.14061184199374982 -0.099957456544276929
 -0.11148040287453519 0.2155617662982057 -0.12356057033137598 0.062137628558276758 -0.038458442706072384 0.036223817947791517 -0.065447573919934721 0.048494770299394176 0.042137405260929343 0.069631385808012564 -0.12165835597378596 0.32781406348820991 -0.02620315769123702 0.17054763202859122 0.097326437709850055 0.083917709022670359
 0.027537553739432737 0.14652898257711192 -0.011030525265700872 0.02819442141551147 -0.12510726158790902 0.13201841208480627 -0.19537444332175286 -0.035222626359286649 -0.098273584292999677 0.14085356855694667 -0.060273742849869048 -0.089104543553994692 -0.065256146198373499 -0.072371645223458889 -0.054070283724921606 0.12686679326462805
 -0.075610520733375292 -0.10707815721837888 -0.073913427472736229 -0.01989225440674687 -0.084188224743666176 0.0603020193935336 -0.063941749592655306 -0.075875754007161289 0.1388124571329164 0.14273572507522736 0.083082873089125195 -0.089761747979896833 -0.062992250030386943 0.19756987986819996 -0.14536512250757286 0.032842942965042081
 -0.068779977344273338 0.0391650224749912 -0.034338629141385579 -0.11383353398500226 0.24834265366811661 -0.07405032890811547 -0.050672460249935138 0.053882909883346833 -0.0013794653866043166 0.15537356386934276 -0.007575339741306684 0.19382776428219065 -0.003786186165430157 0.023204567411681851 -0.087616840846717267 0.10922008221844652
 0.084114861019193243 -0.072533847859542463 0.078451584627669435 -0.040694793540089112 -0.085254943738325581 -0.027743494349617776 -0.073851420153919878 -0.0069202417875258767 0.0870339100032754 0.037704490884281169 -0.093418943266015547 -0.082770575595905074 0.063646323151763565 -0.10752163962666936 -0.096996076257755387 -0.070548842275555995
 0.12112218907498787 -0.10561500907122846 -0.011743125705702438 0.1018152434141486 -0.017443776971302439 0.096940925849369808 0.14354672549621955 -0.063963990765366657 0.076519052116203287 -0.12881675572633416 0.027963348413225952 -0.077096807123658045 -0.14613958361767387 0.23247940749300369 0.20344090679800447 0.061443678869082849


