# Created by Octave 6.2.0, Sun Sep 11 16:40:09 2022 GMT <unknown@LAPTOP-P0PV0581>
# name: Theta5
# type: matrix
# rows: 10
# columns: 46
 0.026796856701845471 -0.15263798144705823 -0.094673200155239154 0.13374709691352049 -0.044322971582792782 0.08507158686447 -0.055280162288324289 0.086903060634109908 -0.027126614013303445 0.028352903623070209 -0.12053852536043647 -0.13727916851786359 0.11265057275603016 0.14024255487965298 0.067331782673907908 -0.12786443832982675 0.053727616112377211 0.16661718335514719 -0.042281054286194254 -0.020702502351860452 0.12324141852702925 0.012846684150282539 -0.060395160601446438 0.18090718507836964 0.047981604976599285 0.021699446964424288 -0.12431503276143767 0.015744860549367214 -0.050042199811006362 0.0099696900532135792 -0.044710821888752014 -0.16994206250513982 0.22929002085653977 0.0376840803424549 -0.11158251282023894 0.10660355928279047 0.075593081969952541 -0.026435898161955431 0.10438016910138058 0.025449203822555139 -0.050549039992172876 0.078085720696754207 -0.0041082239151364018 0.10771370158422965 -0.14593677814298203 -0.15294720370790379
 -0.068064874563863301 0.19756184906285124 -0.10010314879944844 -0.073504461411937908 -0.011219282517389661 0.041625223909891908 -0.10634675277989628 0.024288486446928638 0.13680814329069188 0.16445576444500704 0.13271497608328109 0.13385919795416326 -0.016977873132261841 0.10572760184422321 0.021304248251785254 0.14347171440966505 0.13006316873304286 0.11675344829210685 -0.062612829317695462 -0.042894609192964207 0.13587165702083814 0.047592829416393062 -0.10631661873403545 -0.067704084243621468 0.079114506978339855 -0.07771296577790747 0.11163905865695051 -0.14786541282346585 0.0560493683322906 -0.066899876607990585 -0.049561941270520112 -0.16034923560850753 0.024422769828903339 -0.092794488204309619 0.068186970743317019 0.080265728795840083 -4.1235087801651895e-05 0.074074515334037014 -0.11960212372269925 -0.045255912650573181 -0.24881426537256635 -0.029251402504102159 -0.043276659307063405 0.080402982664606729 0.083025534270531054 -0.11711245349919321
 0.082695640842276291 0.10991857095910949 -0.024424526015739825 -0.010520861013193432 -0.12807905023078506 0.050051540096726237 -0.047097794201831376 -0.073262731108992035 -0.051937408848755244 -0.12065861122427873 -0.054609584489194389 -0.042059047749754878 0.067208873971320249 0.13320290800207008 0.017497274916934584 -0.084764925801273719 -0.15759042189536931 -0.14189475376358635 0.0037552040779389654 -0.18957264501364043 -0.25464833002579479 -0.029543772255002418 0.12922410004574791 -0.10159316472810707 0.085724611417377389 0.035844591310539922 0.059049226690421529 0.048681740723978462 -0.046814325552904781 0.01603153778302507 0.011312380073876784 0.1188771326628785 0.28269244911026659 0.23873204070925014 0.02272261902082701 0.013887352169266991 -0.050347064146288797 0.089439044245490582 0.18158866821010261 0.0034058150467050677 -0.13855397000748582 0.0045601290374892569 -0.039352977006918415 -0.040671015120462076 0.2533136844794755 -0.19110652615029849
 -0.08912410641763327 -0.16968542397288502 0.12269552901138027 -0.022467070558906774 0.10285144191017752 0.10843113955774877 -0.05688665108026944 0.05949463953245638 0.20061591454084143 -0.050008217775714375 0.12488695000628791 0.12177045986717695 0.00051785552345927496 -0.0032953399951160707 -0.075517115083575032 -0.062057666765648209 0.076690566967347759 -0.067209673589890648 -0.13742496264071891 0.15139129639224777 0.0068162303764296604 -0.065069095294771687 -0.025135154597991292 0.087848504035107591 -0.1030310567739162 0.038320245743662336 -0.02248586733979873 0.13443422200398009 -0.042320627951307997 0.053181668870683325 -0.232361921890753 0.046315817059340104 -0.11884978852468378 0.096287683626533158 0.11182113236198164 -0.2203368471763151 0.079626444336666352 0.0608857721335982 0.05478358115862636 0.06080112452005651 0.0022887305031376232 -0.10425747654640179 -0.085687653692403734 0.21768663338293401 -0.16977420325220596 -0.085849926660642548
 -0.061577755202753687 0.19412421809452518 0.060281446443078444 -0.028248861409595025 -0.0064894188121455672 0.087098852796023751 -0.18060843012142266 -0.054989202379786502 -0.17060266372091845 0.028071764414547215 -0.22776247249482925 0.035849887131396516 0.027912858053651974 0.034828650957904897 0.062860102682569877 0.019631163606272921 -0.23814403692535205 -0.13985846763055532 0.082663759819072202 -0.046293136254693619 -0.017370136929718859 -0.10805051694746588 -0.081688122940352909 -0.19668896508978262 0.10497738871250582 -0.11378431530004769 0.075922963015315939 0.30009732824531554 0.071330554969797871 -0.094548451666988595 -0.019604398186621942 0.17160632287909366 -0.054370795741573441 -0.017681757687395945 -0.048743021999684361 0.023195590796421989 -0.048157326441681851 -0.1344238012349489 0.11332325445577125 -0.049330851302970047 0.1110061145019208 0.034466111197992109 -0.037247844960907328 0.098993956311258513 -0.10789091864938566 0.13733523355888796
 0.041011884720021076 -0.075421472700555034 0.16254860006387695 -0.086984333786718299 0.072290584622096726 -0.072435922475278552 0.054676639681602093 -0.043937078690040106 -0.09438795889338597 -0.034646136105537857 -0.025210816262060558 -0.13917398179311277 -0.00023142597718640181 0.083369076494339375 0.018800899077430201 0.19272966234957481 0.060164051582362453 -0.18483437779574652 -0.01504242176936388 -0.058828737134285269 -0.047453203577890721 0.11557894697774009 0.058927756654512525 -0.12859283822865156 0.10899923423783135 -0.091253856586910181 -0.037233852147776345 -0.0075661290442883529 -0.055691274703184135 0.067717674727837532 0.11457214893639173 -0.010895456656670313 0.086282813125216323 -0.20946715642583369 0.048807397909161991 -0.063385507090278889 -0.11833308532784818 -0.17115580328557556 -0.16350248926559927 -0.013641083032077325 0.23143500440109749 0.067252531540028471 -0.070376245642694166 0.027090324138584844 -0.010515662203397603 0.17895225282216073
 -0.071922877641231578 -0.0032064212525190184 -0.09263200192768857 -0.085218303609499627 -0.015625630121571418 0.056515672939713227 -0.059709749713412093 -0.13869460713765741 -0.094149218430849016 -0.10816031251857884 -0.23074692248477724 0.12240604309067209 -7.9959803847949574e-05 -0.065686510742823945 0.029619365880005574 -0.10749979954601083 -0.08127854082105683 0.26120179449563224 0.092685231033089913 -0.052018601498753758 0.014005269003413992 0.096127745327817246 0.016522806651124676 0.086812598603200009 -0.045954530059597348 -0.11405905858209812 -0.056637204895064366 0.026163051705595831 0.058079977981902099 0.093039731274306828 0.12898772179736048 -0.14390210771581721 -0.094661280781708018 0.16220411993402262 -0.19997227672293108 -0.092838035010296693 0.0071727564020237448 0.25027504314188515 -0.050676173333319557 0.02539059338772829 -0.20408321183666817 -0.059457672617844161 -0.075665651604876358 -0.085171818758759607 -0.020938764808238548 0.21888768756436031
 -0.0049047806879144338 0.012083389676556649 0.09096413447058567 0.034198930900032808 -0.0074427879727537822 -0.084842037261874614 0.17428655769959198 -0.10781750849073393 -0.038907610385659909 0.0364115727192246 -0.090277695707201219 -0.016010657585326913 -0.065149867562817668 -0.042375090488672801 -0.034298173228243613 -0.12860511215695891 -0.047663182174824015 -0.042592029733501763 -0.017412687415614525 0.0017607690248303276 -0.0016185874114382089 -0.096247778263081701 0.061672005852326107 0.025838089144439358 -0.037609628995707814 -0.0025222666811672472 0.1268556957550015 -0.17044092360793023 -0.11731696973404279 0.010601484443956021 0.020865148149588734 0.23326210850770587 -0.052469294076286567 -0.1653562910360791 0.19074172705875317 0.088824815103978202 -0.048361372692555457 -0.059958388534792066 -0.0005909580744545977 0.038338784251885021 0.047945961274017339 0.10016071563135509 -0.031946349291982035 -0.034677454118233121 0.25907546679082688 0.084344791027255214
