# Created by Octave 6.2.0, Sun Sep 11 17:08:21 2022 GMT <unknown@LAPTOP-P0PV0581>
# name: Theta4
# type: matrix
# rows: 45
# columns: 46
 -0.048193280299547545 -0.0055460113176178695 0.0089569637614333539 0.10052668539233577 0.036909571514508362 0.084619161223038128 0.0012774130956724012 -0.072231275797252886 -0.090086221905032349 0.068389255250760519 0.073143224980877802 0.0011193516847347754 0.12398288813999638 0.12260983077039594 0.074003192202330453 0.052774709031449693 -0.042028030618161898 0.021985274270193401 -0.1149781264690683 -0.030198294850790838 0.13344131245193019 -0.015570043564553828 -0.079588495004348711 0.0052742904727997603 0.067194871685513691 -0.11444075133335106 0.050971127055895911 0.1034388687272516 -0.019450964745334705 0.086647155072507392 0.057359483261716179 -0.026403895780344272 -0.081326025540939276 -0.027597286628430095 -0.11569003526332504 0.086722971265228405 0.0085176505720305148 -0.067818172710613897 0.080090690243312751 0.068458300911722905 -0.014817385536713256 -0.024010994549983962 -0.055821240330745661 0.029481096845064458 -0.10259576686526514 -0.052971611402204966
 -0.10764416715643613 0.0030109443890846336 0.15395355359030546 0.058386866160783778 -0.095152425599198676 -0.027196814897322889 0.0070749604515374723 0.030419375632470276 0.040460729692663296 0.087911076963955725 -0.1006041540333661 -0.10585302096093165 0.023759019346178877 -0.045847558040669749 0.089966053461481302 -0.042854508014774577 -0.030991244736524756 0.11292408416555556 -0.091945409931852254 -0.074872677323412726 0.0065514403495294336 -0.014098293256927677 -0.071493361684230899 -0.077070609232681622 -0.027107894888921069 0.066356407418095259 0.13577019358552314 0.039356172562011155 -0.04057262835725408 -0.027837254851819256 0.13356472922216966 -0.00024255798027852967 0.033612055982628772 0.089511721393295593 -0.069083849485321952 -0.054808085570468033 0.088834851702528889 -0.013335628707948272 -0.079600039948510365 0.11520554026807225 -0.10962706302387319 0.10761200297618276 0.025842651522331238 -0.080341400065147353 -0.025745744950348856 0.1245504463783874
 -0.062871211944722227 0.13497872075347964 0.12262765674594807 0.11306905771598533 -0.056749670933586682 -0.0053115405838184233 -0.073679964151969313 -0.08075937776695219 0.094103161805378685 0.048479759757715603 -0.056015030715459213 0.11794002071452224 0.054402936205049532 -0.084978443272568663 0.07038396344939192 0.10857468147729779 0.097778177545221279 -0.074956301097476766 0.053646840295094006 -0.041752289596526479 -0.058215127897362724 -0.038882567419077238 0.092585207347634729 -0.06532713557169724 0.007190214464466672 0.036009175572841362 0.10735446419240187 -0.043976977547641398 -0.051322617944224304 -0.086038871225048136 -0.013492244306672486 -0.12530112896823278 -0.088065229047660676 -0.03242990328726706 -0.057899703123123938 -0.025627543037870858 -0.063624693737748497 -0.047919369660408433 -0.099781795743591875 -0.081789799393739163 0.047120351741757154 0.12056462434657507 -0.015566230217990392 0.066089022207608872 0.066522962347282277 0.051637633287821942
 0.058184232122288418 0.083460454715364646 -0.0052228125170589454 0.10294442004648854 0.042545184642822635 0.041905237148401352 0.030437909936224302 -0.11259965423025663 0.10551754309962745 0.067743269009275311 0.021400307626874747 0.066050953782256977 -0.074426160298494498 -0.048475189665002534 -0.081281366500599722 -0.044933111049839707 -0.039002561769131583 0.10180574597437873 0.018463139350969378 0.071140878601622465 -0.093651457274432415 -0.073580856945993811 -0.12487506698568474 -0.094648724876955581 0.12680577448913349 0.10558420617725832 -0.081294512065710978 -0.0095872397025254293 0.12076977466023062 0.078054231255232032 -0.090223824592542273 -0.087147887123173867 0.077487124819383094 0.056043592326939673 0.10122918007423745 -0.013940568305117742 -0.0074730686971651384 0.1018082618507634 0.055386616735496504 0.0089594590176964358 0.041469987755808506 -0.11662301633250605 0.049472713529041423 -0.00098950407689392178 0.094655824101013988 -0.0029858467632776198
 0.075659607312409227 -0.043400607247079989 0.095202344539928291 0.010972952712292606 -0.0014764804630514451 -0.0006092980348632582 -0.12748334329646258 0.061126067024785811 -0.022052668203376619 -0.068046845120453878 -0.065665187135726985 -0.018523489781570965 0.043186645576199001 -0.031011556953744156 -0.028651981889707672 0.070124406260933025 0.03002221059858386 -0.098263642762604089 0.02100767218751215 0.098942034500725945 -0.045159165812918393 0.050367108883526475 -0.054394577265777372 0.10627352442568884 0.040305834394868546 -0.0030579791683318174 0.0073526546334828123 -0.12107389993173698 -0.097602394773280823 -0.057073634137611962 0.094900559867518705 0.088385617606774089 -0.10810597601702124 -0.05388051468924248 0.11293824132634946 -0.027686054137340859 0.10102602786423165 0.10035283678018236 0.057327116641115089 0.038291796212333619 -0.073030478218168993 0.04159559406944674 0.049231004901854704 0.089745154046525707 0.064924431523631129 0.10213469195987208
 -0.058091271436650355 0.02131672352267 -0.063394458533663225 -0.011159989199776872 -0.10226668762787985 0.083548795371945414 0.084837172278678485 0.10310248436434179 -0.064929168846726823 0.046377880667576171 0.076624166110249317 -0.018811701529877285 0.080980317451453565 0.06688015964119956 0.10852128426637128 -0.1075733564791001 0.048601681477380226 0.010968930849920617 -0.045318159339692292 0.095642454475402081 0.074367000446308743 -0.054697170524669103 0.080345664583206897 0.0048728548602065538 -0.034251120886197133 0.024140785207563017 -0.09543748215551151 -0.086330223358770469 0.14654753492522116 0.0978979890614948 0.13776742293552208 -0.088179725046502844 -0.046212171544479395 -0.031587532322334848 -0.024124071883306741 0.0098255198666369354 0.050292603907435042 0.029575842543195622 -0.054406181898612176 -0.015686238373640568 0.13547366883444351 -0.063712206924309567 0.077152813504518761 -0.10478585635846523 -0.029248355848213232 -0.053828769804424102
 -0.09175895398814185 0.10645056855045837 -0.10604911212186235 -0.082495607303574525 -0.043076901399026014 -0.073616394463341825 0.10389170955530562 0.11384570127287784 0.0009779572037683917 0.023348649853740657 0.041943049203990508 0.014212969402385138 0.052065840482628141 -0.082945093232123651 -0.11081606698101175 -0.043415973799894203 -0.024108023221213568 -0.046976367912961649 0.056379278091058332 0.03987345039212703 -0.045366864668847713 0.023985999713047584 0.078605516218675911 -0.10814307218625624 -0.047673044821883948 -0.065046231732210413 -0.092516056345999978 0.063820153168213309 -0.047018850690947987 0.076075702943690648 0.0030947181576480684 0.093253547694114522 0.076872148525728254 -0.057675441400447391 0.047026629344912335 1.1861610715852059e-05 -0.12800834002979627 -0.018189830512071806 0.011664961358141438 0.083778116642979725 0.018071021147887667 -0.013783581548276847 -0.026266187855973722 -0.084003077577377433 -0.098267545514378635 -0.010770122538730604
 0.090163745207999996 -0.021336459778889108 0.039718405629095732 0.054463864847855564 0.045359763346006887 -0.030473009200858932 -0.027238760045578223 -0.0093684974683996228 0.11076000455410576 -0.033109421350995857 -0.064770031287773894 0.013393812001062967 -0.064372686392091483 -0.00657557946963942 0.04742353919190008 0.00057478035548489586 0.094284130792841009 0.099723406209633825 -0.0089425263655997476 0.029939150438643591 0.080857893393794858 0.11585877548049807 -0.09558630320202896 0.05161385917909813 0.065545814873507927 0.00067598109034349145 -0.027188644894384634 0.061455914594743075 -0.045593922398902628 -0.11371185392276208 -0.092657566062326502 0.0108829059934801 0.06563474811046574 -0.11290666643982127 -0.11816049174387296 -0.080018715781456806 -0.049078424620020537 0.068074141695995932 -0.027714214264634992 0.13004517991632153 -0.075724822037001593 0.095410113616774178 -0.015273601015357208 -0.016994640606582116 0.021593592049416178 -0.11793182956098294
