# Created by Octave 6.2.0, Sun Sep 11 17:32:54 2022 GMT <unknown@LAPTOP-P0PV0581>
# name: Theta5
# type: matrix
# rows: 10
# columns: 56
 -0.11085875168158149 0.071370607487334148 0.10840878356671249 0.093645571472385586 -0.24188713490512651 0.060950256021861292 0.086246048816990731 -0.032844374207449803 -0.0014702904111586331 -0.064536308827575967 -0.12613319374171306 0.16355323043453082 0.065888279257978258 0.052209927956477685 0.086147444080995283 -0.043477068808120828 -0.076849730023765425 0.10894567357691902 0.097824749111867587 0.019110867246820887 0.063023595976868074 0.078252281369623464 -0.12609205894796724 0.0045192574730130797 0.036105588725583788 -0.22581243438795326 0.064641600050078449 -0.12908112608734468 0.054600511519496929 0.044959447472476342 -0.18307882552861376 0.084596736789866914 0.061334493744823797 -0.23923410388655589 0.071934738663995551 -0.21087826757334227 -0.055201731011715736 0.064744012410381857 -0.17595597272128735 0.073263756768926186 -0.10318181650050057 -0.11088076187379067 0.14012481648090738 -0.13880787091804686 0.1003849119364449 -0.009696207438912717 0.021853049324554816 0.10954387970631915 0.089236308388871435 0.030978810197612863 0.033284641116724682 0.0095223490758442973 -0.065095676148606937 0.11689324324361573 0.035042765010241478 0.18656846465027219
 -0.10771013474110493 0.0056732678581155709 -0.13702782274168993 0.11048232116950811 0.065251342058128131 -0.074926165641500841 0.062206007874809392 0.018205639406228043 0.0085393036838734421 0.067678931886961335 0.039134652875831309 -0.27009992796770343 0.13409306955883057 0.026615490072624492 0.041103594331286693 0.098535174045060764 0.055423134190389974 0.16378735346283566 0.0018151764099144389 0.07615098250553988 0.2134311629654381 0.0097945488075811549 -0.022419289866405234 0.16498417899804982 -0.013561720939912878 -0.10493924970696712 0.10257725279459697 -0.070279753438879752 -0.16014508771967484 0.0050596792895897004 -0.010079639561566172 -0.064587379044469123 -0.11197745259928883 0.14288639990538668 0.03722699565123213 -0.072524499721979635 -0.13350558331634629 -0.20869273913335423 0.035563830709342298 0.052725182131263343 -0.057275308017226835 -0.1156329011783698 0.06365256555043762 -0.02390722873304393 -0.072309288528851184 -0.067627188298087421 0.10933969081295186 0.020784073832859126 -0.021189100423770889 -0.0023618859208923179 0.17922494941282235 0.17775962916446186 -0.038017166440728049 -0.069874760909606926 -0.025767461158256528 0.051740776967429715
 0.079519979406900226 -0.11652935010257716 -0.019399288710151608 0.034003950261645211 -0.0055955445308034403 0.013122347411214328 -0.17598621282567642 0.10833894213488715 -0.13923871242797911 -0.042032590795568966 0.24336563992668567 0.053267623306516278 -0.12198251778556779 -0.021411277328146808 0.18140467092952178 0.19758307430004671 -0.024450206112462222 0.20674964819871683 -0.11353052877598947 -0.093380692759416919 0.056769609713707626 -0.062092171372030464 0.090511993103991162 -0.08747719766535611 0.0012088289701600861 -0.019345778605132938 0.067930962881383242 -0.1319296631308354 -0.26041234377617023 0.0092411482665178003 0.17637193814815283 0.14051075407413971 -0.024441518414090268 0.034604684379371448 0.14564222431134177 0.17033064981248186 -0.17057476248601436 0.04664089731162032 0.026828645404145316 0.085572770230960271 -0.13262826639059275 0.067736106286773026 0.015873864583342608 -0.070286361771203093 0.111288044469511 0.004156253874413391 -0.04566503517872518 0.10217301342925611 -0.0029807681129859595 0.070475382454732449 -0.040010735071783453 0.019546035397459628 -0.16767249841495308 -0.026786156315934503 -0.053472028770413647 -0.16600261501168254
 -0.0578482831418764 0.14226029957879138 -0.04759646593010796 0.18828700594947445 -0.21891947375504742 -0.20723176324535991 0.081037044336608036 0.079713794519407744 -0.085081787927983155 -0.14859548047936733 -0.12461467877679881 -0.073717759338070399 -0.10066362086218439 -0.064189778202458345 0.00012532861454514716 -0.0043443451793173391 0.22701625286669652 -0.066619657827675052 0.064485662304648292 0.015153649686184687 0.029558425604246062 -0.085399312611294048 -0.016578287612668333 0.14952762616214518 0.0031023283065445655 -0.029508639068458992 -0.1484358280038168 -0.082451447314895662 0.047945300965745223 -0.046542936191829198 -0.079658910178807163 -0.12838577571879653 0.034548295934526248 -0.0834391367091077 0.018428943403781768 0.093876990667917659 0.12611984501051843 -0.062536227370002501 0.15186613204770613 0.17510695770854465 0.065726045887988527 -0.02594894642032277 0.18154416922128824 0.035853145767551511 0.0039223514450067391 0.055826986852606307 -0.1713133011661869 -0.026950032409545976 -0.059193223833707211 -0.12688276998346759 0.22354142987605705 0.15972799072252331 -0.065813947693735317 0.065412062215041394 0.11383880736135008 -0.12555149917376712
 -0.029083685271801336 -0.0047385832794931996 -0.042394580330246436 -0.21318576249182628 0.18629233229230965 -0.25204449335491508 0.0036379216843835456 -0.081191834360784601 0.026898032244808995 -0.10608656237847039 -0.088224272699528067 0.033293076773191363 -0.11750486066877326 0.15198649170463993 -0.060439732204348423 0.15075922969549668 -0.1350584476823164 -0.14710828621603717 0.021284611859403564 -0.021945770461302715 -0.18096008745518483 -0.12238943317498133 0.064633406522105377 0.082238304350151864 0.064603132777916072 -0.11279474265872383 0.097905254801940234 0.018378171869524056 0.11279171762639198 0.092470427872701641 -0.081575499890530562 -0.062600184119558838 -0.11087104900960613 0.043534353471330486 -0.18465758374096639 -0.0025481424952884545 -0.074966077517800878 0.20910978011652717 -0.093306290044788243 0.053539596706622394 0.1667479076227093 0.0056195506741112313 -0.17974784161053814 -0.17102014893840306 0.27268015015350999 0.11369999076070923 0.12475785396941563 0.11386702555431474 -0.077270353178141765 0.1572264388485963 -0.11521023923629302 -0.046972556545976658 -0.11285523488233701 -0.059915200000747432 0.012404776101429026 -0.072513485075722875
 -0.0082809527433977924 -0.044416169239891098 -0.0028702217767471818 -0.022119239606918688 -0.041632033730378749 0.17140686469276942 0.1569374303569003 -0.040798017706184485 -0.037546358686462902 -0.062219860804331305 -0.09818761811633718 -0.12672520810480006 -0.036361757925049587 0.12135673809251778 -0.045570254457433346 -0.02853719065978608 -0.061252673582334577 -0.044881552298857097 0.0023179225406376232 -0.10055288520403771 -0.1376781406958964 -0.11347500729557763 -0.012212225363673206 -0.039372243375846896 0.12141675330199231 -0.0075049302088961893 -0.021387951776226655 -0.092653346996795866 0.15812009299622945 -0.06105795244367241 0.09215095266987032 0.01267062111969647 -0.010934196255166973 0.087376438435847165 -0.11050187807673412 -0.03058979164521778 -0.16017638058355496 0.036717327822035802 0.24310126407019736 -0.24698444370796552 0.18534246013790454 0.018925491561049709 0.064629441377621152 0.12887308220662397 0.079921007676999806 0.070456940739421284 0.041748144314921104 -0.11831806648329679 0.081964651021676355 0.10458218672175075 -0.1347364739879493 0.046802455529841976 -0.050518422472825147 0.11505348371935423 -0.014525386023980376 -0.019873843414084758
