# Created by Octave 6.2.0, Sun Sep 11 17:32:54 2022 GMT <unknown@LAPTOP-P0PV0581>
# name: Theta4
# type: matrix
# rows: 55
# columns: 56
 -0.020062656368892855 0.11725109387889401 -0.012794620833822958 0.067746410043586183 0.036443965990497998 0.073484516672673042 -0.018229162690863183 0.10957641152013121 0.0089236202918580743 0.05336803024962046 -0.090651227724059688 -0.049583034650295156 -0.10996360816742252 0.12004536857934607 0.11384197842953522 -0.15471044559198557 0.078528208003299155 -0.090784888059633057 -0.03163094517647131 0.032434571561856605 -0.032995097990557547 -0.01748536853042456 0.083023274153760859 -0.046303620114093003 -0.040862554214541477 0.061048209291608181 -0.041071905314423972 0.11098741915616557 -0.13344784008527857 -0.064937805561748288 0.029527592783015068 0.061605230835692186 -0.025110900493885101 -0.046114646065593713 -0.042854891338134624 0.018040082375315826 0.11225642249258989 0.096619695160591629 -0.088958076598144073 -0.051894661591934989 0.075371668464436894 0.061277379854310851 -0.041573858364433648 0.081007924249435273 0.06708191378204198 0.066785376518237669 -0.00053264197021608904 0.0045928731162742271 0.021412362140650249 -0.038318837810015244 -0.14689782084039474 0.10633049228692201 -0.0049425685835134551 0.08393992525244437 -0.084393865665622653 -0.017824370417972777
 -0.11105793358634648 -0.11152317672782332 -0.060135186953924585 0.059264492223330287 -0.079026664770006388 -0.0969473074664364 0.11955065482197035 0.028355336471813257 0.093088071347634929 -0.039791533154178195 -0.0087166569392224218 -0.035556935299801376 -0.0027844677769864822 -0.13900326089678322 -0.010814747389641511 -0.13050709354512696 -0.0052797010475861186 0.085377907079876095 -0.040165881663956217 -0.17841850074752683 0.0484699909507285 0.13894342063187068 -0.04841246728799084 0.069042405295796846 0.06634606099462427 0.14388367555632109 -0.018971640894851274 0.012026796215040473 -0.056093701824693691 -0.050962014111749311 -0.089373821946196405 0.050598870374399932 -0.099814234667358864 -0.082089787768276523 0.044638165950348155 0.022824855076179783 -0.088955202456808574 -0.020712428377065027 0.037719506196933268 0.082976455779832606 -0.088839319521426166 -0.089052002661305737 0.0055292015658795542 -0.066940270374048427 0.1339490000579287 0.1403113243582699 0.055897401514252786 -0.01626168139508621 0.08846819150902907 0.11323925530052815 0.07977211187909547 0.066930183578294861 0.10077961524682424 0.069655504005272165 0.036181042372421632 -2.6537726492467239e-05
 0.06073881585837685 -0.093393552093572113 -0.019496345775237477 0.04998299550413806 -0.090942764219160463 -0.062536290158456284 0.045203241151178082 0.079287287227348804 0.10466895284416593 0.081655335815476723 -0.087438597522906544 -0.070282221728438815 0.085696942352240998 -0.11336747312263636 -0.055954154282748698 -0.012289539616311245 0.028181159627656646 -0.0089967310237844596 0.11262295638753261 -0.0037950945457823487 -0.063999258395390043 0.11372008544107738 0.013715471445169592 0.00033973855913483426 -0.027140850304733188 0.084017830720428288 0.056829445553981374 0.032004754050023572 -0.0016421831868147897 0.015851761606873859 -0.035318827505668358 0.026732018521556166 -0.086244600777970651 -0.0069098298044397276 0.095852901902544849 -0.0067706968772206317 0.099828225635013354 -0.049230053140147396 -0.11892609236269445 0.043611585595281131 -0.13398213278996551 0.017352779711868955 -0.020287384387479165 0.085091472619761591 0.012589061666684812 0.066999862446281228 -0.023197802402381444 0.049418916573580017 0.087154690345601943 -0.14973824175124931 -0.028101177075090904 -0.017159002751641905 0.067046031209736498 -0.11252140234276063 0.023921283146925588 0.1557788238783904
 -0.095784440946242597 -0.0016699214913492605 0.032654939120582531 -0.075904647755993371 0.029291459671045364 0.10971488639685016 0.12676570993846881 0.098044000736470613 -0.19113854637338637 0.097116013858019726 0.046427068737003307 0.10859615082966184 0.074108304865268357 0.16067223508847656 0.052240954524625106 0.1555249632446381 0.0011628451245109224 0.10600994298532322 0.09682750002409693 0.023099615595224641 -0.11666124357095736 -0.052375362783279929 0.075316924811249658 -0.14684885576077242 -0.034646136362606238 0.029410328716594773 0.074533023346843322 -0.10209743424555728 0.04627625520611698 -0.17016232595999256 0.012997729240676935 -0.016792228690633477 -0.078164276999145466 -0.0013708997134094947 0.0027739673749341163 0.11051043776946365 -0.054421997337016179 -0.15382647217409762 -0.035885614609180709 0.084838648279465911 0.0073719868784930887 0.085796130865896103 0.09997629264313812 -0.04657686859984031 -0.075996884504877862 0.0014264052651757658 0.10160913897809971 -0.11590728899225565 -0.0070207946359104765 0.096535477481601212 0.13778073159007301 0.10528073957062416 0.063257381415817826 0.10985382989439885 0.025403652069351031 -0.082712554231737595
 -0.062476741152340691 0.15984205781551214 -0.07118361427775835 -0.1073506521122404 0.072373275901274667 -0.032166012114522809 -0.17317016228734908 -0.095488919235366121 0.047001516739934086 0.14057801754425078 0.032202404189698851 -0.11834607015853429 0.055817967603073046 -0.13090501698364937 -0.03987511184122542 0.11617797953004873 0.0017033668380964674 0.036174172828901265 0.10797515421072156 -0.12360352961997856 -0.0362556394424315 -0.060568506392180435 -0.078702162013263258 0.093466327837212246 0.032616073804497492 -0.076931577149307984 0.0039916026032873067 -0.00067369338707041126 -0.040944659783476445 -0.011544105799223348 0.057277163070881362 -0.15040793364936486 -0.017228743829317623 0.04518157191441978 -0.069663911931087591 0.084506270113640286 0.08682756766725748 0.11176255124447676 0.13826247078449849 -0.0023551979698046037 -0.099855181999752379 -0.12713491099580532 0.0059377257520614457 0.0094373125850556877 0.082443628358368548 0.084018670238810267 -0.14719838524853388 -0.08530693259501014 -0.023901584849510656 0.0015953565627024513 0.11416739906421049 0.072708756826622548 0.052740217877688123 -0.10874209943043382 0.18807011648437033 0.0279982688569799
 -0.10143142188967855 0.097876544043144401 -0.024293067297321124 0.00074085469999495381 0.045074852695957512 0.063518414883406732 -0.054813015229231897 -0.12912997679470367 -0.024922193175395891 0.085142489096267843 -0.040126620719688678 0.049628828055419502 -0.056632092166873843 -0.063316642970555587 -0.0092762275518682036 0.017188863731328545 0.021810906528496345 0.031212409809244453 -0.0375134341139595 -0.12713489505892006 0.023162269580540431 -0.0043345165653375303 -0.032706015283484005 0.074007235325841775 -0.085579677792212483 0.11240159292529743 0.11514605256729654 0.088947278892136009 -0.098939374949801193 -0.12518181431390479 -0.13237739684503844 0.064311457459429594 0.14447290831108814 -0.11601866478440068 -0.10407274861373483 -0.065716080860058312 -0.050975699058664579 0.031987475752357178 0.081650786012035431 -0.046086677313800645 0.070316293988743991 0.020558534228169747 -0.062303094112006033 0.061160353978890136 -0.13212349934937029 -0.091722052852859504 -0.04435902891404004 0.079821836921826969 0.016799197976379299 0.018681075828300458 0.049762032549617446 0.10962780949368781 0.032134931061313321 0.031819926573165042 0.11296147696060642 0.055378648324387186
