# Created by Octave 6.2.0, Sun Sep 11 17:10:00 2022 GMT <unknown@LAPTOP-P0PV0581>
# name: Theta2
# type: matrix
# rows: 55
# columns: 56
 -0.11785655967392458 -0.090784816462649368 -0.11877243391803056 0.065154758230475479 0.12276105500499752 -0.0030625878502789266 0.024335556604849609 -0.071786024083236963 0.11505247177123654 -0.094500178428369552 -0.040983893262302784 -0.10432348525311472 0.072647967950277073 -0.050764828125532749 -0.10352745986746868 0.021229211125059759 0.11121829350067619 -0.091602873374825977 -0.038674887365193152 0.033197895965941741 -0.12235903721697287 -0.11141497702560491 0.092170167279909052 -0.079984467726231828 -0.060128228605253048 -0.11325846587728518 -0.01314221623679542 -0.025442264377631172 0.038552362966146697 0.0045890288595013609 -0.020345496737403847 0.12348884001692666 0.09024422420286024 0.095472101548587693 -0.081082885624845794 -0.068851856135649106 -0.10560838130556365 -0.059709311628666453 0.090338734049062924 -0.042895966408763683 0.0052299123417342457 -0.10358937017708836 0.059132698272469517 0.025303237425764298 -0.091018426374614048 -0.13238927878014517 -0.046617912080454273 -0.11283017931385279 -0.052367919356284043 -0.11212440690229393 0.11654862951966456 0.086894273626544338 -0.00238702008354157 0.098201322577144368 -0.082011530893031037 0.113355233279123
 -0.00089540070957965553 -0.033671308595679891 -0.036292515050087938 -0.045473856212292343 0.043188244336122596 -0.054649686675201502 -0.026812175661643872 0.068610920249387822 -0.046621306855637916 -0.10339089920626136 -0.020922424899075059 0.055100483551775645 -0.068282824051317526 -0.029838906034927223 0.098306267594973032 0.041338908577469323 0.062383182772056532 -0.023403490853308805 -0.10650445389317252 -0.11912793280836471 -0.017652964252504847 0.1300334658834103 -0.048260681041242003 0.0046311905153556578 -0.10754840968789922 0.10273519131409538 -0.03406977958718034 0.045726414308022149 -0.06719040307691411 -0.065930811288196653 0.10795159193155929 0.11223638485278471 -0.064932410980604968 -0.008685590956192835 0.004043745583611035 0.1083519830912851 -0.11831744429158092 -0.050120133374128156 -0.0092548658863348416 0.086354839584765114 -0.034963356003332648 -0.092562284219075752 0.071819241971698575 -0.024989500636568136 0.065739151596572967 0.011179880047747354 0.04822648751038134 -0.062100481618681258 -0.035842086593687469 -0.05588467739794608 -0.06862492374808038 -0.072762336702741862 0.060630621509850963 -0.080423828116302554 0.043189081909374261 0.050033937455602903
 -0.099668740206750012 -0.10698239930785997 0.010120769301584185 -0.0089970861985661163 0.077163119336889852 -0.030274343630142569 -0.070153951984105845 -0.11904716554387393 -0.039109338468388918 -0.019789758277109472 0.048634435850898966 0.10340168939702296 -0.098364526274966724 0.026628971750771401 -0.1104304899394683 -0.045026672326090734 -0.070705563376730673 0.11981439725899133 0.074368026634454076 -0.056774253473780463 -0.077051071413573716 -0.042297936752524398 0.12781256480323275 -0.049646913148220922 -0.035465478056155859 0.020359139734861132 -0.067461733603015744 -0.075204152356626502 0.045852529564157252 -0.087145302401897773 -0.059685618068886254 0.10036210540023702 0.043198384107981568 0.10755676181658409 0.024831215427917299 0.056234066955463749 0.048708601532494199 -0.11909853746164327 -0.10437771476187807 0.13440326497967242 -0.03701848057100815 0.097611598110186507 0.027098643107947396 -0.071208646429436487 0.022853197358745476 0.082251570773500884 -0.062336324378902012 0.0026146350256579954 -0.0012949802157326397 -0.047768909563563576 -0.10029703847948677 0.081829257629454741 -0.069581669303745056 0.061069222830283126 0.0056205440188469239 0.040547116650006584
 0.027905973025859079 0.049917596063001772 0.077795831660126727 0.12732396676144053 0.033791615867594396 0.072975655831692798 0.034107773659728301 0.029465859837979752 -0.17117359407824387 -0.086691264697431006 -0.053449048314061762 0.062674806805081557 0.077284966429748178 -0.12306610594436827 0.11463067556633263 -0.047209180731062651 0.083809265441821934 0.010208605835719082 -0.042692278504281068 0.049798482160576973 -0.044591982572316682 0.040022258919211448 0.029958049253419532 -0.13209307536223805 0.060376347388043775 -0.067311660714735252 -0.09976588567179788 0.14469114340049474 -0.022103155343104426 0.00067294630482851205 0.043172888398769808 -0.081190721937897573 -0.05601356970795468 -0.035156457100587811 0.033569944620861117 -1.3997896837436888e-05 0.00086991711353187856 0.098747415108875358 -0.082924787143520168 0.12924001114354108 -0.058614497866972863 -0.064784435314040267 0.11182056741166641 -0.022720146012683868 0.019667831433850431 -0.091977096951943796 -0.023991860867571511 -0.005718994583266559 -0.046527317578135781 -0.036925000672786118 0.11344106144549522 0.099902221848440428 -0.039262252952146796 -0.1171327250712316 0.077455782518999206 -0.033579260696945085
 0.087867144404513473 -0.085876075494627946 0.028888173714607876 0.12282542555805517 -0.079083348689285529 0.048038758185876947 -0.048199947344361956 -0.080187976338835246 0.11824929766617241 0.051399559772520698 -0.030963770119533707 0.043259937075550002 0.07769563495530199 0.041704539251262232 -0.074143730440165048 0.044181799819339444 0.14048051650859072 0.045062152467592632 -0.0026596956269489291 0.010272594287747218 -0.063386908457101931 0.033737476943861804 0.022506978262688177 0.14525065011815599 -0.039743010803138697 -0.062533343815114967 0.038410013278050374 0.087816636615361002 0.1605406660321621 0.045933184668867914 -0.0642268303504622 -0.018394636130485784 0.038628480748901267 0.010468166600151364 0.13095078678738176 0.10176696651574828 -0.034375106130511958 -0.037919685082085833 0.069273036132925972 -0.016675331284183696 0.11598328256359344 -0.048846988532775346 -0.022529523750802461 -0.052448702152515625 0.14102877613081441 0.0060532951742761406 -0.046219995425289873 -0.077113238018212821 -0.094836117907603476 0.0072088909353862189 0.140454869544726 -0.075928200545597277 0.092489789550802046 0.10263083407071061 0.086787969544755789 -0.13657419353807476
 0.044877816604977666 -0.031444027432878857 0.050893712192799055 0.11884392590753864 -0.088498778214358212 -0.079414138148148308 0.086240596714087014 0.099291644982891183 0.060014576103772942 -0.037775154845336979 -0.082810388417160874 0.14298298246737548 0.046493914051865634 0.034149901784032079 0.018470680862170654 -0.10908362759398157 -0.023701923576363089 0.10006109858793005 0.0065075572933612595 0.096247416679304462 -0.0063263876669939845 0.10243542105996881 0.023505797930054761 0.087954152915282732 -0.0088924076249372493 0.090993129808853185 -0.046823750802442804 -0.068838776767200793 0.041725424632805215 -0.072434639101124867 -0.050550082989677995 0.0032692239094037345 -0.031850482720014485 0.028119919559752453 -0.036129121344651592 -0.11143814120699971 -0.00039786376668913973 0.061657817854851367 -0.089132680786142324 -0.023609999106613034 -0.0018642205488425582 0.036524082944538981 -0.10486503385228668 -0.074149501021392644 0.036482044852173059 -0.11316867890235556 0.075400875099314424 0.07329475149779506 -0.061695636245171388 0.0296631161393952 0.054055933983057809 -0.011302052222440169 -0.082381916151367404 -0.11033180034334628 0.037624841572879125 0.035647230094649901
