# Created by Octave 6.2.0, Sun Sep 11 15:03:50 2022 GMT <unknown@LAPTOP-P0PV0581>
# name: Theta2
# type: matrix
# rows: 15
# columns: 16
 0.010396333094115395 -0.10526507382772571 0.069297355512284234 -0.029868221525728246 -0.11646252015226073 -0.0099626010904038144 -0.053038224816453289 -0.10261240072779208 -0.10669486847702965 -0.082601923484454456 -0.036050241838952259 -0.018356936207134782 0.1022018170985496 0.087217262743084001 -0.011883686217221478 -0.087988599779440513
 0.086226171149861114 -0.13011890651509223 0.083421491762770264 -0.052288114409296219 -0.00065876702961555956 0.097509529255601302 -0.087361688342931051 -0.11602299740474808 0.021669617926810433 0.024319199756039356 0.090752297965267431 0.061949655147456206 -0.041008562084142879 0.05631069338732414 0.10530909759811874 0.11605190822231896
 -0.032689674687865752 -0.0084297853781680025 -0.040696141809610079 0.019987005222628675 0.067756967127071813 -0.039081811038429483 -0.012315665771895974 0.20237145545682184 -0.13527646029549423 0.02682806291809383 0.14172817187181211 -0.13485628314847142 0.17919662823814306 -0.04147216391066294 0.063009922721872974 -0.045232747597241434
 -0.036995499611598356 -0.12947742682906652 0.19386202795903118 -0.043300219329530716 -0.024250609637591548 0.025179051015787535 -0.032672397023541778 -0.23227810871072571 0.031190426336425423 0.20186732393309834 -0.081682776581399774 0.016092417704833765 0.054047213796175018 0.072507048086053474 0.0072897963630153837 0.088197021297841793
 0.059383131957888594 0.16742576570596174 -0.097669254510519263 -0.073605036993167311 -0.04594183732497438 0.069254642037861969 0.33552607287561398 -0.00040973078361824659 0.23536002201342246 0.10561375707660149 0.034043527006593972 -0.085923620089141325 -0.063298230820281381 -0.0753913927956045 -0.10436573168790149 0.18609192226422464
 0.11698923557050309 -0.028700478291862907 -0.034879079633684806 0.064148847331251382 0.0062446095387483627 0.0007802036609586701 -0.075066866359490309 0.026397157068568881 0.080305303026442884 -0.12207030107317086 -0.093679618708736714 0.11410981613738368 0.063152468996115554 -0.066861202494623073 -0.044635428887793135 0.025471913505415101
 -0.025163658949629811 -0.080777704620822094 0.001586512897261856 0.014968237912142227 -0.10014318387653456 0.093704324268248734 -0.085224827803332751 0.069513586892803861 -0.019705350045489324 -0.040617136437165392 0.041644858429148633 0.063546532168768821 0.04748633391057909 -0.097523104028335902 0.041840124308009603 0.041767627060234187
 0.032740406361310641 0.21234518370952488 0.12130769047439861 -0.027851378067466511 0.13722872991398721 -0.15674107310299296 0.24060401363804881 0.068327117973140103 0.16540095385397868 0.15013788866573533 -0.30127946246872894 -0.028350244998534068 -0.084852376196518364 0.002253633443358989 0.12330950324017495 -0.077004949371900916
 0.052545384312514917 -0.25078650140322556 -0.021973495348557543 0.080325046791505719 -0.0084204914180547284 0.082011072192648013 -0.18583648748315759 -0.14358946541891271 0.017583176736654955 -0.10892021925688379 0.069413880613374515 -0.032418089574117327 -0.056125913422884151 -0.042190520181335622 -0.052390600731985634 -0.12231873827627983
 -0.03176096400997095 -0.067307913874608688 -0.10263567233269387 -0.075420846811992223 0.010417731232140173 -0.11358171065270987 -0.11586206231290207 -0.064394879391847709 -0.1004231864137539 -0.11055273438053495 -0.06142732790361953 -0.093585381277522028 0.019939476563498509 -0.10485863481379198 -0.036709074196523847 -0.1131587298712188
 0.034871259579031019 0.032274457000884646 -0.085562701233421468 0.0047055245919328534 0.20072506116019956 -0.10462208631894339 0.022168535122915976 0.14264690115957099 -0.11581244558774788 0.2309494340642495 0.034055506670325718 0.073769210520781447 0.15263973227529476 0.060178751392992669 -0.049648355548594168 0.17687131233144196
 0.048239912138586721 0.2107047289077407 -0.07969515536594074 0.015505791471641803 0.21254075420942181 0.097419851110779485 -0.14789380722323262 0.086933540127745346 0.22654827614020201 0.061995996354671914 0.090349006883815627 -0.20453719092972525 -0.091309556555817586 0.00065382167867262782 0.038552635830285342 -0.071049950588103095
 -0.045804738215492122 0.28037275096959208 0.14688077766243166 0.032220555004624243 0.074871816627459578 -0.10769983826695853 -0.093384391114844478 -0.074894046849184881 -0.15303663387233721 0.11567777287938855 -0.045923754027917242 0.14964529012394243 0.014853766697103575 0.066911465378507035 0.143498582541213 0.16172691344426054
 -0.080235003325711887 -0.052011646482344728 0.13685100793026167 -0.21760044500344619 0.20133597399848613 0.064888782754432342 0.10900009486822182 0.10435987345159277 0.1447572949961467 -0.026339064557899933 0.11272103523256363 0.040855025534457162 0.048533250304274966 0.042010975028999552 -0.00064418578928083115 0.12080517809405732
 0.085598928893140372 -0.13865862288368769 0.018129106018785656 -0.11304781172953843 0.086854209233820354 0.08852080008254111 -0.14446041475747218 0.11594111303404811 -0.033708298595840097 -0.05602622693760221 -0.025195044439932219 0.08194971861759727 0.076800007501426695 0.058531733106248311 -0.11570818526736183 -0.12420822194786529


