# Created by Octave 6.2.0, Sun Sep 11 14:47:46 2022 GMT <unknown@LAPTOP-P0PV0581>
# name: Theta3
# type: matrix
# rows: 25
# columns: 26
 -0.044981566710428807 0.082959537644527626 0.15478701996440627 0.030298532548937846 0.066055120335003534 0.042276848198169119 0.07389039551521169 0.037858358848349032 -0.056179075834997927 -0.013088726617956195 0.0065615537225635042 -0.027959774882176401 0.016865910165487229 0.096726193453478979 0.087893329176561161 -0.13892360931394901 0.0029377459979887124 0.050929982299981788 -0.050794446067726401 -0.066856353401813007 -0.18397407228670212 -0.12680472108780805 0.1366496321986575 -0.11581823942164257 0.14474939123437733 0.039082269112126505
 0.018397592825681756 -0.019894754263950615 -0.012432995028709102 -0.055745786429194526 -0.0095692792523818064 -0.074267655914643876 0.097177630850890817 -0.036629773183697902 0.11145112312620191 -0.083481600633155406 0.01711987986198471 -0.037819110360381644 -0.11015403193829205 0.053810674954973658 0.0013418640583540264 -0.088289856014124854 0.11845771527160673 -0.13564295305465027 -0.032170819244817996 -0.11227370954015987 -0.0025996927551363439 0.024841405546886498 -0.068686907737158132 -0.0022148666759752448 -0.022285963770030105 -0.079964578934361097
 0.014976932151305095 -0.079041062221918076 0.070747128394423153 0.079222343520588018 -0.08905789958553291 0.053991403398456615 0.17796406272186183 -0.069784099711528796 0.060488675484711076 0.0040772213343620214 0.17410460735622868 -0.074909644954114521 0.016565879623801336 0.063960712681089688 -0.044049662613191515 0.077694353443849146 -0.085433687231825511 0.060431055986363419 -0.077770363311638155 -0.026975100315019835 -0.031044163736183152 -0.090913139831441558 0.074841108646077945 0.08047274143108829 0.094467101319179986 0.059063421375086168
 0.09197760886929722 -0.06214928391113568 0.021719773501351122 0.12065353180587479 -0.10735699736928429 -0.098180533369521969 0.1619837696629918 0.065333501003885339 -0.11971514373129925 0.25543500721573387 0.096338187698121719 0.033969578096072532 -0.050799246588648678 -0.037431939556722978 -0.07268002081197264 -0.069880414369893298 0.075168538760986281 0.16508253098288037 0.16516208810843516 -0.057577619429544181 -0.051879878090868227 -0.11010656235626815 -0.0063725815390434995 0.088639206773018939 -0.078691990110884277 -0.010861133812992828
 -0.040948145278887654 0.019893416491911078 -0.071689430632265655 -0.054836083840509045 -0.14806826066261916 0.13109837506063188 -0.077765762740968192 -0.093989435969645693 0.0056967205543706195 0.056273651195985319 -0.049954637266768687 -0.024413652237663286 0.093113255511246079 -0.13204639685710723 0.064335735507743588 -0.012916310726403209 0.082606402071204094 0.11714924055205185 -0.18915601125681969 -0.17755748580371927 -0.022563261469078683 0.14891152215960302 0.16552988483499631 0.085129092500861869 0.050052107380278751 -0.1071161059977867
 0.06873864038198961 -0.060156183340195304 0.12548840968510205 -0.14013640995718737 -0.07530205840856033 -0.014386583971140779 -0.059880748725628943 0.093737692680508106 -0.095568307173871644 -0.020740187777356759 -0.0006556224876796997 0.058201217994395149 -0.070296052470093282 -0.10848988670436156 -0.034041999712687024 -0.011906269140843887 -0.11787678470875368 -0.054275736924071366 0.11884112324177297 -0.010363452029490544 -0.048478297962155678 -0.013893820924202977 0.12133954938351164 0.13517383103553643 -0.020403619512924659 0.05439333930817445
 -0.0094322985449640639 -0.018407404455976488 0.036684706258558436 -0.073555448670559118 0.017458055421059111 -0.048920406771800727 -0.025612184314630571 0.03434028447333478 0.10578585123675832 -0.053704547498607508 -0.12009733399991895 -0.075899630238605811 0.0084204780353144253 -0.10430204259484387 -0.063187604003645592 -0.0070342112038574807 -0.084800105434164844 -0.13348556428980085 -0.027421881046151609 0.05194330697340558 -0.043187949198433585 0.041192776979724996 -0.066509467024090496 -0.040991085721280025 0.066243427205536096 -0.035738155321713538
 0.007594273768388211 -0.04350163968414044 -0.17535485220774763 -0.16602220248123384 0.03691094568055063 0.045914330079513205 -0.054483441012133288 0.073724511366789897 -0.049836051386065824 0.16360333978479158 0.13847854934255685 -0.04258833802025052 0.097098651856139764 0.037732054011350949 0.13857676281072817 -0.051603440070168878 0.027260372403121905 0.059241043002736658 0.081719127532377478 -0.022701844734317328 -0.07713020540189075 -0.05588358414024383 0.20517529078089605 -0.11590577502958242 -0.023464589701100595 0.014659962219859829
 -0.097367998373042469 0.025819946846536896 0.066607622935310237 -0.12825699112772765 -0.032840198846091288 -0.11195358107246677 -0.12001703736257084 0.096864428762601387 0.0050229369280874563 -0.1255742081668354 -0.025525054370313882 0.039584673231833109 -0.10793978816557714 -0.049511318711146141 -0.023101401918224157 0.015648692111543155 0.057869769682407389 -0.10283605771175951 0.053611653022429054 0.041389634880326466 -0.033637616858902479 -0.031832785803331903 0.02057745522534072 -0.088717866676320367 0.060042211828226132 0.1098125713368987
 -0.022076331039283345 0.095893881545258089 -0.052031368871832205 0.13209654485375341 0.10317692359615224 -0.060878829666219055 0.0050569156465134742 -0.061538941434366834 -0.065095547799512904 0.12125431956607145 -0.13528078700860677 0.092008252104645055 -0.094746058128636498 0.15437763779189695 -0.037109380805464096 0.069246520376268939 0.095162326488813578 -0.068270427811890036 -0.064870308644952079 -0.031901174833453443 0.10052150021880445 -0.12143835948024011 -0.0083689537510206937 0.12923855487725733 0.13867415793126212 0.043258061378097915
 0.028745943591114369 -0.036020111560823784 0.12254503069054487 0.01673392474652774 -0.049374336531368003 0.047869545753191078 -0.021420863273627008 -0.042947951707842685 0.07575946792810799 0.012092578548360192 -0.081697902395485564 -0.029164013512489307 -0.13990981219696672 -0.079808874872110899 0.08464725503676046 -0.17582864958360844 -0.063702941336245614 -0.060894086472968491 -0.070302127321588401 0.039416894558958915 -0.13413773708791102 -0.14087255721370176 0.014719353138641511 0.083912224085446518 -0.0035931918800977459 -0.087345408187033055
 0.052422276433741394 -0.013849129669321921 0.11429073402299393 0.027009191035663273 -0.11464678040059478 -0.043588534085062462 0.15218720577092565 -0.0053407791009542627 0.044461420672618872 0.025437283247247065 3.4221629518556671e-05 0.01504895967796591 0.11567874463785389 0.11891810322103856 0.038407775558695741 0.040230521066949881 -0.033211096483190261 0.01998855036314303 -0.017073908642854529 0.11743120147174127 0.018505301583841983 -0.18723164454255775 0.10904482862437166 0.032120311307903666 0.018541482913037657 0.069273674805044649
 -0.10073242525381491 0.066934964334228034 0.13452236791816419 -0.038592354897388499 0.064245222131716698 0.074967020811283522 0.062137105269344226 -0.11350209318171924 -0.094914765874903342 0.054436403362687409 0.097680329750516201 -0.042464864464118152 -0.084152955565722901 -0.0093928027121552259 -0.17376893506473828 -0.007284565030525012 0.015869902197147883 -0.069428324666296573 -0.053562287457949304 0.046295025373103059 -0.12196961179578109 0.035237249217590458 -0.057144314355974425 -0.098110999711151864 0.11452299004930469 -0.025112155262731618
 0.047956821067081275 0.077584256761333195 0.044908652414033114 -0.028590918300731565 -0.24418386528377203 0.070057330911155916 0.09535688752945827 -0.04271041669766816 0.020053703078927794 -0.045049777082838381 0.02857169459399328 -0.072398351270124284 0.05947506651174244 -0.11832436627892222 -0.041092172626087387 0.13267342459679449 0.11523866187272536 0.032713929173536063 0.02277496263758829 0.025160321142911415 0.017682391242311562 0.24792137074688952 0.063495266573509318 0.11089262357377372 0.021500580892840317 -0.045290911490617126
