# Created by Octave 6.2.0, Sun Sep 11 16:54:40 2022 GMT <unknown@LAPTOP-P0PV0581>
# name: Theta5
# type: matrix
# rows: 10
# columns: 46
 0.12516422619457179 -0.052809669572107171 -0.076035809626803966 -0.011938914314457906 0.05030163238832553 0.10088181561869947 -0.0051892774688519815 0.15123179125973246 0.004603865516257956 0.096164998873854532 0.06796189464685537 0.090220202935545432 -0.028491756027809005 -0.019898282047247685 -0.013771287036137753 -0.079746794380057967 0.066948828833027066 -0.069646511806737782 -0.036991481073337613 -0.00014949524857948575 -0.064469333885155161 0.16500732135568877 0.12531599311592251 0.050644090775151834 -0.02514965684616292 0.087939090297484285 0.12175537665599545 0.073818666887715656 -0.023931789778440685 0.0043297876928140629 0.046750183685612748 0.14239760530312329 0.0032106948149186318 -0.11386847179996808 -0.04947742898324041 0.17694299756793586 -0.029427880054004839 -0.16086975682765284 -0.013382482244081312 0.059956007868704676 0.075201950878911308 -0.12644930254064018 0.13822783877768713 0.021713678939990214 -0.04986777369440866 -0.047186706107517483
 0.075929793575265886 -0.10105745451850907 -0.028776071995820673 0.11286059884155533 -0.048885007095908005 0.20955501389951448 -0.066661507672443124 0.013393852896535904 0.072579030202402278 0.11012289405011723 -0.062560163770880778 -0.092541713515602711 0.068408780310660638 -0.0080720903910634252 0.052032684554202284 0.051372379993210746 0.11439601050317577 0.043449827650576929 -0.053552398789962964 -0.109668388283909 -0.097945712185155479 -0.16014228412821918 -0.098675646974871606 0.072874176796486792 0.0013659918160011289 -0.093477026879720024 -0.045187393110087092 -0.10386912377174679 0.0054624024293486451 0.019127613487339525 -0.027186970969251222 -0.08126010696864383 0.10306379049772854 0.1349044136004775 0.02134107833400473 0.08698259193098884 -0.0096195850637843944 -0.074532816744169991 -0.10369879078216714 0.094169604231367193 0.048798525955709923 -0.039271173599494488 -0.051122593742796589 -0.13062488097680877 -0.027243369967829709 0.052214257439918928
 -0.147707488946799 -0.077469895325418245 0.037297639254030561 0.038787255031836033 -0.050430656742224356 -0.075872824471825417 0.048123611913279941 -0.015939572912775448 -0.043194621255467844 -0.04972150652979241 -0.012872388835017221 -0.043570123460181381 -0.081598754903937198 -0.053912126025824146 0.0703998934031521 0.23263944143415716 -0.0085657889702067842 -0.024149116277177914 0.13948092282607114 0.042539721243567301 0.10069391783878241 0.061887309966565496 0.03902677873877794 0.11310901531465936 -0.11641387323037718 0.11748898312762161 -0.030050766943018819 -0.065608403989431963 -0.12375880753688147 0.062978048401257258 0.096610278684911177 -0.10261446349052988 -0.0023169879748846807 -0.0027645119645905683 0.13169017813647518 -0.08353262455505249 -0.13209317710679633 -0.076269660277554344 0.050258142109588698 -0.0082804458936871304 0.083013456529566237 0.031998176789230066 0.045280127820566708 -0.0068225221868353217 0.027792203917758461 -0.033806705331494984
 -0.0047151635749572247 0.021421628061035113 0.13757369032408132 0.13596744047929724 -0.16762021346435263 0.06843070913471741 0.01163827806595499 0.10726132944498488 -0.054934366270616874 0.096636418888461736 -0.084839313650247924 -0.084231874753781438 -0.083523369880801224 0.056108873002135427 -0.035193714754896549 -0.14444424455126997 -0.0073425024611766618 -0.18268159269819831 -0.011217221106032875 -0.02682155798024239 -0.082751467862073699 -0.13358442694327796 -0.019363264233567368 0.11782551024315607 0.047619086015543537 -0.03253254732466599 0.083632252806802115 0.071648671204966707 0.17050853926823073 -0.057663596025463691 0.070246462987294936 0.065467627646117799 -0.1497371887311422 0.21461235077925245 -0.12023012853137034 -0.07545832384638862 0.085243463151012569 0.010830808390253058 0.12083804364852722 -0.023416641050172719 -0.14230825991018703 -0.02772632700267226 -0.091860866317198642 -0.085457771238825836 -0.20157741431712739 -0.070446061227853643
 0.091646788758722716 -0.019901386052479889 -0.00039720812122570381 -0.16673488387233656 0.038045030709509882 0.028177011772821347 0.071992771662218 -0.15201899797922502 -0.067843986713723506 0.19270060982590118 0.058919224794184211 0.028341251452125897 0.029494899984376918 0.13638819526225088 0.0065005643629826755 -0.085318385230117089 0.17723151443806137 0.022080183108607463 0.0085314657489615735 0.013012719921144174 -0.019587070949755099 0.020994372101205146 0.14169895388872705 0.10762936850888541 -0.17879874219465194 -0.013212104666874709 -0.021612656211242347 0.042145538674148053 -0.022207547251651225 0.09814001270196504 -0.060253244962814943 -0.10364283793959284 0.037546569838138692 0.054799368969142746 -0.04069023055420324 -0.17287102046208835 0.035993073690874566 0.041185611168918244 -0.07714441944651404 0.027220328833212432 -0.023243420931377691 0.14379879356359473 -0.14558406412838881 -0.11091549876167064 0.1015090123547199 -0.10133345494859176
 -0.11040441791211904 0.02210328613147048 -0.030040450580059084 -0.10323134771450616 -0.13463027531857574 0.036700167025586886 -0.086828169028967422 -0.099719662390896163 -0.065188029110656479 -0.086436150898654807 -0.038966178715860528 -0.04567768708182899 -0.13839014069443717 -0.10309614689289882 -0.10899440695207156 -0.045336368760352547 0.051258981007680476 -0.11920678071135479 -0.094389811615777683 0.084812568757750784 -0.0063043027968575855 0.18455736734916883 0.024255173393258438 0.053776926571540852 -0.031803461066774286 -0.0043496509677001804 -0.096546910321304399 0.060202159128097683 -0.015669756291162858 -0.11259522488348442 0.090334039971513722 -0.033942681710680267 -0.055126677060661093 0.11189770644837428 -0.079091067520252412 -0.1216356559168848 0.1320517893828235 0.087121546958038809 -0.023812105036611537 -0.034689763419278923 0.013522133291806177 -0.18638151220442867 0.025549980632354922 -0.048457457613713242 0.022243550036139269 0.14805553855480189
 0.10023018561475187 -0.018337224361763767 -0.13819787787398616 -0.014661178482666022 -0.00066078642894212771 0.13291296569702957 0.1140040418453863 -0.032651797252473851 -0.050942136436120215 0.09170227752000279 -0.045159155886468641 -0.084652445980701457 0.0098964596448459403 -0.088988841788243511 0.027708903474566424 0.099493548479219457 -0.0080441740618153838 -0.048402339284677562 -0.014121997016744783 -0.021626082380531722 0.1108386796245546 0.040213850292131273 -0.13681752996387372 0.10996376741983356 0.012548003745118556 -0.17276402269829147 -0.074256512589289045 -0.10997792378734396 -0.040736070823125491 -0.064884651852772993 -0.10352238149947247 -0.022506188661757444 -0.037188552752192634 0.017867920781081268 0.055666330095294279 0.0354839294202405 0.10927871668292323 0.0072852151613015115 0.20194942074368011 0.14801876608961428 -0.1139458833095874 0.16616748110558038 -0.096068949058314798 0.04223523904221245 -0.13806600863762983 -0.066152767695933395
 -0.072003474833010284 0.057899359098563273 0.060860781286417559 0.10085209904773082 0.12338203280861262 -0.10077717805297116 -0.00016334837060029677 0.040783074160146891 -0.025140928048300544 -0.080827144696315786 0.015221345470975495 0.06310431393385231 0.1242977833152608 -0.078205784885790108 -0.071732069283050523 -0.075163511938559843 -0.14650549105161542 -0.06841337853511345 0.10862122649022066 0.14805923331343382 0.0033058714995755196 -0.032219492368188683 -0.080120720457986003 0.044872928349626105 -0.074415564198815259 -0.10781296397537619 -0.006019740824914869 -0.12188210676147879 0.014627885085239918 -0.0601058671985309 -0.12231639228526545 0.074231068008537834 -0.093367495029342509 -0.050792476418785218 -0.11080784240378905 -0.023844460318924808 -0.021727925871975674 -0.1216860525263076 0.020649016311964877 -0.031830553904421188 0.1223133600447073 0.034183810702951699 0.10133268201779391 -0.011928567840372073 0.15508121014413975 0.0027443442561345824
