# Created by Octave 6.2.0, Sun Sep 11 14:38:34 2022 GMT <unknown@LAPTOP-P0PV0581>
# name: Theta5
# type: matrix
# rows: 10
# columns: 16
 0.013898668097039636 -0.16842764789243644 -0.078650378550698827 0.21361142539602995 0.12650892869865499 -0.001269900377771252 0.13697124238254879 0.01289277331206061 0.0072170661565943714 -0.032530958544899562 -0.080286691788406805 -0.068383691706261324 -0.073912882959192808 -0.061857525395551283 0.19797977478374845 0.043877675198762935
 0.060837945135440677 -0.15352984468456987 0.17651647520210509 -0.025400833612421441 0.057921461377311162 -0.16076613323583416 -0.079634322102415278 -0.10866378590894474 0.12278835584527543 0.06493616604950958 0.1394466645287549 -0.074532060993454982 -0.029919840082818963 -0.14480489766909585 0.066424056945096704 -0.030726140478404607
 0.13771151585450619 0.068887605455230747 -0.093740562072046313 -0.076969898314524096 0.024093939311720741 0.19992695973692107 0.016527934314596576 0.049981164243636279 -0.082352696525458416 0.11701049272980425 -0.032916673768041443 0.047019291382526536 0.12539451809131547 -0.18009642097580134 -0.11049977858760904 0.076644219741320921
 0.042647890151415464 0.12171474307874902 -0.074677981448539474 -0.052884310701937477 -0.05820482146916222 -0.077646629648124799 -0.015574749289753758 0.10893015794729705 -0.0060732517345792403 0.017062669495507089 0.20283096021033706 0.11483344286789855 -0.047964974482149703 0.033535567637187076 0.11745901831922874 0.085572880167973403
 0.1892591701453924 -0.053872133298710469 -0.057698363176562455 0.083974781318906691 0.11977568028145326 -0.11964999996274693 -0.035754291764170922 -0.065428791487620028 -0.11216308946057359 -0.040612429348957611 0.067900046365863526 -0.092925562461807346 0.25099358593875842 0.1751756965926223 -0.036651485959609716 -0.016563452285239675
 0.0028194445763958338 -0.064868762784239309 0.22273575593305717 0.10770720031183396 -0.14397362987655238 0.014858286512089831 0.14935888005138273 0.045064617814244944 -0.20486054142038135 0.012463521591410141 -0.094108730285092451 0.10716982722239835 0.017747008498296794 0.12229329996514263 0.2195979040819786 -0.1129812834190367
 -0.040283991368505072 -0.067058866951348661 -0.10287274882187064 -0.12221398536219955 -0.094443196249604774 0.089771721135533028 0.0048304624355635173 -0.055457565191567956 0.32289123018190563 -0.065773878121785367 -0.21906333845884721 -0.057518504418291649 -0.1020923265498281 -0.075314424554022125 0.026241882601758814 0.010106362764772074
 -0.041481234456626583 0.011852268320886462 0.020830566702516397 -0.051710256284752204 0.15768269623862921 -0.088960616948511387 0.1300541772051686 0.032570889539697709 -0.14040236828647065 -0.020588572130866341 -0.019480652329557358 -0.14188679321700323 -0.17929903295645924 0.013163876374148818 -0.15839884159434017 0.00011705710649211667
 -0.14989080974878838 0.2676539773286073 -0.14915720273303559 0.06497594221528491 0.014526629683954 -0.20711262472053948 0.1399316282685954 0.0051475010801375742 0.10004403533212777 -0.27182020905824561 0.022795359586866515 -0.058598818866663772 0.16187055550894219 -0.019014493342979166 -0.29748696520357798 0.035904765568294195
 0.089694081913139573 -0.01399144728683206 0.04986703445922773 -0.099399050258242708 -0.16342967581712103 -0.080233680976232749 -0.099181327883764381 -0.10287703544759776 0.026233720952465477 0.24734492397679239 -0.059380319705386118 -0.098686246337629457 -0.20917679508196876 0.23878421825803084 -0.081166586188092638 0.088411828057234118


