# Created by Octave 6.2.0, Sun Sep 11 16:40:09 2022 GMT <unknown@LAPTOP-P0PV0581>
# name: Theta4
# type: matrix
# rows: 45
# columns: 46
 -0.10982722753996534 0.058084299932711594 -0.0059072596884996581 -0.11246480508296212 0.15170338757456431 0.018820967907541692 -0.086981855499164845 -0.063544383214496028 -0.020461055404796955 -0.021855488623955224 0.12538395055766183 0.050663332276314983 -0.010375707122034849 0.15029368311661714 0.024161043711976853 0.13545309190168442 0.070427143277745297 -0.0017458834126091694 0.14055826450513759 0.040491197378691196 0.037801850799538288 -0.044927667339911437 -0.076018585618057785 -0.053862460592925591 0.095290966493871671 0.13452337845510698 -0.14021347604608236 -0.10880963358725693 0.17028287654703492 -0.043008364178070503 -0.050218628618678596 0.0031619635806981873 0.0088883458953854314 -0.091921343886147297 0.1001990797927394 0.097812101852885899 0.0425097984475932 -0.12694456436900589 -0.041547030166092312 -0.018925071960827714 -0.07865367244343989 -0.079763562895572876 0.065963759042255071 0.07442353110431689 -0.03646761803244563 -0.075675886356414243
 -0.078085110442184427 -0.13588575896094773 -0.0092427566567077242 0.05002885446126195 0.011391179608728296 -0.044147512498403992 -0.076085659615966653 -0.010254459658288148 -0.04810633675913728 0.092605913357441019 0.094077361969364684 0.07105608386047968 -0.084376844229188258 0.036209613224225001 0.023744294865603918 0.058351274641168814 0.04744808575530364 0.0054584875439490123 -0.010176002178828743 -0.068335645656174823 0.040410571095572181 -0.097939416492017345 0.063057872313574542 -0.023359850903748883 -0.00040873438859148078 -0.044932035198611775 0.011605862738118871 -0.11715943961169731 -0.097512497358099193 0.13470864408942215 -0.057897165747185182 -0.052610921837642696 0.021705410553047835 -0.10936943865545898 0.01641354231005436 0.081650226946092613 0.12870438640239948 -0.074230832394437021 -0.0063141658384295142 -0.072801632042970188 0.13844716807201399 -0.031814957962107183 -0.054016098328594567 0.041765589389937532 0.01114182370579821 -0.081384075264398795
 0.073089918226840009 -0.053997327139296378 0.0081880899286224263 -0.068529198676375122 -0.039539148659031194 -0.048005211249307497 0.10010186970105908 -0.033293471229104699 -0.11873278683921001 0.060600821731173045 0.021007619172221721 -0.073397437286025144 -0.053908394249750413 -0.048913730244033379 -0.055867119977420825 -0.1216143278909457 -0.082890793957340739 0.065652119280474736 -0.10663992339292866 -0.094914532035678942 -0.072121514856495886 0.0012869275878347717 -0.014419170513384375 0.12313773784135004 0.039673626340427967 -0.0075976688034595603 0.11928732165785574 -0.062923718429199735 0.1007466339594405 -0.01969259264438886 -0.10490972876025224 -0.09139270965947198 0.06944458251586702 -0.0046221259373488942 0.078177485694462145 -0.022270157786082379 0.014017487375670219 0.11893904280570454 0.0075647278073666634 -0.073300383589521137 -0.054043608524844189 0.075143013620964053 -0.037814641522089958 0.014298405167678611 -0.05949781640044547 0.069217488395368829
 0.0095233845903910097 -0.08765013706008315 -0.006329037522982096 -0.045790453309557798 -0.090648477742860764 -0.036460743222241514 -0.071871483297957797 -0.028946883277602128 -0.016848696366582903 0.085061685833341505 -0.10021220955835394 -0.023007519117668986 0.023239717832134306 -0.029639748479633656 0.09166617801603473 -0.059600048538019736 -0.083605123573835038 -0.062236725281665239 -0.0069896805665240385 0.058824478371193048 -0.08374214698511552 0.059629510293128407 -0.095412236266474007 -0.087737084323000758 0.039694402774169191 0.0084052920320947574 0.11131080908862495 -0.1088396775984366 0.022235616804490238 0.082984094873183631 0.024377992325240388 0.067823128199504756 -0.070751618463998786 -0.072810606664906394 0.034639479463599056 -0.085628305389520112 -0.033750380287119026 0.013452517303402349 0.075441634338148711 0.010877111545565768 0.065085329178084558 -0.049217646313823631 0.10087141504248084 -0.05837086316356218 0.0091879131806727448 0.10053374701366367
 -0.0071424890312927133 -0.026589287985328662 -0.056605434760276942 -0.056842849914092712 -0.040574303726530939 0.080075559433448504 0.041459081177875362 0.010891707406777307 -0.10582643583589348 -0.063861003192678192 -0.045003613962045615 0.096725924093735191 -0.01589392383842167 0.068199004282068459 0.061180279891167554 0.021408510693731533 0.10319838816381262 0.076595170301443777 -0.0075631673772147082 -0.036180645662119176 0.031759293291955239 -0.12140892651037412 0.10094691932056114 -0.059052081837125459 -0.099186776332927551 0.0046268111203806115 0.060473127713027673 -0.017335031489522534 -0.02090563678354496 -0.059409360059476765 0.029096416288768075 0.067014648260179138 -0.01058087374406114 -0.084889437041980861 0.019924618740149898 -0.037387954704001435 -0.13233990952026201 0.10362531208739671 -0.095336683730100111 0.062564468376647864 -0.070491943820318273 -0.073764682928852868 -0.012651976372130511 0.086907953855469317 -0.076232989211615504 0.049403840293215588
 -0.047106087527588381 -0.013141388721417395 0.037975336030104972 0.053522769246998454 -0.10264755993846264 -0.15800953839461326 -0.12080092268961284 -0.054978793600375227 -0.0020081891643870605 0.040012509332123761 0.052603041026488835 0.051513372310261991 -0.091949798367118266 -0.11026627865217296 -0.081587996852071715 -0.032598663711260509 -0.12106587355531799 0.054914227048700991 0.089139901516899156 -0.085068316671507924 0.14127974105275892 -0.050588328591149104 0.036684663860733734 0.12079606120647469 0.085940009362650269 -0.0075211998577004793 -0.088201672703913422 0.055089798118978496 0.032211652509337045 -0.020082207195261961 0.094917921849919318 -0.057095148436178633 -0.095163574888132346 -0.093879814253921168 0.083715695658993436 -0.06399820683456528 -0.0032474241264734503 -0.069270408694634314 0.037841725433275269 0.10877664831776568 -0.10456770610886884 0.010952787342959753 0.10243266955321492 0.018491151843907649 -0.11121166422707703 0.018031951540981393
 -0.10253785874662967 -0.024331927768032682 0.12214822742170979 0.016729929231526254 -0.02549114964439048 0.032443212198280523 -0.034992565284000576 -0.0011269977771813126 -0.0070377808524637311 -0.11208015891457759 -0.13169170233446262 -0.035674364931974983 0.0098159748497605205 0.0098271242326458605 0.034409927847619336 0.0047495506670650568 0.0076366872375194274 -0.076387942252089655 0.0083501534204665929 -0.084793036511619513 -0.04570483547066586 -0.014587265161415829 0.086182770241043649 -0.027920229627107319 0.007270873665384917 0.084225678431636183 -0.083946616264418697 0.023525606221973347 -0.17208568309942796 -0.073495066826822483 0.13956248661374404 0.091684042532753543 -0.048776908423767119 0.056199610497040087 0.014143570196914432 0.087974587331317675 -0.10634461101722904 0.10199224171025077 -0.082091853729482731 -0.021090483087903053 -0.13952471879018055 0.093960382316180383 0.013390582462185933 -0.011451793991885858 -0.1244223111409468 -0.11143123281519574
 -0.043541543267608257 0.0053503567734355106 -0.061323923183956144 0.013772326304443878 0.11740642474697653 0.024563011037822238 0.14821136992141909 -0.082819629690959712 -0.11210628882819287 -0.010576159935876499 0.052869821897772645 0.10033786581386274 -0.072513653273788919 0.090562587961904806 0.103913517987917 0.05579151539296201 -0.04313973111833893 -0.094237986319041497 -0.059332378810923118 -0.11479098496002324 -0.11592361468577562 0.12733125044092408 -0.080611597142465574 -0.096997517770789812 -0.11690170806687374 -0.11125666147485928 0.051547793134894812 -0.013044073721328407 -0.12088168840594139 0.055073889003791156 -0.11885278828329003 -0.093275497064249535 -0.024419942093373465 0.13956867376127169 -0.10781469781830097 -0.10855089068017862 0.069721321380512666 -0.079683623425849545 0.10169887472240083 0.066500836294318827 0.10475220252561146 -0.092292469105348315 -0.0074812491792289578 0.0042042337644775151 0.012177444088814998 -0.040133820002258166
