# Created by Octave 6.2.0, Sun Sep 11 15:11:14 2022 GMT <unknown@LAPTOP-P0PV0581>
# name: Theta3
# type: matrix
# rows: 25
# columns: 26
 -0.067725397064989756 0.075399786768493127 0.03228471698382139 -0.035236573145063184 -0.12638171964681952 -0.060157458267703114 0.083415869871845086 -0.015059569384955281 -0.0075213310596501009 0.086371927839177673 -0.10568027325491307 0.045047017795169245 -0.029644485811547647 0.1690177552313338 -0.10014154734138343 0.12792483061756516 -0.087073367072906679 -0.070560118880756029 -0.060041164911455558 -0.028599014566571455 0.19623777043932122 -0.0049651734436308905 0.13295775400749463 0.12513408318547625 0.058059112811694701 0.10490389910644357
 -0.053261270798499412 0.057570221664936708 0.034866450837164428 -0.13141652981240534 -0.0309655355360932 -0.036572164492426479 0.064060692365839139 -0.098599486451641294 0.063305265938126506 -0.011542729407179767 -0.0018328781413576272 0.069925751616509865 -0.020972674148906134 0.0096230300270885149 -0.096869973444004859 -0.045996725445327694 -0.048360609667735331 0.060360038878488127 -0.11449460524005436 -0.069478850524904157 0.083923993618226431 -0.077533788583428354 -0.15865689114728454 0.018180683114050755 -0.063867952937557426 0.11520581987950476
 -0.053639083333066974 0.032259800410263634 0.055182218373155241 0.073136148994414479 0.072156876523993801 0.18941824250805975 0.16997706199406604 -0.18929625219539556 -0.080038408936434643 0.083824534669006523 0.17577201612180188 0.074109325707565288 -0.13386545861724111 0.070992236006705012 -0.0057227373729794541 -0.0015760395729248063 0.060238722701066984 0.11495947251631242 0.045033199216256148 -0.15915865533551363 0.031170190641071353 -0.034363960920812196 -0.1414439524060577 -0.10970652984774204 0.1071169196936375 0.0075905763738125217
 0.027883097049769989 -0.10864029082417904 0.077056254086043066 -0.086860038943947712 0.034677093743571037 -0.16456916422122328 0.065653029265141521 -0.13796381886908676 -0.025437738309592558 -0.008657087311097789 -0.21381356919004557 0.00043189539044910183 -0.090670929698838013 -0.066553858859715487 -0.062561628174430658 0.057979478012425152 0.063577882121363019 -0.031433953722964113 0.19686382382460743 0.064977895399908697 0.13637692252136879 -0.19384900109079259 0.057338078285834947 0.057648724109066539 0.093658633251170839 -0.1187797923238826
 -0.10633300822545103 0.072598400291929557 -0.18717580732753797 -0.052034027729671459 0.12595570698632755 -0.20615570361317526 0.019266899845598571 -0.0081204644358870391 0.077266576364152573 -0.010514862697800182 0.11052026552055114 -0.077544041145333323 -0.092038978622225084 0.074898464049027363 0.0013736694445634961 -0.062428322566909826 -0.087672167282867891 0.16704262082289073 -0.027640267751133315 0.19049679797150587 -0.013833894704508005 0.076833034270689049 -0.025051738102136151 -0.17609818730815732 0.0087951439810715799 -0.057166854929658339
 -0.11838026212752686 -0.054156805076784782 -0.048539214255349614 0.1344277555712447 -0.072663550186476106 0.12839652850053954 0.15836116996513994 0.048714123766597124 -0.099892683077913519 0.098099135058693818 -0.10250901078842463 0.031719946121284093 0.074070465023928569 -0.0097787654925323188 -0.040244518892100192 -9.050109703672465e-05 0.014132158652326718 -0.013442440760696815 -0.1395496029440787 0.0021995358312154305 0.041674510679777579 0.13920116496789761 -0.030328545983760183 0.15106893180580627 0.052220641849307067 -0.0023151725665270053
 0.043767680933353391 -0.004282512411928 0.061017316356331973 0.040152297290748713 -0.014019496958939141 -0.21491309227013117 0.07553008541033121 -0.078516113529708484 -0.15666989217437916 0.10046214113482026 -0.11113347855309941 -0.13774740767336852 -0.028608606578849102 0.04966545078452568 0.016325082587406316 0.021054602729857711 0.10878995930751348 0.015474512391440416 0.04458952535366674 0.10362596892382578 0.13289978123060747 0.091566834232982744 -0.12992705294233745 0.023179886237629045 -0.084789981927596236 0.010135473911396787
 0.036486574411641284 -0.0020531758400383535 0.04941966245866742 0.019002834773018753 -0.067205137749951738 -0.045186304473012043 0.010338969179817598 -0.0020018221257721946 -0.023915047258998488 -0.078930760861961838 -0.08366458671383957 0.040803751895584835 0.049186566519522711 0.031705034030470126 -0.00071116202046299923 -0.03643027962536665 0.061992263760319147 -0.090055206702129381 -0.099915704104781164 -0.090920436115908859 -0.08392434332968246 -0.10137820462866781 -0.043202328973165477 0.042603972028198302 0.10926633382020867 0.021272978278924826
 -0.032538036628102798 -0.011278114162048805 -0.085309498120301044 -0.034572990349784428 0.03365597088921217 -0.062030719681451463 -0.10651073314117836 0.01196935845373784 -0.073810567055279996 -0.057099196553775003 0.094260506939173552 -0.21115975447524193 -0.12478381399619953 0.043331457219770428 0.022919231851715786 0.03710584132331779 0.11471439781140373 0.12717693251709314 0.19134490125281117 0.054287807183455335 0.044041598013803765 0.0051590023913678533 0.017110483071513749 0.15620520978500199 -0.014641810469723822 0.074811858330995698
 0.074338222602624709 0.030743845279547689 0.022098312451765495 -0.0048979228194627362 0.024257339383537389 0.085396802700178923 0.066346203179460994 -0.095400239057913352 0.014846080137768237 -0.11147623196448637 -0.060930984772917036 -0.11409123097175825 -0.020705614816122882 -0.099340871694034244 -0.10809173656596129 -0.089306150477639484 0.086378936438620949 -0.094651587547191315 -0.053641655122180124 0.014662195864127307 -0.058693278025867282 -0.031903700760946688 -0.1046937448740147 -0.073619972374459178 0.046119825437587234 0.039094438906813821
 -0.098711928432052051 0.0090091089687561847 -0.050486173645038483 0.23074861706690236 -0.062561902536038369 0.037603226059698944 -0.010798774464078627 0.10019304412302736 0.061666671512693609 -0.19544121444703497 -0.068556860302926015 0.039655259947541766 0.042734339725683919 -0.10109285989629443 0.01610007594942859 0.099059904905967305 0.074355134680199567 -0.1178421705926697 0.034840232781783984 0.21412948912536159 -0.034898167152530225 0.078695718489510708 -0.070990289380095523 0.11113495161264057 0.0010259802431491479 0.048825271227234068
 0.0411638530896122 0.094316237691078011 0.090425014946027421 0.016298669583044947 -0.011370670093426467 -0.10364748208492351 -0.0021012243756426997 -0.18443151325033494 0.10532050825482543 0.018678230279660955 0.031073539381693903 -0.084094362995006181 0.10860232379703723 -0.16543123740294838 0.012154113207784046 -0.0073113404058230925 -0.043915051904208767 0.053312116532809928 -0.012229374691117411 -0.10679412876654108 0.013795702184354029 0.029263014575398039 -0.16438875903684208 -0.1034716566385836 -0.03054814561485621 0.026734782432655153
 -0.070827696538688117 0.083464784979440321 0.15324477797276792 -0.059849291225940092 -0.0078588253241478872 0.091252222733739563 -0.066103001841568254 -0.1052916274403741 -0.085995640397652617 0.092532003021683656 -0.045119875412461347 -0.033171018092501302 -0.11639852535419946 0.0058971616931946108 -0.077014304924469756 0.020528430857560231 0.01338138182207905 0.26504658032578604 -0.057839316073046092 -0.062759715280970949 0.00064175334983147022 -0.068094342433694083 -0.10906172276920498 0.020599384268532937 0.089787062184821728 -0.063963584538001231
 -0.035309310915405304 -0.11295639575327382 0.059151938997734299 0.23667543510528025 -0.034250689370793203 -0.075221666623774691 -0.16804218797150985 -0.034096217950872407 0.014867214196652772 0.033055699226826579 -0.073863889891699563 0.14410906972478563 -0.098471866851994772 0.083539361155299308 0.069425303829934268 -0.031216580990847721 0.10565571274883072 0.086437255407690178 0.0014200012989643114 0.062415786456706687 0.12190285444908004 -0.1332627645452506 -0.16350968202583657 -0.063377951914688577 0.074618459657507102 -0.010369777757156971
