# Created by Octave 6.2.0, Sun Sep 11 16:54:40 2022 GMT <unknown@LAPTOP-P0PV0581>
# name: Theta3
# type: matrix
# rows: 45
# columns: 46
 -0.0034555164677813337 0.02996440436158845 -0.11282621297917031 -0.038243508791834135 -0.062300115645273192 0.093316411037653396 0.039205971735314191 -0.049440077097146859 -0.050294402184126237 -0.12035539368526631 0.063719251984584113 0.0010126121357384732 -0.089162182358755948 -0.070898522028044211 0.099854432067705889 0.11157209718695085 -0.048080664258010976 -0.090651819391915064 -0.08464788880677028 0.073481609895230629 0.085827238712584825 0.011784300767647631 0.1034554033894836 -0.023833388017977273 -0.041858090494744142 -0.090202274454663944 -0.073438454714796625 0.056793110102867937 -0.02138706819689571 0.058245983273595051 -0.07269323959131832 0.046294889255102945 0.05247505781879417 -0.060237550243899839 -0.079179103849342805 0.011433496072059023 -0.049225475995833379 0.099918048472770846 -0.094970937037127237 -0.007215624039949518 -0.031737562423021878 -0.073582199268087858 0.099296811808115143 0.075667817155120221 -0.094793666991857331 0.058445291809604803
 0.09648456209852177 0.059058231564906256 -0.071658629148283526 -0.091877862508577338 0.077132536606705118 0.059941448732473271 -0.088072697162932173 0.098572586677246971 -0.04396637442300317 -0.096540343238906381 -0.055791648308944654 -0.092602716392644294 0.069206896617596783 -0.024578010598886611 -0.0054739609146568407 0.037365658729296258 0.098745901683694057 0.01630398916679323 -0.054510930509102641 0.042083949721670635 0.043059401623168875 0.065856563792440259 -0.031741435054852732 0.099508150232690371 -0.027965610105006828 -0.10109638744446257 -0.026428775679856357 0.0001332020278756543 -0.12518221011863945 -0.088644407113970064 -0.066464516674213367 0.012088303876037931 -0.0072711873757946958 -0.077084537877841197 -0.055741787344541688 0.042928291515181231 0.058783529594301449 -0.010292300193477794 -0.073674038776646689 0.01631032569993799 -0.061870037545542551 0.031623259349223186 0.017331633535151415 0.085312142554894457 0.069118327666899598 0.035365708977409475
 -0.042980441526139349 -0.074635112081506597 -0.10520847502320015 -0.11180363665468231 -0.039773204713968058 0.12380415708611385 -0.10508803704982272 0.0015259323797836277 0.12062010523885797 -0.006654033367100215 -0.079953028887875158 0.064646915865354135 -0.12883393870774706 0.13694731562823073 0.017246470530079896 -0.013395046117014866 0.090273567433181143 -0.061346163113349096 0.040664173080209844 -0.024300164209470822 0.08369359755933882 0.079660699001564667 -0.11848838001712533 -0.12316113698351866 -0.03165832186218849 -0.15468337274018598 -0.12747567755268976 0.082684568610025155 0.12581524441364056 0.037848172748740729 0.059259518722972075 -0.11303245563231264 0.054814567653419931 -0.025610010445071687 -0.052150540668347636 0.087220667799136356 0.095232538558711027 -0.0034204137834244028 0.069702371725633996 0.069862033141390917 -0.092838018938680128 0.014464010218562756 0.10035406189168951 0.08967957847556314 -0.092460645973470021 0.056835112463835304
 -0.10377238824718174 0.042608613794236333 0.071034699044569549 -0.10571170261303356 -0.014366002862076403 0.043850256702187521 -0.047198505136746081 -0.10370097608816251 -0.033818529308331964 -0.090511624095201526 0.13384666010595242 0.015522058943857537 0.013543329562547252 -0.016140757829358931 -0.14322903322407146 0.061285983086951941 -0.042181052824155983 -0.047753933560879973 0.080087901845203466 -0.073809966033157579 0.036849404893290916 0.081405802201130334 0.098601595912063481 -0.041083995685908044 0.054522075966487102 0.033214514413228161 -0.045912013389646116 0.083546226923995576 -0.09785748506830301 -0.027781569852076447 0.017818446408890316 0.090017534586431899 -0.13245722714067854 0.13528772660476995 0.11572092736010106 -0.019348494467786772 -0.10376807858482087 0.041438533727669029 0.0071197831196688965 0.11140187892507367 0.065436393200610121 -0.097388470841765509 0.010611638544992691 -0.050588259749924945 0.13049273766070829 0.052090730363959718
 -0.067687346996663941 0.017117861945193723 0.012291869059240158 -0.02851551199920499 -0.051825427322737948 0.12884901686706898 0.074288490133428323 0.078944476421158774 0.087594036432000089 0.055621525171780942 0.017098178447799078 0.083875649892318271 -0.10327507825016931 0.079316715522601874 0.092261692185229394 0.031382760567544486 0.10617550883585664 -0.044301863023072124 0.1004373082273584 -0.069991487628836321 -0.094975094293169499 0.10508666010257535 0.042396052525888024 0.082948384820537013 0.093221507052373143 -0.035810136144135356 0.026736901952524015 -0.053514716942739765 0.037546950589360653 0.049574223177569134 0.074023151014015631 -0.095087343398525953 0.057002803160588991 0.10224292375357506 0.11345936079840521 -0.025021618036149215 -0.0055252924633493756 0.054993406163162922 -0.047781631881843298 -0.096752356982112264 0.12001355651446646 0.098380283718891459 0.14090776431243382 -0.027145145954752335 0.085210349034599564 -0.031277082154816525
 0.10349096691099184 -0.038781785124641484 0.019600902302981952 -0.0092669778455571686 -0.028719167649783994 -0.06881200243578417 -0.10241817361435028 -0.021527617948761055 0.065797285106979672 0.0029002900886873884 -0.042664911486976369 0.072405036896440567 0.1526993614648548 -0.0098775913829859275 -0.11584785762807108 0.026002345423320725 -0.023730884765727385 0.035839572800631325 -0.049516927444920408 0.052944460175108302 0.021648490554665868 0.0069606307917616924 -0.051878686742199615 -0.034598421708663715 0.11230311084010315 -0.028740582442557717 -0.087493858520052786 -0.084841016777814429 0.15152209473353859 0.11532570638779954 0.10917038099467033 0.062335480784486766 -0.014987919363270947 0.073024854012687032 -0.10653816466151884 0.0032211525351653384 0.082589210158251186 0.054629104420391796 0.021240577534635069 0.014774113238809762 0.14489963936575603 -0.129155538172395 0.087157817743389529 0.11762415002149451 0.037735254796679184 0.11527533460047455
 -0.073398263343733075 -0.08255747960881625 0.027630802079503358 0.022298889815106745 0.10375898510868813 0.011050342927097546 -0.026474394644747941 -0.0017491758578446277 0.030997085071106704 0.10028509241388704 -0.050862419735619363 -0.048826602715798077 -0.010872445665511125 -0.12010036994420249 -0.10749369395093139 0.066580721109862309 0.027530734016763335 0.097831991624455841 -0.11286560901533962 0.071505626410180517 -0.082175754452833288 -0.088227567613298447 -0.07039307692075393 0.057960106656629776 -0.079655457839624313 -0.044069968263755248 -0.065313551722151503 0.083649080438868206 0.068055011402204227 -0.081039826558849948 -0.073417028323118139 -0.095012489737053521 -0.066248924697844533 0.080554537888702787 -0.053274946285867299 -0.10207821006046815 0.03647245166329844 -0.10725378909355879 -0.047867246228013173 -0.11530245106996692 -0.060156393060188607 -0.080236605165165148 0.064531092822805142 0.09824136070977306 -0.076566607737180881 0.1146121891333991
 0.10675879380711389 0.073233274935376153 -0.06243856680285808 -0.078962264627379333 -0.083593706268372828 0.060072987234768026 -0.070012795341097722 0.12505605106438916 -0.044713598116073255 -0.097609906926228812 -0.085077517676283423 -0.039002474671928029 0.095243441758872824 -0.12207780416075259 -0.12887506701339541 0.081317195754965085 0.0032655599066238002 0.088903906515983622 0.067666155094934288 0.0015584222008094241 0.040367817725199616 -0.014158903011624228 0.10998326279986056 0.15714201956861409 0.10911601141879095 0.087266019579335122 -0.021135755754014964 -0.094816060502130733 0.13297302205577685 0.056475517115963804 0.11520926448184698 0.046493654280469962 -0.10473808883233081 0.14974790446379777 -0.064139448296602772 0.15432974900121724 -0.098124988094703783 -0.0073599268912746766 -0.048205900494424678 -0.017120995689158286 -0.00026418151939875041 -0.021214310846032373 -0.032814584260021186 -0.024961437962939273 -0.089678277699843628 0.11074865926283034
