# Created by Octave 6.2.0, Sun Sep 11 15:03:50 2022 GMT <unknown@LAPTOP-P0PV0581>
# name: Theta3
# type: matrix
# rows: 15
# columns: 16
 0.088149046377286641 -0.11680212564002344 0.010175400778999213 0.15992750312729612 -0.050534824505681017 -0.02822598190391928 0.10166987341928974 -0.02433449491900495 -0.1832209178839303 -0.081040220545044658 -0.05039209277529242 0.12174577943032117 -0.098353019992093699 -0.015467231479638615 0.099345280092653976 -0.061507715385190398
 0.048024537314984822 -0.044620554696579502 -0.082722519021120738 -0.029210942601071484 0.12737768106074476 0.30483132103965693 0.085528059433522888 -0.064861753955008788 0.27966344465433562 -0.023424931923632802 -0.031771144166866397 -0.0075132941782130834 -0.065905144853251871 -0.017322682824497181 -0.14281248843889469 0.013259918891841889
 -0.077122990611654854 -0.04819685830156898 0.013382238158593386 -0.017902064944987448 0.010499990776049134 -0.14194759556898187 0.017908058891762033 0.084995620682129819 -0.051872208144195402 -0.032658503472765971 0.11355559522678593 -0.12164597868429007 -0.027106342365923825 -0.12536761074542499 -0.039860591200343999 -0.02061064785918737
 0.091008509898133055 0.099893595631271606 0.046712165943511255 0.0070507371561985901 0.0084062891950382398 -0.14192338458175854 0.082549009897694148 0.016936238203499269 -0.099160967368415676 0.090168281185928026 0.046728921642010576 -0.029750424363033854 0.0060709042613071185 -0.044775891904655751 -0.057379487491365247 0.00028488428965233505
 0.050390079995672521 -0.078289615544872793 -0.12856512575106804 0.12009610084493481 -0.077565652877898197 -0.11360552264673723 -0.083669817047818673 0.053611464033914952 0.035441743669959919 -0.01361681767978167 -0.047937425924440863 0.089126877953551703 0.086430433074261237 0.19884077228875954 -0.14672211212885169 -0.0050267275811064771
 0.056060518204081082 -0.004612025158281555 -0.11534022284803114 -0.07053196595625405 -0.10526120667550372 0.098179476969737875 0.088157226109898346 -0.074318072925752959 0.099446143988053015 -0.086136453172286853 -0.0078996228523743692 0.11217416355920265 -0.19651816759830362 0.20957016327710332 0.035096438007664099 -0.038909863614584726
 -0.092643164419600077 0.039379221419609936 0.014028315206727548 -0.14002416817197458 0.12067312240620148 -0.18261102738133425 -0.11374420254513051 -0.064950126196371374 0.21963240729331757 0.042131421422065725 0.11794331927651071 0.052965682472034648 0.15795626771957319 0.11133494194388248 -0.014171136212148739 0.14993549573552051
 -0.091655145980759661 0.031465041108155553 -0.0064250182541400408 -0.049422218585894816 -0.086550044637782236 0.15305894875908019 -0.020591664921290904 -0.0066433360287139059 -0.13328966165169745 0.040956973910884459 -0.027038963244785486 -0.089696206871808959 0.070250556399007361 0.17541214144965411 -0.10205205284088356 -0.065588734805039406
 0.065230473228742827 0.0022952431933996038 0.034690433718368198 -0.10913853146923114 0.083812933594911904 0.013337862117652874 -0.063743580774666839 -0.067362093593848649 0.010611054362677064 0.0014860186386413082 -0.1033575823459964 -0.20488787365939815 0.22554794079428803 -0.093732138042716004 -0.0428178134632883 -0.032138380540201524
 -0.044062134454595572 0.040198106729615914 -0.020947066518247411 0.015712353848181978 -0.10485922238677874 0.11411616621081921 0.030175754201540405 -0.039572822178374982 0.029233756028623728 -0.11785226972825509 0.070013502579653233 0.28470375720916957 0.171002721646 -0.098037169402959326 0.20846926113982145 0.083197088851893433
 -0.085758450029438174 0.062947834407761832 0.039543045241640894 -0.087707526490249488 0.17100823693558256 -0.064228979367588007 -0.10470572618394552 -0.074039325143662127 0.12383060550883263 -0.043111326841114683 0.10135882466940557 0.13902978412089351 -0.15565611172231933 0.18131327866945826 0.035797173879409318 0.045256735893719237
 0.0138176904030573 -0.070370205805343783 -0.13380857023307152 -0.011101965294527172 0.10329464982944143 -0.090633754962225421 0.11916476689169646 0.095931841597596518 0.12451734708819091 -0.11453870371617164 -0.0077853736176551778 -0.064686442535680622 -0.15990050091486921 -0.13516745227919971 0.26791687454916752 -0.0071940189753621885
 0.023211501999511348 0.11520400934724234 -0.11187564854811714 -0.097674638983139189 -0.22407193453968358 -0.20674059452685595 -0.032214385605924857 -0.050461969912541309 0.22596955730443624 0.0025669673063541424 -0.015703204806077967 -0.1125796574666912 0.077371053586615529 0.0061313876309777087 0.072365433177344951 -0.069606069275766777
 -0.09584176510301444 -0.058716205157990684 -0.12351950894732099 -0.1177744187480823 -0.028303790482340326 -0.039245200886786888 0.071681060309551445 -0.017399657118749325 -0.028198549644416725 0.064694398442146098 0.10695935645120826 -0.044916462179284015 0.023599097693125834 0.029725904058449212 -0.089928043888194822 -0.052957771950130864
 -0.060919858088851996 0.091458255491829177 0.056056568089989559 -0.014857931402717576 -0.028474844816359375 -0.18832801433344856 -0.095162875807222047 0.057912185766443837 -0.098364688559826122 -0.072989405892656345 0.099881672399788457 -0.080186692677075552 0.030135910367124312 0.022755792526540496 -0.011966112898323019 0.071217898542734748


