# Created by Octave 6.2.0, Sun Sep 11 14:47:45 2022 GMT <unknown@LAPTOP-P0PV0581>
# name: Theta2
# type: matrix
# rows: 25
# columns: 26
 0.0013919832816404038 0.069462676491215083 -0.039841139662997294 -0.022989145782300959 -0.074845220727643574 -0.095101214357325561 0.054187770811523872 -0.026925652446277384 0.049566603160071561 -0.1170772800890874 -0.066949330785846806 -0.088436283809834856 -0.050862539926213465 0.010798404728443286 0.084992241579722669 -0.026935238423926883 0.054282759335563355 0.014063105593856696 -0.083592932282697791 0.023277002613843172 -0.062390607767269013 0.03014889100901999 -0.085358897296287969 -0.1120315573241208 -0.024393917704818413 -0.11003489002414761
 0.090411059655938417 0.016098909016911616 0.092072657942547237 -0.047983341856235359 0.043806972426289587 -0.0675627207503742 0.017326372663020357 -0.021654726384482396 0.11894175955140124 0.022353774933635065 0.27079424024213872 -0.047070228316397192 0.14718405702882528 0.013159872639319047 0.0018806974522824257 0.056769476202435755 0.047332885575233803 0.00045197205669299137 -0.054849484851479009 0.13955043261600372 -0.19490754181695477 -0.1075573521208231 0.021695738352631708 0.036622766212282547 -0.027280979479746996 -0.077475222366902616
 0.065600827198223952 -0.0019640086526569881 0.059238350101335997 0.074602462305970785 -0.03848433985250143 -0.030631459729473891 0.064695412583605449 0.11435856855977283 0.040942294275153918 0.063474698805944418 0.073549909262840191 -0.15856131209267835 0.080344625714476356 0.050898797862715971 -0.0095648234413850709 -0.052000870386140825 0.15969349913069969 0.063327511223530766 -0.070656685988103082 0.12895537590502132 0.04449438262762017 -0.043983408979257947 -0.17240018295864679 0.048078016134025368 0.13792013467399869 0.16332551334176659
 -0.019750923062752161 0.042983641730629379 -0.018731836212250535 0.13391277589140974 -0.015909069268203364 -0.018852813653836224 0.10705720972055473 -0.025812170380655131 -0.04258164872898075 -0.20740257371533971 0.079403917015945583 -0.17388926630440399 -0.10729610465695817 -0.058387388895871889 -0.10840452597756263 0.14449571393036553 -0.039965243401033836 -0.048310654542145927 -0.070421944317288862 0.04524951687990636 -0.012768510452948254 0.063833798120525281 0.11270315501545952 0.13366707247828324 -0.096554608599145594 0.19254547194202182
 -0.077272673505399986 0.085899952730577919 -0.023092736419180068 -0.060520184110378114 -0.078075201251872686 0.12504813223992617 0.01334520522471533 -0.051094976464143606 0.011952880210673924 0.10356989545489317 0.039850950393809849 0.10947939045737577 0.039860051170180877 0.04524578593027128 0.16689791129840242 -0.067497259255879238 -0.12149103362517874 -0.028927938667464747 -0.11683099353854993 -0.080943738696064069 -0.053500645269860536 0.005893030560400303 -0.1517711850198267 -0.0076827547357301296 -0.089911416096404018 0.083679824749624709
 -0.039671004235310219 -0.016951153869525466 -0.030559276875926869 0.021601957090527195 0.089825573945316484 0.03776147943126798 0.13008638785569354 0.070546666422778487 0.17806779330400235 0.14613211148857747 0.022310987470184767 -0.060233994099320093 0.023946300505410398 -0.052633193718707644 -0.14585166519314163 -0.16846868131557938 0.040182140398954611 0.084295289761312231 0.030785067657762413 0.074674519832643518 0.081266092830903483 0.043444169538888064 0.11907891470066116 -0.079108002218502088 -0.03466442755533742 0.0028660079720017649
 0.063542243955848718 0.080427125704512173 0.051100053314181881 -0.016342608707942168 -0.022232010554266213 -0.081494074569082767 -0.032005646948071384 0.056385505126149753 0.045848510922848459 -0.021511006149950374 -0.081670026056471265 -0.094387854266800353 -0.094144366475930052 -0.10867911855020905 -0.12741702249882614 -0.02681113365720432 0.018088086157224067 -0.042253585240109304 0.014630514390155913 -0.027628228978979034 -0.14721124863829271 -0.091399998963422005 -0.069957869268038778 0.021790086762779683 -0.024814837610264838 -0.058010536355576833
 -0.026153031882213129 0.069950100719825284 -0.066787176272783244 -0.021946708768785021 -0.033185106488185991 -0.060210735630867276 -0.0081019336454098267 -0.0089791161340003565 -0.086010948182263583 -0.037238336793258116 -0.019511828101847352 -0.038343643410139044 -0.068888156980235246 0.0014787564917771389 -0.080957130048348411 0.064828924753051451 -0.1101530966674801 0.039620914991069664 0.029885564253457619 -0.01549677705885091 0.02173992267119983 -0.023589372770214209 -0.083794392097726975 -0.043387663592134293 0.063229151811646636 -0.099270973429562245
 0.066003040521798659 -0.014088800147242288 -0.13131389740735866 -0.01567049082678618 0.063674048590245114 0.087316762534488737 0.074292790628043212 0.11947186492872522 -0.063041503142548555 0.016842232858829263 0.032138306305992591 0.00010636966862610312 0.16121655539779933 0.12021635748700178 -0.086078604743755935 0.067789332460481425 0.09803348295851412 0.0071882803101408384 0.012332992414671623 -0.13568399065598133 -0.049706962211198177 -0.038504889583966424 -0.23492538941968888 0.12150761086602152 0.14845509416615688 -0.019019373854583032
 -0.085850033385165739 -0.067941026624343676 0.034673580129707039 0.11463226500641495 0.079276886752008113 -0.074370346710750157 -0.062522978234031037 0.044930482780738482 -0.1602205929893894 0.020649223848875856 0.11047209168012143 0.054289835963810089 0.10809839014970281 -0.059844737821270332 -0.18875700894201564 -0.1093463212731046 0.010993871984138927 0.070081256192706998 0.050831719985047007 0.023557593787822448 0.04487660906126785 -0.083205239747666554 -0.010679672967684193 -0.11048991703570253 -0.063421185059674479 0.15694279781437204
 -0.05561992730303221 -0.023801242478915338 -0.032770554852969515 -0.001402949221925193 -0.06839880012741277 -0.065389862449332287 0.033918870549827208 -0.1034792689310586 -0.051229284510360039 -0.069628531722280548 -0.15622470106712275 0.082152768738028167 -0.0021854403797354183 -0.0044180344342953197 0.009609870489984948 0.040993416219309166 0.017687156283390692 0.05284337377800321 0.038438690095392365 0.083056555659735007 -0.03804234518752185 -0.11465572195300659 -0.068024781130434808 -0.15961806841440729 -0.094921863852378552 -0.052280135743718766
 0.063507224704741336 0.07609690531775827 -0.014123271049453323 0.044826397223872452 0.0692036785226956 -0.043807708456883712 -0.028587024329364989 0.0013496314069720585 0.075103208296578766 0.09501061195578725 0.12336539908615569 -0.021399968068138438 -0.12291379056232464 -0.11850981134504537 -0.11358826892772191 0.12214821124963869 -0.092181926400152131 -0.048508794997865062 0.13597640233563904 0.0136064522228547 0.0061420644280062451 0.11151287951785434 0.0047881267080229061 -0.16638951669201651 0.063605224691348258 -0.078480504122237338
 0.10171023726803842 0.0010360961099252122 0.069188115788120869 -0.072475376205555581 -0.10957341608650099 0.088951039486475217 -0.06574358922027955 -0.031186424137878647 0.080031499043711499 -0.001179763453806264 -0.026549313077689547 0.012014753521092651 -0.020090740143894673 -0.046285335145787823 0.13685434807327787 -0.1681908331800139 0.17439318430210543 -0.035347264372631991 -0.13429508406669505 -0.01025423268353489 -0.036354409098774368 0.002053408431413255 0.11031475851371733 0.039084848063549962 -0.12487257269973877 0.013335535018474662
 0.035403472264482864 -0.056359389923122144 -0.015496869041249627 0.015967880342636624 -0.019841171940399083 0.15095164795798147 -0.055009971627858693 -0.086329943835765116 0.098471234861267368 0.11941646070221699 0.02839678039257346 0.095419292244068449 -0.012719317403018331 0.078979994554986888 0.094289900230491289 0.13404722511183001 -0.097460214832170239 -0.0086354730467091741 -0.1211634343244099 -0.054721249808013198 -0.04780217777716235 -0.0078594724970400924 0.1712082458515678 0.11313434705215157 -0.059682789368983663 0.080790596915250978
