# Created by Octave 6.2.0, Sun Sep 11 17:28:04 2022 GMT <unknown@LAPTOP-P0PV0581>
# name: Theta5
# type: matrix
# rows: 10
# columns: 36
 -0.035246920148637624 0.0018267237834793519 0.002235463390579495 -0.05088348115500408 0.10142051411525677 -0.090870532263889692 -0.055731255790463237 0.043751776293053414 0.13511188257188519 0.0410955066757068 0.054336411371639921 0.022614421720778415 -0.055540716237391846 -0.097133323616679756 -0.071147014023411226 -0.11100467389074779 0.081480210927668911 -0.10984237629023225 -0.048545512726540271 0.10846058598376759 -0.070538809657204368 -0.028229848253158763 0.042000077104703472 0.136719889018209 -0.13999992341123219 0.01272942436490499 -0.15910754428009502 -0.063954427867514235 0.09495653087055049 0.10224443212445213 -0.1565843372538141 0.18654589781418965 0.090990903608946169 0.17317693966432035 -0.11038325322677517 -0.035106702182067913
 -0.076178694165587715 -0.022067405564457999 0.013516846714163108 -0.071145752009308713 0.1119980190268248 0.093001859614379734 -0.070502628392563937 0.060080177209478842 -0.095991924015222968 -0.035252399206945416 -0.12399748021764492 0.13767370364441317 -0.052562488401391751 -0.11609128659213565 0.17302714258417579 -0.16262485904959534 -0.14055554456743247 -0.028544911718437857 -0.20753840744273236 -0.088975209374180311 -0.009991348834473987 -0.074806501381594864 0.022634252465387365 0.12551501724007993 -0.050305547738144649 0.040483100687480303 0.27592967946294056 0.064554437414614932 0.045559851188633836 0.04488792978416499 0.083984408211735889 0.11663415050103396 0.0087353206806302843 -0.098063017257024016 0.057316866544696837 0.054776613947586116
 0.0017368292390563145 -0.10103325303651541 -0.084370782620890525 0.056784981363965613 0.11151634430009556 -0.10199143470660706 0.083287877801238225 -0.012474804893826599 0.032328058555064106 0.021882581770001009 0.014296064068010235 0.01347300878164002 -0.10923497867756056 -0.075535719637816384 0.20120528818911002 0.09589704634034231 0.021004438055987718 0.023239491188058046 0.013801847344779726 -0.052392321819164672 -0.066826031530767618 -0.089429576174458195 -0.046248088411318472 -0.1293691869180873 -0.049279314991284601 0.16227121110692366 -0.070648044376134089 0.046458016905814067 -0.061151773149616916 -0.20577480668886075 0.1496702943142304 -0.098392689177564815 -0.080926228899772995 -0.0068117276828554745 0.1439718132054264 -0.10856194873197185
 0.066877726332456339 -0.044251619152528988 -0.12053829895781071 0.0161974309895506 -0.24138671386888041 -0.020068480330389243 0.12655857277260105 0.029616455565048248 0.17739861947901361 -0.088604006379712844 -0.067312201316682099 -0.17368447271047088 -0.10897808919346452 -0.15127057837019917 -0.063799132246481149 -0.12456934252774556 0.037065526987082362 -0.098374819233452676 0.1245510427354584 0.0031653139564399228 0.10087067539247471 0.07119831674985494 -0.03841148708204311 -0.06214778090955423 -0.08133915435559598 -0.06345003123740095 0.159767654774882 -0.083362998148740597 0.03389675420432843 -0.16225484082922248 -0.10878407636505023 0.095966408813305384 0.12004556125133603 -0.11960409797216 -0.039837153101853449 0.09426931164970917
 0.12948742291916335 -0.079599968196242835 -0.14662304609397964 0.004293388835634653 -0.055390288537960457 -0.023029939538900389 -0.054437815357305595 0.019533180400377905 -0.067105022815091633 0.17450346251219917 -0.054747367272084603 0.31718447431863267 -0.10554356640758698 0.035470914239017902 0.089918919089434432 0.10380452333556824 -0.16069539968939514 -0.047793443912577428 0.15329350171028683 0.097653661404430575 0.10053123914913478 0.0011763005204753476 -0.11528100267892059 -0.046136784363104782 -0.028689716270828287 0.010741244044960439 -0.089366399970350147 -0.23584371287502717 -0.094318071305052126 -0.089667105121873369 -0.11591418516779199 0.015521960973315457 0.19309121794989015 0.0026459514244226178 0.15764890745704851 0.069224921118171343
 0.036695010471966702 -0.059787249300371707 0.15933822101262235 -0.053255257494004914 -0.14247998531102321 0.070140971451372089 -0.14621595845295354 0.010317931941761688 0.012354003915967639 0.026061789979439205 -0.11019411974419933 0.018900027426640015 -0.055601474141341201 -0.016491715253971726 0.10743192690805305 -0.10341314083742272 -0.050295542857846175 -0.011895554319316376 0.17518491000989272 0.046707643757070039 -0.018817321805995667 0.12278381304960259 -0.033150635211594989 0.26191251128990767 0.092248658624920113 -0.16108844532546604 -0.11421937017233233 -0.13316221323130031 0.025277250720990439 -0.05504452408102898 -0.057379749297696167 0.0017277762856954296 0.0248401468238269 -0.10879756153712308 -0.11971635438575315 -0.21231331413103866
 0.087952914246172076 0.074318027985837809 -0.0066604869102384091 0.076869934013918395 0.042652527807420001 -0.079931157817093576 -0.076953162972815042 -0.019809409534597412 0.17975678588435179 0.019599420809027608 0.018827127361665762 -0.10814658376701168 0.097112792503960044 0.15194648629682481 0.068593531606329333 -0.0096122325044174662 -0.17010890527758191 -0.046645941334207582 -0.020433736029181842 -0.10377406345802916 -0.028419744464774355 -0.13036962046732697 -0.0099941412947020421 0.0085713195700870756 -0.08945540762684609 -0.092217412859556383 0.14414473099732333 -0.093173478931715625 -0.08285885465988263 -0.050775900908527669 0.017093508516080415 0.0078398674893288729 -0.022581377857921758 0.17155222112645258 0.037014436603976332 0.02806213868558715
 0.067135381164187435 0.10337553703104975 -0.037994520389404776 0.082623988791297093 0.12231112616785517 -0.12666235625311043 -0.11482124329257573 0.065533504877410748 0.010622525205057102 -0.076935928082207158 0.039955088045903586 0.037074119653117389 -0.081330659152404172 0.061965084350310173 -0.16323414816367154 0.15123129077692465 -0.039296092009309391 -0.032208730659956976 0.00062044996018480549 -0.018378566634551164 0.060374025614369033 0.032910210684583815 0.129956398945204 -0.04375749925665829 -0.096685575656418069 -0.086558185943907268 -0.0019535258067329164 0.19163847257191891 0.017728985803097324 -0.14683729793571901 -0.031690991158495718 -0.084733119724573647 0.081455532443508741 -0.070348739708506761 -0.15080343336316812 -0.18619957710348534
 0.097411308277358929 -0.083986212403795196 0.043238412741556251 -0.06481208798397918 -0.063432503814174285 -0.11183117208707026 0.21424224545703124 0.084803682367770486 0.059503762826832507 -0.089871932475869526 -0.0090733026469169507 0.044705348822783 -0.056663244614913039 0.21142096470867314 -0.019375410934516543 -0.029447732022598327 0.11064288331399633 -0.095229923675458253 -0.061550471597919487 -0.057493919290339035 -0.17525123132909554 0.13052226490380589 -0.15914889578318944 0.031221744798075685 0.02267508915080093 -0.077123150232390594 -0.11187659193241349 0.013495914403366527 -0.022590164681370827 0.077154612604854012 -0.073778572331411607 -0.21766550424414227 -0.050571177370289204 -0.057195539739239722 0.035641121513150138 0.14370538887014941
 -0.0031770892623021948 0.10313073120249094 -0.041824902292027143 -0.018002116814470958 -0.038057592307554761 0.022878493682324499 -0.10701195421945088 0.024914284948538486 -0.18880082908484969 0.010176772263689876 0.18452897202093793 -0.16467086538833139 0.06318160295646115 0.0092842787335871198 -0.0021903935471786697 -0.03985550490990615 -0.045004333637996025 0.062126624214391399 0.18321924994081082 0.11786659661706092 -0.12504169130742704 -0.065291904414358934 -0.11716360002737386 0.0018589001858389698 0.044175098903297239 -0.11794090196713093 -0.0084092840261240122 0.09702119056254592 0.014725216825857562 0.15538679785084988 0.12726642146847542 -0.069532166699891013 0.028475908244513102 0.10028324561802458 0.099568772299719596 0.049046032884010514


