# Created by Octave 6.2.0, Sun Sep 11 16:36:23 2022 GMT <unknown@LAPTOP-P0PV0581>
# name: Theta3
# type: matrix
# rows: 35
# columns: 36
 0.060928798539275651 0.032239743704787091 -0.07349377441279703 -0.05848383071558115 0.0035440472566842084 0.013733239415324335 0.090060343295750633 0.022909515711862991 0.098410063157651287 -0.084077199249119203 -0.04197304030968281 0.090259281000874159 -0.057453008489323373 -0.085377958133596193 -0.031264909742893462 -0.04906005780757406 -0.096359436879068269 -0.07177630570679705 0.044647578140980693 -0.11377635531440135 -0.12705462831316752 0.076565282642554688 0.079382840069394778 0.099112062416992122 0.028578565317577142 -0.02362620670688978 0.10192069924186421 -0.093122484151627702 -0.053796950757318475 -0.096227145040722925 -0.087456801676673468 -0.11794635391296748 -0.070577438468132636 -0.065779892843096072 0.064796802843135284 -0.025886690312458261
 -0.030365941314164632 -0.17203779260367913 -0.030332330607493838 -0.080850228060389759 0.13832147226783617 -0.0031276944633868847 -0.10005026806568201 0.0021417837139982242 -0.0040368320290096009 0.03028403244072353 -0.13642399834722188 0.050191873159375691 -0.078637674649445141 0.0090622753890970825 -0.063474355896288359 -0.12414850368191374 0.12993835811853957 0.012668519491707796 0.050509384192002335 -0.0058302728380416708 -0.053985000909508855 0.075014089677280057 -0.06861223954800906 0.056804634925411997 0.16316831822182576 -0.12286615851017468 0.024471561211780252 0.054546358759413445 -0.042927738023325397 -0.084761194122228753 0.042963263131066042 0.036982248723978567 -0.044995871712175679 0.13120252083066702 -0.019591839193879301 0.0072034935490982391
 0.027984269179920477 -0.0065573218728318715 -0.051985769785046473 -0.10928918497689485 -0.098827539715262161 -0.022305368986637646 0.025267757136674417 -0.086363146139010888 -0.062380313280165946 -0.078445965828928599 -0.022130226877871757 -0.11202785003050948 0.13623691641666624 -0.071277857289558308 0.051027662807723591 0.097759244689134495 0.060834174728608567 -0.040985277385523745 0.029565634746857982 -0.13349162262212777 0.17364451642199291 0.088295667776899109 0.10114996391427707 -0.12389374180064781 0.079247604257112317 -0.15978589753559297 -0.11950770281826273 0.13160257492672908 -0.037494925173075642 0.016859244843450229 -0.084460636505449202 0.11580770700151509 0.11035510211186143 -0.12172566025690333 0.14678644563315973 0.093924460316254135
 0.024576436708819503 0.075277051152843555 -0.066732600117651544 -0.15243313354420371 0.096934045406069702 0.16451727688093168 0.07724618760659889 -0.015895794923547878 -0.045053001684963644 0.082335337291935193 0.10159710636691742 0.063157912209198683 -0.12170261220148894 0.081751729625455502 0.10213022529207616 0.10371874623485627 -0.13645707771780002 -0.036073307150158336 -0.1316207645108966 -0.10344647003343958 0.015179043165280555 -0.041146993600494529 0.019743712534970117 0.12115909733786058 -0.0088582375321433326 0.022484516287389979 6.2733417437380354e-05 0.13792182909341635 0.0059681811836689459 0.055106379912987669 -0.0004162261775725179 0.055474784998774285 -0.13761489856735099 0.016213500734843934 -0.094772927558468806 -0.022208533278892967
 -0.07065102416751845 -0.015844724808936356 0.12230533634030651 0.018197912071009764 -0.14404763363194445 -0.032265312758681643 -0.13663443377553075 -0.0096571210285314908 -0.019224607070266634 -0.052896409838762121 0.12077271409248656 0.042378133019551366 0.12072950490779942 -0.084340665320821351 0.064120666531033585 0.0021614326662470567 0.19622581018003515 0.054744723564960657 0.0079216005799368633 0.0454830929685952 0.16675256740243141 -0.082674338200894981 -0.094924132519984966 -0.104963087357842 -0.034040165382303048 0.032494833061137186 -0.02278935580648847 0.19292479414748187 0.011557565348493115 -0.021962311268176975 0.0083776405656918011 -0.045450919048754299 -0.11993530307493407 -0.074929475813065569 0.017977236094596991 0.072806249459145295
 0.032772620704404072 0.16495942654951426 -0.066420190617022021 0.052431959996775773 0.14946013322407287 -0.049500785711471727 -0.03838002741024036 0.14619985676998626 0.082975145797974992 0.048081614067833039 0.17369385523236142 0.0069723270745855326 0.0018682663653796555 -0.048280285836928817 -0.0085279392450939764 -0.10421723120167205 0.021671109518319853 -0.13472716295268786 -0.10624912666745326 0.01995030981726309 -0.039579753773900106 -0.057701869870846585 -0.019738401814395488 0.087710139702859999 -0.0090141923910733359 -0.060324434762615425 0.041596375296586184 -0.038449581434653879 -0.052751381661235566 0.00082597074762098864 -0.077263811263940177 0.033091520861824292 -0.1130577765406188 0.048930190553098073 0.087819969229483444 0.10098853254078184
 -0.075752737044553015 -0.01148129002575553 0.047076828741709847 -0.036924702238655363 -0.11196536446168665 -0.025983477608829738 0.084810716809324643 0.026314581463460079 -0.016391570674493802 0.049211665280248111 0.029650090209099339 -0.0047546449789983751 -0.021135269268240543 0.094212262157063631 -0.14851843045486854 -0.081464160134858354 0.21123030221072547 -0.063281603477896353 -0.043082985924031515 -0.073828665887606795 -0.01416787910790347 -0.094969711386492114 -0.073273742206662246 0.11854358872673362 0.09516767684881268 -0.03603549339620897 -0.038559378047169281 -0.035952791565323466 0.13462474788938028 -0.18541067881669873 -0.0054003341590952315 -0.015371560777196388 0.034629661152517213 0.089024914822805529 0.051026033729152619 -0.11972545030540022
 -0.062432324953444099 0.058808505366001802 -0.044240412942849749 0.078491777772505461 0.0364498300161262 0.10201314281331804 -0.10525064930685131 -0.055613198604212204 -0.049929706762777304 0.060151225578065327 0.025234470198499528 0.022055340635134171 0.062263935631141187 -0.12532242729673204 0.10840841871705222 -0.042017256202439741 0.056542626138056933 0.065356642133428455 -0.10058310807015855 0.028426212613961593 -0.17010458530613543 -0.0097693229599372013 -0.16869606875829352 0.042392352655493619 -0.12487846328495021 -0.069048861145523999 -0.010960132926692958 -0.13159256812174205 -0.048553800669577304 0.19802374728873959 0.083073287540782317 -0.0069865413515742079 0.10206738319059296 -0.16082654849311132 0.13647214327682847 0.049012327048831787
 -0.093245418681929995 0.12406770806639175 0.021779111685171819 0.096728302308260836 0.02286992114228446 -0.17240751650858646 0.10100588554381858 -0.013251061424123045 0.0079476594474142907 -0.055484590989531596 0.014789244121120175 -0.016666349225258458 0.0046073773527271159 0.10759063580688358 -0.03417948678778298 0.065213178809994582 0.043940838443992346 0.12498861601700501 0.10694234479064206 0.18332579260639076 0.048774511001625845 0.065802508007703098 -0.018372647619554851 -0.11748618257897064 -0.015822288964301875 0.057206512898289527 -0.10608781022107872 0.11142010731526258 0.16073802746261534 0.20438284580568225 -0.033681263132199143 0.11957731450180739 -0.058622742563583873 0.059668509347026839 -0.086562015463426942 0.087251824795708754
 0.091833894238692454 0.056554338287516236 -0.095399567413244721 0.041858399088888595 -0.072597236895284911 -0.027076298789453203 0.10233291115238224 -0.057417069810790068 -0.096544224148277721 -0.087405054427370468 -0.013339619993375552 -0.075265133449750374 -0.094157706802355121 -0.089078894734931954 0.065908190992207377 -0.11355835277399706 0.034659634272240385 0.04093512126878418 0.052347635032968125 -0.015355858775602761 -0.12538074705059096 -0.016184905228074208 -0.02058023329561294 0.014275723482869922 -0.095237228881288549 0.026296499081733843 -0.11896237597968351 -0.069456864326490619 -0.11294470575861033 0.070767979650336835 0.079861545477127746 -0.038229157704589165 0.0027997488004760851 -0.019220770775814581 0.0020553281469203356 -0.013762444244411613
