# Created by Octave 6.2.0, Sun Sep 11 15:03:50 2022 GMT <unknown@LAPTOP-P0PV0581>
# name: Theta4
# type: matrix
# rows: 15
# columns: 16
 -0.10183462801386904 0.034512419618209944 -0.12481860829257721 -0.024054472684331474 0.026838669258741166 0.11011121310722005 -0.1110031352166435 0.10332766423463689 0.086168178630417619 -0.04839332940517848 0.00083432150331247271 -0.014844708509225405 -0.042801784096066546 -0.082464807592667735 0.049352644226652316 0.11134264278780298
 0.067763376470015318 0.082297426591060624 -0.13601217604499416 -0.061092729048483577 -0.098240449197773028 0.1048755382482619 -0.10697645844663721 0.10953093509692241 -0.14784687864382756 0.044774293993920446 0.1562346290016037 0.010167935599859613 -0.12290298674873527 0.089798285581485962 -0.1058603348318876 0.087283285189155763
 0.054369760588677485 -0.0091931087820300329 0.00014689216155477057 0.031995310266490447 -0.042366675530593964 0.13916252198680157 -0.18042814713303681 0.14678957427614395 0.12320081058502164 0.09816661878488539 0.11171966010352262 -0.24089968871525705 -0.040231269483049677 0.1049402604932213 0.096672977824948561 0.027730286912190726
 -0.0059734422665417468 0.0057966857384622247 -0.080356298240101501 -0.030871410563616978 0.019146446719159715 0.047779259998389112 -0.047653881243288447 -0.01340009795917052 -0.10049553521298536 -0.0968424201525242 -0.06735452448730668 -0.080311028120164371 -0.017689908623383509 -0.040357752215885632 -0.029795092230415324 -0.02249636077118998
 0.0035838457114118014 0.14430905536373526 -0.11129431558166555 -0.12410076475029402 -0.096804734930869565 0.027780528636991087 0.06155822884517826 -0.082847109510965841 -0.024567862732733575 0.0038989242403894525 0.07088118213192407 0.0057346085592398822 0.19191163397599967 0.023039619851838271 0.0094790960775805594 0.0082228213425952126
 -0.062149648894113715 0.10390817384824912 0.02863001236424852 -0.078868485216717452 -0.092774128269292239 -0.1569485359000945 -0.055524318680284623 0.052068350250979258 -0.14136950594038811 -0.21205315658420645 0.15384331206670426 0.11745945998705516 -0.079926513891447198 -0.11673612560784076 0.048448050537949108 -0.12215093815061998
 0.0040861035494114354 0.033912828347981663 0.076407507770257094 -0.087826746555889526 -0.059425809678910486 -0.0040113889047318227 0.073417189690119303 -0.010668792899239903 0.12835737952784687 0.16599922357863095 -0.22171271467134249 0.015111235758833186 0.081600589495141818 0.17735471771085817 -0.035934484413043366 -0.10979069451369387
 -0.089409601515912429 -0.00049518020138104109 -0.10214037750312335 -0.019873325478671926 -0.045300793867897982 -0.029348911943100062 -0.064867299140014573 -0.059990866446831201 -0.13010503481858046 0.066411375297556627 -0.072231728660819686 -0.029538127260643671 0.064060489462966205 -0.091136804262336876 -0.010237494747556244 -0.077708292634846785
 0.080974801752965592 -0.089496309621789005 0.099235154720295815 -0.064350214105755671 -0.067545114376765011 0.037071422174369179 0.05522731168152608 -0.05962530923363115 0.064398521973197675 -0.097977824730253432 0.12512988032767292 -0.13291968945734239 0.076791921688999398 0.21703990131961096 0.0061541151062970249 0.027509025507341172
 -0.052499262541373284 -0.096660783344270057 0.086139916741677147 0.017689150067368407 -0.042333158165913258 0.007483710378640155 0.2218382437274253 -0.097222011376543335 0.03047562622383691 -0.19389915067592728 0.013958110418497023 0.11699850626994279 -0.22416128089266352 -0.15559052962340575 -0.073448432317430964 -0.11120828949062636
 -0.024784377618877394 -0.12792815326045012 0.12389394128563767 0.083955654552458972 -0.11045486998908667 -0.0088840508123865219 -0.10793266382779648 -0.20144086719496732 0.072684184338549451 -0.030460300454225344 0.11761068848309091 -0.14097865522586314 0.056537456402371747 -0.11056477172400993 0.016697463528044781 -0.078037283465586416
 0.038822489425293857 -0.0046688004856922536 -0.10488387764708808 -0.091427333348351278 -0.097709818907065593 -0.074925524442976885 0.10556601385702627 -0.040339247517611788 -0.08848754208438947 -0.062785308457685374 -0.04504651440320815 0.037432310636641243 -0.05126944883968039 0.0066646177403939079 -0.050154571749751277 -0.01430559050410493
 0.085632042136872172 -0.021585243951780266 -0.040577132696540168 0.063140326271848318 -0.12230444690366682 -0.0063913296565016294 0.018289349721764169 -0.040969005998479073 0.062010613931746977 -0.04836301385024918 -0.071711573079377824 -0.048156477984425794 0.044588747396559512 0.027573272062000938 -0.10660149661209854 -0.089812570777464115
 0.11156734035830015 0.12685372051858923 0.24822713028752716 0.0029919116089641411 -0.090275319408310448 0.18252377790413724 -0.1677175814214959 -0.17140608829783555 0.10472269562782774 -0.066743317231071395 0.11999360046681451 -0.11038667966342505 0.037314749887285108 -0.14875111634046709 -0.072929277788772243 -0.033013196578255001
 -0.069130230150620614 -0.038291423495003661 0.15659655042061224 -0.088379558374370087 -0.0075336668086550861 -0.011398454182019952 -0.11117086246932566 0.18687290005787455 -0.22151986912920271 -0.031805748573703774 -0.15600551544446584 0.15134022087822263 0.12197342448481738 -0.099948855433835929 -0.0050980368402224275 0.0084500218815031208


