# Created by Octave 6.2.0, Sun Sep 11 17:08:21 2022 GMT <unknown@LAPTOP-P0PV0581>
# name: Theta3
# type: matrix
# rows: 45
# columns: 46
 -0.10318534782402075 0.023386340846347733 -0.010799785326882945 -0.093003987535861393 -0.10589161305897787 -0.12035949143224341 -0.005310957821735708 -0.08341116464445443 0.013973309663371569 -0.079167432644052182 -0.065590371571590714 0.0090252419519858181 -0.033788963714245161 -0.066474156800921447 0.0067063988914677752 0.12795189143568089 0.0074163252718262929 0.0056749461523530331 -0.096616793627098907 0.039091906097098394 0.10249758863554657 -0.11473097510368072 0.11336835250350277 -0.081741494980367452 -0.0089582898331510199 -0.062491685477512542 -0.12583054542564526 -0.042121932371039075 0.079134323510855725 -0.023798299672557595 0.14960953099100846 -0.0061396031459317298 -0.090405059965694937 -0.015776115113125731 -0.019310897832040364 -0.01235775375915679 -0.035198565000331174 0.089737068029633354 -0.039550380977238384 0.14876631071923549 0.076846550193185828 0.036751373301799624 0.10668437894215359 -0.093841787915871056 -0.085464851850613643 -0.089721778518286915
 -0.049772107142831631 -0.027957676015011142 -0.10474340338767377 0.11621268015868415 0.010157369438772944 0.11948343547417313 0.11997461378951027 0.001632739339478083 -0.028484032096296442 -0.07032564353850336 -0.011962359899041739 0.066713217302020955 -0.067283746459734201 -0.028444775543019475 0.12159115946383089 0.0033534087309595654 -0.094351750494948011 -0.06001938903226383 0.097119422477069103 0.10808242170980686 0.026805239616349244 0.095541368148181829 -0.087881932123267212 0.016815294853534297 -0.11253584268309562 0.047814788884189337 0.14321369393884281 0.07748471882241359 -0.015811539224515284 0.084363353139238442 -0.12851415602818278 -0.11735334026684774 0.051029848598160385 0.025597726120659373 0.091767716787780937 0.0081170193148830099 -0.047333600179816394 0.019943972384840726 -0.092299130848556926 -0.042681784380766585 0.082028232036080492 0.053312983277589036 0.079244910241366012 0.011221307700789034 -0.0072866377901047571 -0.11924592102122572
 0.072497212433683955 0.084691485147766102 0.040389142629096861 0.082293776740531357 -0.038542631712176541 0.05723859127197841 0.064374542861844838 -0.11538690130046372 -0.024507191971710078 -0.056852993582104723 0.079147125554931821 0.10244571212467264 0.0079370926056801568 0.051446901950334648 -0.056524972322577922 -0.01996198238353367 0.072586747130239965 0.078770865164380907 0.10914061850902344 0.079675096849091381 -0.078486503595474003 -0.031280414532974914 -0.036911758394695113 -0.054397969344734003 0.080936022013961717 0.051062988464872658 -0.088388807070957129 0.032276069273306618 -0.10123471997684316 0.052668640880860457 -0.030545244801951289 0.0073598715139124192 0.092822998058758918 -0.093607081014221952 0.023448177057450181 -0.022027076095210193 -0.076201111648310005 0.05485017370502368 -0.098763833627439429 -0.071736186332345492 -0.030547738632388109 0.020845662847726727 -0.018587950711347702 -0.079016643752840635 0.084544307961181356 -0.087386491343362585
 -0.036377809888928477 -0.043662392353513865 -0.032543068656840493 -0.132792304846757 -0.11300101636922798 0.12741587422533934 0.043955539624187474 -0.066220402585636828 -0.094219753962759736 0.018142001566896493 0.078313217460603463 -0.076431057749373768 0.049138528473057143 -0.074142744574767147 0.0027778800559792997 0.0048778050739361209 0.041628755311321201 -0.095191316535123555 4.3793588492687984e-05 -0.1128438497144274 0.023980875610942299 -0.090965935584189486 0.055029005380952865 -0.064846980770314686 0.038199131166117742 -0.027927227334876494 0.068697929216586268 -0.061926796317135394 0.060792935284068934 0.093042523951645403 -0.022801289517293759 0.15087623666341798 0.14948190562764688 -0.037543660439119657 0.018875343847085373 0.095947976205520633 -0.08468872921087893 0.051818189853987985 -0.035337873723197868 0.030530240275224725 -0.091434469991919495 -0.074250989424838418 -0.075221354376183561 0.012141168227299255 0.044596530421370455 0.0012732715995922518
 -0.080080481208102544 0.021559355034596925 -0.037575065489350586 -0.030121243882438947 0.016272827667805457 0.0077818173881732348 0.039358729025624858 -0.077213405925190243 0.098337156705455772 -0.021601458572066017 -0.076037456481213059 0.01836266852264935 -0.094657017643579422 0.0018171586168153001 -0.084430683429183848 0.06586766424430042 -0.045135310381393789 -0.049918630213003821 0.032700745071713166 0.07204417465026311 0.028602926095117449 0.078710006415440459 -0.085610478066334053 -0.041572157830334203 0.091903597067401033 -0.0088381950961763031 0.05020712005733332 0.080144806636228763 0.086782776520412774 -0.052092184667463813 -0.081018506523457642 0.10917018936501362 0.062449973342189956 -0.094184098395026505 -0.057484287439245281 0.084597929237899772 -0.081008686961789964 -0.13391605581062618 -0.014358847481130128 0.014249615161379958 0.061163032994701771 -0.020912870485201285 -0.020785878113209776 -0.12463904693521569 0.066793507574791217 -0.0091303357329479921
 -0.096202409220387364 -0.060132404814377455 0.045823757058052098 0.078684691035532633 0.07840903734976952 0.13179066069239459 -0.050772714280258334 0.065235449060499842 0.00019842930715617495 0.045701052251281654 0.018395007525579217 -0.088578582027121613 0.010734302814339534 0.036619427078850818 0.10333295826066753 0.08260003940480122 -0.063084967102371187 0.01580996486063355 -0.024825775363877783 0.042963677120509296 -0.11740608882610665 -0.0022881001981444366 -0.040191581615579591 0.11977511918436436 -0.0061971620614149322 -0.0026672174534073034 -0.081840659301242777 -0.045070686238291219 -0.11106245970157802 0.015523027236964287 0.11849446526124306 -0.018138204641512841 0.056893226814474986 0.042127320670653126 0.032629341364893601 0.084613164156916207 -0.10130556778703829 -0.066813649424420585 0.074098652332237419 -0.046442938727664994 0.052455762754462509 -0.045349892445366996 0.10549826805246849 -0.094198501761458525 -0.089392269954922277 0.11747532524481386
 0.089277492653879437 -0.053387317085215644 0.08143549429487601 -0.11959728638312871 -0.0021287051405134414 0.044731433838284269 -0.12304858254514031 0.102938835347886 0.095385315969620854 0.056229363736387761 0.053143378295038735 0.030914924172406315 0.055196284490926402 -0.095268121125287888 -0.083438533026990502 -0.0013894707592476622 0.038945285900388815 -0.1073683012035416 0.049976597470438283 -0.066168550026245193 -0.037361752052053235 -0.053416519421782147 -0.084116362715961415 0.073971377808930441 -0.04480861657982764 -0.016673874903795467 -0.079618762975945834 0.029433461252686751 0.040757408500074754 0.011915650497253093 0.10667613739475008 0.10617231349202626 0.017263148043445538 -0.021636900347456078 0.034913556702214188 -0.067666438721785127 0.073111999543920225 -0.084592947272409638 -0.036441012296497918 -0.083497495210107034 -0.056165663126464579 0.010789115575346713 0.072811873580777925 -0.037859839229193656 -0.0013443496615014722 0.035070008200290888
 0.11447413018275539 0.036600345306610167 0.028127281758551972 -0.017878722705462567 0.071599647773030795 -0.06880441690842648 -0.081351984309425224 -0.089996393576445566 -0.091091253926618695 -0.083881476671982161 -0.03240514282179021 -0.014421285285209827 -0.039541127059986657 -0.10726744542970042 0.11447130242177576 -0.011173640096143923 -0.024955121250546591 -0.081786115504253076 0.1186781392336043 0.0014518500233495833 0.010284271233965797 0.044984368118873623 0.074014165256964734 -0.10851410042095824 -0.045457253187862354 0.11616261213996919 -0.052341813787814384 -0.0036622190414155572 0.094312633359892178 -0.027912030886716455 0.037993998860428924 -0.061255343577098893 -0.07836377555291546 0.13717439345303073 -0.087943627918359482 0.1023747711674033 -0.08214132693976596 0.038747384336174778 0.14861235461919284 -0.12979497727634279 -0.097922375006105344 0.046046188204951467 0.053289806960961986 0.077465720095326665 -0.07437173593783919 -0.043480481385797812
