# Created by Octave 6.2.0, Sun Sep 11 15:20:15 2022 GMT <unknown@LAPTOP-P0PV0581>
# name: Theta3
# type: matrix
# rows: 25
# columns: 26
 0.081437668451697448 0.12104871339390733 0.05052894081799239 -0.014925933328772864 0.064819775113054742 -0.090026665812040538 -0.04064792677706635 0.0019851816596374314 0.038553105399433477 -0.13720287681722435 0.14904830331422478 0.092325375328016795 -0.048705229720080283 0.10464768570866868 -0.030259729760514883 -0.04898550558164446 0.03705043573903341 0.11918292746873699 -0.018180394278464594 0.17462284771756692 0.051249090665186112 -0.15751199348787429 -0.17892221984867204 0.1194495578362316 0.011017070266465021 0.084019828783545872
 0.11882529793221437 0.27516250757006544 0.095979780048329175 0.00071399560961451906 -0.020813310592798562 -0.081105051769350164 0.11455037833375586 -0.00011988301012832742 0.16534673849774709 0.1348626962827959 -0.0096271212925868772 -0.075003434966725208 0.032909682302392419 -0.12327958781163671 -0.069566942020534303 0.073982994871353139 0.081985942495373165 0.13969966258593799 0.10213957196242131 0.030015221795939653 -0.057820367175203793 0.02547480395833138 -0.098155675217755506 0.034014323819891577 0.085307724499010432 0.027983931905468752
 0.11497788916793658 -0.065013166628550945 -0.096887544752107257 0.10500006437029405 0.0019131036476643427 -0.11366534732215135 -0.014712413614803705 -0.076922884364805724 -0.11131479938604255 -0.10360916636648106 -0.11570467074414297 -0.016449764821261013 -0.094557834851751288 0.10178270525045595 -0.058435166568490175 0.1012273030772973 0.046923438914501008 -0.084586044770739735 0.062825408221413664 0.091879127891906262 -0.1025256350244327 -0.1124789961920724 -0.11666771244758513 0.11878875457586956 0.066439420118532572 -0.10710535124060114
 0.038582857514060251 0.025045843777747479 0.075553704921701478 -0.042152574318590492 -0.14599989277055517 0.02756244098460946 -0.16004071522477442 0.055872569166953157 0.002903806658743225 -0.05287903648451564 0.0013480968203530854 0.051157334200160193 -0.012929369861769586 0.024339628975350778 -0.047267589561828388 -0.014832756285442538 -0.12481217535864379 0.05048928289119 0.037322341205876464 -0.14103352011814485 0.056491336779269395 0.13349229000717588 -0.10673095138344174 0.11006826441293095 -0.057896602445502009 0.0070977304991641102
 -0.014913538678087826 -0.015357968726355326 -0.041038765593993685 0.042293694992300644 -0.10962178738023043 0.073978385531961718 -0.11489947359241404 0.0068461546588098922 0.047070216888022209 -0.0070115248172840225 -0.06049915938880554 -0.021839436112020466 0.072755046534785386 0.10890001336249661 0.03502306782718527 0.061142144511070154 -0.084264618939221034 -0.01803079238090885 0.080720865585003396 0.080171381208658951 0.076052518797019394 0.15797520605469098 -0.078937960396864557 -0.13826958984328111 -0.078192001801305575 -0.075825169649799948
 0.026499679179938364 0.25845805152750584 0.013904804648564249 -0.10417123985647236 -0.22041669735469052 0.050944874826152821 -0.14629147393530167 0.085670388715139129 0.015238327047089759 0.035381898015967139 0.093450028505509139 0.021516231099892945 0.032492268310582877 -0.079195083468129798 0.15561381976492408 0.032639989029448556 -0.043447262760214996 0.059587828037541833 0.024258755623535268 0.042641085893628347 -0.070939710001138856 -0.12274965612777927 0.016107132229854989 0.098042167065773275 0.10096735578489469 0.091261492368724495
 0.11823919330790449 -0.11861427247913636 -0.097462382285177271 0.074624650437979528 -0.082856646298810219 0.033213950745025977 -0.074691843226374358 -0.015100357810814298 -0.075595011379940388 -0.032271556989636352 -0.07555392965909502 -0.026747814680264444 0.069800042619563837 -0.064335024725583542 0.012026232137385675 0.040923974606615642 -0.059889017001111849 0.045018122995185997 0.10718386416398908 -0.071058304055747146 0.020520132452598785 -0.1004385313339604 -0.017939620033205907 0.01025932508240612 -0.025970309074522059 -0.069815600264185151
 0.11517355451461016 -0.058902035090811558 -0.023428442447722707 0.034121306242081595 -0.016720327076586522 0.018601054226097223 -0.031522963916936847 0.026843440954453176 0.11964036024045586 -0.010473611662736712 -0.085049745715586822 -0.15540398592632595 -0.019054876739646599 0.24713032398412063 -0.020161422803984606 0.10824278992398348 -0.083293545335822644 0.1000260009373162 -0.08797057651003265 -0.033064398039984365 0.024868001653725359 0.19091403617352565 -0.069672137133728246 0.0072608129323094867 0.03424527141815159 -0.12653514882342271
 -0.050878011927211066 -0.11480636916342889 0.050867694756237702 0.088741679415558467 -0.12493062359733406 0.039655175048315207 0.11315488749088498 0.047392500328071789 -0.026287848599680107 -0.061593591998379979 -0.065519876685207312 0.025680624183366457 0.14323646919339558 -0.060453923480984391 -0.058018301488498805 -0.061994079893932429 -0.010483684345230733 0.010511262065060619 0.13800532947776376 0.008643992938813308 0.070657325800485851 -0.081086024106656468 0.03562161277977096 -0.035207685834433136 0.032130879632382314 -0.03944401864539257
 0.09714018343725539 -0.11027434751950974 -0.035546463118024001 -0.065584587579856496 -0.06730296240400209 0.063836534852600393 0.10663021026676629 -0.0020200362598309656 -0.1205954570345398 0.012580563095015904 -0.017544170952813715 0.0071090501191456955 -0.11085095096059036 -0.031191866716717122 0.10863193970754349 0.014008865706111255 0.10399166881861957 0.18471362433454366 0.059626682512337846 -0.17437624224160955 0.13875453610761676 0.05747779018359616 -0.026644390436812951 -0.0050056621534916813 0.0087155919023337233 -0.096490424480887252
 0.040667290015039249 -0.050648445265147002 0.0019567980473770303 0.084156606472119769 0.02557078925462504 0.26029746014229971 0.024787147046743487 0.076626394746045323 -0.051560296176352015 -0.035279104900811514 -0.03052385783263745 -0.12865626474664779 0.096253044883234232 0.0073211525136067752 0.13661249449065713 0.075591335658867387 -0.018272259443501998 -0.088553292881975734 0.17095504432438158 -0.069580831491358699 0.032457386651683323 -0.0021540458671853438 0.18077486211708244 0.083645183270876361 -0.11130933029064498 0.080642712026453803
 0.06356242161567191 -0.037162518325823957 -0.039191942847727076 -0.11209157982727468 -0.0037747963204582268 -0.057791804212407226 -0.061832087018148886 -0.053151166539358925 -0.063620731112481718 0.039861134423508235 -0.11930398080514253 -0.051741479435276544 0.064089259972904586 -0.037480699356613231 -0.073551567334463303 0.039496351321847381 0.010287030277323644 0.094782240140434112 0.066823906323479093 -0.081430669809465533 -0.063073009132986815 -0.047146894262952793 0.019111984274950543 -0.0086415180059376991 0.10595532882181144 0.058255997280933704
 0.076704153389579824 -0.094444316699917 -0.12862541352054202 0.03287397421627837 -0.12835750629985801 0.00065361357196359437 0.016213994239927813 0.11558814435261237 0.12179527007558519 0.17086405518908773 0.089126304300726003 0.1374202751211703 -0.010062692936040708 0.17210669286314881 0.0064725558240709136 0.014543636127310909 -0.018906066832425378 0.03567372814697916 0.069265696430111975 0.0058471034404955109 0.098291312888565865 -0.19522969030356263 0.038424911750162619 -0.03171142622435285 -0.09209475856986038 0.092191970601002884
 0.079085305605313974 0.024089700350302893 -0.062079296810461218 0.12587495008856231 -0.11428043341623112 -0.033987575305717777 0.023002020527432891 -0.061633087766837021 0.014817060929288538 0.089309168568690131 0.17419927396426038 -0.06516503909389243 -0.049295562946626244 0.10370474090252112 0.020969997524865541 0.0013012215016110834 0.022459128179241835 -0.0094937087070389396 0.05624572861940233 -0.10516730987353574 0.16464095465019696 0.065641291358340403 -0.18193855713329776 -0.083815936507796951 -0.014971470900309656 0.21865827546583155
