# Created by Octave 6.2.0, Sun Sep 11 14:34:56 2022 GMT <unknown@LAPTOP-P0PV0581>
# name: Theta2
# type: matrix
# rows: 25
# columns: 26
 -0.086819728679434327 -0.050638783017084986 -0.1083029267761627 -0.040714530241343458 -0.086627207190333483 -0.12902008531566578 0.079704614346872163 -0.051635649293706343 -0.054692367121114006 -0.056354067903470202 0.017463046439008246 0.10470920738189494 -0.089115406595975361 -0.044010809137693722 0.075589500383470662 0.055821748786369488 0.083136182486786642 0.0073588479552600568 -0.064001919220592396 0.038860550696307949 -0.10060301201785857 -0.089633152231616317 -0.08489015180650572 -0.0038385631216399326 -0.067399401135131959 0.083831226544642673
 0.062776257049322506 -0.10340834750501297 -0.00291989798694532 0.12570642157663131 0.0026221739032849605 0.097981173332240573 -0.028748514132644815 -0.081176093708832511 0.10424608000914252 0.055469342216792804 1.5483400179297476e-05 0.019800784465246461 -0.030534075882785061 0.030429610610377644 -0.14035347398327178 -0.061882591184237459 0.040495364890197665 0.23779203934574739 0.12203961931702467 -0.018900735270313489 -0.04344842584408156 -0.20352232343698473 0.11679241788397193 -0.049472996600510043 -0.088306573125418161 0.0021758716523858361
 -0.035895649327963304 -0.085332878037662763 0.062882923745885472 0.024273716908817217 -0.10020355480646154 -0.0025724530563716905 0.086583034483052462 -0.1205754818047165 0.062573192703685498 -0.035711213109366341 -0.12638238419604469 0.077769182413867502 -0.10327352060131358 -0.0060162303848624041 -0.052248449974804372 -0.052493019592604946 -0.043807809535257723 -0.14079595603279721 -0.018980196515386186 -0.083944018682998625 0.061896835293233775 -0.088238928256218055 -0.16492040953772946 -0.0052817365086077978 0.13504874625690275 0.096209594529416687
 -0.012708343804625192 -0.033610212366053063 -0.13573257226602534 -0.018444716419000688 0.10710232263006245 0.13350121973962237 -0.1855424676435225 0.15804931873576217 0.14545811943992745 -0.1080625110300963 0.035268040075851208 0.15278860725482887 -0.090513156610586246 -0.19166685194284266 0.057851616245406183 0.18084087862220358 -0.0021013720215002809 -0.091117827872349122 0.14052544725508753 -0.046076355091090988 0.096004641489574757 0.080029503052150786 -0.11440144847880217 0.10723118849018791 0.043312597322177529 0.087631132931273434
 0.087929353461405541 0.15360157032021723 0.1081196112482247 -0.10157118313819245 -0.10475975918319082 0.10371600187976111 0.053573368749413756 -0.080839841600883006 -0.10258289341448888 0.14971029726443344 0.22797528243884557 -0.090306954768190326 -0.08261042537722614 0.075927193600804188 0.052170685724722755 -0.051279260284662537 0.017514224986581169 -0.0032286633521623666 -0.11965189943477215 -0.081216590804530711 -0.10310781469072922 0.067428911582343529 0.053867252897579751 -0.02226364472463466 0.11039269533292895 -0.046661471913169855
 -0.033115377110515792 0.072836989833711563 0.081728626807898261 0.029431049949471839 -0.13583870850154975 -0.076277611919071439 0.04031624553792635 0.080807538239584933 -0.052343516473786704 -0.065859098589516593 -0.081048236790868131 -0.12379598920027393 0.053302200913141917 0.090262328770575717 -0.082541462256489298 -0.1033198071413685 -0.02294284413379508 -0.077172895755400733 -0.13123003872686867 -0.050939001344497845 0.08766150076615932 0.025807599861951872 0.016293767141393953 0.058707123062494829 0.11281031469598146 0.02659941984098077
 0.016579473972538061 -0.0082373068295969777 -0.076231950759977143 0.12395970126786693 0.10907747977284894 -0.080514276867435425 -0.027257938753819041 -0.042128438558669212 -0.011703716126713445 0.006598336513101777 0.21052939950812172 0.093606047691936978 0.113391649326468 -0.025604071580462587 -0.067104200181019702 -0.0034086149931722531 0.05780043394840937 0.087453173504218412 -0.069642636426622287 -0.1588196876321962 -0.13972147343171146 -0.14042822820720227 0.25355965498972277 0.089969981844922983 0.077152748837792731 -0.08426034968555482
 -0.029104919162822408 -0.11428989628100597 -0.064267298234757964 -0.036783290802794723 -0.093617166970405952 -0.14014142600986207 -0.029719572837083597 -0.022621086346197607 -0.097426928547364011 -0.11399965123868079 -0.049150201357971365 -0.086080034462277716 -0.047648703979948977 -0.069264609700082302 -0.10218957902074452 -0.068725507911901185 0.048207354612560406 -0.0055254082861284984 0.034864609050850613 -0.029960586802972061 0.095027643009970852 0.011530925252005889 -0.020820992602531306 0.017781761463142264 -0.062273598900013272 0.0031458251284162135
 -0.067922083816093312 -0.04053919747842135 -0.055556885925462068 0.071385556192957278 -0.10462818030332281 -0.051751498527069839 0.10711500858326872 -0.05434722598363606 0.057261848965288402 -0.0092212910122220614 0.18484727933587999 0.15198650813964223 0.10200764686385065 0.098562601823567714 -0.038700350849438216 -0.11292195299500193 0.11725370756191779 -0.075431080626831154 -0.027947334303045 0.15896892638328025 0.10014982567260501 0.10387769314508948 0.19347482194262536 -0.084857264571704658 0.019259845806102904 0.012157612660327593
 0.076778042760461865 0.038349290003226164 0.14919774043960909 -0.0257530529576585 -0.11475049884971408 0.0041456512773337308 0.074773022682583221 0.13390279220439488 0.1023948615219528 0.14478998711419738 0.049005892884039226 -0.093703653054462294 -0.09190147802975647 0.031097702610035603 -0.090975633602532205 -0.076863289017736688 -0.15048118575057826 0.031722913844845282 0.15236255797710044 -0.074423402514892642 0.052481472850323015 0.018920154954846644 -0.009450792825514389 0.1428202239112677 0.085058244751630985 -0.059548641282651929
 -0.038118106067290894 -0.12755715366164297 0.039760193726695314 0.10487338458170169 -0.086467116703735206 0.067222734975135381 0.1121425249542943 -0.031170003395353859 0.014234787416732703 -0.024803737492279501 0.11105788854896988 -0.029541509186474701 0.10291404226034842 0.17053160193211619 -0.028538566991639015 -0.13786109789621787 -0.018467607452845144 -0.024131033240426352 -0.14534564721977286 0.036970069710292104 -0.13202473225621561 0.046229205970295756 -0.06012027648504973 0.20152935810732053 0.1667464574995475 -0.072603482834891764
 -0.044665893250289815 -0.016287974869252743 0.07454823012298252 0.018541069695617626 0.067771483685710718 -0.096202769482455402 0.049823483464201263 0.033830051261895949 -0.077521207377453119 -0.046425298344386537 0.01173113289954727 0.023225586189850461 0.0035287663246033251 -0.081378409762055876 0.066196467892571859 -0.021411756348840502 -0.065277916627246635 -0.10384290761833465 -0.0088835469379897492 -0.087123698100273483 -0.038551793320305068 0.029349608634215717 -0.069208377935382162 0.001303453404670858 0.093523885125915959 -0.085570343117249148
 -0.039260634024106088 0.21217681575202438 0.14990845239406178 0.031246785307715311 0.12720073520530226 0.019366063988937081 -0.10762740887008759 0.0029116290982799894 0.083964384720508004 0.040836491108433647 -0.10256125924900866 -0.019311053068031579 0.073934035532780648 -0.027528938828193454 0.071972535741229957 0.12423891844428422 -0.076664383515161166 0.062617887040529091 -0.1296275944850048 0.040146214496126521 0.084742088146785521 0.08411866399944018 -0.16299801889489077 -0.095473430170212301 0.17667725900478107 -0.015500588148890824
 0.028070456462171108 -0.055108602417869849 -0.10615147738935553 0.039516039920515875 -0.13732921812500898 -0.18181717377622597 0.030558980032704637 -0.10636063838890464 -0.028645958807491826 0.10853500252206845 0.084908989222881981 -0.15287739619979859 -0.097333387798901411 0.16435330458165678 -0.12702489353058066 0.0077509925551593499 -0.051500962217160315 0.046448011035754702 -0.02264006319277612 -0.10752700649534154 0.047373311709873495 0.0091007271278336788 0.073640266623409778 0.064059676638088925 0.026129337553249338 0.15113453556334092
