# Created by Octave 6.2.0, Sun Sep 11 17:21:34 2022 GMT <unknown@LAPTOP-P0PV0581>
# name: Theta5
# type: matrix
# rows: 10
# columns: 46
 -0.087275117121082407 -0.0092657043249702795 0.010351918235088171 0.062487130934939746 -0.14314222887125178 -0.012432661087980279 0.047017846851119538 0.028914961026249981 0.064779090626330096 -0.037701069229745941 -0.17777506898838322 -0.031154790298691427 -0.11747882842231458 -0.043280762274904336 -0.012725441592694949 0.092784662701949419 -0.070393210484895663 -0.072035813030144183 -0.0071911231953992894 -0.10317900270193013 -0.17512151330459982 0.21827511815619405 0.11906586859076324 -0.053648327974781848 0.02386199303028292 -0.010639776689049652 0.071456298334409696 0.050337711139022287 -0.022908201757436127 -0.019489437438340945 0.12020917912979839 -0.050575779125423957 -0.05610710657851066 0.10856406909706305 0.066590108124320632 -0.1221130714718829 -0.059915113707104707 -0.080532754477733004 0.15189054937986363 -0.06250451419050293 -0.089864752631993214 0.00050252449258396338 -0.040945989139283372 0.1206897443364225 0.0039699478539530209 -0.026707064569343592
 0.051517898212838795 -0.1350756605106942 -0.12781328791669597 0.11386287664390898 0.034401086976719925 0.051247658230626013 -0.12753786238250817 -0.15355673759221161 0.0027199460552295544 0.16428116284061073 -0.051783728400820288 0.024203682212627704 -0.050324242336307161 -0.05866883154243873 -0.081622701178416357 -0.098903642124164109 0.23702675991835453 -0.075914380188097305 -0.12972623967634497 0.082973597024818282 -0.0040737335122177504 -0.074050287886519989 -0.033754153131768744 0.04209878570680306 -0.015554430677210067 0.12151482710601927 0.047567393283298266 -0.055220938905968638 0.051389992577574387 0.012960134715135444 0.046009121912153117 0.18268082841574831 -0.094327688152134645 -0.036058859653149304 0.088766822883180496 0.076124901166072567 0.087824489228500335 -0.033624579063606656 -0.0043996803718956649 0.012344237456858854 -0.11788952399273386 -0.060788644430125993 -0.084191595608960196 0.05610142483013246 -0.042857389326815008 -0.062031043165319565
 -0.0084540389386624556 -0.12921633807435773 -0.19348725417272325 -0.11391308520075406 0.016869189033620936 0.065688695387728438 -0.074699774354455989 -0.072594192030703317 0.0403829246246208 -0.065721981979171534 -0.0080330277940150966 0.10890064455200216 -0.16493372733410488 0.086322950868421983 0.13077589129236725 0.11410588220427167 -0.048531792980184903 -0.078207301384281516 -0.086453699319668675 -0.027737135508620323 0.2140812825048132 -0.052036703856765738 -0.012963582541622724 -0.056006337580973606 -0.038016109881652702 0.026598849444542397 -0.18656162523142969 -0.10249716620734239 0.017198226938673528 -0.010701960681609784 0.18577788788798513 0.019999003986539043 0.083401767326374859 -0.041623045252431198 -0.017161049702843698 -0.071540421377074143 -0.10486150036340292 0.026826154593952035 0.1300100201079302 -0.11316196190906211 -0.11183452003769141 0.058534284405125148 0.20118179750365989 -0.065774726913678069 0.16781515377864542 -0.074089620907344583
 -0.053161897558618672 0.14409280526467275 0.12501395146742153 0.10870122341114127 0.067848395706148437 0.031030284958810592 -0.060150222543558417 -0.086237798394268761 -0.029612386408382381 0.024290161558861375 0.052579942769993455 -0.057773524718885479 -0.04998950278296202 -0.10506103404722929 0.091471521715131149 0.043564180787499039 0.083469396327005091 0.2638600763246563 -0.096961581470337857 -0.038224754344041045 -0.062373158403182319 -0.022922229997148196 0.057866098684980605 0.11779876428401993 -0.041935228403453775 -0.031531168625309733 -0.028079824030984888 -0.19984060622127442 0.077016911783687025 0.084239346604150472 -0.096244074393964249 -0.043719514233600647 0.034380302859407984 -0.087447393962052339 -0.13638137311523016 -0.19350429389517287 0.012210863565780352 0.035334982063544892 -0.0037126084460187476 -0.066129415771294817 -0.080885785033240593 -0.11668992648967108 -0.065144235357214156 0.013169920098521352 0.11491882826619343 -0.07982682186234405
 0.075887147749081646 -0.018849264087371569 -0.013580905826341355 -0.29274118014227113 -0.037229665074673117 -0.030867591329093936 0.12692509675653973 -0.036145461166562427 -0.087097128376856278 0.081269106185701517 -0.13467421244483488 -0.042898832206864808 -0.028936733324038701 -0.022812017568087092 0.10396076046460896 -0.019373231581885784 -0.12703118747880249 0.06180860198964748 0.081813901195044503 0.10146779424924739 0.027223587776439753 -0.0818918827261607 -0.0077597077703188298 -0.049435994505605256 0.037508963510847655 -0.009304877943639522 0.064472953407532466 0.14861150863459299 -0.13439747559250925 -0.14335948427968129 0.13584398934140809 0.047444270418739401 0.018062823269155506 0.048825434236114879 -0.10579739253921785 -0.070245277273190646 0.081394436229338049 0.010052205232081642 -0.064157260009734055 -0.043992122690498119 0.10544527033868355 0.10143995558558985 0.0058425883087710037 0.065716260141733276 0.023716890158525784 0.14563432806610441
 0.10172187400885836 0.031667232118709705 0.13580905477537686 -0.1160745381030269 -0.12932435017476679 -0.085501350442173843 0.074046375770796632 0.12247704908139909 0.20452461085486662 -0.1361459107772979 0.032337697892936293 0.058956809948097426 0.072386304273779789 -0.069141112367825844 -0.14917461501849313 -0.047671062412303025 -0.11698557474905458 -0.14714679257143354 0.069903141644259634 0.1642764648912623 -0.074967848773885515 0.12305439208633144 0.10325326660101497 -0.052954352394906985 0.056644912107727756 -0.15985700106723222 -0.11666508497654512 -0.061130898041095588 0.21283708687071831 0.041414676115882489 -0.12566741582440216 0.031302201516220263 -0.049987221777955983 0.0062855477616159438 -0.10270143235851351 0.073383175479502585 0.015628009975236685 0.13882492980769137 -0.029690400578923058 0.054206486160689675 -0.027557375843360793 -0.0079587027255095845 -0.029920027817489449 -0.013294586980300881 0.050099154310530691 -0.070231216330029864
 0.0054639131191576385 0.038448008691468881 0.061425883001807575 0.016770854680885568 0.083302580821843039 -0.0062857237004551175 0.11181709037903016 0.02366075168635829 0.011811225622622525 -0.17879514331147062 0.023708879125913115 -0.074056255837405383 0.078987326098126642 0.13201335544021078 0.034238018358045012 -0.052114891282986943 0.013171959646096996 0.022951337114710493 0.04460976940648341 -0.16565545745277563 -0.059401598548940927 -0.02336076390595869 0.12562972595663136 0.037281320662112413 0.096401679218471661 0.16847125301293081 -0.069116322256033397 -0.14780543208391578 0.11713766547065009 -0.044567464360465561 0.0164715235069024 -0.053103803018574411 -0.049857877863502924 -0.098455648900661955 -0.024652379178515729 0.081514496381504237 -0.070594877406013515 0.0044465968283546892 0.18798753382622693 0.10400293187933717 -0.0060539321677892154 -0.0019530374107794809 0.072870879201093836 0.14508999359566188 -0.1317140095388801 -0.15577722897484758
 -2.8280592350879664e-05 -0.0071166510799736109 0.07499881078688303 0.18935825558369579 0.14806124285555272 -0.10620127214435736 -0.020330522119819356 0.11582460025203462 -0.12805566063995028 -0.10371827664089922 0.094563190645138656 0.058126304264053283 0.038785766090352287 0.08158660834832511 -0.1553581770834031 0.057737448994112053 -0.056417397469625756 0.006436520690046541 0.031512115346978807 -0.17928579356109586 0.09209009082317883 -0.16800096720459648 0.12660037715187625 -0.091884189532107974 -0.15935289177002965 -0.13316729846786912 -0.04585431774129279 0.097930628020217653 -0.13523453699435303 -0.003066701403737401 0.022707582642450309 -0.064413807493410524 0.055691961919659833 -0.087440955407110485 -0.17603298991289609 0.11682347858169609 -0.10176460973736337 -0.04118354972496821 0.0033482398733566585 -0.099045051928398756 -0.093641969864387373 0.010522999030263575 0.019296338567397563 -0.073862947393498024 0.11900551990394861 0.12629206263295997
