# Created by Octave 6.2.0, Sun Sep 11 15:11:14 2022 GMT <unknown@LAPTOP-P0PV0581>
# name: Theta4
# type: matrix
# rows: 25
# columns: 26
 0.098709437968309735 -0.13678271840153949 0.037456603183581169 -0.012439050248849831 0.043163561614203372 -0.062228109552402551 -0.10071528486613088 0.090383356842050386 0.058613402082637843 -0.085297982546454834 -0.092534736226300027 0.12839051043954877 -0.091650936567439653 0.0025933410583877802 -0.046573637060800942 -0.047385874909697367 0.021200480377106354 -0.12226012397697232 -0.032616010627131278 -0.082946522909688347 -0.079838175600583372 -0.092500264369234947 -0.018301339748222095 0.099012232063179495 0.096471317997418496 0.070346272171608812
 -0.022196157084559041 -0.10310342487079739 -0.04105887788086892 -0.1676111997659544 0.07960651920115891 0.13670514461973743 0.073045513119812319 0.030138257234365619 -0.11196629223196311 0.0090410030334117045 -0.028359275760108108 0.10804599130582403 -0.034517519955897476 -0.072418430200979975 0.076764119457614771 -0.10929245776743762 -0.06456604002384117 -0.10590412825836854 0.039719396432822601 0.052228360523650014 -0.10136418580831352 0.029351552535175882 -0.064358398153443977 0.047175195991602241 0.087194116824923854 0.10391576881198009
 0.09198973129017475 0.12465028692537462 0.060859351009988211 -0.22958534839645242 -0.098456295495362209 0.12728971197769398 0.15416729150690153 0.046783327096571931 0.056795964008369969 0.054246518163515625 0.01208141570534184 0.14998504312954722 -0.079685014162805545 -0.16777314299394117 -0.063643704607129661 0.12655166826469719 -0.058867471592369228 0.091785554275179551 0.07258757805738611 -0.059103204796838886 -0.020462990616085516 -0.012477139305665951 -0.084084488167147378 -0.015752814937097084 -0.076038771942938857 0.067785781373651668
 0.007893436140425137 -0.11604033584402702 -0.059676766190417334 0.027697919792469865 -0.050176354936629711 0.021153121501932957 -0.091382493413579818 -0.10214673915805422 -0.055444818706491657 -0.10356130468618173 0.075493191755167319 0.054110521131358731 0.016360525325455479 -0.032169031414345822 0.047301791590573676 0.051932294351808739 0.076263160478618697 -0.026228374583528957 -0.00072073233309981192 0.022453911680544787 -0.022808201085384006 -0.068748765447124716 0.072324717233710811 0.1105099198776152 -0.070643548606534864 -0.0067935644654754605
 0.015456541398101192 -0.083214965325660903 0.080874717470841836 -0.019408977629995858 0.11179117493804197 -0.02800561348564903 0.11106531920058255 0.17264284864163604 0.11567697528820027 -0.012353442832507349 0.09098979513215473 0.072968587663723397 0.092207268174611903 0.14683165005117671 -0.1562625008201278 -0.026944032478436693 0.078564006944137801 0.025757434463393823 -0.1120995504734231 -0.067598559162199631 -0.050447542456003719 0.11059433536303101 0.10890416662436896 -0.085424722252172902 0.0084150042741468218 -0.077049569243877181
 -0.062149123924971239 0.061858178356826846 -0.087383170465741955 0.055521294199027398 0.083638164636769374 0.1467679297125101 -0.021557094984228777 -0.07109475043068017 0.062588869947246134 -0.166421262775972 0.11511162848625382 -0.12221718916329083 0.043923670046834666 0.0044873507428986915 0.13947214287395268 -0.092988536334607602 -0.03114405700811131 0.079190388215682014 -0.1115242097340363 -0.110766548911875 0.0043224738182781131 -0.047205406348969435 -0.1129139412591678 0.10515727851680884 -0.172164054793015 -0.054669238203007814
 0.1273511539813337 0.054855996836161144 -0.070032697175297892 0.03018258283995557 0.10484225003809723 0.052177492452789458 -0.033697512117690419 -0.012498958497111834 -0.095686114030923683 -0.14834800500231698 -0.0086831790042382184 -0.015706388253079941 0.057727993181870225 0.011685892885907725 0.02177376799645302 -0.11502570526934988 0.026518690890786796 0.035520354036216888 0.057922485158041256 0.12311827548095988 -0.025599849131489577 0.13835227259768501 -0.10034077892318656 -0.087209630318789214 -0.11432976852313834 0.12067526280559003
 0.015385848637432522 -0.06399424937205711 -0.03200865615368597 -0.12675035626133432 0.1874985672972449 -0.064037549474560113 -0.045819915877044433 0.059910296419948744 -0.051934244335301472 0.12866050148545913 -0.039105565839476525 -0.12352696909697257 -0.10875500547617792 -0.0083743560568266887 0.15154526380095029 0.076874779802951543 -0.041145732964931125 -0.075906673882688361 0.04167001781586243 -0.071225200733199753 -0.077761117221277806 0.12052743304050538 -0.098896109173304644 -0.033188426731067582 0.16333816711793622 -0.013369046571722349
 0.068126764409634014 -0.026888342181738942 0.031871220971911363 -0.031762977499718952 -0.086832749893352795 0.17082664355318014 -0.01551330362677456 0.25355952590471353 -0.10898480836567352 0.061885425336227408 -0.085590947503891082 -0.03018713592793635 -0.022870529423314155 0.16277114576394125 0.12313682940891586 -0.013926931292137661 -0.066302173578238047 -0.021532607280292448 0.10278813758332339 -0.048157673792776405 0.089148588588122482 0.086559740939361404 -0.099799414539118877 0.057961270238106148 -0.19022736619552089 0.05104278154793096
 -0.069189205425165948 -0.023039921114275542 0.065586520987534008 0.17326948387565055 -0.17079866272634334 -0.032785966866788661 0.16516059072970662 0.017764031877559983 0.11387960538661741 -0.055604558271534106 0.025240652054234994 -0.17174913659849106 -0.013185408452254285 0.12668481316154664 -0.061120788147547171 0.17151767995982728 -0.098571834214577173 -0.018191865125052584 -0.065854880954491782 -0.091521983278392255 0.023803442198701383 -0.09466381985760032 0.038191072123074737 -0.058308825255177985 -0.060201317229533639 0.079933344039717483
 -0.023766670402196419 -0.0070502621089928406 -0.06410091093081656 0.12871713718638314 0.20935033932239475 0.18218913463035091 -0.1074702135326433 0.0033443211411121215 -0.053740546250232217 0.22225823587322957 0.0039922870035988536 -0.036050860430346041 -0.11726723439211439 -0.069895372788702045 -0.0036558860178085573 -0.12569713493549184 -0.07107255766068217 0.030098032953870642 0.03286178274782272 0.094375772011497647 0.020570201354488279 -0.031484197821337628 0.040061259113595843 -0.073737637386604438 -0.017703021664785386 0.15552405306657094
 0.075156544317548882 0.17359278701433309 -0.050124648909683205 0.058683949045159702 0.10269547524600348 -0.048609940574735645 -0.080438438352724684 0.021622119229180902 -0.077122957101515982 0.10095894369416231 -0.018383919699582772 -0.040979583587653773 -0.075067568755723665 -0.011172675319579786 -0.06082975581212538 -0.022173791944868109 -0.060731643015745421 0.18013560792059868 -0.10510141881654343 0.027617225931049129 0.019543057253840417 -0.0037075909784654712 -0.093675639526457813 -0.087587255648942444 -0.037904366643616967 -0.032452791726555921
 -0.071198322906024375 0.10517951209018404 0.024115178513340302 -0.10480526188393391 0.037820276965235669 -0.10887279515548018 0.1644371552090079 0.17981820549303656 -0.095911968931989958 0.024310907930688613 -0.073802721891861267 0.1992526501858051 -0.045582892760885098 0.019470055708788282 -0.006708513769678689 -0.098018819150965109 0.013385049687040091 -0.1345385181247932 -0.013179473816247688 -0.057966352463960612 -0.072675213207730016 -0.082527223113590634 -0.064383343368657961 0.068139108587518732 -0.074947973094115161 0.036900691406535784
 -0.10426908210962169 0.16257945116852004 0.12831042638127726 0.012174291510464508 -0.14699458241703978 -0.0034800667822193357 0.10612773635527624 0.021615816793536167 0.025258971921355382 -0.056559984393934511 -0.010460187735203385 -0.007114198969069261 -0.0070709566498764163 -0.065828100088118402 -0.15204907861233355 -0.04200408122235328 0.055901151019706601 0.15430348912880706 0.087468360315635707 -0.095612748428268002 -0.04736211791971856 -0.082694209120290921 -0.03623102319186064 0.074743052832350221 -0.062834047843093585 -0.11944574586064881
