# Created by Octave 6.2.0, Sun Sep 11 16:50:05 2022 GMT <unknown@LAPTOP-P0PV0581>
# name: Theta3
# type: matrix
# rows: 35
# columns: 36
 -0.027682225115604513 0.13095351070773995 -0.066374687193675896 -0.013664420708288917 -0.18331128928717536 0.092511434052195446 0.040498621107857569 -0.070274102993169496 -0.015070553007915283 0.042014470642665912 -0.0044076074810496029 0.014455296020002244 0.13937436881679213 0.015622335354616768 0.075491504629330214 -0.094749675321693053 -0.013030416606317635 -0.064115318801405155 0.066875267130058591 -0.08336306483873375 -0.065805611929308463 -0.078496160119924677 -0.055868922764682742 0.065165490240788174 0.084260415014088694 0.097023587036956474 0.11624432010232917 -0.070675104514706835 0.0054553686091862556 -0.12616289308043258 -0.072737733356146667 -0.019651063549173915 0.07741515053928516 -0.095529820895713546 0.16661893667492625 -0.10691438451545358
 0.07804799918044357 0.10882744434902718 0.098089498458889354 0.11492756615860698 -0.059011747016529309 0.092249805197940543 -0.050511245118797309 -0.023691657945960069 -0.10558803167594646 0.093433323778397151 -0.09293812369548346 0.0087864403743917168 -0.10279650232506174 -0.069563098707971588 0.10602062114248725 0.0015974256835866222 -0.047533041117394363 -0.040214387155881062 0.076699686796323566 -0.094610342279397644 0.021886101882518851 -0.085251445835752199 0.10178358676910075 -0.050787671210165725 0.053006311984853859 0.087709908981650084 0.012367777211448099 -0.070025570364078749 -0.047531163334178395 -0.050764455947835088 -0.071358481167128521 -0.10444654533913217 0.054330710269107484 -0.013291346602779641 -0.081635846115870353 -0.012030363964632335
 -0.062911727297029596 -0.10995249257175377 -0.052813052947680607 -0.13345535391621374 -0.11203063011628565 0.1143979497302564 -0.096167565866966134 -0.021330361079930717 -0.073415761142614083 0.081227056756545096 -0.033480263810427319 0.12908519893164128 -0.05584268400008556 0.067680215079008163 -0.12024051728685516 -0.049288455016906034 -0.062935810882692886 -0.056009329906476807 -0.040271719325750771 0.012158040658386956 0.087414047245998244 0.084247558308140763 0.099845760269346731 -0.0051458673705740629 0.017886300276118872 0.091297904769947424 0.080274854238507401 0.11640384353538547 -0.10590491976258226 -0.0018496585344283203 0.093105157286816148 -0.064754001022940488 0.078589659226352859 0.10343105064977735 -0.12162973142731527 -0.10462459605368918
 0.098356558216806694 -0.064987404237414684 -0.053896485528506788 0.048359821740435176 -0.09704057372115199 0.060639331385631344 0.0472194093857023 -0.042475513267147012 0.04553392883497806 0.10125221167488585 0.06058866686051062 0.1477874631529674 -0.045442067155337211 -0.079060058621255286 0.028718592672365532 0.075092994158230883 0.12102097209758485 0.092104707677187606 -0.0085706237182226006 0.0487804500389784 -0.07971749157743753 -0.046026220854808453 0.018804965135750661 -0.056215106203486652 0.0089485208115892938 0.10100125267492359 -0.074158014479751011 -0.26416964810383103 0.069291045509863897 -0.046147089360941106 -0.060696855046746205 0.097594231075785312 -0.075257682659171529 0.02024826434674196 0.024701959486176952 -0.1548530692787872
 0.024726735221507357 -0.033629094186997305 -0.036824160130084042 0.068343717705755966 -0.03637145465468751 0.10595346161158151 -0.052332255904431489 -0.016194273123436926 0.063160578939039327 -0.11942944055821751 0.090366983555165509 -0.011127992544879853 0.084517738950715668 0.075575651163200683 -0.083189779333960948 -0.13510735202312166 -0.046722485904245568 -0.046107679742057497 0.0016517721228982681 0.046779893441197831 0.063854560504301341 -0.065569473743330317 -0.0083094265865787092 -0.11310025333872493 0.11068643189047948 -0.11419646301331941 -0.052662765703295353 -0.010474646358234269 -0.015316754199935502 -0.039358528897661497 -0.071009132186071314 -0.056361250375439063 -0.090976812994267575 0.037512030504329191 0.003509900100927802 0.061570304742051218
 0.11062505795809796 -0.083279341493135983 0.018441639997830699 0.055093705945663915 0.10199746122912369 -0.083543330313503625 -0.068069552466743441 0.10076058730079861 0.038419321749061666 -0.023672161800018146 0.05288593880416266 -0.057473126360018945 0.10713842134742238 -0.030957463161759805 -0.082487229871350529 -0.12084546234563222 -0.12295392814825913 0.10095150423405963 -0.040030767662447675 -0.0046528615545707993 -0.10989922533200142 -0.0023174065481667565 -0.08530357867108293 0.052154056172005046 0.12874911395494704 0.082822281328454234 0.063771463691945487 0.13035124489782013 0.092108926476499375 -0.00014355700081426133 -0.039057299554538814 -0.12150312701487168 0.0033126727375666848 -0.0052275985296580136 0.049018757138389941 0.10666834035231144
 0.027472682146723215 0.081861157906607834 -0.061841971215845629 0.069936798532636124 -0.033531442210434768 0.058388890141108096 0.080615343369529135 -0.062679548514961866 -0.06618510437831969 -0.048899593431501999 -0.12361094618561848 -0.037228375873186913 0.11437157713639359 0.067540127059570465 0.011244821569580263 -0.028912524558982373 0.092675704795819894 -0.052432065639820204 -0.017869586801979909 0.065473888867225466 0.103310339404328 0.08160843363532734 -0.024850608001494356 0.04182714409689231 -0.06554819064224042 -0.075055330779084758 -0.036874738903848556 -0.026004802974670973 -0.097439374241441876 -0.11012250681875237 -0.021031504070894769 -0.071544724452430999 0.072742162825802939 -0.066606922576404173 0.019665290360541217 0.00043492734002257156
 -0.10658083202312016 0.075271404993001265 -0.076911089575491004 0.033641189722270044 0.1177220350027732 -0.047017352442618676 0.015998824423934462 -0.031638159012690729 -0.018207693567038875 -0.19875274517217881 0.17334232361245072 -0.0024451185656317849 -0.10647654711074259 -0.13854602189042339 0.13866092596425336 -0.087240002105604356 0.068569014142028414 -0.06973624333021973 -0.13201225083385121 -0.0074647638153318126 -0.048539036470991184 -0.049382273404587299 -0.10538140198731455 0.10900077557207735 0.17356350294805081 -0.011920738999391285 -0.026199184134837513 0.095778536407129897 -0.010002723955229673 -0.12397840775020889 0.0084103864841992022 0.13889596991145342 0.11071700017377721 0.00042573373326354838 -0.05181616724463816 -0.024133986228881785
 -0.027552878291147501 -0.11564116539519115 -0.073217512222095327 -0.099321907640603294 0.0086739169111713348 0.10121147755225152 -0.12627642504946854 0.073499680759219893 -0.115385171262675 -0.12219745708889945 0.070915754813241291 -0.011153764813602307 0.0098056450589309764 -0.086009393144395249 -0.13065591141232111 -0.062029220427356403 -0.0023967096987895899 -0.082420296659172984 0.032590970983661462 0.016884676971517052 0.12396833778528947 0.1108262356544744 -0.024899145042640142 -0.10548537411562306 -0.0060265754515382366 -0.0037845977019916842 -0.0044224580756129167 -0.1433072810550215 0.16055254050785689 -0.048173903250186063 0.10890640785295078 -0.088139357061581311 -0.096903652896357703 -0.075519894592061237 0.20872536489967808 0.05728644237277198
 0.034658356819971113 0.078101332670166612 0.097494607084727153 0.026306813343798505 -0.021311101631606762 -0.10839876152724529 0.091553637527072448 -0.054177825255291953 -0.085660939988792262 0.048019728977005974 -0.074405072066236769 -0.097988926902168316 -0.02519839413706193 -0.057314954733236508 0.05439350816975376 0.089873734648236822 0.003552748885279134 -0.11298525633280969 0.053233256765526926 0.03644527712806319 -0.057412406130692206 -0.017953291807862936 -0.016595312598534719 0.10818601810857999 0.10816977721480316 -0.10971065780887715 0.063953469541520661 -0.13441339349583845 0.11653015946825869 0.064573197004504382 0.14529649413966084 -0.078683367759351364 -0.062606261226339069 0.075564223606277264 -0.082126545977525459 0.11188059072385541
