# Created by Octave 6.2.0, Sun Sep 11 17:32:41 2022 GMT <unknown@LAPTOP-P0PV0581>
# name: Theta5
# type: matrix
# rows: 10
# columns: 46
 -0.0077064136726762919 -0.04074915213963947 0.0058065701714702794 -0.092916529402939166 -0.18496954203586463 0.034039593391105523 0.057511460575145716 0.068849220350832976 -0.15336381282506403 -0.021035690233090768 0.0076664609443693639 0.08712827693487836 0.089489709842922691 -0.028964625560685603 0.070608248528145623 0.036277207399090211 -0.19700649603898696 -0.012941450802484607 -0.069223728973419205 0.15862313105702283 0.022369298613854848 0.12858270418396331 0.11877604325053996 -0.12748965242452573 -0.051038219556585371 -0.099723635722987314 0.089110089129723957 0.1545701754573901 0.092558993064794301 0.056695097715011689 0.094352303797594655 -0.093621493887125151 -0.070693024487373954 -0.040462321839230798 -0.076620989141293616 -0.016782538876589974 -0.024941523809667958 0.097574225740056877 -0.015956385682693339 -0.050575058226124139 0.069580643569696912 0.0035520371795135512 -0.1392121515578339 0.035601137444397392 0.055343195174290094 -0.074264447377748705
 0.031458527819138493 -0.059875887825626126 -0.038683572076774135 0.076141662323751746 -0.14618375679349943 -0.055071664215997518 0.10172048073782586 -0.039536914454514016 0.07108071424783062 -0.038288113637328258 -0.11596760054240378 0.071702228875141105 -0.13718433721107015 0.14659087006259 0.10611105144356894 0.011503994426670128 -0.070096827162863889 -0.09573032871709343 -0.0054932428723985958 -0.10622642598772948 0.0079777430488629075 -0.020529709138534833 -0.033543891354370137 0.10033209667629836 -0.018957454256789276 -0.028476354713029995 -0.081934337456061671 0.022819381607696813 0.11054182086505653 0.11196285155396479 -0.082987834796948851 -0.065416806567328886 -0.046559908290854539 0.093647120249964549 -0.019909562530697918 0.039688980312618298 0.0046235518706289874 0.13615558050460763 -0.15246991627221934 0.064634387891136499 0.18860742945460668 0.10505674599077863 -0.078606329383156412 -0.016998265196226946 -0.18374372252748294 0.22682496369258981
 -0.11014093842544034 0.13851173950492976 -0.020139318485021637 -0.018959855714165943 0.096885403845279397 0.077216275030586326 -0.031661219526432534 -0.0031760835910690419 -0.092340163538814884 0.081501372160348556 -0.042844710894470873 0.014219274654251863 0.056061716273240567 -0.074415752073445654 0.0020976340206478091 0.052758525095276766 0.17652001650473656 0.18989226272478299 -0.072141642126576713 -0.15300570350054041 -0.11950386870907764 0.0081903582580447557 -0.0087660765579867066 -0.067443449953434861 -0.099074738673288101 -0.016648452225846294 0.044447711220425054 0.17535835265954217 -0.15033053800861096 0.079387104464675257 0.074161923361960813 -0.09067702530659652 -0.13149938274146189 0.049420655674637604 -0.12723657350665368 -0.071221425804737976 -0.043334635384367319 -0.0052090044979848267 0.024409820021804866 0.063261800183018108 0.099933632463093544 -0.027388200599362519 0.088498656246682808 -0.19383978952668396 -0.013133344265696321 0.078203816468633766
 0.0006258420849417736 -0.095213028581359008 -0.06922416310561956 0.087400719883644284 -0.13819499120366022 0.0039144231209459661 0.12092983049814088 -0.10716751423446728 0.14933396029236615 0.11550252318179087 -0.0090163316707503327 -0.082790161360321898 0.066339638789283589 -0.17445906989834212 -0.025597793864594019 -0.072241407014206158 0.030356298664806897 -0.12976867558922828 0.051333779574102498 -0.16761647352255379 0.016747585016720988 0.079704797794947949 0.10619413689746486 -0.27583695928126911 0.17923570736815764 -0.072566313075369052 -0.034836701123658054 0.067222334031189185 0.0121143393664401 0.052224784879242286 -0.077476448481645144 -0.055101455475593475 0.067029748953614118 -0.1206004430394126 0.10286412464145539 0.01612850318517519 -0.052046186496188085 0.094634001268433174 -0.001184634977343305 0.03427434059149647 -0.037454024299114 -0.12299241463856227 -0.12276800184913456 0.18802751093197695 -0.052397621251840783 -0.11872510467751543
 0.044101083247735144 -0.063240176862556632 0.011889106777695332 0.00029099510938608076 0.046893448294443037 -0.10564164980709646 -0.13592177879295067 -0.042630263636730621 0.071053718164154872 -0.016325535947056862 -0.13951908012745395 0.091650465310957357 0.02703167131503751 -0.19224777608541013 -0.15504478332992414 0.13818608925819004 0.2057680842059621 -0.013628935371472127 0.00066771694928106484 0.14287702737284666 0.0039541468265538986 0.03335297804664606 -0.13895737275834324 0.02896704314926471 0.043284493631809078 -0.086698322141033929 0.062442439623817153 0.016349871986494163 -0.090243470948851975 0.10403625991790255 0.069436323237369271 0.08072949090787622 0.19361761026646793 -0.007766736235237711 -0.020591267655211541 -0.20687652923595937 0.15189697075002467 -0.082720799187494531 0.077102361658143215 0.023447368225971099 -0.030114683183312001 0.22533747717241134 -0.0026056031632686934 0.045049241020360328 -0.14552681730171846 -0.025626058721204083
 -0.026634650340497248 0.014899768555287485 -0.035203020838747844 -0.012167063858450443 -0.0090550811593995886 -0.018991236908225208 -0.033669197261629057 -0.054520286401071726 0.11157098839764631 0.11597753452008946 0.054084189798203931 0.08960812769376926 -0.20506694941710735 -0.045202408290919247 -0.065208928747837389 0.025815681937654582 -0.12993258499502838 0.067580708941086226 -0.047868571158233522 -0.042883806093893792 0.028446534062427815 0.1670566096749318 -0.085978205174103012 -0.01908906688523606 0.046583554926316474 0.016131362270049791 -0.018022113675389268 -0.15521335379857537 0.035166138898404219 0.037527322051422313 0.057791632739359389 0.15329033632100766 -0.14644644947736526 0.064390467376746224 0.10029676280397504 -0.01862219354296598 -0.055854569742277385 -0.06352088525299765 0.029884317258443292 -0.25302682745121069 0.015077387007428946 0.084107823949704882 0.056477097318045455 -0.01204407528402828 0.19121692404746124 -0.092944365165782
 0.047152939580902012 -0.10313647625078792 0.080731818835026115 0.011903722311096295 -0.027776065733497259 0.022397210092774823 0.14063002268983105 0.16798447020605101 0.10962991372811039 -0.044558444008621995 0.077373107541323857 -0.033340556812237063 -0.10486918278832116 -0.051219862605216979 -0.0084720946478431206 0.081649381708421578 0.0084844917422377351 -0.26098929720943931 0.058978428941177101 -0.037968719080986667 -0.085961342288678133 0.0091796918131180471 0.069065892432130155 -0.032412309993514805 -0.13425392019196042 0.10374123845176732 -0.10164398819747425 -0.054496891383443546 0.19156668668554822 0.046831807085238299 -0.12513521576951522 -0.097685592796946899 0.052926038396343765 -0.10488990456399948 -0.22633409170874519 0.21168766145060822 -0.060866401096408049 -0.12611765527240243 -0.074537950377506795 0.03912149436065452 0.046631330278000684 -0.050419810867034891 0.10671591175183137 -0.014097784331987861 -0.15426503064417033 -0.024520465387145432
 0.036335543428949631 0.066770223334865458 0.087872829232409327 -0.068058728299830423 -0.018015579400006709 -0.039494673085290061 -0.042943213569374909 -0.065047560816695243 -0.15311244469645632 -0.11004231581302741 -0.031216361163814904 0.044659885016309887 0.085434827861703408 0.069619779240744237 -0.038391898490474093 -0.016530106346246857 0.077513542557376192 0.080776143419517901 -0.11603804498394805 -0.11240723154511627 0.023625826767158797 0.043381384680243919 -0.11454035526228851 0.1760209302891981 -0.19498629077736751 -0.099505359918033345 -0.045191431279663317 -0.045292586792325722 -0.040624143929795652 -0.053521820179872837 -0.048287847347307435 -0.036268709759555443 -0.020700437011239782 0.10749202174450506 0.081154209791691773 -0.13900130639382033 -0.042209796524169896 0.070995219878009816 0.068660797135296325 0.099988162575590137 0.041825853134302989 -0.1442048743392686 -0.0068172181979300733 0.098717467890885216 0.13900234617470611 -0.094638896728541602
