# Created by Octave 6.2.0, Sun Sep 11 16:50:05 2022 GMT <unknown@LAPTOP-P0PV0581>
# name: Theta2
# type: matrix
# rows: 35
# columns: 36
 -0.044369990784280944 -0.0075641714442084501 0.076121211312477566 -0.11957337772427257 -0.031847066151201739 0.075636324707714891 -0.10344669211471968 -0.11413135347495017 -0.17514433197439336 0.043436586383254039 -0.049811235328809968 0.12486248302452382 -0.11529751220439127 0.1080513231655513 -0.050139821108515156 -0.079250548717314018 -0.10345726714994737 -0.053831884548382239 0.07032291488356035 0.020221873360364424 0.11252467078830623 -0.055896318437918438 0.061072809327987081 0.033737447498142843 0.028753053779682479 0.15069699274163162 -0.053024174142517845 -0.06559772082892168 -0.047470297821858312 -0.039752536547881738 -0.021340756174098165 0.072362370040682786 0.057283109830433152 -0.047278326651388258 0.16107981676436187 0.0073524512569426341
 -0.053002763714650673 -0.074146364902229797 0.029357544201704572 0.02042730083047942 -0.04583297781015034 0.059949530736490064 0.11617585516547958 0.00052688303585431519 -0.12479544355052603 0.041363460982706657 -0.11198308628130027 -0.095078735951077353 -0.0069770841096269349 0.17602620913868997 0.013660405204291919 0.014626000869898915 -0.10780562979176912 -0.11761421316563106 -0.18685908404249602 -0.040436731383486878 -0.021545504813560618 0.0980281056580046 -0.10510072913098895 -0.059937071440329691 0.043895126864637687 -0.14570524697741213 0.08328717004730278 -0.063090529695906103 0.10738058489239384 0.032804636116312125 0.081838913770467606 0.070082277376599708 -0.020008953006189854 0.019528013296460048 -0.012411244007558461 -0.00046484413305167982
 0.067329687838940847 0.050877657832687669 0.047374931822770444 0.094104398672707146 0.096029627064038878 -0.0026237805927407719 -0.021449575327960269 0.009435532496092653 0.23433179386646955 -0.061897426883713448 0.11961838592199267 0.083216112106093254 -0.071785048893898917 -0.098345959285002338 -0.091780972689092882 -0.076600287250886037 0.082484651981653903 0.12217639888958479 0.080441175578905191 -0.046612999179585647 -0.082066363428118683 -0.10054702095565154 0.0052181712302682192 -0.073104669151040011 -0.17955942264400501 -0.076940049709560615 0.082055579713566001 0.070314861842676407 -0.012167367781090876 0.1144470686300986 0.083084796405853478 0.018436113886933683 0.045382984966617967 0.0261453556695442 -0.15125340791025355 -0.066845481911607246
 0.09684123844871817 0.041164920813710537 -0.12592275437404199 0.10411310631470494 0.097732458032224523 -0.083038855747643719 -0.00021187003108187927 0.00076684115004377546 0.017937835138385531 0.050326757421950891 -0.025620941752634598 0.15503923048860155 0.083148295043661821 0.036770983468366936 0.18429799173707864 -0.14649082778487771 0.053063140530647507 -0.037937099632904765 -0.16888451640787369 -0.063407629384289788 0.021766628095776216 0.068940259423323685 0.056145793283834379 -0.026159609741517723 -0.12063227654934294 0.00080146573110247024 0.041978318537173723 -0.1065001427629268 -0.078094823731370194 -0.072034973157714913 0.070080742392487447 -0.083704785401577747 -0.053683392812877061 0.14513357517568523 -0.094689684243445552 -0.066012942988580764
 -0.057244083123011623 -0.083072033754945832 -0.10900362097452528 0.10656337950660844 -0.0080436677458531856 -0.070765945648904455 0.0056240753073340177 0.14078001384959662 -0.034600302569705532 -0.11004556571670038 -0.056281506090350895 0.058540019477502245 0.020283297563867285 -0.087126793372235736 -0.032277120566059934 -0.10472498699148954 0.048315996411752618 -0.11850684634402223 0.067293374183127155 0.038492374548911253 -0.040554570422951589 0.10290191787658129 -0.073450871170701565 -0.083559516591638683 -0.10733475444528172 -0.084248690132626286 -0.033577239971380846 -0.0098070388718113147 0.0043871624177177198 0.012793031708314979 -0.032573429549190187 0.064613237383809322 -0.11056863552837798 0.029470875301987186 0.1540508451493261 0.082059918195987375
 0.11249850229223751 0.052962887799432562 0.020203969718726702 -0.056317008874821869 -0.01503245939177322 -0.0090156950572291301 0.036549939390176783 -0.1081650270481974 -0.052706042919749688 -0.0096029799183971528 0.063946616671372414 0.029092199677723231 -0.026669512988084385 -0.063934920156601113 0.00017232366070103424 0.0082776570312855548 0.12488384362834054 0.034401149635635765 -0.0066161718123783544 -0.072061171664494841 0.048952421046055537 -0.091017705035907698 -0.038899048543811002 0.02570101030436742 -0.071246753285914996 -0.10326438232931726 -0.081283234847881095 -0.027720036911863175 0.074681760715097995 0.015689535885388572 -0.10016405461190692 -0.064818939498999834 0.10941460615770221 0.0025326439411864133 0.077332025248582348 -0.029833770024933717
 -0.027291691702041751 -0.057836570505741827 0.090014331670122641 0.089420840714344182 -0.0095338076571377783 0.016939305111655624 -0.071434669743037749 0.0061325324985666476 0.10711609402006601 -0.0051007061777322065 0.071531186844971686 -0.13402744733841535 -0.067421348410130297 -0.074457581579040477 0.069635842103713638 0.016338468621554685 -0.084255529560436013 0.16919174759167729 0.038136412022948353 0.11940330941340958 -0.0021191065397192579 -0.041862014056043444 -0.084063041400665839 -0.040219210255764727 0.0047522019012652458 -0.048497261403527191 -0.12870214081464471 -0.017540132535455336 0.13496735722583816 0.054375516913457177 0.0026573505644920357 0.0023635053679027596 -0.018625447732018401 -0.028707350338649181 0.038575819142218221 -0.087415960807976728
 -0.035924470597192559 0.075324050454717281 -0.12103194347928527 -0.074955266711427673 -0.13222404280911557 0.081273839278593135 0.072803280621645622 -0.0042533229911970553 -0.17321339730972279 -0.12993412515972161 -0.1108921175153094 0.016774351479096384 0.084161505774547368 0.0072495672630791151 -0.036258411485155399 0.063998684478752316 0.025091651867464832 -0.044659965449792033 0.0078008009287642826 -0.0041291936535619821 -0.010732446776331421 -0.087646478656977264 -0.030942170439405288 0.0031458156944262584 0.070426366253593456 0.070026982831743592 -0.10832760145984768 -0.045916465230438831 -0.011632051616170975 -0.065709351013110998 0.0045578356785061554 -0.14451448052059362 0.057726004202739024 0.022275114308755537 0.017845586851848984 -0.038549417203586941
 0.081758222117812251 0.16986293300496083 -0.033103707001344754 0.022780030040397612 -0.037605322339533162 -0.0073837311546260014 0.078174174638080185 0.09032089194360321 -0.017825659517369401 0.043161976469974619 -0.045008528133521443 -0.085548957393016281 -0.060504806166763986 -0.12076466257483916 0.029802179706565818 0.022889643682254601 -0.081893903497624015 0.085041625546267152 -0.024181697084801022 0.028312970492330065 0.055197421593460555 0.033269797093188343 0.029065681569312211 -0.069402860570361227 0.14614090310623698 0.11240167141920861 -0.024975329186676509 0.091698300264579549 -0.050034423261292836 -0.0875710183883565 -0.013173644987305638 0.042805339707874965 0.19935493300739496 0.11581580222518059 -0.059781425002915813 -0.11839447282914445
 -0.046552629141324464 0.0042644275159244857 0.085951582135316118 0.038740173578234408 -0.039422164709935321 -0.087689665721786464 -0.073625633614832625 -0.060801270272486337 0.1851861986561979 0.060359091812774657 -0.07474872076266402 -0.0035366864839016642 0.061040951505922071 0.064102262604611826 0.030859286381528371 0.14073907933100141 0.088479121467929508 -0.032088435235052976 -0.093456362412059249 -0.0054648332087066515 -0.15375200933766919 0.10178657418719707 -0.11532522983005032 0.012292871751782918 -0.09588772802871183 -0.12377821118376076 -0.052941837404424284 -0.00017413847290726199 0.010450978714201651 -0.050802902687923764 0.047771856261357271 0.0049161956144576227 0.16428120172307908 0.018146351186828835 0.0028850566304730128 0.013825685259941123
