# Created by Octave 6.2.0, Sun Sep 11 17:21:34 2022 GMT <unknown@LAPTOP-P0PV0581>
# name: Theta4
# type: matrix
# rows: 45
# columns: 46
 -0.034087130937793197 0.051204901991786865 -0.023345278841523195 0.019511149126842185 -0.067271084633958408 0.0553986749388478 0.054368079614823206 0.085956045271176423 -0.024458598398195332 0.12981595505385687 -0.089247952925906066 -0.04084675752871262 -0.10168330485165084 -0.11626106663361187 -0.033771556285375398 -0.13030453914732831 -0.031294486976519521 -0.02505263601959383 0.062285023138214934 0.021664493214693475 0.060364146253068296 0.056849463041474479 -0.021199113284576188 -0.0066601738458107861 -0.076624563227145767 -0.065785333822580672 -0.036154179990456364 -0.074707155952459331 -0.067651651234338445 0.18975587898977536 -0.046620914712002186 -0.089182026386268279 -0.031529512781312954 0.070574271513686782 -0.087413017529232653 -0.0031985799478777069 0.061387236699036181 -0.015364214693055543 0.0055396663585293143 -0.017611608771575374 -0.047938335687839027 -0.11529515437801971 0.087761613900563473 -0.050290469323881447 0.027987717203011658 -0.010660321462548653
 -0.061604086989164648 -0.071415242724415282 0.034315797969771328 -0.12307438661433104 -0.049482099587399034 0.057413101695728393 -0.087614248436259382 0.063280295938588527 -0.084233026655790091 -0.014533865013889846 -0.12711358234481668 -0.0067240827161980628 -0.11862660202157636 0.0096755860576226531 -0.043955333140941209 -0.057636073243818149 0.0046291308833067311 -0.081675583942646526 0.068160241525312623 0.00021556795684079605 0.1413594580981424 0.090332898770300596 0.057044118342448977 0.15403244500532362 0.037299989286271387 0.088029602629304246 0.020075564426858535 0.10423301278844918 0.073297609174040074 -0.015639885742340678 -0.023880800898330192 0.15186678872614973 -0.021858593073401961 0.11000839177090736 0.10686226615862972 -0.088260599040648105 -0.09649108384556257 -0.10667162286338229 0.014453292893179119 -0.046441364508723507 -0.11994214730438235 -0.025625449030997168 0.016782935477576377 -0.078301382996282046 -0.0062643691883484086 0.010842051440101162
 -0.019614623724867768 0.099122496126391693 -0.0020158492834637244 -0.12004827145812565 -0.028183961204411474 -0.050040900753572579 0.052914311279167868 -0.070958789172278505 -0.038020439356283013 -0.098336502809337367 -0.02100665468647174 -0.072174717782834893 0.011237436582199457 0.11101165384477751 -0.060118363295700403 0.081817851745208184 0.0081126344760348509 -0.022714693427274744 -0.017685310063279582 0.038346550012488316 -0.1214740166530334 0.013113216748020047 -0.13500132173113558 0.17223172116478844 0.12613431558088795 0.0061132397602846403 -0.11877724211649525 0.13604770283853315 -0.11271997237302861 0.050254746800051354 0.16249513388649878 -0.0035330625249523047 -0.080274465359458383 0.16524647742870677 -0.057111259717039883 0.011039929226992831 0.019485969364372351 -0.06248782768152527 -0.032296906946691739 -0.01960423807412456 0.031947227889171606 -0.049214091729178254 -0.051769409853716045 -0.096506238219817825 0.070150882586622221 0.0037695307499567951
 -0.0068363719721041627 0.062894438638932265 -0.16784329196610273 0.067263604926824108 0.035648906755597391 0.12215185371210156 0.070681152744122511 0.082171439363441123 -0.18079999697773155 0.029337485082451261 -0.016878020661960157 -0.11756117964182107 0.024524242205032128 0.08013018328895008 -0.015769008532018767 0.12095811100405342 -0.0064132360505673638 -0.11671156530486496 0.010711469129408551 -0.064766369057023682 0.0082895006166629395 -0.10381105871396573 -0.027586021740008473 0.067913567238707159 -0.048689266939910887 -0.02560146605337326 0.045872799760434332 0.059205937778769556 0.011242150935954322 -0.13477378192681869 -0.034278610617232905 -0.032532602321739608 0.00067967322877057171 0.028755093832514601 0.027667733091850021 0.020402569887033806 0.081943076751913507 0.084903324344408837 0.04142674043273771 0.001071628848781753 -0.071873764292847753 0.1177301943133688 0.024096068095041827 -0.094851520423195168 -0.018704422795359173 0.087347547192451136
 0.043868351281689935 0.06514973450867885 0.053296709270029254 0.081230046341034548 -0.064240333922300011 0.041591560251089711 0.010504506778790919 -0.081926547714303785 -0.056329668944554961 0.022859438157444786 -0.083989850578266273 0.0055208752669467023 -0.10401459978882799 -0.0041981904732017452 0.10987809032910599 -0.079472780286713299 0.0087302366572870466 0.069523762973069461 -0.068416032279409358 -0.021747105302756982 -0.05438771425132817 -0.039266934235534602 -0.0342194468329255 -0.11353343342073163 -0.045076091277258763 0.045076619341855424 -0.099187492496998 -0.1098488659690792 -0.043962638556908108 0.00096231731417737267 -0.089747489601043992 -0.03027799131676899 -0.024964550806226636 0.1152675078327282 -0.055493936712633869 0.066684744198536122 0.10622223782589094 0.065959627600454249 0.016956047138282377 -0.044950041934947095 -0.012555391932388684 0.0091688940989213333 0.00035562768734414987 -0.11165005118534217 0.092353415765494218 -0.055629109491754154
 0.038972687770210769 -0.047703630429031245 -0.057275561886560925 -0.055246603554397949 -0.071711680284777396 0.049042984595244796 0.08012796430975884 0.058400372615345433 -0.1329778604902242 0.048763756651012007 -0.066739847565488536 -0.0044267225343658156 0.025928579069412649 0.0527165250950377 0.10366018334718102 -0.11395885630544056 0.10332008387551872 -0.046602337950685871 0.11605651259787562 0.056098371018509917 0.08214168889962653 -0.078348177993778786 0.11843633861386196 -0.042042262164600767 -0.075494397194970086 0.093738193918784116 0.064800256150553029 -0.0093591650062572803 -0.078049097544274262 -0.095744827814202724 -0.025800249934729295 0.092376377591083927 0.12471362312713989 0.02374590139373451 0.038690598387494474 0.011495856591776842 -0.060020212875146348 -0.0045185684283794497 0.064238974677257171 -0.067362497037019298 0.031027219991716076 0.060087067941194471 0.0041371165816281473 0.075727871348606132 -0.064701228539128228 -0.020832744263555143
 -0.065151877255025636 -0.014435178447042426 0.068942665829532818 -0.00809099537063219 0.019749799015793348 -0.078079883041002524 0.021348852752569886 0.10978079181696272 0.071505195658700435 0.11719098733528187 0.090715220459526999 -0.089872950850594407 0.083602650768653489 -0.11034132643902683 -0.057825114946511103 -0.034522552001415109 -0.061375723400542009 0.085815429066376583 0.042548495161570971 -0.05984078941271255 0.099597390618397605 -0.093887435978026387 -0.010862386509000326 0.066362367659649618 -0.04097634592705246 -0.056540688119921918 -0.056514872151318549 -0.076926924179674255 -0.056440220790728524 -0.075401555663082195 0.046844800706691461 -0.07854966746884931 0.032130835475135011 -0.033037370570429762 0.052950127695055894 0.10092264086949669 -0.095998696279825949 -0.11522937387569258 0.052890150277946982 -0.00089583963920094819 0.099471695721067566 -0.10124014424745605 0.029650029451206008 -0.14320152731517063 0.058910585329031089 0.035148088679441629
