# Created by Octave 6.2.0, Sun Sep 11 16:36:23 2022 GMT <unknown@LAPTOP-P0PV0581>
# name: Theta5
# type: matrix
# rows: 10
# columns: 36
 -0.015153317883819125 0.0085317606387533013 0.066725144769771649 -0.037972056864787919 0.20418081641190347 0.032144536044090545 0.014724898334250936 0.12168034188004193 0.012164720436365474 -0.094160159133624619 -0.069511434096711885 -0.047593403317679438 0.01693023690249475 -0.020728646108974715 0.00015220314937608066 0.04612210827801827 -0.041089674737895064 0.11526702711268286 -0.032502719901709207 0.1862403263014922 -0.11233835749147315 0.25212661529070596 0.049904665529595021 -0.041755170698510286 0.16400228637142292 0.0016103685604283158 -0.10689831112464881 -0.03870878547223125 -0.01782403499715703 -0.041385625324453133 -0.12768511646236061 -0.062651392273767856 -0.061163145656727425 -0.062520010713036048 0.20952048828196979 -0.051117791102716158
 -0.10230818044570829 0.086923648194354441 -0.031369148173730675 -0.058973689984938495 -0.096039800704640757 -0.020191408121876427 -0.05134421682684804 -0.11389975384263958 -0.12117876256228936 -0.002712520832338681 0.0013068451354247975 0.26084178743303071 0.12632707506287497 0.049090556824985886 0.36833532705059358 -0.0097340573526035739 -0.0063835050284463584 -0.0037497385991332901 -0.11813932962271802 -0.0859467354721003 -0.14612245786919806 -0.0051706494422588045 -0.068856132299921255 -0.020213062023158288 0.0052127598333227658 -0.094562725684402424 -0.0886808951655082 0.066568258994748872 -0.12414450486288822 -0.030558077666302867 0.013196637371142298 0.12753252962004494 -0.12057013948413063 0.076370332276996133 -0.063012853894311285 0.10689868871245278
 -0.113756087084218 0.05376275148112606 0.012841876047802748 0.3035900037906436 0.036776322553778031 -0.11127831808353843 -0.0067794041707127696 0.00034826453057184892 -0.02840839845307561 0.034523402387070107 -0.12030988693032024 0.18861166239739874 0.10679555193014037 0.062349379131762653 -0.092979808504795439 -0.0542605483799437 0.054205978843218712 0.20175940453038232 -0.097950541221681203 -0.016034140546497915 0.029070360946520268 -0.13068271091784536 -0.023507724500497804 0.016166872845790239 -0.030188073641005925 -0.045299490581667573 0.10940563949057396 0.013947992388952822 -0.084233871558001674 0.083247145290710575 -0.10070541370502967 0.034364061498328047 0.037703079081019275 -0.036419232359231418 -0.093965950660331629 -0.1170368225751124
 0.034045764410805944 -0.007776313656048744 -0.056858188087327538 -0.19309646853560489 -0.085471030139920023 0.15232114287820495 0.062013927866959077 0.12441531714394971 0.14924394315137238 -0.0052671131157518061 0.041238691136190053 -0.13106093254332568 0.055192424390153344 0.082426996338212377 0.049807637746348679 -0.12044650031745564 0.086564389655063897 -0.022786475620918758 -0.053217190679055247 -0.0048172126523126626 -0.082053440114705584 0.091401887920663921 0.048892233432958357 -0.055696818701683387 -0.15674874816600318 -0.023398170259129096 -0.073029593432317963 -0.071079238826754307 0.045869837021023901 -0.0015586888462387383 0.11144671214185929 -0.16839894665654975 0.20718494447233318 -0.039923912620363322 -0.033118280673895571 0.076772121394259318
 0.06042726106481567 0.022651205286178852 0.0056848435742883549 0.19888134967207535 -0.07638031222829586 0.060043442959565159 -0.021334084398505072 -0.10806474606381666 -0.1216615028292375 0.071971976893636103 -0.014936448799613273 -0.16748409429898589 -0.14018623169314787 0.16291170182562117 0.028022381092896537 -0.011760016528347213 0.068245529565281016 -0.11382280659084158 0.27148543352483828 -0.02962224029645712 0.0068353693201816737 0.072434316104714735 -0.029892742313451834 -0.036665178460612027 -0.10801023634529522 0.078167123988321305 0.1224074860323105 -0.069606110685983685 -0.1086864196137081 0.0595148644283841 -0.19008576403274469 0.056215229459729184 0.0061089616456927688 0.018499515406373106 -0.034895346451612859 -0.15074942336706026
 -0.06981773913707999 0.15593761389312197 0.017338038898123048 -0.077180588253193808 -0.12020045892884192 0.063738271396347301 -0.026147765306650746 0.012389282587462875 -0.12530405052738283 -0.020339991271731101 0.10218461741221896 -0.1075366077248963 0.019901857974530923 -0.1601157354803803 0.0087755378056044338 0.10699676627806724 -0.059397949379435801 -0.16013523311599248 0.026871681391493998 -0.021463225818843586 -0.058305317455033208 0.089500240237021661 0.17307100261208627 0.11404125039306053 -0.12489645379666708 -0.024406361435400613 0.17520303872118637 0.1146119922538507 0.13800764776435551 0.081144516010334886 0.13322540976950065 0.06337122784982839 0.10530495950689396 0.14537414283084843 0.059420133874450949 -0.20030658721238911
 0.052922591448908554 -0.043367711833445649 0.25093861377339932 -0.11951675820188574 -0.018203107722752413 -0.014345289308764747 0.14128483149121016 0.062855537903601447 0.18338444209248037 -0.035710287638010749 0.10116259233068875 0.17826229640084834 -0.086422495771439484 -0.11469409689103434 -0.10546131403588357 0.001663882993143841 -0.023087216501185299 0.055337181871291025 -0.010594382840520862 -0.09843973514657324 -0.0065567189136111655 -0.030562900752171673 -0.17586317639370447 0.060741410576578309 -0.064255822264123477 -0.18776388981512737 0.072108291757137066 -0.004619650027620029 -0.11311640613451367 -0.08251733064493412 0.0020638200037833088 -0.076274775080810292 0.11344321186903518 -0.014033660969619435 -0.053692275626779841 0.083329879104189611
 -0.093139095150055098 -0.044393707453104794 -0.083361267283804219 -0.037898801007679839 -0.136343054662172 0.038146064745765818 -0.033764985426160417 0.049900062988403777 -0.18828163498026249 -0.061583039193229362 0.046263184981495377 0.21503641633512027 0.068075239166344642 0.14775672284392963 -0.11616891699962609 0.10973237396458471 -0.09587926397369527 -0.084677364843564973 0.091746631365845488 -0.10707414292173183 0.24560728237707352 0.037294067803642673 0.12157972018177407 -0.058452488121010643 0.010542175492081446 -0.0025821463163037523 -0.15513429152052027 0.044071482202633044 0.096005826665229846 -0.089961114983900609 0.034768901574486574 -0.27731484147397029 0.032699359204744136 0.04132803626877464 0.059468911055005784 -0.093477625390318841
 -0.14724566492367705 0.034036465777459585 0.097718890234393688 0.16075451173773514 -0.028038110418383722 -0.0051681317892712407 0.29629964415814536 -0.045316475994637208 0.057420049222569158 0.063850028856957453 -0.03473098526850657 -0.080035406587273539 -0.018775042782402322 -0.10296573184560071 0.05132639932131744 0.040030426442344627 -0.081095292707832736 0.087952728759086329 0.095089737461744456 0.06007994086547444 0.1020665820620659 -0.26629197374668123 0.062119614333385663 0.055909443977580256 0.012203599396732493 0.22052660861955767 -0.049193030659186919 0.069011190389848778 0.17158928216937305 -0.16711019611804012 -0.084528366534788346 -0.16459896132126206 -0.27528424390077882 0.021126043323003347 -0.065886957958604081 0.074327341260478685
 -0.094365437250546289 -0.029014771551337262 -0.0085885257765728838 -0.20836327350602776 0.068517892683830836 0.018443528612746018 -0.12228859562661254 -0.091840499236500853 -0.18950921562802123 -0.10371159348276092 0.088692151631714747 -0.1004565284398692 0.0041828310416905526 -0.1395995961272479 -0.047854769231466705 0.0081041088835920091 -0.060277038934291739 0.064501409969280596 0.061468984116361765 0.067814010894833465 -0.13442342344327113 -0.085880799091869645 -0.044990440468660159 0.047631023664121593 -0.088203757030987318 0.032859770803127984 -0.00029481392439815698 0.035934678066856358 0.21960581102155183 0.030562893041015664 0.079559936145319449 0.11047144560409923 -0.073807968714998215 -0.11525211960635476 -0.11138995361101958 0.18550546503796175


