# Created by Octave 6.2.0, Sun Sep 11 17:16:18 2022 GMT <unknown@LAPTOP-P0PV0581>
# name: Theta5
# type: matrix
# rows: 10
# columns: 36
 -0.074418897720250551 0.13411957379737169 -0.11684907633231253 -0.086466869141647903 -0.13078551044231179 0.075039530919768907 0.066000505511124671 -0.070735406576840437 -0.028814150771330409 0.11036632432192049 -0.025841884138140689 -0.014383229361681377 0.19303585262866502 -0.081354962496587399 -0.039150935614953405 0.068283740135012108 0.13267261386196547 -0.061824511879198837 -0.13939606646597938 -0.14531380409207081 0.22273381389000435 0.0095584246409163645 -0.056947175817631042 0.10597883910121147 -0.003082282209080048 0.066770715329251398 0.24829897982972124 -0.09568882066753466 0.091738978767984078 -0.12848282643237849 0.12855426834167699 0.088742615484707493 -0.046530549641083052 0.0070951336547597976 0.070958828973600327 0.055469336709914385
 -0.027863685205328181 0.074695106898694671 -0.039581648338207785 -0.032195518629560362 0.11820342972746473 0.17790388629371329 -0.070005177315736578 0.057827597746151149 0.013914891922638919 0.0015346491374009146 0.091480547616693539 -0.048794677456329046 0.11222230157746703 0.097355520798476008 0.10575371091940754 -0.11220237496965071 0.072090351804786817 0.045405056945046728 0.13990251281678159 0.083046276464704763 -0.12699293839972495 -0.076969319909445 0.052640178941428188 -0.0047696754229806125 -0.14651565152802984 0.048111388277281876 -0.13377691198232855 -0.026478111914652245 0.13057620473980733 -0.0036474520894173089 0.11830097362637224 -0.12631890489254699 -0.037248169803473459 0.027039975461613859 -0.14937018537804927 -0.046719950846882137
 -0.13578714167651096 0.017796902783787202 -0.11312695232602843 0.031453172126586014 0.17947061506532044 -0.033406743019116718 0.09945686126569539 0.0066326424163546081 0.26187803748517535 0.11071256652025833 -0.12003792626741824 -0.07502384398888419 0.13336988929517843 0.020013045004529665 0.023454142331070859 -0.018934186148785854 0.02376717487124045 0.0050693719563045777 -0.053163715604079731 0.002000027975877991 -0.062187652575613331 0.17326190725645846 -0.037050669177389958 -0.088130807311348883 0.053718020159443311 0.11192373697634257 0.055854087997250633 0.085427524560904786 0.078819346006719526 0.10324907025188121 -0.11817629500404538 -0.2160114746204736 -0.02181671766071688 -0.070582595473873549 -0.13574803555063369 -0.064258061361730318
 0.12303307548892645 -0.072838100825873803 0.18053705462258496 -0.12274329469763944 -0.1593918784801954 0.030529535128359733 -0.054508121171447092 -0.025857099755167055 -0.21773693392204194 0.070551951514594938 -0.037727705050313816 -0.0086068430731420838 -0.05182544137886836 -0.051926055895201551 0.014729405589478679 -0.067300647413762696 -0.076041486575593897 -0.035663156882177784 0.14019196876807352 -0.064596221893507805 -0.1169717763484554 0.029956872670078502 0.03852684716842289 -0.023987791845778948 0.10218330182874168 -0.071637166023187968 0.034132518562118741 0.046568535528692154 0.099824372371472 -0.11561743256509174 -0.066991696123947966 0.053158439545053011 0.027169505205825329 0.039634681607702858 0.072858942721093362 -0.090932357016283327
 0.084957268910101691 -0.11494111345856785 -0.24278078858361435 0.083678985395502559 -0.027448597287624311 0.072210519122883676 -0.17487574991041044 -0.03499688734072403 0.13770458239306838 0.0086821732818751704 -0.074731949524835195 -0.057900734021532695 -0.0029439409190170573 0.057740489342275568 0.10532795894103454 0.12634577074870362 -0.16728042404845486 0.050426194716344262 -0.0057123696641018891 -0.047087015905604844 0.045953230699603956 0.051477171126146061 -0.18108252772190828 0.091446066719997193 -0.089887228625078447 0.11674267385025994 0.020365322628563262 0.15127599467124211 -0.010467688140869853 0.085848815914451385 0.16604188194377886 0.23890190236415945 -0.075407390353647685 0.065413974916858297 -0.013711267016928581 0.078092543223576574
 -0.045934958436002107 -0.11901845035347475 -0.12517450956221984 -0.050938115652932041 -0.21290353548984731 0.14993774671437091 -0.19558769105691787 0.14592671317616973 0.0074031884112850423 -0.12613897920500997 0.074188820267491226 -0.048715505231191843 -0.13799332286079849 0.019288237540845164 0.034622782611902263 -0.089422791005738952 0.14371421267267925 -0.082569513868040831 -0.073442363504988215 0.051230920443718825 -0.071070847873337825 0.22789342569135451 0.088100846167409555 -0.041826555889751302 -0.021825238122174181 0.048028054711805018 0.10732789572259516 -0.0028549622354008012 -0.19583701977321688 0.12928983839005814 0.035221961735879465 -0.071827051720384019 0.038546292223358578 0.092498585774904218 0.031155769497759559 0.071783556997864859
 -0.096683822786592544 -0.054544286235449775 0.15257560758674771 -0.07672996048072632 0.11805243422640105 -0.15270550165938629 0.1010027335306944 -0.04581642897846621 -0.094117630368327043 -0.16183813641104258 0.24612106509204343 0.18784919391977331 0.10759417232608978 0.16115370006094568 -0.0266341727412245 -0.10204149624171946 -0.016845397309064179 -0.034145666078188898 0.023442555266204004 0.058390117234313768 0.052771224716459966 0.040437210236200297 -0.12861598083812231 -0.11770271064097504 -0.24310557508827138 0.071708286113200154 -0.012766343150942383 -0.02528154642896302 0.031819097373104281 0.069520387065246964 0.090789107811982891 -0.047263529350590493 -0.048018908397282303 0.048873152109218672 0.034103221948722444 -0.032258115738247738
 0.060135770185481482 -0.11067781690369305 -0.015829779583694463 0.09300115527035252 0.020563098458397325 0.10886072611747886 -0.0095359419154820192 -0.12447252929918723 -0.012677163777569059 -0.070649640597005611 -0.0043911131458310299 -0.0062294455209891348 -0.11418654127314187 0.072036858562569431 0.018476658416578678 0.09636443035524242 -0.069666432031341166 -0.11770811258138365 -0.17163767939677405 0.17301295862198285 0.090078720343273189 0.0044428565060164937 0.14593553220277342 0.059160289108524743 0.18972647922969324 0.055022152514993657 0.022340822018718683 -0.030079611812735808 0.048650385909195445 0.070908414239314113 0.013513332093276969 -0.023760126008310425 -0.06821564444393427 -0.20587262625697056 0.0047394601915272351 -0.063313819827203952
 0.065830930654100173 -0.090913401529182397 0.1441974314625348 -0.013640849665831111 -0.050418263323465475 -0.28148875027567039 0.054406119838788847 0.13340065188199818 0.026209999508361517 -0.10487897889055832 -0.09949380870772595 -0.013367489579676425 -0.11809544396118157 -0.1653472419553344 0.0073546445814282905 0.16386576876764763 0.097255133847868006 -0.11773838217235197 0.13627003236797472 0.11136062750570407 0.092264567861604696 0.018748785770684385 0.045315766373569974 0.12112630276489167 0.12077127915256933 0.071628205010484614 0.046652236257434199 -0.10822719231748559 -0.038219204029238951 0.055448567725701101 0.11952464149265213 -0.04897667524613912 -0.17015462079010679 -0.016533075661839734 -0.10759507719429172 -0.068950369644144055
 0.045771556874131168 0.066127990673781237 -0.015008261763607735 0.065949424498431802 -0.16616766487007104 -0.065210861007941004 0.073143238486709519 0.093026231780635849 -0.16640492756266631 0.046010533803480788 0.13364060672949246 -0.055479651589876867 -0.087389168565965916 -0.14166998292614802 -0.0083665002350555521 -0.041040314923675422 0.1468767050297145 -0.058483975166094555 0.013373519974606528 -0.050316213803083931 -0.055454307610843523 -0.034672967586132107 0.19018788812610651 0.0053871633294854948 -0.011101356358991185 -0.099291493517776094 -0.00067035821505017257 0.141658512759196 0.0093994989073632341 0.099656577404575203 -0.038152883765850007 -0.14381456606875082 0.061133475094957888 0.017389049830337098 -0.089054556518286684 0.028189372912561569


