# Created by Octave 6.2.0, Sun Sep 11 17:32:41 2022 GMT <unknown@LAPTOP-P0PV0581>
# name: Theta4
# type: matrix
# rows: 45
# columns: 46
 -0.044922595868656316 -0.04963631941803958 -0.0024471441824748174 0.082406117553924602 -0.02885697645573208 0.10586326686764023 0.049092320962010508 -0.095323540019770239 -0.0059378732812439949 -0.0095184417983018056 0.16126452035042427 0.060609387655347687 0.12102329107671336 -0.15637776788025429 0.12382950418931513 0.089013829174675013 0.11692484089252365 -0.12756618244729911 0.018545708596616254 -0.077325888911512874 -0.054654301767784019 -0.11580891464290076 0.12202692754777708 0.045620616093751301 -0.10187153272626281 0.12539051115743274 0.076469389225429091 -0.027616259466146067 0.031210295174031896 0.081214876160323093 0.0083793983835749875 0.084564000392101657 -0.066348664770892865 -0.018731176116045366 -0.097517037742056015 0.073026633454788811 0.10144823333497556 0.078638034204966165 0.048340302052403694 -0.098895836352704755 -0.013987014326567421 -0.035491511893918866 -0.041275474056585874 0.010513529302527641 -0.04717858314247509 -0.049454957216345331
 0.083908301721733344 0.035232736895667867 0.031043794172548822 -0.04336768879150376 0.035770550689252299 0.10833817324267127 0.03848342781285892 0.0017300619854031653 0.027035792705709917 -0.014510753045932008 -0.017718160837104174 0.040991840286196304 -0.092903391952105938 -0.11217509219941559 -0.043928699103829683 0.015354287902234311 0.035673121338165567 -0.12516899729747843 -0.026993002864538502 0.047725424874323054 0.070792866266442919 0.037428550213985903 -0.11690051647640699 0.067085125772548534 0.071074439797979352 0.029076453955338522 0.02764574964124222 0.01734051964609452 -0.03674325521474895 -0.082639639583001204 -0.13428942839601296 0.0038393063481207421 0.063786094749634301 0.020509512761269205 0.010249693100085456 -0.031483657427577527 -0.12364000678171734 -0.094431808431057959 -0.061050076408781531 0.0002221376897336369 0.079322320920174133 0.091792356728652894 0.021340499673977321 0.089296408903803554 -0.037554756523311174 -0.020096764831344725
 -0.008394043284306341 -0.13808704638093802 0.040853959811560911 0.10742995741331224 0.083605633944546009 0.10227440986438655 -0.11007887247235275 0.016258628265976537 0.0195439388891833 -0.12013887501404576 -0.053735097442866697 0.10950168757567952 0.07490664912848638 0.06213990447807214 0.049528982087033026 0.017046767806480415 0.062721246945356635 -0.10544631346266219 -0.005138451805728245 0.04885220183671992 -0.013034077180325565 0.045542104917500451 -0.11616555078003574 -0.021568937637393253 0.048040673954847207 -0.020785893032359622 -0.011416697534088908 0.019727427182579839 -0.0081641440492887744 0.068382223220318866 -0.016358224157358547 -0.009808443348928695 -0.044489223060803378 -0.043113005672573777 -0.097255741956252473 -0.10091532479855223 0.01936805970344976 0.014865869623541092 0.046773274951601988 0.016568411892016927 -0.093219588549272939 0.087145232261802791 0.028733359224861667 -0.086289140264268344 -0.10041269453920598 -0.041925887437006482
 -0.081379002811428347 -0.024197469999402196 -0.07585543326497042 -0.069607610633332831 0.0073693929264345703 -0.0098889039013175459 -0.15389748063397166 0.044486015138033949 -0.14311335309328196 0.10915000128915049 -0.025824688761295678 -0.00021387201146016351 0.003195358394437187 0.064414314193135355 0.055739005036607364 -0.010231237071761096 0.11218932476482153 0.067609294325492689 -0.05917821368015299 -0.057933594569308279 -0.041769702946122658 0.12247190887806983 0.049261960475972019 -0.027006796892841117 0.027993905088921665 0.0042055354756391026 0.11258709976130916 0.11483846378076686 -0.025265305972675827 0.061090802165327578 0.011983216859085891 0.0066118860368235451 0.02203908984174683 -0.029951051649938214 0.086648132905318795 0.014655598896563626 0.073538780259135392 -0.089835122630537431 -0.047030575349536134 -0.01942772268688386 0.097355142325457542 0.052884472207792819 -0.091691061104919439 0.016698466351782144 -0.0056738249204898467 0.015247042336628621
 -0.084130266270255591 -0.064910688802288424 -0.021881877471151369 -0.025356398818554664 -0.0018097164871616605 -0.087482503909199635 -0.11900406124038787 0.035302374906963675 0.089026887934738064 -0.10962756355125076 0.10313515796664582 0.008975077650047257 0.0073137338914300055 0.047232767473718983 0.019219146307305986 0.076534266080293775 0.063935372364611456 -0.013428384037463503 0.03233956397864491 0.041471868122266518 -0.055042874145820923 0.082515078657690102 -0.1343783801329887 0.031830226435948274 -0.031549214661643808 -0.11903098350917808 -0.07007081441642353 -0.094528061533032601 -0.1153722748422918 -0.0016164036222674823 0.030898045688745344 -0.0025818677339085223 -0.023453300191277886 0.11107278929057358 0.033832268872831771 0.049657376511107243 0.14262909732019149 0.026039644472935681 -0.11530116856181871 -0.040139188468727292 0.014373531695026535 -0.10615408604459611 0.048220939603820318 -0.093755972011421732 -0.10897592017717093 0.013603896210779095
 -0.12585322030314477 0.0037306240950738547 0.057987984054423354 0.076001859304433164 0.092886191966703835 -0.064171019523200298 -0.1029389107499751 0.067609863250272448 -0.075790796434502233 -0.013811655875871579 -0.054601491260397809 0.14692504145774701 0.13332680387284393 0.10144900680216924 0.06290203009285264 0.043257729735014204 -0.12888973485458652 0.024774021183246269 -0.025986402197303644 0.10949141490866168 0.025397977784066276 -0.093108492710228641 0.077431100091376881 -0.005128898416822486 -0.10127706444733997 -0.087341115068065592 0.034113617008437153 -0.086479977021835588 0.022209273815610709 0.036262327407747645 0.11035478255375455 -0.10963140787081536 -0.046962687427101156 0.013486609464285895 0.021068365183036872 0.072691407165784094 0.014844657561001735 -0.073400723256866571 0.062250915637128437 0.014193742461404996 0.0055394613277785368 0.046685193760612496 0.13291755860281668 -0.065559909635731148 -0.037468977314469715 -0.11898755768566946
 0.09356987724246893 -0.029252764008394286 0.0060664851104263243 -0.013928772994257918 -0.095749600567735585 -0.025448037184670664 -0.11265065590409191 0.020901686313108351 -0.084476450194587022 -0.088758073677861177 0.03592400723239586 -0.026383755422141025 0.017694617638456849 0.095327505747227162 0.0051300723396055436 0.1309060212675997 -0.066337268302276348 0.10047512139419564 -0.0074073568625041518 -0.031148329318188162 -0.088891150908031499 0.044181731537756667 0.15406059846032194 0.018294697984412849 -0.10525231408782081 -0.095897797619481945 0.092630672637656147 0.038097689362213132 -0.043144069969065418 -0.022034153226850275 -0.072181780184516695 -0.07733516982050738 0.035213756311150327 0.09346140436320774 0.10043926352269693 -0.076110071956482978 -0.0008879633610682857 -0.1269029109725128 -0.051664725561425026 0.01733899404818675 0.12109747323173366 0.13631982083067543 -0.0061525801372749427 0.023717348935609089 -0.087911033490654683 0.012745686725514549
 -0.063892167100117053 0.00032823823519016233 -0.039667274406478541 0.079976504292322517 0.038402343856895754 -0.061183547375947875 -0.012050731945006592 0.098901779546227392 -0.0026737944235670219 -0.016935805339870772 0.034454624813959868 -0.15051308986181017 -0.10072914718602759 -0.012947730653928334 0.023327744974721044 0.10925196237173769 0.10963853596021156 0.079504759620884352 -0.010001064326057052 0.072109395380486691 0.0015527577876728526 -0.15798754195003356 0.0069309283411793645 0.062068481410562718 -0.16283148040599393 0.16129592426066167 0.076107145597502077 0.0048361655426050667 0.10022489390619231 0.028633393567809581 0.11117224149415006 0.051080347988868666 -0.043450930364687702 -0.044720029015127054 0.094903955306446589 0.10933772767175329 -0.068522390692233315 -0.058275851491983915 -0.099947290294763638 0.038464493799957353 -0.02581820140829481 -0.027478321936220667 -0.12398621762648111 0.066283817773952675 -0.028820583048153402 -0.024709039903871497
