# Created by Octave 6.2.0, Sun Sep 11 14:47:46 2022 GMT <unknown@LAPTOP-P0PV0581>
# name: Theta5
# type: matrix
# rows: 10
# columns: 26
 0.164791372590681 -0.099812850996013433 0.0035730296110575966 0.14424254110506371 0.024307646096365133 -0.0032099665920821779 0.014572164972261846 -0.12239682690191202 0.031668067495474989 -0.018485951776417372 -0.040830423702094845 0.25576258500842447 0.098883637574570124 -0.15251421523155237 0.031166056440888039 -0.13540155267203885 -0.15705502744438396 -0.044476427855593914 -0.070369979433814553 -0.16679417739419522 -0.076461524799342512 0.087929557397720959 0.20007829537772373 0.15484654476077819 0.0033171167468747046 -0.11284672247602935
 0.0060947212187613614 0.003581490808628289 0.056522561298852698 0.14597456151747804 0.019806561218166957 -0.058105231608016394 -0.077287284209254126 -0.10005571878498111 0.087835877019814407 0.099542778800636708 0.05127436178021301 -0.040912252139995602 -0.054281455593320038 0.029758581311375768 -0.17615269709294604 -0.039863114650468608 0.35023239073955009 0.046701368313375048 0.051978150507169932 -0.084033036974421466 0.10593008216191911 0.061952378698200569 -0.019853862543464631 0.055083390998923842 0.077725726418022598 0.054118726474780048
 -0.13346752639724771 0.027551683395837689 0.057151305786154863 0.043551939446451096 -0.26113430264429427 0.07881722889654029 0.10582617242017046 0.053396608711694528 0.094636382623727644 -0.077682044795709268 0.092639409730136624 -0.17849950335999301 0.048346424884552916 -0.090747426692561431 0.22634081451022772 -0.087914066533380117 0.0030076552539784404 0.061345392862119826 -0.11797022895427318 0.070883109517928949 0.036263965839577104 -0.11090195691798214 -0.023787020258041618 -0.037368891535730947 0.023983531742443453 -0.096499766406393947
 -0.087102857479292306 0.053711853625130854 0.08116439402759712 0.011387899356199313 0.079238764660540167 0.052001046785930365 0.03939981699874285 -0.028503015195286877 0.050477820789427516 0.087080771332502874 0.02501315179311259 -0.10484447530445123 -0.046168024803970378 0.085598528256010012 -0.16848284184422163 0.011615756338897385 -0.13645609789638116 -0.15561255764073537 0.10322436093050229 -0.050197696634270116 -0.039521988439352854 0.022255023846285922 0.10631288848957453 0.086298548574775105 0.062316258381908449 0.24058304333622857
 0.12791845568385252 -0.12328631984516045 -0.030168604642062235 0.0963054888889045 -0.0039370537826362295 -0.12221739133712417 -0.045168594095214842 -0.059239915534266378 -0.049837765733911146 0.041199279538803077 0.083910365939663958 -0.049432223662540069 -0.04798774154750346 0.040636427201502297 0.18276369622270358 0.086792268205689818 -0.081479275599765297 0.0049770809992448952 0.10780732333884883 -0.079421119324598263 0.12369992122473149 0.20341122022251457 -0.10591032485811659 -0.23315564228738733 0.048889237349149267 -0.09627357330551406
 -0.038133269319917958 -0.061577641439036407 0.099988569831082508 -0.1162255297456626 -0.038180581235550209 0.1554889165077325 0.082279786295792134 -0.0031319633913195724 -0.19500497782990905 0.065080172656436133 0.21474393090597105 0.015057891106541056 -0.096292716254265762 0.072945644489401898 0.02819073991874841 0.057749214370849629 -0.025930571701632647 0.1273152226067755 0.013584937924108347 -0.26530574824946618 -0.073896737709860022 -0.070248288402668183 -0.23178023915966206 0.22947219623291845 -0.019954345898876878 0.057558191434243566
 0.014387483043944388 0.086659043912276038 -0.091481763884519299 0.13402121978042383 -0.13946524682432829 -0.095382279790375099 0.29386074941514706 -0.095821565386986746 0.082159634593932565 -0.018376091177685978 0.0026088212587275458 -0.032354809582412283 -0.1410199979853973 -0.078387129884718632 -0.012341155842730317 0.1756335436595953 0.21780909698896128 -0.19039729816974868 0.03867490891950711 0.072323427267818166 -0.23664555213365096 0.14052218226323779 0.068961880501675607 0.06202547915121126 0.097692593698786231 -0.0085509286614549179
 -0.07511209733477503 0.02852175016680894 -0.05830051809949028 -0.048241614082856626 0.097520014451666831 -0.10295663484712146 0.11467487367635856 -0.099564054134906696 0.016821662783819479 -0.10517218220627365 -0.24279440059227592 -0.043599698547144648 -0.096471861131513376 -0.019780144637247227 0.067846566015877963 0.019645152089025467 -0.040625165421572344 0.13066724090228868 0.049246539879369257 0.061396964735562422 0.096654567304683733 -0.13859463837088276 -0.098740561124115001 0.085507831432999268 0.061390878973401765 0.011321812392108223
 0.029126223277256457 -0.016472802751127742 -0.01195859489408274 -0.1541398409796976 -0.19610628985668263 0.040810695190341313 0.024678135486788287 -0.069309401727568706 -0.14596990341955249 -0.049842234118674507 0.05705531838586584 0.075120608029620742 -0.063572248525081587 -0.014003790924127159 -0.11475429626941751 -0.036158555720149865 -0.10005769665233404 0.048488042862370268 0.040909871322189609 0.24312333573818587 0.1108223816649567 -0.021545933195719656 0.14329637028619913 -0.14401015045855545 0.04746650080329741 -0.059584717778150484
 -0.0096984421991789509 -0.030635307041042895 0.09861197036550913 -0.12280130144505583 0.080237831958435063 0.22933219812141115 0.065869815026185385 -0.011490902171106562 -0.12688400858995086 0.042368897081944273 -0.039325259498398747 0.015880356567733369 -0.10568058789022045 -0.097791843046598492 -0.15833698263098961 0.083302695473377597 0.15375696793486393 -0.0427389321421121 0.004804882841504386 0.022089610661184787 -0.017201052296912361 0.071618176772131212 -0.073501485921551132 -0.028301308784151775 -0.050720813170255639 0.067757298727730148


