# Created by Octave 6.2.0, Sun Sep 11 15:20:15 2022 GMT <unknown@LAPTOP-P0PV0581>
# name: Theta5
# type: matrix
# rows: 10
# columns: 26
 -0.051511644304193138 -0.12915182831131081 0.10858541026578759 -0.079664485203659832 -0.032993366251781474 -0.18007185278392793 0.0025373307757266339 0.17713559610229529 -0.12009322672124116 -0.013447692785919252 0.11153862176728341 0.19228605256484102 0.036611298868019733 0.13296963100226028 -0.031765559461233862 -0.11129656009218433 -0.0085967772539345556 -0.11881721037359953 -0.17740331051658911 -0.0085191094289164167 -0.16241992940568498 0.12200026161043016 0.02569549202734429 -0.084965627481861553 0.11111716557441399 0.085879393896847192
 -0.092302769436034118 0.072401859725182108 -0.16000808989219198 -0.067565048080170109 -0.039439572252690083 -0.17025094877837943 -0.032669686132524252 0.037938341294294776 0.012361947211051088 0.12053453693953455 0.20492659406065833 -0.063330592300980579 0.11934338786782682 0.059951575089617015 -0.05869059988211138 -0.0068993862198463004 0.082956597219365991 -0.12454832293216284 0.05268969286948786 -0.13587914263656906 -0.10637228725517558 -0.15191898077509927 -0.11782375203462028 0.07660823298815235 0.22242085975368403 0.031769970078406255
 -0.079404272540226722 0.091160209230051234 0.19820872961360153 0.12851103361325392 -0.048344891060980347 -0.14006219626708794 0.2349687869858525 -0.13765529409542596 0.084365646536698383 -0.14961186516889663 0.058474563208756672 -0.086957443533000542 -0.11683672815461084 -0.071636248655142967 0.092367956732758619 0.14496326053748987 0.020351101914652957 0.094225653911708382 0.068053611836250069 -0.031272686547743699 -0.16583996539466569 0.097378944695831221 0.060945619119203501 0.11872636701320216 -0.079210582137472951 -0.093320190550377408
 0.17017889988599944 -0.081705977867100724 0.11508130035817375 0.14921390391651576 -0.10292579035349517 -0.12529999788237581 -0.088820436321270776 0.13765413230763296 -0.070080783436811733 0.14475987724799066 -0.010292206147660819 0.043345241638234611 0.046380672017935644 0.056447267679409274 0.021205217875401458 -0.023439059970071324 -0.17152125027609269 -0.064279941904720486 0.15067125327826472 0.18326565732446148 -0.22542692571201184 -0.18695968654795708 0.020032840805945397 -0.043503288984773555 0.012344745902279505 0.014254204182878623
 0.094697492290776092 -0.21994594718347651 0.1337676391432778 0.088716112769595692 -0.091697739937659756 0.073190678457385777 -0.092399478736172672 0.029933762227507685 0.12395659210754237 -0.16467362994667292 0.1037147176041517 -0.032847890453785618 -0.068211531288647209 0.092335037226655231 -0.024966762096998187 0.016155439086961945 0.16094626225565931 -0.034871937065947295 -0.051942375593214428 -0.15976545855687224 0.19570381688651398 -0.00011481141697192209 0.077701825294031496 -0.10825901128818423 -0.049546808545839933 0.02282063608282793
 0.090288794013482457 0.0016412195433485449 -0.18121649211830573 0.02486646808518006 0.040482945004600784 0.18040923364689579 0.0086424305635451754 0.19046797220095157 0.095088811842558185 0.036533068877276698 0.055832866613712583 -0.1248008534372872 0.0039922094782379345 0.042080812952745884 0.044990323268102969 0.027493235169299825 -0.15073979760580788 0.16288846420597744 -0.18619330306215273 0.11464976090456805 0.071120014202472992 -0.068632953958769796 0.014541700933332711 -0.03230787195792735 0.0090278394200903091 -0.073062271472822557
 0.026978081286507135 -0.0482557801734734 -0.068461446811355353 0.20787369006857509 -0.10153731320357984 0.0069710277378591569 0.22253544811805215 -0.18352964725965856 0.073212393190456554 -0.14533223104166054 -0.038611834012133021 0.25876966699425957 -0.050113503784490199 -0.093962988176530357 -0.020498986377181391 -0.068373396054989932 0.028196258830236732 -0.1031712172431813 0.13839968518947651 -0.050987113249978074 0.16071419922721264 -0.2103848498076841 0.073638784940753557 0.14829847376224814 0.026956798744560969 -0.034146542618804905
 -0.11632168219973833 0.12524457355181021 -0.17671113624293966 -0.070811939278780683 0.11090673811308475 -0.0056954601568048636 -0.020185380508027696 0.090333189398748764 0.090108393179114635 -0.099349966601294748 -0.15011958149931803 -0.02390584772237522 -0.048187566520708464 0.04491933613026737 -0.11303815876761929 -0.17647960704863316 0.080501741710722247 0.076126930684390914 0.051151531085425347 0.10622658951378702 0.020664870732752097 0.12673111859876432 -0.027639544284028886 -0.0754418036062664 -0.13025310053097763 -0.20706576233007931
 -0.046658413862258177 -0.043927638861014071 0.16232367339602505 -0.13863306644716678 -0.076919500172473246 -0.0074160962647990087 0.21991877486563971 -0.080361010822638079 -0.042837516894475181 -0.0042844855816330952 -0.076966328883032897 -0.062612285240540591 -0.097338780703238967 0.084389588735898788 -0.10215537030458455 0.016385110265037042 0.092571133975018885 0.084779417632177737 0.21617205219367439 0.044636893096417038 -0.13144744022843105 0.050874073498917656 0.073657503095987092 -0.2741811843327312 0.059388784986176606 0.11431483098883539
 -0.13028088881137515 0.03799130574544491 -0.19565385014110276 0.094985723405746555 -0.092743879753590955 -0.020191300383486391 -0.014377281096739974 -0.14349063963524947 0.14969908857691006 0.016564220636623272 -0.17075318640533363 -0.12744904187935435 -0.10736215138523038 0.038535542777774476 0.070956803218334169 0.2007081563764577 -0.051424734788125495 -0.0436747652510657 -0.085373966048961789 0.09365258032269573 -0.048241259258441846 0.035899644046896835 0.12060440287841463 0.058806543503564318 -0.031815349499040975 0.17477332103284499


