# Created by Octave 6.2.0, Sun Sep 11 17:10:00 2022 GMT <unknown@LAPTOP-P0PV0581>
# name: Theta3
# type: matrix
# rows: 55
# columns: 56
 0.016341235468648754 0.0081396071733400976 -0.071674797000124926 -0.03505132214559304 0.070231747614026938 0.044812027572434576 -0.079306697273733059 0.10742658875607813 -0.096374052085704764 -0.0056602955316238891 0.093582893087745686 0.024200286562730079 0.037123668568042452 0.096345461608713837 0.14312094863855249 0.04989857639657945 0.058483586035648273 -0.12464766750783535 0.062007120371595892 -0.068176034729674331 0.080996627127760359 0.015721879968690136 0.014306850241151386 -0.013361478199724231 0.047950219464777781 0.11327040590040664 0.0074533453362884078 0.11011329234642875 0.090103547784716506 0.054864313670744354 0.041656299321481294 0.10068515516491318 -0.064491046493375365 -0.06672690738671043 0.12698756654062221 -0.033331897177190886 0.00088186353993561963 0.08084843192953306 -0.071612321065234325 -0.01406755322913348 0.041702184596221041 0.10678659662777876 -0.050466122018995967 -0.0092354235803073521 0.010560920466726761 -0.073012046921977852 -0.12403495319444403 -0.048958891856896593 -0.069550939515588828 0.0956660295463201 0.0067692836934165257 0.12211314826607482 5.2847614122251707e-05 0.085341057066437201 -0.054622022394867326 -0.0061641415709244654
 0.05066527196434932 0.06890687768958037 0.091396698007346469 -0.027062446464701004 0.086189019392424487 0.12425228132996148 0.028138412136184669 0.020664693195406394 0.069931621681230363 -0.03666944370556869 0.055515602725426973 -0.034104863942178369 -0.015035203152955097 0.062627250405318927 -0.07039020765809316 -0.0060782511456341417 0.019900326863887253 0.021754190535662132 0.072558836095845042 -0.040097761480653978 0.074754717999870407 -0.020955695359407455 0.064819020190662296 -0.025526696187761898 0.12872808063771934 0.021922473592994977 0.051210360187524673 -0.090500242056708174 0.045877705980063556 -0.0748900823358888 0.093931564747207624 0.045046988070765105 -0.054879225367330621 0.011400833556303464 0.039349351380633321 -0.019244980656109429 0.0090350584643917823 0.021206755351253683 -0.0003486749259328575 0.060393994510409499 -0.12774781648206079 0.053545519165626165 0.11823769742493376 0.025277977530521845 0.070831801776576872 -0.096053386628758924 -0.018108838947160137 -0.029983127287839709 0.055728263872971945 -0.061812901427128156 -0.17575156896160235 -0.044925396931600484 -0.095228552689378507 0.0085201057346685656 0.090351545552353904 0.12452657580084449
 -0.04085287556888683 0.039314175536678292 0.01598159231486437 -0.056763473074181198 0.056279842994101013 0.12289839524299755 0.048824558208403417 0.05188349715815669 0.12694834274046349 -0.016114881057939692 -0.041464596837790357 3.2896662917042486e-05 0.0031866180514643835 -0.037672088308748498 0.045146080031985815 0.0099800815308787889 0.088983667650712264 0.0046409706497203707 -0.10937858392156784 -0.16034656073315315 -0.10667863181094046 -0.063686371338544087 -0.020011695878514455 0.015101385616066719 -0.030245449785777409 -0.022708714357359602 0.016889936877571274 -0.082019136917656471 0.021928825590145414 -0.17222775228751636 -0.0067599152864768926 -0.031787320223469584 0.10042797866951425 0.094865978753564992 0.11096658484507756 0.067056623501104085 -0.06258889968643469 0.038908477840276158 -0.051545038989725289 0.11298823025690853 0.070353954867874824 -0.062338857152957061 -0.067999436269589555 0.16847929170007619 -0.084839180472000966 0.10524341270809691 -0.050806016587657571 0.062615094735631441 -0.078609728534693585 -0.029282541840767201 -0.049510665941224254 -0.12476679816123036 0.13850996431215168 0.088805802825954946 -0.079722456294581995 0.023751470054625384
 0.023587426835490553 -0.023399533660381475 -0.01435216127593522 0.095926219135003044 -0.00013669767619637778 6.0951666647403492e-05 -0.096928118789724696 0.018896773442987218 -0.0441706002877554 0.052574426803576858 0.044198221165121489 0.12200645641502735 0.086376994467419393 0.063794704704916577 0.098908728540076582 -0.12457247412918966 -0.045120695234895432 -0.022985064869559462 0.040642524243319385 0.030182301329905008 -0.094620988151908461 0.015758629841741017 0.092337292711017996 -0.075795806918807801 0.1417070895411868 -0.03975977140383459 0.076482453507488529 -0.02861108183903599 -0.050000654094570524 -0.019265326173479577 -0.0045654408138731959 0.097135732104276937 0.0032290689228195984 -0.026175832089933859 -0.045991323620834829 0.075511625375667038 0.094211416691766595 0.11347910272043023 -0.094390196015224498 0.10895164779207381 -0.083262526101458068 0.064187712969324143 -0.092693262029583348 -0.074177302040574142 0.019221733326209547 0.087023301650449705 0.042385796255978041 -0.028800865557971973 -0.010262836268358314 -0.067508987039098162 -0.097628703488358018 0.023915748078086378 0.12725751729953108 0.033664934028035505 0.016967329903198835 -0.029867909143067462
 -0.0027567497632176776 -0.12085955316713141 0.02911119531585081 0.070720228068031757 0.087245971404702347 -0.01047891130032085 0.10270978379895399 -0.029451106344776712 0.063113957618517388 0.081555277100793411 0.017164800550748375 -0.025387350719030373 0.082877770707215623 -0.029679208261467766 0.1056875122297322 -0.034012402599887907 -0.047998524030324403 -0.073979049138516967 0.030225782559583733 -0.046545099074625063 -0.043050380565759674 0.066236237441367224 0.1174099453989845 0.018017492199671054 0.058501268267884966 0.08202914661369641 -0.01560598101224458 0.031900538177143951 0.056488153618683014 -0.032568337766458753 0.061016506749862642 -0.095033626783959421 0.07689299337058661 -0.15301103295130292 0.029736714931377493 -0.025942564733287328 0.044623061070013882 0.037526830608382383 -0.011102439994021161 0.032439863142839316 -0.089847466271555862 -0.052183357746996624 -0.066346821941079992 0.057667897350282389 -0.11153679985489705 0.012689044822229094 0.094137786516012983 0.098021145018280256 -0.0513434310888271 -0.078029040833070482 -0.016019309669579554 0.05380550148388779 -0.13071747894141753 -0.039514486818511801 0.10117672837498137 -0.029069055416214185
 0.097661775695847969 0.10208857194618821 -0.11834057639741237 0.10881815766797656 -0.10700153142158589 -0.09735446483190266 0.01123601023327488 -0.025154930733362987 -0.14803109930872138 -0.0098050336640233965 -0.029851477393149535 -0.090339976800713484 -0.11659578729402371 0.082379769953200288 -0.017626004091138861 0.091565523966274084 -0.054203776623614142 0.047700191728163609 -0.040313546438954226 0.072731489126182811 -0.094756370825401823 0.081059035297636792 -0.03272945343193432 -0.088058960762483818 -0.058793545471853115 0.11228819350002073 -0.025141719061867959 -0.015668749841574639 0.099926423742382434 -0.010059597349838722 -0.02192769309120484 0.02709666747865903 -0.051659199651541088 0.059629993265097228 0.10718475912342398 -0.10541754336296173 0.11259900756368625 0.0077414489224646539 -0.031904844799253325 -0.077777369775458544 0.057060113412120389 0.032406419312128162 -0.080503825336864857 -0.1268386018096076 -0.11528896422967319 0.075816541929885503 0.073899562871466845 0.042297346073570233 -0.11548716663289192 -0.10324134828505578 0.011405537512953522 0.032132661553946833 -0.045735337478722785 0.001750012927115883 -0.10763826324419687 -0.050325226782660951
