# Created by Octave 6.2.0, Sun Sep 11 15:11:14 2022 GMT <unknown@LAPTOP-P0PV0581>
# name: Theta5
# type: matrix
# rows: 10
# columns: 26
 -0.00016501607917922354 -0.04651765689824492 0.080845864621409275 -0.18983313711895064 0.029597008577824085 -0.028329883963208003 0.17390178502266934 0.12768064916417196 -0.11689672549857792 -0.098850904982827226 0.1375806869261198 -0.25255938500577629 -0.038706508845065005 -0.18754344449462018 -0.090022876989520897 0.0050067080467436414 0.07510594546019328 -0.011906439856901084 -0.11526425154027613 -0.076994721626773316 -0.039198533292027077 0.049612659466240348 0.12629258287332371 -0.21419589463688554 0.23554004776253701 0.011390534395726315
 0.0086498450736228923 -0.010969612886421773 -0.20118655939951238 -0.022100753139206047 -0.066444445329199395 0.17672253958490267 -0.086215277332438459 -0.087921465106101854 -0.15084060975739122 -0.15136793113393548 0.12364074533766853 0.20388317286073795 0.030996818952369685 -0.032174612009384138 0.0033199955732054567 0.16321790515301945 0.013612520445337973 -0.1532042813794689 0.065561353864054053 -0.014320662840552778 0.046544662135350495 0.097214298205435534 -0.0057057141271365059 0.059568530894558464 -0.0076744566800033866 -0.044096967867650411
 -0.093535630963092614 0.057441379748553671 0.036687403802220103 0.071251366922216786 -0.060599746590926554 0.17693996591420155 -0.11550148738296626 -0.082783871199837045 -0.04346878994206841 0.028112414397520605 -0.12375012815946237 -0.069225808471008579 -0.061251758795295402 0.23060813908096514 0.099947453816274762 -0.048238709299398434 0.036071236177924397 0.012654694722566133 -0.059292339522654072 -0.055446491150008215 -0.047638451738406827 -0.10123350045850599 0.17766847587239612 0.027972774078105649 0.022520129248745746 -0.035094761171545766
 0.099823158802467241 0.049474537006371049 -0.10498875236297996 -0.15680126812400194 0.0085373076423819645 -0.038827364182438394 0.15706838515484617 -0.015247457165065157 0.17862893282849698 -0.23243537378622153 -0.090986152953240515 0.12194207096390149 0.16764528896627173 -0.065835455504693649 -0.080207926397839607 -0.068115403056037555 0.065310564855929329 -0.057312216582642593 -0.033773459794821201 -0.12036412850698719 -0.077272233972200732 -0.12708977044823858 0.1773780477574616 -0.011524680002232052 0.078037449226942779 -0.10152735272892258
 0.19983457477803254 0.11328284563536564 0.050173766928259818 0.28785415314505197 0.094879323590465872 -0.012924675669104714 -0.072264791195145173 0.035870193188626526 -0.060647116702250814 0.11496564134734306 -0.12478697609038115 0.12066654067535831 0.0058959902659708463 0.022710848905830038 -0.10431653935380811 0.0012930426284743861 -0.20449812900953862 -0.13146933295625529 0.056486329490635111 0.021002338369177712 -0.0013939772552831846 0.1792857870134473 -0.13963107989275458 -0.059530576487956226 -0.087574714521994029 0.0046145099840078701
 0.034357075881490257 0.016264506252449244 0.089412312962175403 -0.16368269799988394 -0.085723973979289728 -0.0383289255471203 -0.1529835946505671 0.037853570979936628 0.012202374957488804 0.002444648292353158 -0.22724770286021395 0.13173099140011385 -0.077384661605314084 -0.22155569330368569 -0.051759678331506589 0.13218378468785033 -0.061634653874812921 0.19595422562211826 0.090819587295141113 -0.01938750517627193 0.010636196000397223 0.099785430404992714 -0.10709744964972354 -0.078539096438358477 0.064265938109573567 -0.080898414438048988
 -0.14001175626802828 -0.14003473262060487 -0.12315480553117347 0.071041927431930288 -0.019749436425638669 -0.10200095292712981 0.066926047781892969 -0.14416990705373708 -0.12949472384528871 -0.11714088317611103 0.14900590255106586 0.021124437738276901 0.10010954828714919 0.0412741049825305 0.18581428374359749 0.05224328741193373 0.0043490154411075536 0.029393308549182429 -0.067673108483317493 0.13532520645302548 0.021569540659648025 -0.026805428970389147 0.024638099072128248 -0.14942877577094765 0.016302769141008255 -0.024706916176463679
 -0.029342037797885759 -0.066065660882730484 -0.064868825851294706 -0.17644861959219799 0.10607049407434845 0.12106583231858377 0.0071507357104933856 -0.023932756358545262 -0.055068709634550392 0.21074730962550461 0.063052350354111122 0.076994684036252814 -0.066174676691258857 0.097571704933773873 0.096031646696267223 -0.20935223804100297 -0.089118764169343473 0.064232148822067903 -0.048939079354385011 0.026472679018851974 -0.090409441391618189 -0.064102976524050059 -0.053062401325358624 -0.043738202792672896 -0.082661666799797251 -0.10470003841181542
 -0.057728374554498425 -0.097198706456916487 0.010298048753756487 0.10307037584827275 -0.080325784741402853 0.013737906881132037 0.10764338957480114 0.14521460477197784 0.18889245396382279 -0.0045223908858748824 -0.13475808051796451 -0.084820608552370988 0.15983874611435162 0.14843438476286225 -0.045015551418386937 -0.074629448260591924 0.16180333070967234 -0.033928855102276959 -0.0009058653611599038 -0.11392802511824277 -0.063017297555974572 0.010278930982758488 -0.014584860634699038 0.063360035055422287 -0.19924353787593913 0.012494136906126066
 0.027603968207381417 -0.095917718588942366 -0.065106185969436611 0.059809210237711283 -0.076169577134853839 0.016624685896369975 -0.026393311956033661 -0.089384792646021699 0.14924616366914512 -0.085767899964666952 0.055839402617003299 0.057687766235929035 -0.090637517897358369 -0.04137645057418974 -0.096196780388444772 -0.098968909437477895 0.19781987972288306 0.061938399604064241 0.042686498310855948 -0.040573090863032811 -0.0029226367430403781 0.11881727784657493 -0.038303684608227521 0.14332438128489583 -0.16811847316648393 0.0089673339939831103


