# Created by Octave 6.2.0, Sun Sep 11 15:00:52 2022 GMT <unknown@LAPTOP-P0PV0581>
# name: Theta2
# type: matrix
# rows: 25
# columns: 26
 -0.047830858629132326 0.13916921240940985 -0.020896922046623204 -0.060773785177554843 -0.064235040533422882 -0.14898071849156691 0.16425808826975441 0.032353539802402652 -0.14344196870753934 0.064062215990222771 -0.0014481935978783481 0.013802664206190416 0.15305080548596706 -0.010078586059537192 -0.14728902753844395 0.058606572964869104 0.089566946817350251 -0.048956574368119253 0.0385815344718878 0.13366700802100284 0.033271522263600896 -0.0067298711798765487 -0.093351358677104868 -0.069314841700815741 -0.028995044437188228 -0.050458589108931827
 -0.047664773836247246 0.024201913156115435 0.02447105764553904 -0.11722131030192241 0.10765377763920846 0.10398906959606177 0.030558543188229977 -0.027653229643993655 0.098965667248434919 -0.10349978707941151 -0.071125915274631274 -0.0103220425549956 -0.099447232602144831 0.0059152335315629809 -0.1062101614645969 -0.028737365408876319 -0.039933455088079259 0.043607700003964717 -0.069235174047316522 -0.08302589205022308 0.042928617658881556 -0.0018788198941538383 0.037300555083909621 0.059225346659684756 -0.036979800634484999 0.017879904184523274
 -0.06052267946931119 0.06738964807585196 -0.02279377291921033 0.15975450744794933 -0.1510964044809571 0.10072277107098175 -0.079630519143577522 -0.16046230425622168 -0.11003660685032156 0.012817218797542124 -0.027876404218188641 0.088695350501289433 0.083842038239656413 0.21920602020478216 0.09384429476150051 -0.013685043446213662 -0.033656788616747368 0.083515228190289212 0.0065052731532854293 0.064220130043223897 0.096634419691407417 -0.012448252511635532 -0.0790008381325642 0.074727902763000148 0.0096049314259703845 0.17887140107736829
 0.075241904606095131 -0.017775215294236636 -0.16536298948918846 0.054437054191941101 -0.019261737094249887 0.073168555511990169 -0.0056550082581978741 -0.0098896210408738663 0.057278125570830486 0.11188359488927599 -0.059706567179537845 0.105658233987783 0.079540578487748009 0.013253404616337864 -0.1656423299958138 -0.030297066193176462 0.021935346896604698 -0.047932453252004667 0.071792283083814204 0.020803141148678001 -0.20367294804748617 0.10257357891084938 -0.065093581710247109 -0.046222834614962398 0.18987175567472903 0.16776530956675972
 -0.043679034686524808 -0.0056874531033694557 -0.090714060537746999 0.24731904973058474 -0.0084361624928835765 0.046097727000155346 0.015087010054619448 0.12055877436640634 -0.076117442524210752 -0.044177586757961324 -0.027948134662785947 0.040351931094936434 0.12392351574456965 -0.076605671818429755 -0.057075619588136214 0.10815093079650516 0.0062928481340759537 0.14567931082607727 -0.056897684388499931 -0.10300437989653732 -0.057234751347305879 -0.1520521770045572 -0.038263937573368115 -0.019060837318621335 -0.18788936282493066 0.070690043951557258
 0.083561122555222939 0.058961954618633898 0.018365522324815611 0.23685379172387799 0.0025153737791734484 0.11266970730184923 -0.032885703805493126 -0.031803983817795804 -0.066120016581815641 0.11908153541243455 -0.076295605794875695 0.14869904350006538 -0.029660108116481346 0.056549859752200567 0.0095127375527412818 -0.0092570660408511432 -0.10945421746110576 -0.05211001225223607 0.019437805415986852 -0.22300818253797428 0.026268250722806998 0.059221725991046657 -0.037779625268823482 0.0034221320677664175 0.056802210961601894 -0.067743700379788052
 0.0094506881056453697 -0.025219435001680075 0.045147482054454895 0.028740111607715921 -0.11350300631964558 0.011030591764940638 -0.02758708126888651 0.075184478434170407 0.152139912004431 -0.012053958398089849 -0.047849167645012944 0.023731184854608258 0.078101489099804827 -0.049808227820790106 -0.12464806723021532 0.077665171681842921 -0.072543621021257554 -0.02360928671788667 -0.051870808223272863 0.19142300820120528 -0.066946071575074637 -0.02726258277856132 -0.050155426565984762 -0.19094101903467081 -0.022467228178134367 -0.055404512670858656
 0.078221109036670983 0.040874908050173721 0.17539102171059875 0.12830416112922571 -0.06034704963548617 0.13451238209661975 -0.10734813193203388 0.14677852125275442 -0.046843376591357205 -0.13175492949321893 0.095512064295615706 -0.040668880331263674 -0.03463923152497482 0.1050897016537837 0.092893868378908867 0.05771305421100463 -0.067718959908148038 -0.049422913632080102 0.019553039422378796 0.12710860673669033 0.12097971724199795 -0.034021105118613004 -0.077743786212746885 -0.0061407801488968881 0.20794049060172728 -0.061817004844488752
 -0.10086968498943859 -0.048074074573508443 -0.11941991624079142 0.085386980985422675 -0.072301327271329902 -0.12005378809130662 -0.11044116424216117 -0.0073250777082078953 0.0050758412066891122 -0.037644305469985359 0.0040698622932136431 -0.057830363901464038 -0.1037528333136189 0.0029403085711082327 -0.091301150430648806 -0.063316206546150347 -0.050271743218935801 -0.069806551126049485 0.032055517920135071 -0.007365031612758359 0.055920153185179226 0.12058436533445782 0.11511915988158412 0.045908286720787936 0.055612785785266114 -0.1089783635493809
 0.050875933288128589 0.035043575101318745 0.091220814520903887 0.049715805965041777 -0.029083459336224637 0.084350107484031725 0.10867090024030107 -0.10168703564972897 -0.080235725492905627 -0.0051289264897780686 -0.047555698263105295 -0.0081825266526286307 0.00037305691185509303 0.0080170103411375069 -0.041682006021171572 0.093779560743180765 0.10029268516849259 -0.16909248251500811 0.13224733934822303 0.084909308532336164 0.070979804142648442 0.10007190233885999 0.052438926112629236 0.085733185997101294 -0.21460484251712206 -0.11285223393040676
 0.0058880324528180596 -0.12121244940642459 -0.0078658242293699627 0.15017459731379909 0.044674761841512242 0.085800497503941336 -0.052406070865052154 -0.11963907539354736 0.16340381251465752 -0.033768967069912295 0.030196632774868289 0.075434687338147038 0.02031299045100559 0.16396660839221802 -0.069551729926711256 -0.067425476060157946 -0.0095623946689478139 0.06133713481108409 0.067703329368557219 0.13313258327541821 0.048419441853501138 -0.065862923406079382 -0.035577783856950013 -0.15522440961482667 -0.15400111460185045 0.031282704255099103
 0.083113501356161079 -0.025013474444140836 -0.071809363078741084 0.15954710456659393 0.017803581594341922 0.047380730993952166 -0.00068429399471119719 0.18706027371487993 -0.042683366515508213 -0.10255546603222865 -0.1553034170490982 0.047724669474637681 0.058946646551259585 0.072999963916574595 0.050457623176653178 -0.041214391493898078 -0.04823248489277316 0.13876695779231385 -0.087646190958723155 -0.12349142448202875 -0.0068808206828860335 -0.029458326088774356 -0.086556136793501215 -0.02763612098292282 0.063196317606561428 0.11715573982517165
 0.08924496920290502 0.051485614240605909 -0.066432615909823925 -0.091063300037552364 0.05473884906582166 -0.011090268100463239 0.16141363115906568 0.0091099470407722365 0.061456436586944517 0.13840985331718292 -0.11966265192112698 0.16018056694837179 -0.18421627720437322 -0.048112769958466826 -0.11226754777201446 0.054548443277957506 -0.039559777424528327 0.10610475699371937 0.050227610253788219 -0.065143245321323609 0.10461641569253095 0.040659254750465584 -0.0068199452237077234 -0.12100473202349532 0.069123605922418216 0.0059055422846853427
 -0.084833332062478506 0.091684933292706841 0.046482476301665528 0.037110434821240365 0.10749445618155229 0.11300686487774075 -0.034499704619052503 0.0089215089121210765 -0.088498077171107067 -0.086655068222177736 0.081851423494678513 -0.016077084057162384 -0.049343332385408979 0.055633337934083697 -0.012143654970864816 0.063539983141064002 -0.065547273930929531 -0.044525203593991362 -0.0091562308666643943 -0.12100031877454782 0.063765205787445878 -0.027350420098673996 0.11289092983638942 0.093333841319903077 -0.081306542508552931 -0.10152840260530455
