# Created by Octave 6.2.0, Sun Sep 11 16:54:40 2022 GMT <unknown@LAPTOP-P0PV0581>
# name: Theta2
# type: matrix
# rows: 45
# columns: 46
 0.093258024868404316 -0.017022339598383861 -0.0045788555037081452 0.047211303756675628 0.047082743178984143 0.14240190330303723 0.046303066856191698 0.0055395980542936023 0.042412769011050594 0.14376552659348812 -0.10800027198980491 0.056677365994052029 -0.023755685067538446 -0.10230808104003421 0.095454169893620419 -0.06512357366594887 -0.047303963354858931 -0.082167104123074916 -0.097527227141774364 -0.048295777384229729 -0.0060984473780325401 0.036356395131698811 0.036083357841690124 -0.047203807699081772 -0.10680779436490469 -0.067141638156555369 0.1477869566743169 0.011095043482020386 -0.0099974792555681015 -0.11904002948921415 0.090015673768527205 -0.088533512976269782 -0.0053301752169587829 -0.086930411514561157 -0.022188551253178996 -0.067467430486290628 0.050736240868392256 0.065613276764520057 -0.042749664575543932 0.093781536868977583 -0.040405575540978338 0.020587976767060517 0.072296166913963567 0.081735314299988496 0.013034635436577379 0.049631222878244959
 0.10730812850509483 0.067472852258088759 -0.050257449875968925 0.10013578367466099 -0.027792291256311857 0.098350628876115481 0.088646597654335427 0.039434263666079369 -0.061354722635307751 0.11255046058325542 0.097444664678577403 -0.091197737965943507 0.11155521010414481 -0.093944951685520278 -0.030676535698344189 -0.066530504128719331 -0.058145602993273399 0.13694678698604731 0.032414691115770618 -0.04174482546788813 0.020931074546875258 0.074862263499041751 0.074753454016933382 0.046443426326088048 -0.072756791837212315 0.12541459816266001 0.044230015250654925 -0.061098679181100068 -0.093233023818100474 0.13193741134607617 -0.10047184481759695 -0.017469879353049673 0.10750390432145934 0.054146918932055171 0.05818073380153118 -0.086444486672574164 0.089998325892646669 0.075827731502972742 0.072959500447109832 0.041233885693498382 0.037522138010012869 -0.11201759523375754 -0.0079141617719524632 -0.10296091743713053 0.02729537166313609 -0.050842018922726044
 -0.09705990275495549 -0.046066028886914842 -0.14999473510047204 0.11150290009220511 -0.058142117258312594 0.067594737186026876 0.063934969837277048 -0.078958997315458718 -0.021631675373329128 0.10649642157800676 -0.046538473736560962 -0.027983287555548273 0.18898967157931798 -0.10443317210810997 -0.073177795226298178 -0.013214632092080184 0.02807565415504476 -0.084478940437644756 0.060929968912568584 0.010387711221674246 0.041441822931129954 0.019973741379505004 0.022568569654783148 0.092704928723628663 0.040503199840251608 0.024671418783977012 0.040313479170495874 0.050553351599454954 0.11886001711547138 -0.0001773106177499599 0.13049427668615926 0.008885065951617227 -0.10406738408615898 -0.017442658108426993 0.10120364781807228 0.023002785436609562 -0.0084568877203879279 0.13136051890268424 0.070562757094300085 -0.025209306534426601 0.009196879528234574 0.050773499638096027 0.030494413154239331 0.059396663063528969 0.12164435341927471 0.031214560543398572
 -0.016615733833485007 -0.07541092338526012 -0.018723706100335389 0.034101582158658397 0.042341075543242852 0.0043300330222103885 -0.035311133863210317 -0.029612620695740111 0.14219684655411452 -0.027646375435313078 -0.027727925099483429 -0.093047146202378112 -0.11141344720837726 -0.0077388160911169923 0.015263865090573699 -0.019185484871862259 -0.13827046555094449 0.082842301124703935 0.071591227859572309 0.072833870563467087 0.10515838887894116 -0.027865991467899118 0.012889727803848089 -0.032799470673534697 0.0087206734878045779 0.028404233285788578 -0.13592145836883096 -0.077877368975495867 -0.012517259255511941 0.0053126152728074794 -0.031500204975485134 -0.00070601043701956179 0.044829394705298634 0.096731969220801739 0.091410147635324984 -0.018753218792147988 0.067006803983244614 -0.038818689699526357 0.10244979093898558 0.1034582513642527 0.023318340136999165 -0.052236207789304462 0.14239565079613814 0.021808686955820264 -0.13451612121124873 0.11759422977321626
 -0.03478861838281911 -0.0079915487204688853 0.049442460553119703 -0.058042899302994465 0.1537758456400232 0.05969873998829732 -0.027204859664715038 -0.0052945216301110562 -0.065048564182094593 -0.033954043477158344 -0.094493155819758229 0.117848806910256 -0.030557182120347953 -0.0064313392604085674 -0.10876979057892128 0.028898077429571869 0.12865369215253808 0.00046428291298925776 0.09556107420090014 -0.13143527032648861 -0.086289688126306968 0.091826066433322848 -0.01440812850293533 0.090625134139564301 -0.082065464489998477 0.083411988697531581 0.043424193805609287 -0.17415207921635217 0.028071440233005111 0.073153894289064936 -0.07893679968096666 0.10122163711702203 0.050883193196056289 -0.049971496547549989 -0.05248665853838947 -0.040545761323997412 -0.045525125003243141 -8.9310728964199032e-05 0.017690315884055428 -0.11208681860408067 0.10984356293946071 0.074948100080383107 -0.08175367679087478 0.034677326582528312 0.098571849822956692 0.10368646050814959
 -0.049296908703481961 0.10326641581522297 -0.088895754028901666 0.024508743517819107 0.036963389298405577 0.083559940310732717 -0.011302705757758096 -0.042336087649027923 0.04448392785358532 0.081694643342077961 0.016115055738828335 0.0036543532567620551 -0.034236562133572797 -0.059701238615100648 -0.071486049983464944 0.04157521961456867 0.043191424251713656 0.0274300314348612 -0.052571157322934756 0.014236473583423078 -0.025681854696723936 -0.10741262448332531 0.055243843686924705 -0.054623962704407822 -0.053092124553625338 0.048486113611296941 0.036315662446612898 0.10114572619506887 -0.042302080400788825 -0.094151591584800826 0.0075222831445990275 -0.079236248534161363 -0.060947700098743098 -0.043685370026515992 0.018721214709173307 0.031383939440116124 0.043861427082293548 0.022986175600689968 0.11629227601991023 0.07743985001280973 0.086330833269075133 0.056855426198686672 -0.11259319082006315 -0.0042374841923687682 -0.046929793624574404 -0.072129596399327353
 0.047917175062092435 -0.014263128267574596 -0.064087882000632701 0.042015600202620539 -0.035914955128732627 0.10980746160805552 0.024616076682644039 0.05006579532054467 0.0051010064498269855 -0.083991225116171742 0.11969543312753342 -0.024128118548241637 0.0082593215209381139 0.071345296304122896 0.10742952486759459 0.043389476684036678 0.060797395724448713 0.0071990896385001916 0.081098357188857509 -0.02063492866977502 -0.028055683448192984 -0.13360511084220636 0.021083623658457822 -0.055238149868681537 -0.11029368992003236 -0.021021751268332507 0.035319572015314472 0.1158131415292233 -0.017034796321473145 -0.073652127507640261 0.098698930176426114 0.047532351066424075 -0.13555213713616368 -0.07993783443577665 -0.035101998309094856 -0.066818020400867567 0.1105262552661203 0.081066555396918677 0.068694343965533464 -0.097728532942546825 0.034199656654871083 0.031897329203415703 -0.074038480491270112 -0.0460462752184852 0.097718841833757786 0.080638508853742602
 -0.010987642396347867 -0.067166344031205166 0.017451536154970113 -0.089569013228283104 -0.051039760019094715 0.039756828799435782 0.010369084061701044 -0.064603980705088701 0.12503867008032404 0.030419630640067176 0.034191235164698505 -0.035871108831245731 0.029982206917812618 -0.07873874013726033 0.053569850195695629 0.018749850286111539 0.055426626339272922 0.11261454394620021 0.098530135514640779 -0.040708863283929878 -0.055610083702945477 -0.03038307674870968 -0.053162592660675641 -0.03497892370735501 0.01281724246462802 -0.11220345771224871 -0.050801472486620515 0.10295598664728328 0.0040742837923363759 0.005529359919554876 -0.061327614520901075 0.05208048249680329 -0.051738080951999506 -0.12391405596434892 0.033707704409089163 0.094807410789552238 0.029549060806884856 0.073177105975252538 0.10031172756374761 0.10319698441674918 -0.020405614884288631 -0.037601941397269627 0.042395028249623781 -0.0058783667423203739 -0.0055643448155710123 0.10222654720643713
