# Created by Octave 6.2.0, Sun Sep 11 14:47:46 2022 GMT <unknown@LAPTOP-P0PV0581>
# name: Theta4
# type: matrix
# rows: 25
# columns: 26
 -0.071851237827329592 0.0042367164271106643 0.095334649970650678 -0.023877493019250084 -0.10289821194348713 -0.016643794565419416 0.077397164289840531 0.11438364724636055 -0.08236093726720739 0.079297865732105885 0.082925418519451038 0.11835554028543006 -0.042457816633230762 -0.097325565603964256 0.087685458464570404 -0.0019186424375577905 0.016176299294054203 0.036935876673223143 0.036174697272430008 -0.047944937775870555 -0.048172259565304264 -0.032555072548827731 0.053386735365303729 -0.022330470158205856 -0.013149072576261066 -0.040285549254627309
 0.017177163658736002 -0.011015934570682505 0.049260755930535069 0.036694200165941604 -0.12482181109795092 -0.013576976891518239 0.038479952016041916 -0.069717284940270199 -0.06641554904960488 0.065268705678501418 -0.021588302039932707 -0.038781128023663805 -0.092099753319742517 0.086148014213662638 -0.047382781978147367 0.044013611432224341 -0.051603859442472359 0.073738100096609568 -0.11041764046039809 -0.087553941636236324 0.068936567422364758 -0.002726021448463714 -0.095899076905789526 0.019864600073506936 -0.085274222405653674 0.049083065629435124
 -0.018575321036937573 -0.010333251601322792 -0.058611663155095875 0.067753590391552543 -0.25233518339367406 -0.14326534156920351 -0.058033806091475654 0.060719678693003758 0.13772075268825049 -0.057956371217538133 -0.017128429536293559 -0.028815472932460711 0.053091854293727155 0.073455356286720078 -0.090638209616987847 0.12718188721910112 0.0019330683399563558 0.050729728630180305 0.019521665353935375 0.059304256859408162 -0.065715442484803988 0.013049213862055407 -0.072061792020728002 0.0403109603775356 -0.079335940116804241 0.088362600200642585
 -0.099524299356936657 -0.1103056423690225 0.088293790128087038 -0.040505761575465198 0.21039571176043506 -0.11449264464646017 -0.021521790359943477 -0.11020695860205772 0.12594108216751523 0.090707533698582588 0.12314361503244413 -0.074147413749318422 0.13015300952527686 0.016895444990192288 -0.077918228068218492 0.056979833796692379 -0.028293302005467494 0.10606200784915712 -0.16396789201557971 0.11064513127249073 -0.084490412788899932 0.048893293599409852 0.096080258798577886 0.10264473337568115 -0.075456473127131135 -0.0460462319340234
 0.10382969374977731 -0.12737993891812979 -0.060860399056829009 0.10158592706349985 0.0368284138691869 0.044059952107747685 -0.11432117319490663 -0.057738599083113955 -0.15257444460665956 -0.096772527730229166 -0.048231879680154556 -0.0059275918401997234 -0.061359225926025725 -0.075012563545947666 0.070394142091561265 0.20874582897341518 0.027411760619089821 0.05992470060296174 -0.026586179745763838 -0.085296927104429002 -0.058151691207949129 0.057487025720735108 0.13374533287544499 -0.08078379694208658 0.042789818878212954 0.11018045519135107
 -0.080437836529544129 0.023378839079684233 0.07584030201693856 0.12492095651354305 0.070007069193565558 0.058294783472519818 -0.049447759802753288 0.057878357697836925 -0.04662467870419932 -0.067615064233937261 -0.10117755913029215 0.031923500304629371 0.12316178704643251 -0.062688571542177024 0.083834450862057888 -0.066545031356572651 0.10999366419635237 0.0022186678718109846 -0.043910193852492944 -0.050807915755248186 0.066086778311672589 0.11421278632015938 -0.095192770769166032 -0.07083335323667328 -0.075208684920120769 -0.050008836739754488
 0.010990475596982871 -0.10616445038502202 0.049665142338729741 -0.037453773733819772 0.025593729924546373 0.10905586714596559 0.096204689063119353 -0.0038685729796394184 -0.076399927979129131 0.025409462189500378 -0.084761171206634567 0.1104391436904708 -0.10465873337874862 -0.019239598583629058 0.11450705589124645 -0.12913718711909794 0.0049977300897622234 -0.0047335702767308868 0.045165925724769448 0.047945482734830847 0.013906716553495947 -0.013994736678709372 0.06154017876529521 0.020124879270600797 0.053104706273257148 -0.082126433409308988
 0.10967799237020188 0.058976786514094243 -0.027254913563880212 -0.043963445986742185 -0.25389373942703786 -0.042060703077639212 0.089645966252543952 0.039029531383360051 -0.078684877745017923 0.0867494832443233 0.0045087829515752598 -0.060984823359326992 0.044706265061012704 -0.02736095620313244 0.041505231623008683 0.11505411220530563 0.041188831772618548 0.02924957720223794 0.053590187942077989 -0.0072674162753305618 -0.094463338266999167 0.044534274895241192 0.0054583174050108303 0.08945476135456451 0.096321776194775097 -0.099958720522259042
 -0.11075163830677112 0.050253367370365377 0.076439234399606898 -0.03785893177400889 -0.12101642892652402 -0.10322494218879606 -0.045241323291379046 0.038152409836878474 0.079481478699834393 -0.039123721076609407 -0.038078480977780327 -0.059137395616856471 -0.032760226110566261 0.097613223587736359 -0.057821740495181045 0.041641891638843194 0.09903590589772944 0.017975524517693998 -0.051871787683379654 -0.078969899773431343 0.11406489200072302 0.076296389505906309 -0.024899157592044373 -0.07058727363456832 -0.05547938368666868 -0.075457186882382565
 0.034893251427740878 -0.1046997104627846 -0.01629229788114548 -0.0022245655650189834 0.0029457633502498132 0.16224894168907145 -0.1022176991890526 0.058977576258030989 0.0075474153127897854 -0.013255493426302301 0.18557232357135239 0.12596097289069175 0.010905238279065836 0.12611527013978394 0.12107874167788041 -0.0084712154077187362 0.057860131911764659 0.082800150037891637 0.035357843770027285 0.079073336898636715 -0.078350301576280534 -0.050796122451313257 -0.11729197261705672 -0.03829836357324385 0.1220805946672891 -0.053980212872544182
 -0.084812514695631183 -0.011038690390352728 0.12736554441471179 -0.10679796235782643 -0.13344787165616062 0.09933098858225986 0.057796767369618508 0.0017535911857185951 0.12051838913763441 -0.073809561902365345 -0.13030060636425933 -0.053892611176429621 -0.062750594904711424 -0.032585097569654047 -0.055911475290322379 -0.0088271334044275288 -0.085399367269953577 0.016271710542846238 -0.11990224035376992 0.1332304490136563 -0.12078916178109729 0.05859669475915584 -0.095795765102259262 0.058595132665581619 -0.13903917073918851 -0.0054082471846021935
 0.056954161502633389 0.09809008163479295 -0.060589912756810936 0.005299020244211688 -0.080482454843753506 0.093605301641677754 0.048210991358242278 0.030181981696684495 0.14932894662240867 0.019273484234488828 0.075599281381738548 0.10067970245505216 -0.071889679221870909 0.026821110803260592 -0.1200357623543747 -0.022588064431789488 0.053533330018944635 -0.028449802922126208 0.072875978513137943 -0.060378522169462004 -0.044142676737689165 0.042497432250305903 -0.089735277328799656 -0.003765501702291119 -0.069145697423799515 0.015297524389795487
 -0.024026516197791985 0.12288217440508997 0.078929607777483465 0.054867350442887854 0.090759268320158334 0.039721092827553262 -0.020142681818907795 -0.12531147672323809 -0.081317524203048011 0.042841258652309019 0.11743344262074061 0.09960529055528021 -0.015231584275237641 0.038455263466312173 -0.12844456274143312 -0.028309387270315945 -0.05480776896799229 0.00032048051372876194 0.091252268393272273 0.089332405999703615 -0.061338749179114277 0.014052623233144334 -0.052196610775199458 -0.064594755168660811 -0.11683216125698696 -0.074469424828779024
 0.00058969177340843131 0.079819902643439244 -0.074023085259700208 -0.1393660082110193 0.10966308807634677 0.19216835649219058 0.015185638995897897 0.015443659304338256 -0.028690673262669247 -0.076671085300654016 -0.15274287679935092 -0.15140566569978367 0.046157535493396622 0.019985584884688247 0.10136654118813167 0.0043406399992015395 -0.11499181541093577 -0.0055502650421112749 0.189619977979996 0.12025837620535841 -0.062435083903926339 0.13319066039374133 -0.091807285266783473 -0.071326790593794237 0.13877293374815047 -0.099729791482810082
