# Created by Octave 6.2.0, Sun Sep 11 17:03:02 2022 GMT <unknown@LAPTOP-P0PV0581>
# name: Theta4
# type: matrix
# rows: 35
# columns: 36
 -0.04691891328651375 0.039206704152804646 -0.005485625567622868 0.075940874323272373 -0.029825095832457401 -0.055108489703812887 -0.050783635570574658 0.15504340367397856 -0.079632320564427872 0.037182306380476669 0.16499982406287883 0.024891107502074412 -0.12505751910501953 -0.10364845159889458 0.057074239709098744 0.048453052325516201 0.10108434299612022 -0.017816527048290905 -0.14676489754292107 -0.053505807195184066 -0.11338013804198009 0.015662951219139652 0.14134790863249314 -0.025509697376336338 0.10673856093913622 -0.048717617772740932 -0.021536667229648764 -0.073659880664896038 0.059031435327958015 -0.13629450839577925 0.0050613779288875942 -0.065558871085184559 -0.04281570679670442 0.12922664930864278 -0.033451821412588713 0.0019825184107036754
 -0.095427739031901562 -0.011335293839728932 -0.014713412406276773 0.12809060473332595 -0.019784268857194396 0.10930264187488568 0.085606212404673532 -0.080163783896356214 -0.0031313411006236597 -0.096431382306440022 -0.1250996964737813 0.090865068687461512 0.16345311736036083 -0.094683964353668659 -0.095801201116960999 -0.10258441783585154 -0.12440144157525435 -0.040929773852332881 0.2441301819994767 -0.15490366314709456 -0.10300791898136291 0.076300547980647088 -0.06762930085357001 0.040497715006698923 0.078196835657484989 -0.083261746348545426 0.061903356777052318 -0.010860772368739457 -0.021545136654896286 -0.0077490191689136073 0.090833241890952668 -0.12860833660097817 -0.0084238235953592536 0.043989058170648819 -0.14786733152376844 0.14224100837842749
 0.12240137041437378 -0.084048241446133584 -0.044624478574939438 0.18350084350451074 -0.092263397067623265 0.079718684759945022 -0.095532401772009154 -0.028333166627922065 -0.003493370117721324 -0.038928404074937674 -0.13919054348020499 -0.084789306780188534 0.12259143597573144 0.08858275678435748 -0.10159622092468258 -0.014130998615421296 0.0026896716971276627 -0.082813862768455648 -0.091303761022503954 0.011798558503409487 0.091535290650069406 -0.066305054657883181 -0.11802690915925426 0.00445845091433523 0.066156617238326582 0.11494982825715243 0.053774147864008456 -0.054561998336520798 -0.07282212173500778 -0.12402359759824857 -0.074186157824743984 0.045854907939329254 0.0013807466512030212 -0.0095865921473565832 0.1529933470560525 -0.049153414479736701
 -0.0045038465574154096 -0.047207472070517079 -0.10722107727725877 0.052305265574970158 0.10414653044734486 -0.026552050804312097 -0.093736526660585531 0.0088063821264809366 0.087161579614097776 -0.077166196364028022 -0.009517322477743867 -0.10190588131721233 -0.09483104140097165 -0.082131433820905431 -0.010072983722189607 0.097627422637860201 -0.042406027050444058 -0.055742150527103809 -0.10836337770175317 -0.088871636018214462 0.0017138499019343928 0.081575251120465264 -0.059266451472711243 0.049513214600053673 -0.11222423260689189 -0.097413302479959371 -0.046739501444998367 -0.086610517821841385 0.11831004830864848 -0.10790777974100814 0.10450616054480234 -0.040091893432708338 -0.027871779635513162 0.042461502460462132 -0.056273489783589759 0.061279442198892732
 -0.015654533212038045 -0.055400940145334608 0.1217760872693623 -0.043049114335385941 0.10876153420032901 -0.082000498473796576 -0.076022727127502271 0.043794465766407949 -0.054976450354741829 0.007365489371886573 -0.08056537794721351 0.045246009953037993 -0.0035449102276035403 0.099345604536902193 0.029144912908636588 0.10556899777999379 -0.015940978614033825 -0.10750256420720594 0.1093370992188909 -0.11963272679490247 0.016212189040691882 -0.12256657648094611 -0.022680008024095585 -0.006561876066537701 0.11401371404586931 0.039952794794295636 -0.02413605906852366 0.1523360042734811 0.018179814468865949 0.103468238686686 0.10076102399061138 0.061984391421255121 -0.071643254539489984 -0.12128654863684515 0.10326536119774293 -0.018149799017886128
 0.10914184001803999 0.047025229139775741 -0.096065186435597819 -0.05714834715520653 -0.056206184505924968 -0.12888269356610105 -0.072525091541303086 0.075721371112573183 -0.11662154916109249 -0.077454809805136776 0.011498281012813322 0.096048829227959431 0.042227967896442516 0.074816013065778425 0.095622699275097464 0.032176316587170475 -0.052534815516276402 0.14060426234395551 0.075437723956730846 0.06844414584389287 -0.061029854581071012 0.07990059969402602 0.0078446339110339863 0.026243026306285073 0.052774968157248366 0.10420873346735472 -0.015597824720029452 0.052584232869287657 0.11565607337980187 0.088570144970854497 -0.065300241602789494 -0.0060694869473957814 -0.027317175686858649 0.026346604423478515 -0.12908517290478974 0.18678126027377823
 -0.0057475620564156711 0.010126664647555563 0.097751393698536845 -0.016820531301216284 -0.04563617488017177 0.10416094063589798 0.16315960659556394 -0.082982516413011395 0.11315532653146219 -0.056560317810140516 -0.11709601517572867 -0.12345863435656515 0.072561984560402512 -0.087695656079609302 -0.09235359198240807 -0.12229302547279812 0.024001451899507347 0.10131108048452982 0.04841342255902413 0.014492070986071281 0.099720116242956791 -0.028278980302374728 -0.066821540472212129 -0.094117701547735216 0.07440623169424003 -0.034759041088924081 0.16451587682334456 -0.039584460181702474 -0.13598482214158286 0.079409226048965664 0.10679667694292094 -0.054030138592417565 -0.0416798223486851 0.077018342943733456 -0.017019788595267513 0.11612408481791375
 0.11881653144969735 -0.061578391193496382 -0.026500494311805955 -0.018919026144027414 0.072952344272325997 0.00083585875226707218 -0.10111186596457111 0.020056061803986096 -0.085720913520197492 0.076216515396397649 0.15016664928065762 -0.059600838429192254 -0.0087207026880543846 0.036734294912879883 0.099688040500528208 -0.10094943162894976 0.059408307114264015 -0.058818607318250248 0.0051439367614478345 0.069253596546697049 -9.8162323108357276e-05 -0.021445260614370364 -0.15686288315958627 -0.084099973159722036 0.025571248834699661 -0.001712173152626992 0.021001575399549645 0.087680306055619883 0.011136546119026114 -0.051407256698480744 -0.0026675815757219246 0.090050715870570633 -0.1082908665000918 0.072216759223165297 0.040211804970187372 0.05849627236818402
 -0.10154062570649035 0.031166799953510377 -0.1110990941149648 -0.097814752904760757 0.15739923440843298 0.072122246176240856 -0.041427511200278988 -0.078451909162932223 0.0040399514476243828 -0.051417769857983013 0.043290019599927197 -0.036286382075668318 0.002696508032566942 -0.13553275463733563 0.037263507093644579 0.035548391931415138 0.031747733871188552 0.081617699939792565 -0.10880703110573847 0.03075183382240047 -0.11490784262277309 0.11534873827648701 0.065136932377143852 -0.013315441843001839 -0.019273216639047006 0.11306725028958653 -0.058542172763175582 -0.038108741383221706 -0.11688911944975894 -0.020262419442465086 0.0092564280368444031 -0.13666729469479416 -0.09445869480500016 0.12111589582973556 -0.12197910956468082 0.18325943726199981
 0.098778755190919887 0.066185067143794671 0.15147751234048015 0.12972286111408524 -0.12459546921939622 -0.049458638629704434 0.035898584933388926 0.12357101799760549 0.13694139309960815 0.021115947597638171 0.074315374977786036 0.12300228172425416 0.039652622344551268 -0.039492306457001046 -0.16535030209563858 -0.015476648132977461 0.087301272233968746 -0.022438656888261053 0.077590417172713325 -0.056632928662633412 -0.055965608347860879 -0.019328756707185171 0.029411998465393184 -0.085574681647469023 -0.018845426632190816 0.16718075353486189 -0.097091389169121189 0.072174482920313698 -0.021859092684172025 -0.048631980459136963 -0.00020687712021614065 -0.12794633936574054 -0.065855821736699974 -0.012000689026679338 -0.18834853212545569 0.12973518720548349
