# Created by Octave 6.2.0, Sun Sep 11 16:56:17 2022 GMT <unknown@LAPTOP-P0PV0581>
# name: Theta2
# type: matrix
# rows: 55
# columns: 56
 0.018019077570614776 -0.067209992620776607 -0.13006193696345961 -0.055987726544283266 -0.13680872240369332 0.02551251165627301 -0.039046985644927625 -0.073551969780786888 -0.088554273285590221 -0.13920078108350742 -0.0069602861535440104 0.020925089872933733 -0.0094552136184418798 -0.031870280522052097 -0.012151631659671744 0.0078497748081378903 0.096157041979050839 0.036760111654333225 -0.071081469420101559 -0.095202987578332898 -0.0080531499494164976 -0.031601663451043434 -0.1008160126698345 -0.04414301725627541 0.052032664393584012 -0.10029622486135963 -0.085138184908734912 -0.07011175399563542 -0.049558415085134429 0.079672046285707898 0.025965048295483278 0.015271266632139725 0.023232891090215028 -0.016037281936876119 0.0078139308677018342 0.052781722849780693 0.1051542097554245 0.020642113168131724 -0.05481396316839815 -0.056890301456602239 -0.018655944880707084 0.078325290837939904 -0.11568969570292557 0.049247546050280595 -0.12061313387541296 0.21973541817221917 -0.039771541974544924 -0.017161814195203167 -0.081565946774543471 -0.099859998276646073 0.020435109591975816 -0.019042055528954136 0.066144790847799756 0.0018770116584584775 0.10279889163527187 -0.029925700212356098
 -0.065797376049878342 0.043965887996554903 -0.0017507929173046926 0.17509924210172745 0.010908930763754959 -0.073554957411007399 -0.088669813970934569 0.14005712604555501 0.019317823616717741 0.074859121891818856 -0.11071995242897009 -0.0038592324911729766 -0.16236053932595795 -0.070190995234955977 0.046543497586692288 -0.046524718697515885 -0.10737386016989783 -0.051976777100843988 0.071710195357706022 -0.083948355229170782 0.017045896494086662 0.067712199949325674 -0.052811843101741036 0.023722256263205267 -0.0026513064048392151 -0.017907158723772968 -0.089865550812150724 -0.14186945966055245 -0.0042497113712444464 -0.063198512179177241 0.0010348457510600132 0.15330905274134562 -0.053272482188877313 -0.00053595444403718977 -0.023600143130170892 -0.12086015935559498 -0.049261587817981303 -0.022684477314879051 0.031522232703989135 0.084716558714947168 -0.088321091160309298 -0.094304559792207712 0.072002743009162387 -0.063273548159123477 -0.09122571824605813 -0.059594725712634002 0.17654701806459472 -0.011636849339194216 0.054414202310226305 0.080114540788576369 0.048536819795101986 -0.017439298630977738 -0.1057755773822542 0.079125803543014822 0.037014891888523103 -0.089834575469521713
 0.10161363314982171 0.14208370096674364 0.028605684574458955 0.030654526099340433 0.09184468059891851 -0.10618115295774956 -0.056643416077402156 -0.084375164128378435 0.1042068605049367 0.11997396840379604 -0.11174894790249873 0.086902983427273081 -0.0034507162704187663 -0.026822967862953285 -0.029819840723872778 0.076236988937604069 -0.091783761304757669 -0.11195700249030262 0.0077370225054413126 -0.079974887629647246 0.037005108650285411 -0.053478806630589418 0.043561740990974346 0.071385338524841885 0.059167965465237789 -0.0047478359892494252 -0.077053966426612761 -0.09119951002746822 -0.041181101705296042 -0.00081571845222418843 0.12308746872244911 -0.037017132628741775 -0.02774725375183611 0.074188274653376615 -0.13644770159400588 -0.079914300001990443 0.0094205462016645394 -0.1244163215641708 0.11568322508096203 0.08325006374782197 0.14775640148338406 -0.085266875714328699 -0.0096949191045110367 0.13692561570813383 -0.0096889539856363765 0.14315447428336664 -0.079260458687252733 0.030053345219414954 -0.15468638416283415 -0.098335671725508764 -0.053118925648988791 0.1341669983259432 0.092377171112533643 0.033631787448448719 0.12821784178013956 -0.052601972382687608
 0.079745229950191954 0.094663186831694196 0.093497395977900355 -0.10242396493733286 -0.050753567367201435 0.039966931814716264 -0.05567840249117454 0.013131645926486704 -0.076128223152668581 0.063522971411248713 0.024208385120904528 -0.020530739720946985 -0.059699090244041395 -0.085302865053030696 0.086886046588534244 0.068712368289092052 0.061794726125900638 -0.084343770857311096 -0.093769149115143419 -0.10610155598121986 -0.011561752385173639 0.051281846088076531 0.020093244901124879 0.014600864729857414 -0.14535052684344815 -0.1504199852923421 -0.055026884070712268 -0.064096207505710254 0.044891490480396902 0.052310204333455075 -0.10719751616608285 -0.081771915330874453 -0.026613543373087682 0.023572405118089137 0.008162653870724566 -0.034480505790711498 -0.0843610764109715 0.016770369465711372 -0.12374837765332754 -0.019402266672432798 0.044652624581828913 -0.094071143651166686 -0.027300020085536742 0.12721219061155192 0.011742575961760395 0.047376616114338035 -0.040163823402865957 -0.028525139190710803 -0.10280174443346421 0.053947790982869823 0.058317464806017426 -0.079770314645516677 -0.11146032955196157 0.028038469927344073 0.079015624034862564 -0.061871925223218133
 -0.097491317842171646 -0.044990423199235449 -0.083598014026029788 0.14780891726050693 0.044493952249990386 -0.086769800999644375 0.089210095869800429 -0.10726910134493489 -0.050008582242484029 -0.0196229099286752 -0.035007065384269058 -0.013954465721455481 0.066150674313014218 -0.13656168225676149 0.00096561600363913682 0.065883086586012246 0.071131924281353828 -0.020500373092982211 -0.080993560807684356 0.12215649362789212 0.025542932246840951 -0.051722201986694 0.027264294233705008 0.025488974870970352 0.073244044155930957 0.040033645538092653 0.052289425013646473 0.081306856498774935 0.011797327940173699 -0.084454283979596853 -0.083907230615515818 -0.055251783231339342 -0.0031146684433011572 -0.046381593541961572 -0.049878011641170963 -0.035464377974910533 0.012993207218740631 0.022432094263428529 -0.038754481852146472 0.065945355179327605 0.062333379216330975 -0.08235891292586002 0.09529014782445884 -0.083904971765605615 0.028735194881406721 -0.12772064127276719 -0.037835045993849022 0.069398740237689979 0.082096216639843927 0.037012610629911277 -0.083846676078281265 0.11708519342439098 -0.099689017729894192 -0.059082450290754075 0.054689098322611068 -0.059131811060026199
 0.096432375468431752 -0.0033600267055643365 -0.035006050667564521 -0.049828576241028155 0.060912034883962678 -0.04256556343710223 0.037682452326189213 0.064423802599398713 -0.081966267603250043 -0.057758820837793615 -0.063155481828221074 -0.088143503558743022 0.023869072448316656 -0.14973126230900777 -0.015449497319472628 -0.01693770228785306 0.025256427275409932 -0.0068336991686656252 -0.080320061347845931 0.043473706626798357 -0.036662468933128307 -0.069740565719258213 0.062719177696474865 0.054381184280400986 0.020498676530685937 0.11102408434995226 -0.040257826389775438 0.12549006185643041 -0.058557774442959835 0.043444418833686341 0.0093152251453586556 -0.17151546752566052 0.098263744192553196 -0.059770488719802894 0.21774359213658603 0.10135857407634184 0.085722815663469024 0.060692806359636989 0.085541557051004191 0.011264996215847296 -0.054018694215464853 0.016848241372228547 0.13684740547158927 -0.076532753918451282 0.066895043186688999 0.046444290949224906 0.024663478667405769 -0.0093278058497063849 0.093056485819949006 0.048468563195845811 0.10955362049737588 0.020166595846238127 -0.03466891196727729 -0.061779147246321296 -0.12324804398556469 -0.092024469762616454
