# Created by Octave 6.2.0, Mon Sep 12 13:29:34 2022 GMT <unknown@LAPTOP-P0PV0581>
# name: Theta2
# type: matrix
# rows: 45
# columns: 46
 -0.027042366534383522 0.36729192282799755 -0.27637324443486444 -0.47123758052990961 0.60134909026395689 0.28923597119944372 -0.17595012198215396 0.38281835749352305 -0.47122150534369295 0.02205937613789509 -0.40153715239730731 0.19208063693177593 0.031574299836923447 -0.26838663070885238 -0.46363972454976227 0.050128259191535442 -0.28350912369111125 0.22374068589175297 0.66689438647887167 0.11270718466658768 -0.13213448674324813 0.92920526833266481 0.059546392073286526 -0.099196869425947118 -0.20009094321518428 0.12139853782126568 0.33769857812312648 -0.69627399050783545 -0.31832004318518864 0.50661730563898799 -0.052205417975172752 0.5675797657127607 0.14470299312433668 0.15421836162900185 -0.060246836897275655 -0.26998183336074316 -0.48521508274439695 0.77067071348621508 -0.3427949401316161 0.22963843930605904 0.0012346426118555558 0.28823869824177151 0.48804632273471249 0.044491143474253411 -0.11311531498328632 -0.4318389443633377
 0.089959515986903951 0.14842654515204953 0.015991395232008966 0.33050466567215631 -0.19267928788737276 -0.81273336831628873 -0.37096756927170649 -0.44902273966857714 0.34265561753633 -0.40421104255077245 0.38582608476027924 0.061423981638749875 -0.40381722803505843 0.34449093074888693 0.026601551051115797 -0.29497189099293758 0.34288307960658027 -0.8367712772188427 -0.53971087450824917 0.077958463853241636 0.58444350886811791 -0.56381648330379386 0.36465249938690397 -0.070141554982541168 0.33584346090061262 -0.055545846574395784 0.603475124498001 0.076004058514141923 0.54468838239335715 -0.23816784450357217 0.50805030316484978 0.050941270756739196 -0.4022946462934589 -0.1514331760361482 0.53354292826352556 -0.38198270842136789 0.20319182680618814 -0.22598407407734614 -0.35811964508951272 -0.25781888968374944 0.052445930224253395 -0.48986315277745568 -0.2276509118260043 -0.0213343328740139 0.39078082164634848 -0.21159075801661476
 0.024730969366191246 0.31689148918561955 -0.26137907824863255 0.53394256851415067 -0.23671745057851079 0.083889209657816002 -0.42542542329470795 -0.48058076026262064 -0.54154845515154437 -0.062743023538696444 -0.20656126926787363 0.18893219099012484 -0.27994012053624068 0.23026887887285377 -0.5079564658954564 -0.19112512757509639 0.081637490031306978 0.2469839129113367 0.22177941823739006 0.010703401759207158 0.24190233121473048 -0.031748088784076652 0.50292989430402035 -0.34212915948789463 0.021677892447571637 -0.021564041747486818 0.056839376064709943 -0.12254327731330625 0.15485627045030151 0.20647997795550821 -0.0019055580900795349 0.32669106267502274 -0.084271450387846836 -0.47127769915365081 0.039194311525454648 0.054015896722565647 0.10806281642353333 0.221568787904521 0.0019885014638385003 0.071157653564900253 0.22117925349620843 -0.1514227595420333 0.30327541101356054 0.14384376915225536 0.2575258829895346 -0.028766657761533528
 -0.075121983169957038 -0.23716827116829414 0.028608633980785197 0.056631839739940147 -0.59151800037217883 -0.026967190000772502 -0.21869336397453218 0.052231948431682974 -0.19787614688708816 -0.23573535260273867 -0.069378532074255414 0.21153517727550583 -0.21905463590679733 0.37393259878737972 0.80356615631019002 -0.06995502726602032 -0.10708502110790481 0.049559109994211516 -0.085440696544915554 -0.34797233473174505 0.13018450386232991 -0.45517372392153321 0.48676876346871989 -0.27521348347575419 0.035077227805077681 -0.13011205765947736 0.09732162001795143 -0.044581016517662317 0.34212075897215755 0.15401326631863776 0.22307986700838797 0.090451428305140774 -0.25992133318918681 -0.34377151458973859 0.11929684331800933 -0.32047756031711006 0.31974931834024384 -0.18698281858008953 0.028338363024752847 -0.019680149051758456 0.14688957730426699 -0.01087839671496693 -0.08791888917338446 0.022110992282064472 0.3629077487774599 0.68404051201033578
 0.010987004055513562 0.048098561154816671 0.27765412381754506 -0.10033656927746601 -0.017516254298636503 0.57482254648132047 -0.10845864396098259 0.032775713619545087 -0.12521764202478858 0.10156982651737646 -0.21444177265450332 -0.095275725058365443 0.45163002359300097 0.5096376125370583 0.78328390072946052 -0.04715260631151761 -0.19887798639423998 0.53595634898234068 0.30762034813406652 -0.39502585607738278 -0.29973786288298992 0.013876806877594617 0.21475677347620026 -0.12687770854130412 -0.048724336598872417 0.0012148044930104915 -0.4082821387606333 -0.2473886322101552 -0.78073914530341781 -0.35269041465920586 0.10134655946131997 0.4536416078015959 0.081846966974758503 -0.30206783215680838 0.20403597529890091 -0.2774071134830487 -0.083441800716405376 -0.17759563751348853 0.54999897469651815 0.3463527385301865 0.1227721784263119 -0.093224378198007329 -0.11822529181068216 -0.13775119198818536 -0.11923223432596929 0.71610891453897119
 -0.12235127856208562 0.28923914785963456 -0.42250893297316039 0.28294280342585082 -0.4763503120632025 -0.53630042908797404 -0.70949952532359994 -0.52494473340114434 -0.37820446482831754 -0.32693266743109933 0.43370121614265322 0.09578519484334673 -0.91471257456076327 0.4163387763840018 -0.21235666977004669 -0.14546374804669487 0.062992728745823318 -0.56295788705204752 -0.45469045770894545 -0.38611628361008499 0.2472315261465203 -0.28530016733729774 0.58034467782031063 -0.45553128407937543 -0.13591628902869743 -0.048278296341819897 0.62753773326389017 -0.16656052751918848 0.77359775258981012 0.048860479815977263 0.52867487101082211 0.0049891906549606553 -0.3388466018928199 0.089576905575792162 0.17439239908418158 -0.37579996587401021 0.73635816917075725 0.14071745697954263 -0.48464959748131314 0.21983017314301206 -0.19139204915726987 -0.12147683008647882 -0.47913611209686818 -0.088133012497916649 -0.095619908902576017 -0.37184459922943364
 -0.14450505544150202 -0.74208942566174119 0.056473876312579323 -0.52174146815719724 0.29824323917069112 -0.025452275766649601 0.61077794493895132 0.61569397345781873 0.43398865757063865 0.15404289821342027 0.14174374757428224 -0.28986600956560898 0.21574306881018337 -0.59343536373178607 0.039752262113061557 0.20576680271345066 -0.39265642839961684 -0.13459861164557971 -0.14748088341662369 0.4261254554097289 -0.68888556068508622 0.21368498864852062 -1.0488718349902193 0.19756484798138038 -0.33871092998259911 0.057473538220754496 0.11902675050502225 0.25256297966385605 0.3181022875022157 -0.022453033539139387 -0.17940639588463692 -0.61782728872637327 0.43957387516757485 0.47253089498097567 -0.35117088322344087 0.20218576692484547 0.17493607296216609 -0.068861972885200864 -0.50784111966707945 -0.1677556741614204 -0.1510787994924204 0.18105870334131322 0.0079025468840394821 -0.12279208050385919 -0.57408264493385175 0.54339470097219156
 0.025855228877865316 -0.5272800522528247 0.61710614059427893 -0.17075081365903855 0.35638848515450117 0.33954902430345302 0.53255422656749196 0.33320872584175137 0.30033003926367957 0.64946939593705011 -0.57485760438482947 -0.29395496669873594 0.39953239581245131 -0.80141402292181863 0.01062920370652665 0.12812010226960857 0.1248244451360102 0.11954721145107913 0.6020605806392797 0.65435856024017847 -0.37201588548593961 0.33900835462626239 -1.0899177318821807 0.32161136550408437 -0.34822298278502772 0.086296108696149038 -0.32706032155250137 0.30616700029515354 -0.4809845629696563 0.072978325405711225 -0.50511645232396907 -0.34837574632329682 0.23615795492139477 0.69783553645817542 -0.3439420629759033 0.19541801167196687 -0.83306650417508699 -0.30122397244334437 0.0013893278295842343 -0.68434068388515024 -0.057109510179484776 0.0060690781816659821 0.5033951866950368 -0.029100635584376838 -0.06391761727734202 -0.61457305184316746
