# Created by Octave 6.2.0, Mon Sep 12 13:10:31 2022 GMT <unknown@LAPTOP-P0PV0581>
# name: Theta3
# type: matrix
# rows: 25
# columns: 26
 0.026224411990442197 -0.083273823169088268 -0.4842918165118168 0.16822741816273334 0.32025683713313685 -0.13013895806104575 -0.25901294073588615 0.089524713160701555 0.38047494862826825 0.11630002576480328 -0.32885570894222271 -0.28416046500418074 1.0019243527206736 -0.41411038831745861 0.66572325545657396 -0.2098065548692693 -0.094123727069346561 0.20481942315688795 -0.19207187504862813 -0.36261579677144773 -0.65122459531712218 0.19216366432261034 -0.41703210238449223 -0.018406115009982179 0.066930054720276064 -0.51379111068824412
 -0.048717509402392584 -0.51423577446144775 0.37393073237770369 -0.13272863461038992 0.04819178790133806 -0.32860022219673013 0.2488965017154402 -0.63111320513814295 -0.31824745185510822 0.66699255291142145 0.27098046964846567 0.056390427669171461 -0.67175625446483656 -0.52565477496906365 0.17452249141559811 -0.017101356796616198 0.9429857214535855 -0.76993193458432319 -0.079070043657821804 -1.0785328759981936 0.89898507034766384 0.22656200089076317 0.7497383119454557 -0.08397002509338887 0.27840467327185831 0.22418953325935434
 0.29172667324973522 -0.54932181653224432 0.48757190986628568 -0.65390618738834205 0.15854400896840065 0.037433382436074289 -0.84846210477144557 -0.11041768718832219 -1.6642953153578981 0.767944483111065 1.0218303499706054 0.23320750980074559 0.03584301202814312 0.27882803846852866 0.21425374593344088 -0.30002876331086881 1.3494149976424878 -0.90972487030020244 0.10490848273505073 -1.0737007772499612 0.58430006092076625 -0.48805298828312821 0.67251934906848831 0.56844752859834402 0.26673463376416762 -0.57370794380688261
 0.08078383006995575 -0.2180295686815244 0.76215209154058849 0.48818394705479706 0.13614269189551981 -0.69899195058382713 0.089239890071700384 -0.86352986251403074 0.16037837977846728 0.82237908260811843 0.68462913660361091 -0.41183793266406299 -1.2180183091814469 -0.47152122889687864 0.0036067534154744113 -1.4838588738449123 1.2034381734648691 -1.88698706621677 0.15737578101312444 -1.251568185460316 1.8065422669281697 0.2698602411932986 0.87457678599857569 0.30229965378821644 0.33961400445457368 -0.73562196523750534
 0.12647246691732655 -1.4098867322899713 0.45782791587195781 -0.01835333398062618 0.2143810245811425 0.8070784289389924 0.26569784237919747 -0.46216780047595396 -1.9297727542673335 2.1776658312670238 0.8749099675444979 0.73118359091544716 -0.2387708018631782 1.1775020170369408 -1.1034492260000295 -0.32391732562523795 1.2844250234654204 -0.79927421815291555 1.2932009528090611 -0.99637552305567889 0.088264250203857225 0.30605238806741702 1.050834102686985 0.64352522984795379 0.067173302012910913 -0.62551181371624232
 -0.10995839662911867 -0.3371229582989751 0.50241802577583516 0.28415164296803891 0.5844515810621036 0.27414349580541536 -0.050448169839043835 -0.6637318274109727 -1.8853902516161682 1.1428141220413459 1.3437822436446942 0.91044134777837615 -1.4468820339166031 1.1000909443826432 -0.99819496884566117 0.22889729757611635 1.2421862676347233 -1.591008491109198 1.0217089138746345 -1.5859959240716324 1.0420004669434475 0.14839387699450943 1.0085608812496898 0.84764988936589525 0.59851991757291512 -0.6776024078405537
 0.020390385481879707 -0.70475179457750214 -1.1767672009372772 -0.30666106016726663 -0.46396410250287345 -0.32216992767937458 1.0960812922908858 0.1637444334967792 1.2235800126981957 0.66536650400230746 -0.46292863935632361 -0.45207769208859383 1.0557269758881604 -0.52000980181770617 0.87571291753834934 0.070167472038076481 -0.38081219069406919 0.66908710548476902 -0.27770782651212644 0.020042599797881075 -0.60010783984743643 0.34270013502422092 -0.52840094481661448 -0.39398705033907461 0.13918241319222499 -0.31330344374220898
 -0.23669469485389369 1.0226362347881397 -0.73692248254182746 0.70874075276435655 -0.66167072647725733 0.14253007278541591 0.15333150763152126 0.55036469999545479 1.2782026112650013 -1.5723490761075891 -1.4470461466848241 -0.66073296670963577 0.17007477965017709 0.97531366802926733 -0.14085561595694071 0.73406487685461019 -1.8163594961472038 1.1088623680476497 -0.1374951626766063 1.7932085362828785 -0.32342897817496535 -0.043677064595283026 -1.0139900508139201 0.26899300425844974 -0.097762867368899622 0.80286708713869848
 -0.17243958606081117 -0.5751400011492962 -1.401392503813065 0.19140289705238156 -0.045307624951207479 0.45357715396352555 -0.091097772993186721 0.64963205432592408 -0.60648086396402412 0.57455742611840677 -0.015068721511954241 0.63514058346539592 0.68060544506997522 0.84804823877585644 -0.1457814322530181 1.3945458251932137 -0.77799752037145753 0.33183628659846548 0.30989261700903703 0.22658260684018838 -0.96302940886553301 -0.019636338367483717 -0.7280432394261902 0.50537032239764368 -0.050169790863237619 -0.12869337551367399
 0.029363055584885771 0.40956039916368203 -0.84958950507237263 -0.10678176582901344 0.36420506959803822 0.33012905701725692 -0.53847275447427367 0.35054318860524752 -0.69603461620058327 0.38502679086241121 -0.28046932762565241 -0.44677872990490108 0.65404018769793182 -0.12306011782798613 0.077588227201310617 -0.2311967117308639 1.0226495598624421 -0.63294479930327219 0.13773274553310172 -0.73014373424618251 -0.31109451174867597 0.49241988379509227 0.38996285279906301 0.89088984321095277 0.15700501896645835 -0.61906966935753027
 0.12981358630199763 -0.3968382368467217 0.27910318491491493 -0.88672302146615289 0.81374964937954608 0.31429346483899862 -1.6710056483394513 0.83212309728084788 -1.638772859431489 -0.12237212125760176 0.73269872523876289 0.65900902747951795 1.0022168762369932 -0.56904219778310627 0.60880427913007351 1.1349341931580967 0.6820258291668676 0.48419673196630419 -0.83590717620518995 -0.19355323129170438 -0.61944162786549883 -1.0079917944281211 -0.36983780656878157 -0.52119978310282655 -0.1429410917546399 0.94433600261754203
 -0.13730398340447358 -0.39343140199675436 -0.010337211828361104 -0.22406318421697385 0.88967387428459532 0.10911512420301107 -0.028452091427785021 -0.11285530518264503 -0.041458135561933 0.2674148358924785 0.035374716757748621 0.16636265136335787 0.25888757416467101 -0.48741754057539621 0.29884336050844484 0.34545160093889171 0.50290387018798055 0.91585242922138577 -0.20746561085977597 -0.83863409563161395 -0.69986447535162066 0.22951703679927801 -0.074462137007419951 -1.1289268504464285 0.15377904412704307 0.23776022580718773
 -0.11511363595743271 0.31722897442918313 -0.26456336468108671 0.46505164776526159 -0.66357277897496469 0.28386653451206723 0.20338810243023794 -0.27173921747791707 0.096488270108352911 0.066322457443378668 -0.49461093411399354 -0.647400916862789 -0.10083849603881265 1.1315075533159535 -0.51049216954794885 -0.47925560996751859 -0.39339360968586834 -0.8392673810941238 0.52596911552012282 0.15074527756619563 0.56562361453134613 0.30020178539445003 0.42971271978527797 1.142035051289763 0.31602106575109257 -0.56761457980838892
 -0.044310774679796508 0.60222012937141922 0.3896948414900378 0.062224490524711955 -0.99994332014987253 0.25469802653082685 -0.23821191755098459 0.18837388795616819 1.4244939361804938 -1.6728143588078943 -1.2013179463720225 -0.56457864882911468 0.83043717046915599 0.33857716925219461 0.1881406744898067 0.27312610904915346 -1.3372078536089178 2.253202350543472 -0.1074906258755339 1.7316803085030295 -1.0087691392962246 -0.062132472855368499 -0.70703683504996784 -0.92207656394204973 -0.85115144672807774 1.3335661885529795
