# Created by Octave 6.2.0, Mon Sep 12 16:18:22 2022 GMT <unknown@LAPTOP-P0PV0581>
# name: Theta2
# type: matrix
# rows: 55
# columns: 56
 0.10348766409896749 0.34593222647104632 0.19416950996683635 0.36441812049723016 0.48191622306799775 0.10413284468130289 -0.57687515700269076 0.4082189454631015 0.20020723238526569 0.04284471738389093 0.013129809596337066 -0.07198756946083229 -0.28117501442022041 -0.0092345292218130159 0.059388315438274747 0.4024991169950472 0.23927970798075532 -0.093403661678872471 -0.046616107008349936 -0.14964363679356998 -0.097880165904909777 0.010085780052216935 -0.18262752557166356 0.115746642151211 -0.10314251508128781 0.46480963730839037 -0.33503270342735719 0.28855034021796921 0.11362742859425765 -0.13492075268972825 -0.65583216966239322 -0.085848265032073282 -0.11871366147912996 -0.27378314789726171 -0.030754439450144656 -0.24001376170154856 0.24201560416136006 0.13546660659638243 0.20629298198288723 -0.1938982725199152 0.12253022726847949 -0.11644831978954071 0.06677577669137344 -0.095164059690131808 -0.075705279830623418 -0.24086259729425818 -0.045997308332336367 -0.076531439288548983 0.55043263451845492 0.42210549840177158 -0.24135113569903829 -0.096245984199478635 -0.1769783426739569 -0.49730833361171367 -0.31680708277589575 0.33495755659350507
 0.096313361948278498 0.23234354232022664 0.033107966856551915 -0.041199222609348898 -0.4715291826366565 0.20995803432502158 0.44251176102461537 0.28177327377811173 -0.0041690240619114555 -0.14524506295331255 0.11128785302452769 0.24205124915183732 0.36306586429636117 -0.055386282982940398 0.2587784488135873 0.81689612387343213 -0.0049703766512745207 -0.067204396855292864 -0.40668728107214164 0.17854279185018998 -0.074455344067974757 -0.71231675522210158 0.12091958501127016 -0.46268781743264353 -0.24439539125826643 -0.16688520030378018 0.48518116130144512 0.38498940164209522 -0.23543408447861569 0.10948085697003043 -0.0021269646580413522 -0.32964414672051456 -0.19195711654847372 -0.096388785004589569 0.37926717083216938 -0.081321616632915206 0.46200477114754163 -0.65643287680143858 -0.023266784577188612 -0.090971501365937013 -0.044843513368402539 -0.22676592691940592 -0.12163407611442222 -0.075737344702020343 0.33830880186450762 0.17610994715125838 0.23238060862198867 0.1895947996371766 -0.66714762237963043 -0.12494965961637185 0.08840469195716362 -0.61891988032968326 -0.19078011033758194 0.45641598295065633 0.17149935198382518 0.097335969284376281
 0.02654286421925716 0.010085117128091198 0.058677775884203018 0.31187530280630743 0.19385611952482387 -0.30267233796226417 0.28101134387273424 -0.12585660475101521 0.26447110922922146 -0.35888788189531151 0.24762917406937007 0.61690664978254739 0.1449387666961241 -0.31001910427916896 0.049264871479128856 0.3818869331975982 -0.043531007410390295 0.38317372413429862 -0.22636394333654167 -0.011115558679537471 -0.1660506603781757 -0.5161724820786634 -0.12856644887850122 -0.23806306416653325 -0.66754695432783662 0.039315956803994342 0.23836708216515529 0.06037918301075771 -0.19239217624134178 -0.1055816148514635 -0.53783922810914697 -0.32682857123374687 -0.12867816587273456 -0.21776741796228044 0.51222818820184557 -0.011408562073509395 0.37413967242452367 -0.10553822928249817 0.30313887562715941 0.16001369291966866 -0.49293925613231759 -0.20870460899112497 -0.10313767274048563 0.25866964979084922 0.14475633430351087 -0.2716388858460575 -0.40898606248059127 -0.22401413870091508 -0.68114195610697592 0.58934461759387846 -0.65750088605041568 -0.45783882683727056 0.093318265912024467 0.8253199587249096 -0.41011707937918779 -0.17499108688167225
 -0.020614726743716831 -0.29267579004686994 0.039961520218821808 -0.11704749290353521 0.12795932747180636 -0.13505817398491277 0.35295934789810829 -0.003427210818684258 0.082672867341681638 -0.21564655294236906 0.093013434046094329 0.4607133837902721 0.33710103269704672 -0.16544130623563172 -0.13583475141795237 0.0044432034060487222 -0.33295365215980205 -0.045232933919997796 0.27418457987848388 -0.35342226271903515 -0.081874833244213976 0.088885041068123921 -0.1909374851056154 -0.62222072191445343 0.1775262969801065 -0.14934367427516104 0.49286989288574251 0.034446521309843749 -0.21185045437546493 0.073518569032696685 -0.11041857788353707 0.14576119668437426 0.2481093533055371 -0.17624198821124715 0.40425964899185174 0.022512658920559838 0.039379446555319227 -0.11428800327297674 -0.014321996602761008 -0.1613089675850147 -0.1643025854422383 0.026070999832404528 0.10997155197204804 -0.1511594440773229 0.039938421045901278 0.26576830636102483 -0.3063919317681198 0.29556250782975796 -0.50381217309510151 -0.17627924537334555 -0.21420297584509732 0.14432573354573591 0.022143788947530326 0.59707769739625438 0.015518865636498918 -0.018024295730346231
 0.008862176424316413 0.57142767540879191 0.14542162105340742 -0.0018334387700285034 -0.0034743595257989818 0.80893082296148722 -0.50663274062846608 0.50504442367261737 0.16757648505448106 -0.29154337306054384 -0.14141217986001253 -1.3180850372335948 -0.53975642596504303 0.53991876786571147 -0.26734654148696896 0.17746411347142158 0.14600958482639401 -1.2330750893621183 0.062003694698147697 -0.18416355584952621 -0.0065570135799991229 -0.42821191963587152 0.20505483558933912 -0.18108858327182231 1.1074125126034671 0.12442215519473286 -0.090725894989799605 0.5648277249154815 -0.97038129042583066 0.20572751146913321 0.015863411469634221 -0.15647126460884436 0.46226161545843025 -0.19341160550432476 -0.11840744241262224 -0.052154549823676594 0.63330709025258858 0.019536195188887644 -0.024117706702395263 -0.34670746207188391 0.3964915344548372 -0.43429247305080021 -0.1642062744809242 -0.16662468605873779 -0.45599060154213056 0.47096659810667824 1.1743007015601017 0.1587899319542809 0.73352205151967953 -0.30592326981652601 0.27615525828368515 0.25581046559628301 -0.41502034964922674 -0.9940768016712016 0.61977066542122405 0.28922477282224784
 -0.074420337577266446 -0.21440847125700879 -0.091031968311950442 0.067838146069725547 0.49129417884334642 -1.0027391556222556 -0.2219244773936391 0.075596967173264432 0.1683954930209911 0.51250672694671495 0.010687783808676618 0.79774492765644156 -0.16416235188221739 -0.30505811424636464 -0.14102887673788717 -0.09940322532776541 -0.17093067813465082 0.67221170602934543 0.13246380958149498 0.1264184261862443 -0.092471908729915606 0.90952073301890057 -0.18811222225786467 0.23843364721341304 -0.89544193178978004 0.40581059468953729 -0.21501927161395196 0.15857959425387205 0.73529105930794192 -0.57298330567052191 -0.49809670663253303 0.3105758064074951 -0.84043671458467895 0.35999316630246925 -0.030300463230435674 -0.012631786099220397 -0.58555969198878743 0.096304303681003484 0.18846274308617431 -0.2891174947428129 0.084004402775278209 0.32916428899545913 0.27378575488874757 -0.1318825279378564 -0.097415539077325281 -0.5566271803392755 -1.1356314560421801 -0.46886563446491863 0.019009201300103404 0.33462928834222183 0.013739147211191301 -0.083197039343476872 0.30182379007488636 -0.052450173619004031 -0.53209148197714529 0.18473273925340428
