# Created by Octave 6.2.0, Mon Sep 12 13:08:07 2022 GMT <unknown@LAPTOP-P0PV0581>
# name: Theta3
# type: matrix
# rows: 15
# columns: 16
 -0.29756572750885191 -0.90690010121624864 0.62848926486050849 -1.2802515504218546 0.28655609485249139 -0.066411027961181798 -0.5354109699925953 -0.046494311794413747 0.22128527437656695 -0.15747214198922824 -0.9433062082243624 0.14598819982956418 0.89760699927446774 -0.77438520736524152 -0.07625318271757027 -1.4559307118372184
 -0.5421124051815599 -0.65433991559696325 0.97530655931940202 0.10198898019528553 0.24124948932623833 -0.12231962251168967 0.37303099732762912 -1.0153901624289023 0.28457873195698741 -0.0037783353339947293 -1.1223835587277671 -0.31251768261871105 0.48856106230811774 -0.36498832237069762 1.8791390952389411 1.2538311121095695
 -0.040391840760016923 -0.91677184964702307 0.54322944380970029 -1.3159269153371564 1.6159090572556276 -0.68729490022520412 -0.21524518881966215 -0.42142444765865444 1.5321188269308132 -0.07656172221753009 -0.51321250407881813 0.80922976358230259 2.2501412892314976 -0.7666677537461063 0.9494064546271952 -1.2003815768574395
 0.050864624826794338 0.81572607650511542 -1.4013444010642389 0.067105504594371007 -0.36538173604903712 0.016097903989314113 0.45651249874288274 -0.037758024447678562 0.43916117621090089 -0.75243474633965723 1.0299411500748705 0.42757789699262538 0.23271556937086749 0.53091227371796856 -0.61724467783129888 -0.34302518491479339
 0.23033214795551721 -0.73934215270813608 0.79979448189208768 -1.0310212362108169 0.69262623937767065 0.79434365148539898 0.98630256692573393 -1.7800288307345098 2.136765209408034 0.43377213959685029 -1.1913691063962009 0.88921265059894083 2.2766165901004793 -0.77227855726290773 1.5265786671270325 0.81747930227279653
 0.096608152226326044 -0.0097545780511522958 0.35421937475037762 -0.97428104663552251 0.93498664451380642 -0.050840094344723349 0.20806812015375722 -0.13976391671841482 0.48087871753857941 -0.21978877628195065 -0.87835994339540613 0.54804604149686087 1.1754582952174784 0.074223587255837761 0.079522284824802295 -1.2041462925678039
 0.068396732361856991 0.8202877993410691 0.84951945421025632 1.3841237048678088 0.90710305474617914 0.20642762475072585 -1.1119227323592864 0.92068986299351552 -1.1967881648333281 -0.97442445485110518 -1.3123791478345472 -0.80635194918862996 -0.8427069423691067 0.10734656603211941 0.60575271243380036 0.18312031089482972
 -0.31744895191585709 -0.47830833599198919 -0.68392996621744773 -0.57955424086108032 -0.22807742691978575 -0.57908904357745938 0.3740468407683446 -1.3279245518220062 1.974283773991264 1.2947344330038411 0.94312929040992777 0.48932848934143497 0.79603299600059707 -0.94397124544635436 0.34006102983712388 1.9057075692638303
 0.061308553806772997 1.0169525926103582 0.14206629300387655 1.7174279719515828 -0.44811604938971711 0.33623517822696719 -0.3843041609479495 0.047555909085161163 -1.0450147199393895 -0.31654295735331184 -0.19469988382013756 -0.70983922058155391 -1.9665179206168613 0.39207404095054649 0.66672779447102992 0.86997125554631904
 -0.25788289794561131 -0.11304463037223474 -0.15112063084971766 0.41821268941118728 -0.56509225966858823 -0.002695843755769508 -0.45308574951343689 -1.3632091001534707 0.50828446803949767 0.90845603188470714 0.33159382686508215 -0.56132057715782191 -1.1778154574984685 -0.61989562466667525 0.50378825791657189 1.9997221266597398
 0.11383816506787099 0.75982144745793856 -1.4175106776395454 0.57542881959501491 -0.59658273029274611 0.83972490011676926 -0.091044023795256238 1.7396095943038097 -0.60151276596506875 -0.35110506016763171 0.82822792188584371 0.42407246761437833 -0.84664502186810087 0.33305721212759865 -2.4223416245658775 -0.6917957318575283
 -0.079208346233163626 0.10775190062635115 1.7547003209110863 0.94697944609266649 0.19071782205592946 0.12947132491078431 -0.26436915861278548 1.4201627548375575 -2.6218624779726798 -1.5220733102124633 -2.2774287842789138 -1.3957082819337157 -1.0333678068797763 0.28725712636232315 1.0199533725806402 -0.73202963168438906
 -0.050517345478181722 0.31781503893922514 0.059851571246015527 0.3642135814289531 -0.0013684895736538411 -0.36341615008620365 -0.41118953327282376 0.78431169651855726 -1.0838321257592887 -0.4360974281579364 0.33549797831925054 -0.51161616215147232 -0.89525831338815687 0.70581884249889182 -0.27189784187410188 -0.94361478072588467
 -0.017815474883717295 0.024545659962633467 0.95253380849951896 0.84227323828116052 -1.2790127503019875 0.44095354948411225 -0.15223369685097518 -0.33393086433700853 -0.97454954010212858 0.45765912157322508 0.35157501862978191 -1.5031684806069596 -1.8153453832855762 0.69433688346518263 0.50301327887044578 1.2842587645980914
 0.27879528178230384 0.20841366309034873 -0.9227335087785542 -0.62997676866391694 0.73748312961825668 0.50224037075926586 -0.13140182025182867 0.48874463448771399 1.008901004645645 -0.41121015934377464 0.54382908576797673 1.6202741210153973 1.7072446917259334 -0.14107232839747558 -0.98153147920030726 -1.6447457334966908


