# Created by Octave 6.2.0, Mon Sep 12 13:29:56 2022 GMT <unknown@LAPTOP-P0PV0581>
# name: Theta3
# type: matrix
# rows: 15
# columns: 16
 -0.32583743237667417 -1.6963181854387497 0.4310727043697134 -0.089070113695438768 -0.68247688450713417 -0.4184462960163744 0.29951099529463904 -0.65954527581450062 2.1350441670925231 1.5812054686150037 -1.1284620392780726 0.50687311654054756 0.97676533477740002 -0.94595375270630122 1.4794619149665629 -0.62933258187904384
 0.53423942830781312 0.0636920819565409 -1.0740772252708872 -0.68416714079057184 1.0910623872412988 -0.44077480188097951 -0.38187453756855322 0.45315110522486873 -0.25961366930815666 -0.59746591188672626 0.47604122035367002 -0.50039552936146814 -0.66879215508243373 0.30594806004080871 -1.2614551860377008 0.30925278715072108
 0.17961683288603639 -0.44607743157919044 0.29577643306936335 0.50935019794937686 -0.66251297255094788 0.76884909480191221 0.097238206417199005 -0.79046306121011278 0.60433140980207234 0.45676204258159103 -0.14954687243065726 0.7430916653014753 -0.2026878453880275 0.1191994457149235 1.5803729588586837 -1.5877723979209237
 0.95989446693516667 -0.57597217197711092 -1.2096891570969954 -1.4421199292191691 2.4680311110334343 -0.43032682069932693 -0.14178328713705959 0.93760014943691028 0.62163929859960043 -0.39986408157199277 -0.18703162613481447 -1.1985161900381933 0.24507991678459254 -0.080897012348923089 -1.9035256950517025 1.6932173359331071
 -0.7097779810165652 0.23033116390936767 1.8669468755333152 0.83444152411753747 -1.0880765000258872 -1.139884111365723 0.023929063636094192 0.31949787103536575 -0.17453962566735323 0.63726394454015001 -0.34391678951893001 0.046128086041590841 1.0809372984187307 -0.41942471495917155 -0.3348623955584174 0.79155186085302864
 0.29404267227511055 1.606702221292269 1.1030640133362748 0.091209702689189667 0.25007958528001278 -0.69954816752537041 0.43312467192480253 1.2271811991181276 -1.5949775275670157 -0.926385869442516 0.46662251778067315 -1.2457852947252701 0.73875392078296176 0.5775700124051707 -1.4337127620244499 2.3468227254108345
 0.46787684569671406 -1.4249493634359567 -1.7622770572082396 -1.0826797276933888 0.90113476897117661 0.13571962941839519 -0.63043626903244476 0.018149548042473408 1.3979350842291285 0.041497811342422336 0.16841576354546156 0.44199922311656092 -0.38534351797120642 -0.050364613360162527 -0.22925130565865065 -0.39066891405058202
 0.10645838215959515 -0.50809950287886285 0.22311082049879585 -0.29248770907768107 0.3351860441096875 -0.30205855630690542 0.35922382092025124 -0.01594325682232561 0.74348774713152954 0.3622568233896461 -0.96866155724292091 -0.76253112189337702 0.89601970091029903 -0.38300970855171762 -0.20867326816004791 0.62628285475667278
 -0.083006845390077716 0.94811979638891952 -0.49368404486830064 0.61245582530745779 -0.4231725049123844 0.94451094962958348 -0.0720824148675107 -0.092219076803788338 -1.2997345219310081 -0.73348268019361529 1.3237306590727078 0.91755065462177865 -1.6252426845930714 0.88202501767602082 0.61009186669424798 -1.2186198072220784
 -0.2513531233806009 0.9628170675059684 1.2485034359726968 1.3445462273063118 -1.5122630971753137 0.92006226684722203 0.43849432701124907 -0.52014102457333777 -0.98255149409446618 0.40585936926268007 0.57723592208131769 1.3336695440380542 -0.90633852888393629 0.65526717056648842 1.6388745058081216 -1.7298749022557196
 0.31298853663791115 -0.52600227010253531 -1.1377242858458596 -0.51526895608321688 0.20217046183371354 1.0510970681894665 0.047274888851382119 -0.48636645559209168 0.13650827147321473 -0.22897911355437148 0.020781140542720906 0.44160252567843666 -0.80723169448698662 0.28862964538191171 0.77383933686540096 -0.83313617662947193
 -0.25335086202991114 1.7223981173453171 1.7640922307813431 0.96994342715592274 -0.504212079729219 -0.78786493417196835 0.36623648262535907 0.65839573269880403 -2.2039361494002399 -0.61948386712183812 0.42400188294607738 -0.81935429579375108 0.79245882711575677 0.29011866816825993 -1.1072709748600706 1.3618145634504042
 -0.13029232111948874 -0.35643869283633467 0.8261186991214684 -0.14896613825232496 -0.087149598630330949 -0.41954053351212955 0.34396705910312553 0.019341126300178643 0.86830951654659294 0.38118656985803046 -1.051355053233151 -0.77693950652690236 1.5110093931937254 -0.51910567549956799 0.46567571238536715 0.40995346548410089
 0.39532629015052484 0.88710823226195146 -0.50919339431388544 -0.16808634707281972 0.29306186605867729 0.29279551245530511 0.026485543341570883 0.30039226267683894 -1.3114960901067421 -1.0317004156230818 0.863094106838178 -0.17443344997337057 -0.89248869485798921 0.77582248748632376 -0.30733189635620517 0.023395634022682164
 -0.057658990750568774 -1.8277414095033004 -0.91485066232668577 -0.81974831171549711 0.3903934485855543 0.030559431556333894 -0.086116301038476992 -0.69894303723128326 2.2129270336570657 1.0045792415473687 -1.0413615577295545 0.34836274869166683 0.40914930215736178 -0.71442382356957224 0.85670129811285034 -0.3528434212539881


