# Created by Octave 6.2.0, Mon Sep 12 13:05:18 2022 GMT <unknown@LAPTOP-P0PV0581>
# name: Theta3
# type: matrix
# rows: 45
# columns: 46
 0.20517493520846508 0.12791732347550497 0.9213701624407733 -0.80864983770585275 -0.54654323062022503 -0.24640395265544249 -0.24511474873470518 0.32940980843392792 0.42143744028557723 -0.76197706031193158 0.677092925018839 0.0122691815000952 -0.5654965765380725 -0.035349284188131276 0.48653983054716649 -0.31237132136426876 0.17591637853273864 0.22088576789354322 -0.3018121401052265 0.086188097147469916 -0.13358299128120155 0.1485484538262995 -0.54411171891962173 0.58094055218486507 0.31286207456936654 -0.17612951438094759 -0.20710302841455738 -0.55967870740676962 -0.091690531072903078 0.26486768049268189 -0.33738926379987733 -0.90361253754317716 -0.19810088739657894 -0.36985467386207455 0.019698207414743412 -0.79391448456929448 -0.36877575564246529 -0.28529855427445644 0.47862777279458518 -0.087314929746472592 0.7243724662518376 0.4436075403575237 -0.17521281945528328 -0.078117717967661399 -0.15635771671065693 -0.50174530035556986
 -0.16442532422326667 0.3280332149775031 -0.03826504196441264 -0.28749006206418448 0.25100968880744379 0.72314951511478753 -0.08122472344789293 0.15100873917835245 0.38330751636983845 -0.20321204787604602 0.38563049779800551 0.82227528092222413 0.66067033123292351 0.53312233445504909 0.32158418866765442 -0.47222286473091324 0.36094629436462894 0.17700452519955293 0.14091630585083698 -0.52091141725219514 0.077833943778552711 -0.16374200530819619 -0.13943511993841143 -0.093498355186636337 0.069443416305233319 -0.66793800902021794 -0.7701119291588393 -0.73093385331373617 -1.070186334558668 -0.07895757473929664 -0.28403368559035541 0.2751798793446803 0.54766152090893927 0.41009695143038744 -0.18358479886146248 -0.50455813151969642 0.31250826560822403 -0.50985027269352323 0.63766536567936638 -0.15295883307649355 -0.76864820228911779 0.39984504338780619 0.87339996138947773 -0.7518341722722679 -0.76498432941157768 0.75327852419632324
 -0.13484074601400745 -0.23779730449907746 -0.84482427270839688 0.50135837840972786 -0.36183345995334704 -0.41073610825012657 0.10587820264359292 -0.76613069154085789 -0.33201904921322462 0.79165998852304398 -0.9626218521380171 -0.41810273788071084 -0.47634041605945177 -0.18983007167745752 -0.17839619459290354 0.47611046627358944 0.095218151284170174 -0.70505540633379493 0.31511382688644518 -0.0033243972205261253 0.36275439045550967 0.083317389539469794 0.92131930013339669 -0.02259903714474466 -0.4144684178962772 0.47116138182279876 0.60611850301382364 0.78653224814763878 0.82708552413901482 0.19137726399135435 1.0403594376648058 0.36125615495658459 -0.18300784918553928 -0.62661367089102538 0.22733628974562811 1.0975026163594386 0.5330511964636222 0.26734127831257481 -0.53049134216851535 0.3906754835547227 0.022188700507152971 -0.46025683790980226 -0.35808494684654585 0.41398003203810857 0.66979131711988127 -0.17112670558572093
 0.076350164334672913 0.41704193280550272 1.4582570082723156 -0.79373629210560237 -0.44336581760167409 -0.099028877954530345 -0.32554044235691854 -0.10585812585788405 0.97261681632110397 -0.31835140582350824 -0.16460684052416005 -0.73554381790460077 -0.1500413519677429 0.087797269998833097 0.9860300279323172 -0.010513110803739694 0.63708984561826554 -0.64267553560290025 0.22668739394394086 0.29870217104269742 -0.28126690864251241 -0.47306962514863377 -1.0146005186537712 0.23917701823359958 0.46169164397512841 -0.50641048979818803 -0.62734239563884875 -0.89484949719145424 -0.5114682480588566 0.25354103574074488 -0.059699619813077948 -1.0918282910930912 -0.57650468507000407 -0.58071140916504849 -0.11314291125918671 -0.61730625843342934 1.0675519026488001 -0.39057507560692761 0.018382783621188319 -0.0075066061375944158 0.72369424406549254 1.0293047982468568 0.10752903189558076 0.12251115024780816 -0.98531958470735448 -0.52510386198713344
 -0.031212837535890409 -0.72502630964690673 -0.8226129865039753 0.23258420783338032 0.80148025014897073 -0.077079265116690054 0.19356240592880003 -0.18154541757057666 -0.43107371741085565 0.053929299254328357 -0.40597314273109686 0.092656571026098852 -0.072677333691975265 0.21841997142252018 -0.40495921225595621 0.14912501133988304 -0.48374222755124607 0.45082225242015422 -0.46607287239207901 0.024491220149955396 -0.14770062004487236 0.13362457262844862 1.0170140672689416 -0.27960331997931459 -0.29919172886490403 -0.1045160348432318 0.55026546134686405 0.18209542706884849 0.40418742713002159 -0.46087982843682562 0.19971889963981515 0.091947818403688833 -0.36235995882790423 0.80907881539943827 -0.04787007238263593 0.59188429756349992 -0.44916951393904669 0.4502786669268079 -0.12853893841101369 -0.15990172786683415 -0.39100989710258782 -0.58091267143725811 0.11558302656904566 -0.06197946065453664 0.24094878612420134 0.18945106344581833
 -0.062866210982191223 0.15338348655244829 -0.77127436977978403 0.6041080512430973 0.62799741570357182 0.88086205367776427 0.16783577941194897 -0.031255034710232728 -0.60310878046619576 0.19301585634053486 0.30292519082471575 1.4115728205349756 0.58832545377845824 0.18433358635894975 -0.67058707836486819 -0.18555488476641538 -0.63719845806724473 0.98986549242215349 0.086094038534334172 -0.58958500788057788 0.55756026371588852 0.27964801298200453 0.73095901148920772 0.033522089101077901 -0.060749944653794456 0.075345982343459683 -0.33917521490353442 0.094779964815511195 -0.14804263222037417 -0.16694910199565316 -0.21993965131328033 1.1682581436940178 0.96750778867319687 0.71527986237860797 -0.067925744855170722 0.01248265936277859 -0.30468526036486726 0.12540234465104416 -0.0089492201969336924 0.026100486490854651 -1.0250920314711709 -0.53883476901329352 0.84816039604196436 -0.78441946113283367 -0.11687371197646639 0.71293291553587479
 0.15976610796844309 -0.52826908169513043 0.14838383984979436 0.33507737794296744 -0.17207836306364982 0.23942703076320354 0.19067173703328155 0.18207439564196479 -0.38090033732180884 -0.53050920737676088 0.62240359203736861 -0.88808205052428135 -0.2128014090746117 -0.34044619897658401 -0.20187332608983138 0.35150713401914008 -0.081830470370326869 0.6928477722372629 -0.52892952319904352 0.1981433820905415 -0.19776548683999576 0.417534710997989 -0.53217621459079667 -0.36294643661616927 -0.28056348831734473 0.39915063604890633 0.91361872862375393 0.70725135023645502 0.85737028373089852 -0.052912276836740775 -0.098780150024452423 -0.23904781027179628 0.20751055414774375 -0.2875184629308164 0.72505178135660475 -0.27989447791812577 -0.69901662916840246 0.14281111466137911 -0.27682488426533647 0.10834290521953234 0.21607561948308587 -0.081453482665429719 -0.36051706320327964 0.58972480037044683 0.27442539840663865 -0.50562989398946079
 -0.13999331016862035 0.13400392184926882 0.58820559885349055 -0.28379708387418667 -0.59120487524183651 -0.13764908551868218 -0.013069687094632862 0.47706187798659311 0.41418187360782743 -0.021442442617968866 0.24915894353506848 -0.36328224248081559 -0.16270963471905484 -0.36487568734682158 -0.063101714815300872 -0.11194434432542009 0.38890493619884953 0.49263113558642557 -0.17512364916429202 -0.15057652230458596 0.33787766432849231 0.079906650350789629 -1.0706984159246811 0.011518190734485689 0.076832344066703515 0.18426957799261673 -0.35297881280062965 0.35391550507826686 0.070137705094717021 -0.19441892529241087 0.10210176798065743 -0.35462242628283708 0.30470183180278354 -0.61894584468782476 -0.27384030776973345 -0.057415409393650266 -0.22911583314263231 -0.16508235268360591 -0.46885996802661256 0.14603321033275685 0.46873225983954619 -0.22620210009954095 -0.77651255643747918 0.12853324481056194 0.276877252851777 -0.12962791830864046
