# Created by Octave 6.2.0, Mon Sep 12 13:19:05 2022 GMT <unknown@LAPTOP-P0PV0581>
# name: Theta4
# type: matrix
# rows: 10
# columns: 16
 -1.4197960134797225 1.3168726136438549 -1.3525717816626701 3.3974642607498322 -2.2374281802711962 -2.4806446920317611 1.6250208890463413 -0.23998680263903618 1.3208354192133505 1.2353190417727571 -1.8708684702794927 -1.150808232310105 -3.4824133974178593 1.4292160302379042 0.383997485424449 1.2359053559199336
 0.75272892847913753 -1.0154653259259678 -0.97168779008147166 -1.3852632548623856 0.52952292414298396 -0.98752374026060807 -1.3032549673491669 0.16305911104139623 1.779652749878726 2.0617126798236058 -0.62729413444905002 -0.56932261425129616 0.44083057473319348 2.3665051967367901 0.30710625290925098 -0.68185634475959811
 0.38697097511650963 2.3693440922657687 -0.55236424212710378 -0.60220042061520485 -1.9096298102799973 -1.8532559121684429 -0.70386065240626894 0.427740568066518 0.23664736666214464 -0.96664185163854666 -1.9171429812421787 -0.35061133581943432 1.6018188462120004 0.47833597784108534 1.2970016734624845 0.61417984237472001
 -0.43777537664824234 -0.12683735675158256 1.5804588877891357 0.24903510453816594 0.17369377523478788 1.4778862220957076 1.641170622854849 -0.36965802822671778 -2.0106778715805476 1.3056699672134173 2.0558415620765307 0.1055382375957437 -2.6323152108985877 1.8678116217624008 -1.2194032709650191 -1.7361918852713645
 0.19381927554919959 0.016599525589821366 1.4631416205772627 0.83659941095879964 0.3796787782339428 0.40247638790332702 -0.5390909003983354 -0.20777852611540354 -0.036751164487051936 -1.387968986566783 -0.83720810859516226 0.663650671434594 1.0303820705870146 -0.5199100770283297 -0.41487229470428999 1.3733906874404438
 0.024909305504162031 -2.7352301525021714 0.64519419243156839 -0.38460075865747623 -0.40020774914888368 0.79521824179636724 -0.35934715259948591 0.26204482968812659 3.7473008151671627 1.4379860891324276 -0.34155031815847958 1.8042779859293749 -1.3609679667177201 0.90057047367275811 -1.4363426176183545 -1.5831281834106643
 0.49443638095851633 -0.68712825164302471 -3.1794345569415339 -1.3739347209548942 1.7664350914666966 2.1918678161474694 0.53113368797009086 -0.74376558602220266 1.0660053038016672 -0.23645589484167481 0.70508388634026331 0.10944611612207118 1.2518314182956525 -2.6063907387055552 2.2976782883325333 -0.40620939576914078
 0.18599450638021348 2.0678190837944563 1.4451521518558466 1.1975726371062856 -0.57714534145760676 -2.3093860490447966 1.0260143791034446 0.99916703217794212 -2.480751398121896 -0.71001479039667814 0.66471732559275742 -0.66401105298016794 0.13618923679692865 0.30868278394603477 -1.7715166747925095 0.25855661278643816
 -0.11675049515520863 1.7732039035263925 0.95701009448579699 -0.13224465496320864 0.17880861340891774 -0.17246127902192665 1.1355132269240218 -1.0335740347010005 -2.9739803279428267 -1.6754750117603179 3.2033310738342085 -0.77491909493293754 0.21806564623108188 0.27279473295568313 0.23976617469343151 -1.1641079386107578
 -0.42464979572010075 -3.0086662564021438 0.041504170029678371 -1.7366251814269553 2.0864055233626417 2.9139978057835512 -3.0658207623994027 0.7323527251885511 -0.66950974955458276 -1.0545822614991349 -1.0202321621248642 0.81724429452659664 2.8199305388514762 -4.5285064983909447 0.40544576160016205 2.108369783701411


