# Created by Octave 6.2.0, Mon Sep 12 17:50:31 2022 GMT <unknown@LAPTOP-P0PV0581>
# name: Theta3
# type: matrix
# rows: 55
# columns: 56
 0.073335251455942538 0.16112735389480937 0.37232289091593906 0.12280491267389963 0.37430158238989264 0.58361361560391767 -0.2949375402829037 -0.19226171176675852 0.22886405731135789 -0.50035608757820071 0.24522688287476027 -0.1680536835154253 -0.22792350027371364 -0.32986258115766565 0.50420993580873774 0.4002643720158971 -0.31912418930377573 -0.21166495046123504 -0.076809564643964767 -0.10932428678398362 0.23528714238253529 -0.10275004305917196 0.2905732798117685 0.0019227894566275377 -0.49214361929026507 -0.32771385991151758 0.50784679225359242 -0.22630660308072395 0.34224706601281552 -0.18364767079342781 -0.0804591913293633 -0.16565660393725778 0.051396325412652467 -0.15873597456483998 -0.157267271567718 0.47886074749069035 -0.29862968520303068 -0.20324199097774306 -0.24228205502677899 0.029356019588481583 -0.080741827105958869 -0.74598674918932506 -0.24656607970154276 -0.33229914804753746 -0.38018304252655832 0.12110082579067385 0.0088633113717163786 0.16284759231893697 0.70069570561034444 -0.59542816869215087 0.07135225330567499 -0.20641955703429249 -0.2052820695358317 -0.12510598787933613 -0.49728518629626439 0.082858327108636318
 0.016047408469950283 -0.034748697784675653 -0.081614188952418662 0.61746860986114416 -0.39234626350926227 0.37824841523237707 0.14774613506279205 0.11452296281514288 0.5349584382215985 0.095269471853742141 -0.10394564925962731 -0.18050874856422472 0.39371194150359051 -0.2749919240087062 -0.29729110052863034 -0.011028394350776778 -0.022772186983931849 -0.0099408693008195669 -0.18859489378794542 -0.11694483947702035 0.15214116524713914 0.1877503907733753 0.10676259155789276 -0.94022987255273116 -0.37237849558245445 -0.08171569224541507 0.10006147230032442 -0.31962472863090208 -0.33283424765801922 0.6187785438375798 -0.0097850166491255369 0.36590416616106158 -0.48412263700928143 0.30466250841127118 -0.029893787078588776 0.70791491039809584 -0.073087773289460978 0.034328819984892879 0.30259900469206102 0.26576200668565148 -0.17143096144342881 0.018168265192883601 -0.11135017858371184 -0.17601401496971708 -0.71716387634990741 0.47725029827616045 0.009044477475446273 0.20798548437467013 -0.078441204169888007 0.065883452805648487 -0.56589405128424619 0.36256980501817554 0.36076535423165534 -0.0036505143753845113 -0.25669442629998696 0.52818154395677852
 0.08813226772911352 0.80477029616090978 -0.071017663575632883 0.015303635793978556 -0.61048855888728515 0.30687188888338224 -0.1395735025115355 0.41659620512061529 0.13868519020074435 0.17463791061403189 -0.025123933818376892 -0.018845144757603457 0.31428693094535898 -0.56982974908934914 0.4244891958715773 0.083095935302070101 -0.59523574792262512 0.33680890837086569 0.52983224435184262 -0.24724197211852469 -0.38733447516572445 0.66621328834655014 0.40556796414853769 -0.49505482525726185 -0.14346439185105053 0.13831536018924714 0.24256382243913993 -0.54741374907776186 0.30869107413646307 0.21539404541191368 -0.38894881016421712 0.75151838458401998 0.42402857044517567 -0.20497475803591697 -0.95116096271271244 0.73171984539837864 0.37310823155324058 -0.027395122256741736 -0.12773866342394288 0.051739569751417094 0.53492572486992451 0.053034531224611506 0.29155357017380101 0.064064443804649415 0.18195585865021854 -0.3469147603536567 -0.024977263855681185 0.20118426967430567 -0.37054660112397664 0.021971901398523896 -0.16161014029919044 0.54038585367450276 0.076537732891601665 -0.094865833507842875 -0.16647486828579247 0.10328705871206129
 -0.039782567589715191 -0.12451803322183226 0.44748895162553737 0.30358641281700122 -0.1164219879054826 -0.071855605745819895 0.32710820860003781 0.13348662039538764 0.055807419906351567 -0.092261066078846488 0.21172174377350014 0.08641663536135899 -0.12694599660560105 -0.11995430498228783 0.063460908176930814 0.14019673536578345 0.28793064726949241 -0.51344609939764085 0.04106872725534446 0.29901534137780761 0.25230655243441003 -0.31255672167800752 0.32457274030605898 -0.22290357569738434 -0.57095616955652451 -0.30484126901453695 0.059174607619016828 -0.027289627540788924 -0.23024278431284356 0.13948004187543456 0.22653546613734524 0.16853836052858776 -0.26723177377739177 0.014126830056683118 -0.037557734428980125 0.41369845137592243 0.1465724850968691 0.56687275973895779 -0.037675959091958235 0.23531495825524695 -0.20803641357600533 -0.10958911384673985 -0.027864590844219727 -0.10597087538435421 0.11885338676418385 0.21189864339564579 0.40337838446579771 -0.24615695187017259 -0.14948878194608314 -0.042286424146245102 -0.59287377613151426 0.086477917465170598 -0.34056570148042098 -0.10822360495248443 0.037525393372512754 0.037077279611319396
 -0.18968934807413246 -0.37348492751634221 -0.024131258309087772 -0.20118300842272696 -0.015772600478807557 -0.14975155810954235 0.091550286979186532 -0.36708744627484979 0.2998733513687909 -0.11074806365800063 -0.28777938069547032 -0.41829190382564357 0.58298400730088085 -0.083254162311842475 0.35583863815410616 0.25617297569955239 -0.25353817109020355 0.051200898963473712 0.070425449464832368 -0.43479360365600872 0.097477956502522667 -0.19143912958556555 -0.34427812249349338 0.15993026662433307 0.49953358411969684 0.5578971893344723 0.017078163891727373 -0.58181463782460285 -0.39623264203800579 -0.27935862637538417 0.12831031236120424 -0.33206975967977465 0.36059109354137664 -0.37519756340333782 0.47359098670555422 -0.43003742711710474 -0.46117208901629381 -0.59207501574421595 -0.37322408781899358 -0.186244234172985 0.36975919110043048 0.90741036745478332 -0.067166559553255081 0.20289409756985816 0.18518057618950143 -0.39273172554835234 -0.26247161522951334 -0.37406913813990483 0.37973651651966761 0.050279859036658978 0.11056559997406722 -0.21045880980604337 -0.35198784244788112 0.22408562981698874 0.017966819774558572 0.25845325333197788
 0.048268068457946983 0.027854027712611359 0.23746587674510705 -1.0373849284211072 0.090473065987510717 -0.35774689444745994 0.33680194945695796 0.077176943035323728 -0.21550793840299245 -0.17643397093257213 0.10960495668525189 0.60006595675471253 -0.51245736981108769 0.51823902803307875 0.49088544249508798 -0.32095390918769412 -0.083217084110971742 0.037722170267277422 0.31031910915627681 0.78087222497169828 0.019846782379957018 0.060754350436728305 0.11274221323819578 0.59003784902273504 0.025809817803762 -0.21859987767370068 -0.02914406188797336 0.75823498971056158 0.39099781296423142 -0.71298928862444955 -0.10545878515284511 0.040242943728362866 0.19399704408135707 -0.0051660573957525227 -0.27480894985830961 -0.54217273135000732 0.34915501682254579 0.36720338752391563 -0.041279775180971444 -0.13821018663565668 0.078487614460972285 -0.30141913137242221 -0.063103897892622191 0.19167761045684215 1.2483254481869159 0.033941545832791617 0.33535653729821824 0.0064590149519760786 -0.16211836844439767 0.072228889908948657 -0.03424422016395666 -0.053846961741924007 -0.58784350644267847 0.072631135699745566 0.16932399478132837 -0.54201369826770862
