# Created by Octave 6.2.0, Mon Sep 12 16:44:43 2022 GMT <unknown@LAPTOP-P0PV0581>
# name: Theta2
# type: matrix
# rows: 45
# columns: 46
 0.058206935364069755 -0.40269789730175182 -0.54998529712085087 0.0016862764964625159 -0.11763954730853605 0.022009185841726817 0.018823143702751031 0.28163751960159267 -0.06022421108669803 -0.21877117951491262 -0.2433408821353315 0.4560948470377395 0.13903312156930753 -0.023772752904871339 -0.48385389304243054 -0.54142764382772091 -0.166242122657772 -0.10789395284832416 -0.25321829859438072 0.31840932282967016 0.20126382796501838 -0.016999233547930488 -0.030962039459172787 0.44697604274049402 -0.18540715926273379 0.080443487255702273 0.26902773350814752 -0.072075845192232216 -0.13287655675901794 0.2269645868916341 -0.47458114416970648 -0.4636881296494389 -0.072668590226657934 0.1302854405408318 0.79695664419520773 0.38375929138323522 -0.15204259467962242 0.020593291202423623 0.38045458101755031 0.34345668098960602 -0.49102240045380552 -1.0850772081850237 0.1197385307920845 0.032701205427409889 -0.040437298664709249 0.017486878784862461
 0.13411058287467476 0.10661570320108175 -0.18517116174115453 0.56741211532048574 -0.094882273806426998 0.59933118872254143 0.75192236146314673 0.11091231809098523 -0.030600142110450243 0.28313863060754857 -0.61377762844834427 -0.054798993974334263 0.9590877899769189 0.23608359732782772 -0.034146691171268388 -0.61263155385239132 -0.11742167064815967 -0.66266469967824815 -0.33681928742827005 0.059667958668933374 0.38968355342278371 -0.63177347038835863 0.35405117364305022 0.39823860930221261 -0.052389279309288758 0.061122611354548197 0.43739208920303896 -0.40096121098984733 -0.46325350916640912 0.18777079595509 0.18838985988571635 -0.20518071334471644 0.24342180500869551 -0.23782850266036829 -0.39870508359218376 -0.36686780585984252 -0.40028762410044932 0.48411891610780294 -0.31032286409984233 0.32804249804680735 0.23706922922623863 -0.38113015645275045 -0.39213760298100636 -1.1990809103489339 -0.13266389776136392 -0.49780030769246475
 -0.29740084910137982 0.067250032945857158 -0.12100227247811862 -0.31933089878128657 0.11182798033821208 -0.52792144330014279 0.27466057269056637 -0.12863467121563185 0.11990325729720887 0.4801574495341604 0.40781464663616168 -0.82070956128734274 -0.78052647266590991 0.74870332990880306 0.40742454494424996 -0.044518717950005504 -0.025788310504798347 0.60419303387709966 0.0079718105018725584 -0.34451925575815356 0.23827573387719422 0.34639144831632124 -0.29719500661610837 -0.40291951993396119 0.12872323028673199 -0.13300579634072396 -0.3410950782484985 -0.70010188321313982 0.63122977402195402 -0.94750570590859173 0.26699017789234941 0.4360421321693394 -0.44009081804551131 -0.14699205543036953 -0.41241550850355352 -0.46777774129108907 0.56117533900092975 0.12622579590044247 -0.23719872926015448 -0.7971670637899575 -0.52556333424716395 1.1553639706873651 0.49338730306195566 0.97380059321340406 0.30284624691672346 -0.40264421111703647
 -0.15323096767708644 0.38130693876188931 -0.090054499570540653 -0.031717493087513482 -0.041607198681559959 -0.20489411750283182 0.22102965947276434 -0.12262519002012266 0.0056037640154858286 0.071576530533107238 0.084643325923239143 -0.59822170454102619 -0.1641892181056516 0.16794551325210183 0.53141087004377929 -0.14259442631608341 0.49963007716741936 -0.10522855636847619 -0.1566761220092405 -0.00037702627398821626 0.078911814508923456 -0.29664571068908835 -0.021854556364952517 -0.40946126096490609 0.1026141054893018 -0.055745066156396031 -0.3526950011960493 -0.53629242513169118 0.38669497053256291 -0.95724783233843802 0.56992489542534042 0.63983788414714937 -0.35458539009060031 -0.1553439665146959 -0.02984116719433829 -0.35935099414309274 0.23308437064409507 0.37490034745481937 -0.22981894948998549 -0.13748360543140581 -0.20919531686067822 0.6911780966764125 -0.12186103194968403 0.0724180920474463 0.38595399385736384 -0.45973406064585254
 0.034529659348910752 0.62313971460982598 -0.63722097235565567 0.61678316163213831 0.15508643951882101 0.46616360591934891 0.54929790394798916 0.026938333755090072 -0.067887995412203472 0.85871315550459215 -0.63676734650175071 0.3003881755616129 0.65771655071391666 -0.062357884787892864 -0.310233542254373 -0.63574966395976562 0.5920892159824338 -0.8035484706727255 -0.069512199176407607 -0.32423440007394388 0.1206340316054848 -0.66992124230478811 0.1665107849146002 0.13497819657621218 -0.47348803927517052 -0.013186802023000158 0.14569343412709387 0.22063814098414899 -0.89435951152051041 0.64352488591739176 -0.40492725028341059 -0.43695168228219694 -0.072043655482662033 -0.049155687246948077 -0.34608302175090033 0.27566780481300918 -0.012797167413429832 0.52616693601237996 -0.082201102013568672 0.70658912860881151 0.65647320498535 -0.27236777814364055 0.67865859227195768 -0.7365525368320478 -0.63191365676891575 -0.19424959956642493
 0.069009155997924648 -0.0086763868958665193 0.19766808571441863 0.29734515352794849 -0.19490766192786846 0.1030123356873343 -1.440822397918075 -0.062494272527089272 -0.199687031160386 -0.91054147412060726 -0.24301734365794814 0.017370912379071846 0.18806544143529971 -0.22122583215044564 -0.35740483511029503 0.13748536404824555 0.24949783186981336 0.1564776131153936 0.31081865614298432 0.052835098057857993 -0.27921860949737304 0.15807382825316069 -0.016308515878506125 0.063301012271676269 -0.21683110834589484 -0.021343617707268059 0.071836561886493386 0.96313214259320212 -0.59315360775523573 0.6042602397181962 -0.37153793355445164 -0.64768329885048048 -0.55089748099251323 0.0019629394958727352 0.24640605485888759 0.43994370003438998 -0.72547923773304335 -0.33840043936837283 0.37646206220384465 0.50840615920160293 0.18273633328748451 -0.47107566668429829 -0.36429180070529998 -0.35911217883627794 -0.49462036147367805 0.45960055320491866
 0.006155966554234997 0.28450535294464918 -0.41296212626212608 0.30893199602751897 -0.083845636954305025 -0.013102041016511108 0.14730614645329626 -0.20488939486348337 0.050657528052445625 0.43342834406418357 -0.071530005838617905 0.27813790560841611 -0.031604040455154234 0.14132385368306927 -0.29569621838648974 0.36557611335508233 0.32534333019261952 0.4653905896123951 0.35407664668425898 -0.64179643660282859 -0.38340971464672141 0.42289689105400097 -0.76972861482152444 -0.31340237613294447 -0.075902632481968213 -0.022104272521613722 -0.34376684690094661 0.67362130873964077 -0.40760773271855472 0.19723168449290657 -0.50204154861201178 -0.26176860247283984 0.00017871976668958916 -0.15611133022920501 -0.26571006557310395 0.99176930027128885 0.51282299443983226 -0.20965040900358062 -0.049431381658861441 0.34975187108816425 0.893991547735281 0.19422093665949319 0.61409289710549175 0.26682491007845921 -0.74717147930549133 0.37209769990346836
 -0.039421492490815981 0.61361730498152678 0.70159760795227988 -0.078810406814512041 -0.09880761046545844 0.35467644780261748 -0.69858551818602366 0.16398765891247963 -0.12371556117690721 -1.1545918067973346 0.023518512980025309 -0.51250679768760987 0.23045749257728984 -0.10405568175775018 -0.47446081919285915 -0.49458949517691392 0.10419580199369077 -0.29365404783241084 -0.31051486219738539 0.77841215734211888 0.50857757326345099 -0.76576386760590032 0.49162426128321424 0.53077896470118657 -0.16202107533165921 -0.06720969492652254 0.92631798589544578 -0.29795556123275435 -0.34878397007877676 0.12874155892460051 0.13016968426620357 -0.30575218095256668 -0.83547785863757351 0.0039693142115675793 -0.7286983994637557 -1.138763306651859 -1.2698799987838998 0.045032999093262784 -0.058225861580965661 0.070224165492908164 -0.82871727925177707 0.09593488819294195 -0.94377054969283747 -0.88201794240466447 0.30489889231709161 -0.18419946944835752
