# Created by Octave 6.2.0, Mon Sep 12 16:20:49 2022 GMT <unknown@LAPTOP-P0PV0581>
# name: Theta4
# type: matrix
# rows: 10
# columns: 46
 -0.18381075623305718 1.5406279470390201 1.97507707338307 0.67978901800479474 -0.78256419896143881 0.022006694867154696 -0.092773512878197462 -1.2071517631765241 1.4024841259478273 2.0511792059872205 -1.1241317968558935 -0.94086753898897002 2.0778411844208091 -0.001541468794786458 -0.50767216756541111 -0.40034904817076067 -0.046985275405167747 1.5122877243908981 0.25186740367872162 0.79712964815584353 -0.30687453707190288 -1.8787984883380253 -1.8195071861489869 -1.4931909068898654 0.9079093278889343 0.019155331217879934 -0.54916387063449579 0.69733603459343974 -0.12334670910829625 -0.24808981788467233 -0.28962394395102953 -0.48375053526173456 -0.52718344113734972 -0.44184276544044543 -0.95334195476144312 -0.623828836862523 0.10190169187984495 -0.25660798689104031 -0.20034424478668214 0.3760452246812227 -0.80809740200380309 0.94770722769862092 -0.24527956837501888 -0.68160027417546498 0.73680079652434494 -0.05059811851307365
 0.14485647794199136 0.51782589589235983 0.13070784473498409 0.48965121481645441 0.046746398820171009 1.0674279679814833 -0.39269955960427494 -0.40652912395341967 -0.23918064587393259 0.43498359494606958 -1.1463076567729327 0.62869106370093231 -0.0435573342094598 -0.3060424651539394 0.56951672554795552 0.57000930923722704 -0.75553221178821284 0.30802281496027972 0.15543539405818449 -0.27244197611337007 0.40137419039814315 0.29021778809387849 -1.9294746105270719 0.031399327941357025 -0.60740432545132872 -0.95725614793070724 0.16547089882388097 0.50810391152127932 0.64258330165025246 -0.40758470960096926 -0.53143192488728008 0.24503641883558316 -0.66841233733301608 0.78962591367531609 -1.1488333407392621 0.16742918510211197 0.20687511135684361 -0.83161575165464363 0.048393910921769076 2.1075358838932714 -0.64879358533569187 -1.1426333552209003 0.063572943213651603 1.0036906642092638 -0.12520593256661722 0.72607267277566045
 -0.38535124753339633 1.6413682452136731 1.8133431571328229 -1.0583398816241456 0.12802328181348746 -0.7801364240081875 -0.56632924975424448 -0.80297401686489045 -0.63081650477158457 -0.31573924501069872 -1.2255647680199198 0.04668178166567738 -1.039047044219547 0.38938648318937746 0.40907180879537192 -0.17978661987153174 0.93125254898826626 -1.7982465818223314 -0.32261931106431452 0.37437002585816775 0.93514664369517408 -0.54009677873137052 0.018731203211829483 -0.231931577235615 -0.018100608783375827 0.31870740610944764 0.050052954832368352 0.04209748754265033 0.83440389188614161 -1.6193350144435934 -0.45683674005134062 0.212057050548521 1.3360271923122053 1.1211449226409367 -0.50864727341298976 0.22877228099324326 -0.17614569722865187 -0.67008422554700264 -1.027214314394737 0.036250208348164795 -0.27381196015969933 -0.46339930927978751 0.69575303149703049 0.19905632424027211 1.375661613604682 0.98917695716591025
 0.14204182141603414 -0.93396767889395071 -0.50255708677775168 -0.033341044948096858 0.4656430745362688 -0.59792828960076561 1.1348430982647608 0.74576216818199925 -0.33391192437470635 0.27039346604008979 0.65391709028726741 -0.69932005221919591 -0.077207090470602147 0.49728040169810062 -0.49352259111556662 -0.43170130569579501 -0.064768754308992246 0.37720563168605903 -0.13708291830411881 0.012320333365550974 -1.2892488571044847 0.02306578088753574 1.6875859943503113 -0.22423220051014101 0.33930340088559968 0.6694890433440549 -0.10887276699824235 0.57856568384604301 -1.1159225989998645 1.3012948064567904 -0.14527316951392 -0.86635506861489997 -0.5290597760383261 -0.55263761593597993 0.84770173510831959 -0.65868808158294467 -0.67473165483053377 0.522444233018037 0.20874599300168512 -1.4361075318733079 0.89963722336145202 1.1347252245029906 0.0253649366987127 0.52700575758164414 -0.36694393982219925 -0.41927876034759326
 -0.08159451036595107 -0.19253650120266894 -0.52294572423271213 -0.78221689850365694 0.83077299122330428 -0.4934509908874839 0.13560987439197456 0.25646049967170376 -0.18124008056693675 -1.2258670798405007 0.29494367169373692 0.31315827335308194 -0.67607554539431891 0.58676187485988129 0.66282280250253289 -0.47858674604779988 0.06208612023483269 -1.1808768123161726 0.051219821159699051 -0.77280277371940609 0.46440865783796226 0.51236960794015751 0.36045404035935386 -0.011147354929975877 -0.9130066765374345 0.17751798155899481 0.65580611740948358 -0.18948905621427095 0.35517915024648677 -0.37883392399703963 -0.18121191870325665 0.24865078442902719 1.213275089314197 1.0374066697477349 -0.13200088454194805 0.48112834955570971 -0.3010710468663404 0.41406770345106064 -0.5511874722446215 -0.10009247371200905 0.94645886781548461 -0.73108583992328258 0.59206473216920141 0.70790462956565225 -0.019958776397648675 0.53194460282575839
 0.078560537903402269 -0.87415081588101107 -0.41845763517696866 0.088653365840218365 0.22381417917020713 0.46172571536780499 -0.68521744330517198 -0.049496655555219427 0.13750032381278032 0.94729886666906316 1.1107863636428381 -0.51320240678443085 0.17480161820879228 -0.65920408075242976 0.61287222043767509 -0.56548898356100064 -1.0439180551456284 0.87464448966989572 1.5700799733335047 -0.3118142905738433 -0.97183431461495784 0.88048751384868096 -0.065983457653343389 -0.48721521961406639 0.18833334250445211 -0.32520756319552718 -0.42353870677010669 -1.0099307198864669 -0.23014426255200299 -0.57586470546034096 0.22098005999235246 0.6874852970616282 0.31653688229557547 -1.1499843617970438 -0.77058959608807764 0.80435365096390599 -0.061260776261023268 0.4588351489004408 0.83497783450508378 0.87441723660761494 -0.3759638617777189 -0.23661468077128256 0.16760450209298866 1.0141792192975723 -1.2956198363965397 -0.11201500196605972
 -0.17629123045569789 -0.24704531715144576 1.0473349790883268 0.93233491633409715 0.20210148385308063 -0.089742934881400963 0.37370237148090857 -0.65337480509105783 -0.17534740047182404 0.16305388975423654 0.82943389560048753 0.24967269674356082 1.4256274137075946 -0.77673273719341773 -0.8591095183106976 0.50102794717892896 0.529511399925088 1.6537796711104154 -0.62236481905280183 0.25623042067793589 -1.2387586055935826 -1.753926957169857 1.4809060658782112 0.18744039027066273 0.59656471703427216 -0.95429354238521602 -1.0034252208017014 0.38788702955935894 -1.0288978104704136 1.2953746940377093 0.53447042003318224 0.73742047781007136 -1.3182939337172423 -0.87487395118527833 2.1004161222462172 -0.52865142803562193 1.6912710137295559 -0.52835702806006402 0.87184958991179562 -1.5427742646470393 0.15145505836387307 1.8934826482110976 -0.82335892935836796 -1.3427825298208815 0.7020986515709865 -0.82295625812118622
 0.20016442428977188 0.71092516775202041 -0.24990196972703724 0.11670119673412606 -1.1760157013211192 0.14795171193667114 0.41773629568353543 0.34683826679679242 -0.52260918528760514 -0.14516537708314944 -0.093813678127983358 -0.37527324414612856 -0.60285955728318696 1.3285428265674872 -0.97685987428926702 0.49385586200497888 -0.061200124343838341 -0.67483101811682211 -0.62027370266737714 0.35418884092447089 0.58215273449897631 1.0355170715817967 0.013303562234433066 -0.028731050159273856 0.074030336033338084 0.79272171602753816 0.20992992504576882 0.41155506053842783 0.27008483864506772 -0.11254823567519157 -0.2136758076738792 -1.1135039552294888 0.17584985933471839 1.1272900604588814 -0.71249179915743088 0.62108643462611046 -1.2148539556666713 -0.11601054912729784 -0.44804309300551987 1.0299028567637012 -0.66224008993657635 -0.97289886169671924 0.11367364581104501 -0.43039325728267297 0.39650026009740724 -0.096953389178572755
