# Created by Octave 6.2.0, Mon Sep 12 17:33:07 2022 GMT <unknown@LAPTOP-P0PV0581>
# name: Theta2
# type: matrix
# rows: 55
# columns: 56
 0.072584242934156981 -0.25035366566371225 0.18522542496475722 0.14916073175491515 -0.51391077959985609 0.031400015617979865 -0.15515039988942053 0.002207783575796307 0.15203794133539367 -0.13125846075332354 -0.083559792093955768 0.23667616157177124 -0.43878919817232093 -0.34032000863975415 -0.23935168760385414 0.0079730692138678064 -0.013942579742325132 -0.10500854484533306 -0.15268427114666652 -0.18378728937190442 0.04815503869608892 0.15487267791529186 0.0070507817140559089 -0.19429156700752298 0.060148223841025035 -0.090526719992347848 0.11282985816804093 0.29228031673782617 0.37080906733556002 0.21630880127294003 0.03848291899354199 -0.10864558424331089 -0.19007544074704627 0.097260753129013167 -0.26435143275717721 0.19059724109703263 0.064805413917909588 -0.41287968996448027 -0.045184405713409641 0.14250975901430263 0.059133894860945356 -0.11493260710346849 0.53585328112368191 0.22268203593300873 0.21407365010725563 0.021340414949295231 -0.16160868081995799 0.15561342624570454 0.025414563322877302 -0.076604392936915788 0.14045367959975297 -0.21507551461095922 0.20477331505908744 -0.45490748147776516 0.052475012818960699 -0.065528657022469086
 0.14865978751322978 -0.10154142799464669 -0.29006920410232456 0.0024645604132139715 0.085464584912311806 -0.036972822605993667 0.040567369260623973 -0.28022461056787501 -0.21029590344378538 -0.20620819715222238 0.2155150948720862 -0.035808036664138412 0.12588064145693159 0.112575173305922 0.28161180636007038 -0.014523181900934552 0.12047128545721005 -0.025904418435341883 0.36388030616628814 0.18517358091510872 0.27188792453627664 -0.10493487239375894 -0.19707718617321043 -0.077633192978460844 0.075350790121482006 -0.094234650039500323 -0.20426058753270493 -0.39606242447419698 0.13101544089827102 -0.023791227593507141 -0.28240692571112497 0.16561729778968926 0.091412990267870933 0.29935500962076533 0.069584211640526569 0.2293333236724496 0.48320807765638096 -0.24840440060593652 0.1580493684798368 -0.31859588848840942 0.17058652586748921 0.24075641365012856 -0.35370106217041958 -0.26694091800892672 -0.061281863973129493 0.16054735073962331 -0.46415189998458461 -0.094756665944869395 0.06566554067019334 0.028055402181024213 -0.14146375487599783 -0.12518492132721756 -0.22672365650006787 -0.11572980315486414 0.064475563448921441 0.12038667381997731
 -0.07869381977923974 -0.24271661312173021 0.053318630830675368 0.15291598865103861 -0.39270244669261389 -0.00568341828077314 0.40042287768285434 -0.24148979260712949 -0.085372061997725651 -0.057634454083997554 -0.0082250882994719197 -0.014960138733265436 -0.31170156298259105 -0.097272984613782809 -0.22708577331513802 -0.12749742222818913 0.042535755836544439 -0.23650165490513569 -0.064825444691933257 0.17975239818216229 -0.30580940992211342 0.11392385943153312 -0.12525557023001171 -0.13473493148774487 0.1360461409138454 -0.017711137510829061 -0.10127676084649812 -0.067122887438009551 0.1719097017378956 0.14283460239584236 0.016370080563316038 0.16980620120108555 -0.031128100692665327 0.40697649003000824 -0.051070603539645966 0.46982533741340959 -0.059449802560447844 -0.3723679406174939 0.0013520378569449423 -0.23737144685104616 0.26168733669829752 -0.16381071203757866 0.18864862575588456 0.28382735882618587 0.036753866494808295 -0.17505731805050687 0.1057661221404933 0.069380477174833893 -0.044706870257529251 0.055189398463060459 0.066039982374001063 -0.25794672775489746 0.20972166182384896 -0.30950118327606907 0.38413856476149838 -0.18956611720583919
 -0.14027058733514475 0.091467198563350977 -0.053380082292021874 -0.19718713231341625 0.23128942729412244 -0.050110813071434619 0.21579817961008929 -0.0026195952925035081 -0.11455179668853065 0.24601470811714113 -0.024397459916416047 -0.12786836857356587 0.26761954254827069 -0.015782175900551143 0.062541447557003402 0.0029829527117544298 0.0824119782532792 0.14547719591408179 -0.14206614805653636 0.010150200153845528 -0.16484727631103166 0.22058383796855641 0.20303959748231803 0.1277609017044509 -0.21653690016046759 0.053615351614530467 0.017094991556691266 0.13281447206390756 -0.16547879664553722 -0.23914692107412511 0.17843710301981805 0.39062096390283096 0.0041267072966935303 -0.2575893652881045 0.059030684627830829 -0.49631477071824015 -0.48622600564194923 0.46610900130144778 0.22102146707050171 0.15242727536397299 0.044979643884286089 -0.13179747809378148 -0.23708589870237728 -0.063376947078946533 0.14577667675910513 -0.16584714411702267 0.14191255681821294 0.070265437383146043 -0.13513709298851018 -0.11912577575331894 -0.041949011464516128 0.36952200664979401 0.18502478015199747 0.43431008947006156 -0.1794659523274334 -0.21887238597637743
 0.11548642338442972 0.12564305803694678 -0.38920576474302165 0.098391609142554917 0.13248033866138148 0.03035241341548826 -0.18717836451814976 0.14730050603227812 0.07946717055640308 0.008706227472901536 0.26259825054947467 0.1062214710557078 -0.034746102596968323 -0.079606050453481556 0.18861935419433012 -0.0034641528270750034 0.063019169989492613 0.42182522213643142 -0.004558981937786105 -0.25775136695055018 0.071416782024443931 0.15990539634289264 0.034402976511942858 0.29914692576577001 -0.090413149882884403 -0.046214920990573234 0.034471842194093757 -0.064651642845227134 0.13619951626815638 -0.028156399986296005 0.16047786554318791 0.25375396770944697 -0.043884547312124156 -0.14242413217337713 -0.18634469287026922 -0.37605564410434605 0.14723337861640337 -0.10927643421794919 0.22941315498863676 0.26431243094917173 -0.16370350467894978 -0.020179134928976598 0.16425691434479348 -0.1220717407806622 0.11261180804842753 0.075971898552231562 -0.12048105772521582 -0.10921943069099253 0.12974183294375097 -0.013867991651285159 0.13311634763488303 0.14614549967780024 -0.21319462824909413 -0.051468448001167233 -0.056156371043335651 0.26282112631821575
 -0.015648265934939225 0.18208421846356534 0.096637056968517682 -0.23727010504421608 0.31312813387653493 0.0045742388317405709 -0.35564589315025424 0.79018568783832921 0.038903869162167433 0.13179433385255085 -0.17659252501419484 -0.54541352477780813 0.064384588297606182 -0.4283681444987954 0.1220522726492758 0.39788233138315166 -0.096740562438027228 -0.10361037714275344 0.43203884404810827 0.10931112843669138 -0.85666680013141638 0.59767491608503243 0.25395381955465202 0.2263151714319159 0.4829803651571688 -0.039286429251247049 0.050519761286768446 -0.11523297974500787 0.22363080487574444 -0.2816243181792154 0.57519774569130733 0.028595543785055258 -0.013457285649708304 -0.51206189075902808 0.1250299264418753 -0.19551581918406602 -0.59685560546575112 0.46750146778757423 0.42447738158890758 0.40241958954593965 -0.17073712564275526 -0.072870775603782037 -0.053069181041926719 0.033560166258580229 -0.40486946303049665 -0.12321044689302732 0.12260088121337534 0.028791482272630894 0.052196718521269329 -0.64606178117237545 0.074462824631699356 0.53581156966002752 -0.69635774572342324 0.44068177584894236 0.040491073158753221 0.54035927879858769
