# Created by Octave 6.2.0, Mon Sep 12 11:47:32 2022 GMT <unknown@LAPTOP-P0PV0581>
# name: Theta3
# type: matrix
# rows: 25
# columns: 26
 -0.072810852877340237 1.1935259259877158 2.589566845837914 -1.3723214824757581 -1.3006753687092367 0.45460487831729368 1.9543909797049461 -0.84826169065267432 -0.17724118736755776 -1.3111875189172348 1.6822198142997724 -0.88391637723665228 0.094775830867272232 -1.3543583240120605 -0.30552433047086341 0.6314221177130801 1.6992053649189693 0.90148586216127247 0.11834679327049658 3.1779930981511351 0.47615467933811367 -1.5549000403309423 1.4785552817679557 -2.2708483083488078 0.022447093717408967 -2.2773151997172314
 0.053067798390983863 -0.497980675334385 0.90819698865634779 -0.02784801189401017 -0.26185738345144277 0.78965622788583367 0.95351204806355605 0.019308298413304552 0.37719248141918149 -1.4167577289931848 0.2698976876657147 -0.37785847234565462 1.1323938401221363 -0.051725462436569267 -0.4273825049541744 0.17025892206123577 -0.82905935177861123 -0.45059448309389655 0.084222047983106271 1.3662943282850661 -0.26705822056818262 -0.49243157042297575 0.20132585130390512 -1.0038363689026955 0.3376028480730569 -0.78200701436961351
 -0.056109720787296542 -0.78048347948169605 -0.61134976162355159 1.1840814305827454 -0.020684358904979192 0.6763316007335467 -0.5983332379059686 1.2666038238800519 0.28936676326395872 0.2571087225813159 -0.69633912391888209 -0.47933458381704008 0.5887144178327065 0.66724858577159485 -1.4716084754977985 -0.26833157792354484 0.19088740030915133 -1.1206731512719923 0.62009297598883795 -1.3207490100401267 0.4974210295754789 -0.41495585428177423 -0.04736173514354116 1.732009531815293 0.49949172718683088 0.081740878468370234
 -0.34218755452172556 -0.014456875341352723 0.25457587513077301 -0.18236160950346667 0.87202767864664266 -0.00514497989643022 0.37188785459054263 -0.57604593466526499 -0.51166453823534985 0.20532922038280521 -0.76686216973651078 0.42181383993043392 0.4790216865991086 0.07060478652792393 -0.24874063244973432 -0.353075238217332 -1.0352984262867102 -0.061936882463622792 -1.588056783003533 -0.16888337744942128 0.025383644568747595 -0.45756131218162654 -0.50417721038442054 -0.04915809935464184 0.88523126092645621 -0.087509583889041384
 -0.026898114850741811 -0.6213469988869027 -0.60386553250870734 0.47707674258120997 0.23216820299223992 -0.33692981455197007 -1.0255535978507846 -0.40422753620473639 -0.15589409592541448 -0.26913526621641304 0.096684640461432908 0.10327214850674896 -1.0335616511742536 0.55812609436735749 -1.0649157772987399 -1.2214270965816751 -0.27435358369252449 0.045002115594205354 0.41098578349728776 -0.59069032224887674 -0.67625775334445892 0.97234372323547424 0.46787550109048848 -0.24471011482503671 -1.3659527634470536 2.5846192322210162
 0.17395247788216239 -0.5162850381820574 -1.9302433777837613 0.91778057290308557 0.17701748673075743 -1.2044477034442702 -1.1630910296414558 -0.15012268942820914 -0.68457926918416723 -0.14191431240917052 -0.35310342992234217 0.99483399080814405 -1.3220412854485164 0.94795630849114765 0.45076160828566419 -0.35685604079308353 -1.0935149307267875 0.30768070242898482 -0.31476556952615509 -1.0243801674238684 -0.22857509100680068 -0.0022021056470663061 -0.79967484110401721 0.71616481793477726 -0.76227513367438016 1.3457711145389986
 0.10834186312853747 -0.42628694922982019 -0.36968707437891557 0.83343400716031646 0.23595389808308093 -0.51190326708334821 0.013426703989887011 -0.1875631733519198 -0.71704757102115979 0.035062811843452266 0.22222765184411011 1.0965797512435296 0.87062466001336281 0.49354480488646713 -0.47192415771478752 -0.04613865653270649 -1.5746914754984911 0.72316160798018214 -1.2364325958899753 0.25843193813301502 0.45637481494048243 -0.83207228115802112 -0.6587898451079659 0.66600028421173385 0.40792849274627979 0.19358117886582635
 -0.17107181075962014 0.5026912007724984 -0.92477969442050068 0.81642713497075248 -1.3893781644228889 -1.1569544495983397 -1.0388414589695782 0.32033375574212403 -0.92934373515580182 -0.061141296742385477 0.81335361422736363 0.28003407197108726 -0.12603664576374574 0.34903630548038395 -1.3525565606760803 -0.036759024853718132 0.56553757656889392 0.40821565742619348 -0.13397507798690472 -0.32729650742694949 1.3176889832642724 -1.3300693433558115 0.17994917235480248 0.9869721346327317 -0.51729361541700003 -0.15762782440442874
 0.052485987332331743 0.1681697154555018 0.5575512233184714 -0.6051844001846759 -1.3267598613362366 0.99982070127054323 1.2888745428841495 0.63113120171638182 0.59037477131418548 -0.23236745193274375 1.0902550242858877 -1.0099264194559749 -0.60369428705989803 -0.57519303516893272 1.1090359776589236 1.8553952920478511 1.2458520324734268 0.26737736805178586 0.8310597242409965 1.2249215283109121 0.53745324749627499 -1.5331039145192353 -0.09096913808547738 -0.36995877353043111 0.6327995630441775 -2.5812422969074951
 -0.27233730265690298 0.48536989902189426 1.19776817497558 0.21271748723496092 -1.5704115825133689 1.0871014000207504 2.6549153456418049 -1.0839277908594882 0.47124211325821669 -0.20413973269194674 0.85541893195110086 -0.76489373877302269 -0.26758011963511863 -0.41978885665960108 -1.3517735190745752 1.6214044894286739 2.0330941206451363 1.3953311933759385 0.073190822286399629 3.2098237187951573 -0.6066858214264329 -0.92232060935076754 1.139327528110611 -2.8875288867157485 -0.14737715300595525 -2.5684512809023428
 0.038971687734919776 -0.59313928637318636 -0.19809270076466134 0.54595501343723563 0.64060757753102227 0.44635059724806742 -0.16370264180164218 0.93681691612819307 0.75449790593042465 0.44476140144763227 -0.42410074371806133 -0.48207627018432492 1.0604593427530318 0.20702111755372082 -0.1721366962219299 0.36781191494974014 -1.0776939465613782 -0.8167422849118996 -0.32924999589502263 -1.4283039361243042 0.33493575765021255 -0.0040676703702891455 -0.65761060878706556 1.5997521215653103 1.3991485382149031 -0.76977556398500091
 0.09159550083728199 0.26949659047985119 -0.40771037958341499 -0.83809174473732173 1.6360976471800728 -0.65015357173580557 -1.9170410392062689 0.15684090104626933 -0.72109392836905528 0.94613803509979733 -1.1764728648756237 0.75840281879067795 0.14263941818688203 0.60385878338936938 1.4451597088065127 -1.2975410561954255 -1.0069925172508454 -1.3870407868258301 0.015235366229220415 -2.3261826147027729 0.42468064538599315 0.68607823169265869 -0.84626858850894404 1.6967252142816249 0.10876860771817261 2.1008952902128186
 0.06794270987734366 -0.61170339440256649 -0.78130516077058698 -0.1252733023974765 -0.91009768152040593 0.05504151432268279 -0.36228622575315605 0.53254713027246459 -0.13375660680387358 -0.92924769002242114 0.63303148453477787 -0.64189545986800944 0.1202087724349012 -0.085448995112764853 -0.24288947697676624 -0.20413714942108244 0.17127340874827318 -0.15036500904163627 0.97606399774817787 -0.23356327489924664 0.39129061368490142 0.033733227315579831 0.12204419183454493 0.31110200047619047 -1.1936043288448839 0.30763358889315068
 -0.24436561504546025 -0.98426236770073361 -0.40660509149370988 0.88086518557856297 0.88725211629609524 0.40984217006808676 -0.36323581034543972 -0.33048742748768045 1.0820114255052957 0.35452973421046652 -1.3901032358300263 -0.097073834784251856 1.1344030704967214 0.1410975165529606 -0.91374794667809989 -1.0254478433335268 -0.9493141007749839 -0.7694299371313994 -0.096302211620751352 -1.0294415982545835 -1.066301898466818 2.1376153212269444 -0.033774900623882012 -0.1992137353157625 -0.38999365758547205 1.4742003794609393
