# Created by Octave 6.2.0, Mon Sep 12 16:08:14 2022 GMT <unknown@LAPTOP-P0PV0581>
# name: Theta4
# type: matrix
# rows: 10
# columns: 36
 -0.024493429530466345 0.07111696053249264 -0.40156779941508797 -1.4588981561618091 -0.10742129662084257 1.1805948654783742 -0.41837614207796664 -0.87076686825043015 -1.4106189437251269 -0.35767096589286212 -0.15465419403493524 0.47942920351251378 0.2800154661924466 1.2212097047871402 -1.9059601274694464 0.55521376676550516 -1.8483485959720611 -1.4977085487836943 -0.50299884184854038 1.8195367299495757 0.86163589165728405 -0.97069440274219276 1.3640858232465189 1.7203289470311138 1.0668861565210885 -2.1994288579878774 0.6696888268275405 1.7760858788802241 -0.04123819818878699 0.47279589475552186 0.47774455547121492 -0.66910137599466313 1.6612655638003251 0.53716203947079322 -1.326387598614946 -1.1322747994505085
 0.22713836244166824 0.061423400588612884 1.3576034884277091 0.23419528233994819 -0.70760035370375896 0.97666676314703516 1.3416233139747518 0.48983906959805723 0.39839381218113235 -0.7228955734093736 1.0936713590474019 -0.32287921579099294 -0.098295134044665264 -0.77485154658624378 -0.15025510142604642 -0.39590026102163312 0.28288409986064661 -0.1861565736119617 -0.31380827128958527 -0.80913780644815736 0.018883268645291829 0.56857439880060845 -0.10329770834644264 0.47637024361978275 -1.1558043539763632 0.75193291203336032 -0.030312078240573113 0.26569607916682425 1.5967898433015622 1.3933812658350555 -0.73678806417877862 0.50894047794605035 -1.2246524901801363 0.73743472904281326 -1.6781224197996734 -1.0199082974052534
 -0.14241280260786673 1.2122202979652166 0.6395646263317073 -0.084205370597754223 0.69419268122152411 1.6305303271696627 -0.19992719502389592 -0.68510681023874653 -0.16333531315652858 -1.3385047375500421 0.39779646579627737 -1.3247732632722617 -0.76451413448616001 1.2658532736459194 -0.59819475511511466 -0.8765868860716366 -0.66193092000949272 0.1166065906687823 0.36935143122262459 0.093225823570404806 0.32874594893204184 -1.0165369459227478 -1.626298801759352 1.2104346758720708 -0.72387290732394849 1.002467227635081 0.46255262092925831 -0.34704856899458225 -0.20344275992147282 -0.4106402434798555 0.73332132313583476 -0.43317317945767175 1.1105894315657405 0.0020903011363451892 -0.11506467432237966 0.39205854057524236
 0.088793400031800918 -0.37221134069434442 -1.3699602909709292 0.55059133371233471 -0.034079736498190974 -1.5071161281164069 -1.1122771154099862 0.55578129669013521 0.72810231890850285 0.33879574352291986 -1.0015746068201739 0.24682672047454052 0.80395005074964609 -0.57034655507168119 3.1201298079739717 1.6459726344000132 0.44792917402665611 1.4146096345769066 0.68441269101682756 -1.8274129519136189 -0.50225309054742151 0.085957954108338841 0.18311645673019661 -1.9264344407826604 -1.6118282089948537 0.27476046815112509 -1.3392534243567185 0.70829224557454218 -0.025074989509498356 -1.0281282916178351 -0.84622781672403979 0.12170338694757037 -0.85083981699881006 -0.70010718931831029 1.7183131413386408 0.047235056860652505
 0.081254508443014642 0.87957852405046955 -1.2838205255874804 -0.39898512064982999 0.97145394735279922 -0.10175454701470504 -0.055544990686464596 1.0390991460849213 0.66546468459115071 -0.60366782860546597 -0.15325850125105756 -0.308703612384017 -0.18225382398714654 -0.079890380697133154 0.22382955249933792 -0.56676683836903918 -0.20230945382636076 0.5856022852424877 -0.6198212698629525 0.72849643637282857 -0.11018236768300785 0.13068025489333968 -0.6086307578763831 0.64716252601593705 1.2318320493643053 -0.29930000062323692 0.40174631448377862 -0.55150129749338372 -1.1405464875022611 -0.18948785335846674 1.0641827421323076 0.19619999941115607 0.96184592040691841 -0.48796220429187726 0.4631219315014673 1.1207174859014293
 0.060132879463178933 -0.073178735669243961 -1.6000801716696655 -0.26773880895106617 -0.85726975635222102 -1.8179659266069017 0.26326685319942417 0.75322213204910449 0.75111838812463072 1.5654901154914689 1.5609621234137527 0.37722926318708239 0.012193504431219714 -1.8743598374491828 -0.48385854593974575 0.19240936839972458 1.5529630402428474 1.5556808291837758 -1.3205096802459668 -0.69578489004748045 1.1891561200352054 0.5677764063927454 0.79942029256322034 -1.7197897870276591 -0.076645766843115776 -0.74205638730761847 -0.65453890086829825 0.72896949432224056 -0.58803664909248476 -0.11267260918929306 0.42263959883299262 0.23585395201679646 0.14901400690018649 0.075965283209664211 -0.56286176170183755 -1.6570359383750388
 -0.37661157728127881 -0.71990333171537779 2.1741017284286572 0.39545433096444882 -0.10718178140999894 0.82638388237851812 0.62578347917959054 -0.42631581817915892 1.1596742106792559 -0.08576950445648357 -1.0490919187333763 -0.13698290730446419 0.78727244611634262 2.0229568343541295 0.019046979002582374 -0.16292713975603951 0.1116696946816627 -2.0091036908027107 1.2243703695230752 1.588659464049984 -1.2888350093293937 0.79492590840906285 -0.6488813803623027 -0.38156513811256138 -0.71455493071540033 1.4536278099490207 -0.057884893964164713 -0.92301707079500572 0.46498814576014053 0.0030327768304732132 -1.0601127499919114 -1.1003057369451568 -0.39860229647352047 -0.2455640180921127 -0.12279038685997022 -0.40401462564885982
 0.1561030634923577 -0.052528439260057749 -0.78747571146892226 -0.041110798638501533 -0.047398427397024559 0.86312289458860159 -0.324250649173701 -0.81234041634442988 -1.2872364243021479 -0.676213867869076 0.076726561256076159 1.3902283886497862 -0.067305695159011594 -0.94966129829334756 -0.70474262230473128 1.0716464987877665 -1.0795497170583348 -0.3685594547715017 0.66364435192188742 -0.64633777247376933 0.56881448283644742 -1.6563043986986492 0.37149336240953423 0.38272311037504003 -0.15762966856542177 -0.8452274865791195 -1.2072754435679773 1.2126169961717537 -0.29938651773669267 -0.57503728549378152 1.286723334553987 1.1354736421455316 0.29191340583665532 0.6279405771015828 1.7029377056783623 0.84394760497938848
 0.098886158553325165 -0.38971097385725773 0.98014444431193604 1.1365903224660145 0.61846512965493217 0.0029225342037545927 -0.70553364926715689 -0.74255999435167608 -0.12449529104206962 0.057984151567133435 -0.93526277778006706 0.71785784723511614 0.92169925435864275 0.71151711202253964 1.5859597087181652 0.8598840501204088 -0.66636670519345986 -1.1682053729659168 2.5014354538261285 -0.94792016468297713 -0.92552137408391555 -0.89527237001597637 1.1259240534895005 -1.0274158710477537 -0.89334091077716993 0.95998838370125905 -0.77687637965793965 -0.46729734254657462 0.27239540105052468 -0.54051127928473386 -0.84287147699395359 -1.0025552064707162 -0.79198433323139172 0.14017443774774815 1.9135787025908146 0.024713749486829716
 -0.15925310591009922 -0.78335583569086797 0.13417182116014531 -0.15002844474177171 -0.27104379456590538 -1.9400734962134265 0.67798596603633332 0.78285680279341041 -0.67718000654603938 1.8476176590960669 0.037118285154302835 -1.0371736630604453 -1.4737419740748094 -1.0704312092465635 -1.137746418572898 -2.2972830040238028 2.1839033447205711 1.6954530695210577 -2.5738420110078373 1.1612331960638225 -0.24622291348815312 2.3099122552564251 -0.95837493440692934 0.55111189024680507 3.0665374081348871 -0.36464470413522798 2.5327964065809976 -2.3617959434578721 -0.24756317253341889 1.2085841081582585 -0.61676441977091045 0.82075824679436837 -0.89075986611619884 -0.54475150809826811 -2.244288498608364 1.6822703447302647


