# Created by Octave 6.2.0, Mon Sep 12 16:47:37 2022 GMT <unknown@LAPTOP-P0PV0581>
# name: Theta3
# type: matrix
# rows: 55
# columns: 56
 0.0036974838962208585 -0.25451726960507076 0.066861806189129541 -0.17267576485349873 0.051674273195742512 0.42016866409984605 -0.046539975401482955 -0.1025727576692982 0.27396732889091763 -0.33191646331827468 0.11640094471698706 -0.067417926768275779 0.4297591398467957 0.20037926497957004 -0.25959228229334674 0.30039565024543824 -0.14830667685276866 0.22408472494405188 0.12446044342160402 0.38643429451542083 -0.27328522403579619 -0.21847117702489682 0.43022983169676532 -0.42098016025847357 -0.23937584839462933 0.73376956911671276 -0.010142377905189324 -0.16860581894839283 0.0317096405477778 0.2124640293723489 -0.042123039691504154 -0.070328312179117503 0.055196853284820713 -0.38527716959598363 0.32028947493669851 -0.363854226075573 0.21269107179994004 0.078702270747428069 0.12430785884962153 0.62033094611299822 0.020410272777697313 -0.28110489281182433 -0.10684252315020705 -0.26494576090530247 -0.042606210403530208 -0.055619020432714911 0.24276932084219702 -0.2908001769686242 -0.056374081021089442 -0.042008364963627316 -0.37620174205732504 0.19152845113505604 -0.083621445958959137 0.0040599494321984187 -0.11814556331094779 -0.088916350526233548
 -0.012167849542423864 0.057220617826183109 0.16540994381696311 0.012056473781741708 -0.094805663609736385 -0.27429140019970527 0.22689268497868115 -0.089277545592357108 -0.29817539857647379 0.40855191781698058 -0.13053627830837025 -0.088387565044367108 -0.21915199459920887 -0.33654774064601845 -0.70168740311044031 -0.48886484253612567 0.27058175946148239 0.46476287879256123 0.030429530789064727 0.26619678599868307 0.42269926138379954 -0.27067510497062214 -0.21025538050840986 0.061478965028043994 0.12870738733502915 -0.4803411834273788 -0.25189028011352299 0.20209178161030122 -0.15766080834390117 -0.38634120738639588 0.17825738226260099 -0.093609017922421503 -0.58480115463473192 0.11630306458047651 -0.16316044850691649 -0.39263662198403881 -0.53212273983327074 -0.18262730429200785 -0.1963060378462386 0.1276471357709287 -0.18862927497641416 0.27527308047329929 -0.21264689876272108 0.052937762284223644 0.15835050130584416 0.20012260191115513 -0.022976718314232279 -0.34183452247526264 -0.27387221962109648 0.38474284886022059 0.53745592981832047 -0.44638912115014912 0.63827816672283977 0.59829909430783712 0.51273653130330732 0.028048537113469857
 -0.08062089959528311 0.044127864418376544 0.45506163956815704 -0.055373786159483893 0.22147003438489121 -0.12825629638121328 0.15720033658835406 -0.42207885226699882 -0.30689699608198717 -0.06300614003365422 0.14570539914299308 -0.064138372864246881 0.29176398902609046 -0.22201845388041488 -0.034572763316005464 0.19169105517499271 -0.065613794385817006 -0.13143273052294499 0.35983807750619246 -0.18351514586256334 -0.088269078303072693 -0.32975772271665038 -0.056397434308535832 -0.040280686660923368 0.20881881446184422 -0.024504403187443808 0.056680102511888798 -0.14933928933164289 -4.540131556489461e-05 0.11356557281243827 0.22645279263069273 -0.1040040717910337 -0.068272070246281472 0.029819856947490668 -0.066677295478651172 0.16880986138266543 -0.35021160029765952 0.15237076373890701 -0.11501707232344288 0.42646152042723928 0.032081613290251138 0.42358298729186128 -0.12582906446140954 0.059452051492072888 -0.36573206743710146 0.32210307652891823 -0.26524870587252791 -0.025908958756650714 -0.13199376237953073 0.13985404998231829 0.13733852563699259 0.14710082983833123 0.26276447784883128 0.0072811911321979759 -0.5758821702504473 0.21611327274579209
 0.050098639476374655 0.12877570038847463 -0.10681554134454173 0.0012315670093391517 0.83511195094804014 -0.37014462993288155 0.89624654824926653 0.56701026783322683 -0.064616233738941736 0.60851140936276238 -0.29678952627933441 -0.01336654414920796 -0.45866863929690094 -0.1471250834010833 0.19366585218281601 -0.30880834107959243 0.80251566438723609 -0.10164801810416474 -0.5579645817159341 -0.35959559591023921 0.20731433992539586 0.04418092080174988 0.054162095807477439 0.44473619449054091 0.51173426699312463 -0.61830947947259085 0.072551539079567476 -0.036563263287643699 0.15647673007571336 -0.19585632166886446 -0.33681904882771918 -0.059485767991526411 -0.52995475312532303 -0.097341998170713193 -0.41068012275118099 0.087108247993103738 -0.59017935486698014 -0.67106360874763549 -0.11105233639559282 -0.90839136214248706 0.09029700925769403 0.51862220762158995 -0.15712166001466277 0.82511861328467184 0.011486584876426896 -0.17944255818097199 -0.090039684577855286 -0.01675878314645015 0.25270820414075379 0.12434952948555236 1.0345706103145342 0.26979174216930923 0.52195984694640707 -0.32667266012996166 0.1467432986110257 0.13411706893042283
 -0.042379551670707581 0.19138943736005787 0.020267480402717419 0.30254082278851208 0.073985638725901345 -0.24821675827287543 -0.86031686918677353 -0.40667744508797909 -0.2581654792448968 -0.085447775265348552 0.3165198572717241 0.17186675132329846 0.485917513938111 -0.17890528979497866 0.26069689863948847 0.41994347664332493 0.21177407641809462 -0.41859966630813378 0.44336342630546494 -0.37223658382373359 -0.36182469720939248 -0.033873999832585051 -0.456369026629875 0.0045657480410141137 -0.25653042542328308 -0.39138740205329425 0.17623092072725136 0.11340853293690872 0.063022869742691806 0.040439537697211828 0.1863368634882866 0.32642867571168349 0.21432017400875678 0.21878458637370005 0.16068626039910713 0.54676482978561947 0.073980192199358197 0.76585060260229965 -0.48705571111955714 0.1052912884267731 0.15517838231554956 -0.0081041193664022505 0.078272243223929533 0.060776653784276879 0.036674774984206911 -0.016520843473689185 -0.59669738283384 0.24564950393743112 0.3070364606365607 -0.094956033369327661 0.20496709198871726 -0.37885228677340232 -0.20804503490079979 -0.28295647023283832 -0.69055733296441735 0.021259942732821755
 -0.12225756897635247 -0.16629989742787057 0.48282802951863646 0.43514643368760436 -0.4989742009612031 -0.0064167737942821979 0.22083917919818655 -0.14617307537123139 -0.19799281906201147 -0.92299362418667963 0.71251312671713829 -0.23741410049838932 0.37872891351992066 0.13696373463712377 -0.55194530855719526 0.20049538902008018 -0.47886864416551939 -0.30764216087931279 0.20691689396693597 0.038851468289446654 0.057947235494650369 0.18636349389663739 -0.29254807300007513 -0.52142803591101494 -0.18700168103085521 -0.075666357176137469 -0.30939243906224029 -0.10280753143185113 -0.052590858425554596 0.39359104318865279 0.095961382030501891 0.29507713262928636 -0.66816096363011401 0.0295630955876931 -0.38990927432771683 0.11356879628753595 -0.16533310661559467 0.061540515962551619 0.72684505713998571 0.82628492121665198 -0.34890089727017859 0.36499660869201711 0.021245411931231535 -0.69613440059268461 -0.46194896938822694 0.38911786947886567 -0.19458165577625344 0.43217669369705008 -0.75695232711094718 -0.44660695766754677 -0.72543606838782049 -0.076191390375804816 -0.086425564483066736 0.56132441534246913 -0.88718774359928199 0.017501843180399868
