# Created by Octave 6.2.0, Mon Sep 12 13:29:34 2022 GMT <unknown@LAPTOP-P0PV0581>
# name: Theta4
# type: matrix
# rows: 10
# columns: 46
 0.29023473599460226 -2.1367650344341471 0.13558683251367573 0.32287131463769769 1.6521261320161704 0.16526772064388684 -0.024626712008011645 -0.85338514686643308 -0.57457419461779613 -1.0072216292441782 -2.0678898652103856 0.076728908974270524 -0.57818915317630792 -0.4044497101749927 1.6599063830572689 1.6789876513763136 -1.1637184429145779 -0.060693138852119986 -0.95860551470481503 0.26766762022886936 0.2252673544798813 0.30271478011399494 -0.2558144076959406 0.92377978770550573 0.56769149456111379 -0.31735450912555296 -1.1041214177960872 0.36266296056288949 -0.2065627211784333 0.39221422851000282 -1.9732420097822323 0.22500448162468192 -0.28099741933871236 -0.48381117868601159 1.8377351807512206 -0.65814954823478933 -1.0029134785689422 -0.19443164125581208 1.3283136256232448 2.1298634944006332 1.0843902489934545 0.33802198462884808 1.532396305344131 -2.115430228999692 -1.1472751235045724 -1.277185846492485
 -0.027611099917338507 -0.47896184811635845 -0.37772069096512356 -0.15340436836485086 -0.2584966513471334 0.57723941764953179 -0.8356184761795431 -0.058343828529357745 0.46935552330576613 -0.74524936658350471 -0.61853263879084719 0.51306073397561724 -0.85326708085891012 0.09466651617038789 0.79303878664243355 0.80495205026596095 0.078441771487845438 -0.57494431609544594 1.4791976675240506 -0.9902487901614474 0.38887233553123707 1.4586871451817849 0.20739723341494035 -0.10695992644889143 0.3172850928978117 1.0195639229382312 0.55752327234983357 0.7911177626210002 0.4245423057100623 -0.45749779286894848 0.19215079537604346 -0.74264897054803258 0.29235521109977236 0.15575937020409669 0.44736630654506426 0.31219766005230309 0.093593320045313025 -0.79548139177013033 0.24025771577564856 -0.20830704997403537 -0.51527628487508459 0.21618317727852504 -0.45369143110233506 -0.099963006935292836 -1.0833771621943931 1.4565140226642943
 -0.0062569448393170208 0.017987996451822773 0.070430577214908571 -1.0443088734653114 -0.44507097850049171 -0.32703737884207396 -0.80050635188403052 0.088114247236878107 0.10606084389174623 -0.81901515613529119 -0.3958541327423864 1.1658901154577681 -0.96730458680368603 0.60043077111722276 0.47011530100471427 1.0420989452015317 0.075674578317335914 0.81420076234185867 0.42515987070387662 1.019548328482325 0.5255568096741069 -1.329908267286412 -1.2264163453002437 0.18988490964819571 -0.53269775852714829 -0.29276292523463926 -0.52861876067078772 -0.12208711096669556 -0.9484752628599904 0.079694869826234291 0.0947552871331417 0.40860084335222813 0.71894118909448401 -0.29077445219353881 -0.52944046946657719 -0.00037937230807896989 1.4952581554682376 -0.74366261191204108 1.9903587542898469 -0.25914371600786451 0.13829155951719121 0.96409626642590274 0.9898242998170298 0.69315607606231677 -0.54586454640687632 -0.2026262885097278
 -0.39247324663453093 1.7058833438861518 0.19419883276791505 -0.33473168655753521 1.1862099981565581 -0.45880753039815192 -0.39690458020085401 -1.1151757618118925 -0.65671075550157731 1.5289140816958171 1.3027448651065028 -1.3161505414179315 1.2418542630236222 -0.56829633786404765 -1.5778414819980984 -1.156018351652089 -0.029856093626280718 -0.72380371436152879 -1.2123998987667945 0.19413680603440353 0.095807942965895718 0.42883703224907238 0.94215079665209622 0.33366252399457874 -0.3037867727540387 0.31519156524709535 0.18830999258507541 -0.83302406697149733 0.52666969653923668 -0.60797389139681912 0.46114440556388547 0.010205729853312981 -0.40184813395186014 0.18064212037819485 -0.29227292551405382 -0.095772721208822367 0.14598716119606261 1.698471183939908 -1.1788171503534659 -1.1092640939221083 0.03509211053144308 -0.386163411520134 -1.5193744633854789 0.27953547492839659 0.80600219220219915 0.6810378666889112
 0.16392528180093696 0.44526698495871458 0.14989034296709272 0.12807889556055099 -0.11402258384850211 -0.18039541508381526 0.70259294740871392 1.0147501298039989 0.85270615507446212 -0.13780532581841837 0.15175312593128648 0.30212492290164172 0.999103812701576 0.41751992739440424 0.022086319818887659 -0.77231381074267358 -0.29356972542152876 1.0115591109959301 0.050942455457680058 0.24315346622609971 -0.51728195824350531 -0.61230808550238314 -0.53634273836446955 0.29993796949362628 -0.038990181262159182 -1.2246609843154885 -0.58237386384118695 -0.29240894216191382 0.22366551162883677 -0.57063303644739383 -0.20501046944680887 0.4258496296561281 -0.047504192816967966 0.30574270683969867 -0.74809275194535707 -0.28015595000570331 0.11185811580046215 0.64077609139244207 -0.42602927571472932 0.68081222067427216 -0.031479174844206773 -0.17941296640188428 0.77398303167305127 0.22151899333262351 0.34675913996357871 -1.1967499183821233
 0.16306717481924041 -0.1787713870466599 -0.21473957577099809 0.34561648197991163 -0.46151258417647117 -0.27976240841113148 0.66463258486773025 -0.79088205543545131 0.71831805968599471 -0.62983283082166952 0.28657354937164969 -1.4902558070084992 0.96783673048352226 -0.19765816901738809 -0.21463422332918802 -0.63715100461172258 -0.071495266688579348 -0.77520522148872217 1.3458754854518422 -1.7969395532413526 -1.108422835236865 2.444053294003449 1.3216407210438463 -0.099145606831624086 1.0451753417019631 0.33801983737077063 1.4609857343578423 -1.0428098290828374 1.0036815836448492 -0.67188430777938113 0.24426688216178202 -0.62338415992488216 -0.20955835997054281 0.228979308122393 0.29692545793650221 -0.82047961685948778 -1.0387057079542912 0.47721731540867607 -0.69733204800550086 0.18462144070745953 0.80629034261673838 -0.32244445512970704 -0.48984394590965713 -0.015946482121037758 -0.59533030799019326 0.49996515713879847
 -0.14258386877989293 1.0212700205104643 -1.4632733741935866 -0.28146567822885593 -0.80148696101025851 -0.02018133537989775 -1.586500687834163 -0.294966498331725 -1.1702641771813256 1.2029058101240031 0.83753110045085033 -0.19538414992198902 -0.46692868969941026 -0.73769193269762157 -0.32630815668028534 0.32625339820837623 0.76534597816986683 0.354191683009493 -0.93844984493773365 1.2970846279031376 -0.03169831164742757 -1.0815218709525845 -0.53588870637165098 -0.80595750242891495 -0.54381299400293381 0.85337650208984295 0.57166627563660766 0.75892584098370408 -0.89755680522201986 2.4527415704605251 1.0036709991624357 -0.23735994742129057 1.0322065017640196 -1.4832753228449174 0.18706022123745972 0.45552193055491691 0.24936745090173068 -0.87628225221522227 0.52756235032987842 -0.96629641110404085 -0.15132424011215082 0.3643794390414582 -0.43090020038152277 0.55126153903828756 1.8977524884385792 1.0254304622833541
 -0.10402257028060485 -0.70114358356563022 0.86630918107481092 -0.44834231625195314 1.3756872390328843 0.47337080909800394 0.056458208696866234 -0.28055107673037449 -0.059288194948702348 0.82800290900275741 -0.43135910668961369 0.8725146657995515 -0.16345665053692598 1.0029548659958141 0.20595548137706826 0.43943046824549836 -0.18879331424451801 0.27876090886199911 -0.81248851387208632 0.80083347716510755 1.042012323077411 -0.70368428604578448 0.008786383235758229 -0.044110837848324903 0.29971113962014434 0.1419948689771465 -1.5022420172714375 0.67196263629902531 0.40110981584430916 -1.1073043757927299 -0.8753415812841594 0.26715531957783439 -0.6263896576039415 0.26396805677203428 -0.34165457692948098 0.34972520921883021 0.48896960396822703 -0.3448371695907278 -0.18067721711287135 0.23589210181738432 -0.55678078810049747 0.27736218236224491 0.19750634641434292 -1.287118500220235 -1.0585501270950299 -0.49764748448283547
