# Created by Octave 6.2.0, Mon Sep 12 13:19:05 2022 GMT <unknown@LAPTOP-P0PV0581>
# name: Theta3
# type: matrix
# rows: 15
# columns: 16
 -0.38073677602274558 -0.56786098632897508 -0.48328918454544328 -1.1490427673530184 0.71966095798191687 0.38599971054770338 0.27911572471477569 0.44617148049252064 1.3887663157337919 -0.080273432878560563 0.83206982540164465 -0.10875540651813095 1.3190104351773135 -2.3946090222509144 0.43562926629746385 1.0301242372586603
 0.27013050890943602 0.20442175396499254 -0.21253788643314697 1.8106464499978325 -0.11518098731870144 -1.6605900549399908 -1.4971192949150693 0.55097105262411805 0.29132108714320298 0.28580158220470114 0.57038806126452934 -0.74881012677543568 -1.7453049310436626 2.082328155440329 -1.8850483078027409 0.63617143048004843
 -0.18405116130054253 0.54445866647734786 0.22032540037904941 0.0058626433891616125 0.43944004455698699 0.29948201429121613 -0.54115556351095495 -0.2210922330786754 1.4696345899703291 0.22551567880946793 1.089605627871848 -1.9284337848321746 -1.1288057278787476 0.1917463973673651 -1.1547251519195978 1.1455023311219674
 0.29824043486107382 -0.061929701624623634 -0.48075169246154698 1.0991891248633434 0.44429262830564042 -0.51074619634420781 0.31286672930381881 -0.10680309730420359 -1.3929363219065829 -1.2469477085181835 -0.76619613546104914 1.2895087002571071 -1.2366634650269857 -0.33802012562115585 0.14903781011710396 0.15102247756374029
 0.55291952266197486 -0.71303835152116646 -1.147805301714184 -0.34160007288813854 0.4796460876333285 1.1584797971116327 1.1975771433684332 -1.6889186377026697 -0.81048467577101047 -1.3380214866938949 1.1726108858214914 1.636169139491146 -0.12463420495680752 -0.68230894073253967 -0.23052020589814373 -0.55270110099874292
 0.08570509875831045 0.053134486297892906 -0.13949624538078004 -1.4758727765443782 2.2366965942997372 2.1187268376896564 1.7368027274608717 -0.99264138535101254 2.1017534779838218 -1.6643133266437578 1.9701209969944513 -0.026315788538612953 0.28629651696248765 -2.5759730558934515 -0.54456019222295826 -0.23088255078516426
 0.22755176544583219 1.2786837923321874 0.41269799584404565 0.24019674766563498 0.016294931234607082 -0.35301425003658282 0.46638665651300787 -0.4092759238916025 -0.001742044067489523 1.3439716379737991 -0.48657985564148304 -1.3303302859163193 -0.57912280429717788 1.2443922970190433 -0.16967150708562148 -0.10897227249171236
 0.012252049511935001 0.70507360904525618 0.71839811882613436 -1.5562598259511218 0.60426285986690131 2.0981066392339032 1.6379071826495084 -1.3860917126070997 -0.26474773123383544 1.3305633493823477 0.48395168999143623 -0.91245847174379113 -0.020780954340692791 0.076106779223581666 0.20461039492586364 -1.420267014697699
 0.081343882372956422 0.20188589975641649 1.6118056106148009 -0.22114698553879525 0.571928664218467 2.0635201673664523 0.81567262762185411 -0.39705639747901744 0.16142539227035713 0.33922702007700523 -0.33409374941284214 -0.57044451522498085 -1.9397745397326227 0.72052557213582757 0.19391992079969428 -1.2200378862883896
 -0.16021359200623503 -2.6467204521005598 -0.85295167100457425 -0.69366974785049407 -0.37157729810992324 -1.0910747501417799 -1.3724695327049306 0.11742201219628956 1.7046971671695377 -1.6483222789931169 1.5765052450749453 0.6229523399296889 1.8207390096206804 -0.42489391860248421 -0.83808821447678283 1.426097019102315
 0.22887651382963545 -0.28234293694902696 -1.0910225458073191 0.18600022794295176 -0.8837730031022023 0.42896838637046497 0.59691120495829098 -0.8358923022434197 -2.0000357847766277 1.0170617000676903 0.84687308860073018 0.7171963513677464 -1.0289757152953578 0.43092647430027436 -0.42154504988259028 -1.0218779358901768
 0.0033680106364007843 0.86808077365260783 -1.1517725579453522 1.6876919248064846 -0.9698893758339282 -3.1298137333838034 -1.1316272225555049 0.081020639170051117 -0.93227256408201298 0.68737268257088258 -1.2926788868919963 0.36491322611305227 1.2357478652952572 1.1290865465127202 -0.21715965859763212 2.0856636240574495
 -0.063008674839416814 -1.1782439687493538 1.16582957064523 -0.13762522274047997 -1.2620637348634816 1.5149567468756879 -0.7617405682060514 2.2163472918895812 -0.42110062407849846 0.31446941172275561 -0.31339726138291035 0.70309337178054632 -1.0187408119268255 -0.18840515212753822 1.1040075372924243 -0.92720976054495563
 0.011572694035754866 -1.0341890821079216 -0.56482144788236355 -0.95795159217261194 -0.44222652905496984 -0.01193476890190541 0.49178617979724826 0.4623051443532516 -0.77847828352040149 -0.46222163104584485 -0.44435071289357042 1.528388678522413 2.3492862423625853 -1.7224905490165499 1.7553380287287974 -0.2041848848180158
 -0.39162382148032543 1.4047389022375423 0.73812196089987325 1.5053684463329917 -1.3815190072058248 -2.2182205238906909 -2.1679988937651711 0.9204280900174141 0.36005120808385083 0.94391331070751117 -1.0047850760817085 -2.2283789133703493 -0.11051215399377733 2.5105026230732026 0.089323088707006643 0.93849593113050334


