# Created by Octave 6.2.0, Mon Sep 12 16:08:14 2022 GMT <unknown@LAPTOP-P0PV0581>
# name: Theta3
# type: matrix
# rows: 25
# columns: 26
 -0.15696705985240811 -1.6265824077826452 0.35051011012821703 0.066905030939210935 -0.33052472167234082 0.29052624827002327 -0.78516375100666402 -0.56260542900924337 0.24195635835228518 0.32340762016465857 0.70672430192586677 0.61147742333489929 -0.095415763010858412 -0.21886308292832565 -0.59780210284603741 -0.36544968086282675 0.51374469252667432 -0.54677202095278477 -0.011188125921486273 -1.0622358379177557 -0.79879873405785662 -0.73525315715503148 -0.025375653045026571 0.48464605192890226 1.7592542931720319 -0.039369229820309604
 0.29521218559580853 -0.8517330379321747 -0.40611996443256465 0.25559262825549717 0.57045287855981086 0.32163347827926048 -0.56410043598586368 -0.20016269118021718 0.092805079087679335 1.2647882977098148 -0.15753856510212799 0.8027560048245459 1.4213316487201493 0.47367408895504914 0.69667287093488706 -0.17831257626126229 0.21949987427330411 -0.22864090186398453 -0.89310397858604373 -0.54856862061075473 -0.7463879073393016 0.21422258456964777 -0.67426363789255717 0.39093968951769464 1.3111953063597057 -0.51290053941361535
 0.27260265452004573 -0.83346676924211816 -0.6690771328373164 0.14708464963622525 0.28468263605898597 -1.0682472473886102 -0.31660005926473511 0.4105197086969814 0.28023294995436571 1.2612483293430932 -0.081628167173676172 0.39674718363938971 -0.090278116847964801 -1.1095474061274535 0.16053962511956948 0.10064045246951138 0.6239903869505895 0.64738809570548428 0.8844014012289122 -0.90476143762942829 -0.9035886278548394 -0.84167389060086872 0.6433815155308088 1.3238425448443929 1.6694088568030174 -0.9420917659844551
 8.6130941886582404e-05 -0.12826184315023126 0.16362764034860675 1.5244666869889554 0.50076971028106243 0.081072113124033743 -0.3736887079485125 0.42426655896782695 -0.17169974298276483 -0.092088870970217229 -0.12369494760444694 0.41653090657539088 -0.40501357546390332 0.033524772800280288 0.20326625671052459 0.98788413725046531 0.53600586706651443 -0.012642219697668435 -0.10063186952092962 -0.40622927324926361 0.7079708745175346 0.13633242197232401 -0.26956800666699549 -0.73778077411894027 0.70559196620405196 0.21538443942502844
 0.24024541468374569 -2.4025238894641401 -3.1432258760579863 -0.88280809748328237 0.75270050562858704 -1.8968994877211569 -0.23569803340297624 0.32589196454763342 1.9624449816001803 2.8228992743403429 -0.42687399614941696 1.2825757190830005 0.72653946795607316 -0.99879527245628086 -0.44499141355414351 -1.0755883432532345 -0.048534822157128975 0.34268858716806799 0.41806026860473472 0.82147395953558378 -1.3394926261916946 -0.52935352335044417 0.40657866601631476 2.5701735316025203 2.2653167346236915 -0.60025877990142096
 0.092771770454546224 1.5972373261157804 0.80621047891036468 -1.1637841389937174 -0.47350570035204897 1.1275358026108053 0.15541588072098211 0.52503383523466096 -0.64443457456292985 -1.7469947344981165 -1.0308720532120259 -1.7703404945503403 0.45553754674047336 0.13898369822421922 0.95149801232893272 0.075554911634185179 -0.45491111482993335 0.12456492252940389 0.18898651150458312 0.32811485476388563 1.0029472827583359 0.69160337558488028 0.12869160456658116 -1.3806367123948216 -2.4510173131097033 0.1302097972829149
 -0.02509329886208472 -0.14962391335289577 0.63787730035789425 1.0005951121040759 -1.1989333487191429 0.086255509444649853 0.48906077823322769 0.49395387527464202 0.071176988329703456 -0.94197748145042359 0.49476707937185771 -1.4400869281100532 -0.58937562064170668 0.22819435742340521 -0.48490108871612658 0.74049530378103889 -0.20495750140524122 0.31087417900291064 -0.15068993820862861 1.1024541187216192 0.28075295040530607 -0.97958663596198203 -0.013960663295235643 0.7930850930480603 -0.6344872661758304 -1.6632416612711236
 -0.13348252583461129 1.8559607235329056 1.1294721704839981 0.57918499580598626 -1.6134160329803975 -0.40490447345780045 0.82159345702846642 -0.4995234758291825 -0.95146956620877909 -1.4143878998638526 0.63279568685798915 -0.8708649050244256 -1.7342714728244182 -0.12464421069957488 -0.69166491532181107 -0.24389402151918985 -0.077669090302438903 0.546118888864223 0.14869825989538479 0.15021677686705498 0.19781165160369635 0.021312725603705607 0.91380604704635116 -0.21140291572156511 -2.0534294305484346 -0.58924390024580775
 -0.26616394374078495 1.0021787783144458 -0.49246969545234226 -0.71101433573407813 0.39143436507743995 -0.39491622873723781 0.56355496398287608 -0.18303092561222431 -0.48797933228716678 0.49044040117381643 -0.67054982145968067 0.47463072839583748 1.049133320771459 0.42269143010142424 0.77083225640398378 -0.42598079931211624 -0.65060994775691894 -0.36784466486949041 -0.82969491304401 0.61714004370087872 -0.39992372966758266 1.4090616081603 -0.26492651627984209 -0.2996716184736824 -1.0144008465696197 0.63740092918327762
 -0.027768515390067767 -0.52636798509812033 0.041802318431425949 -1.0079509512549329 -0.69233728499763869 -0.48536553232348806 -0.083906458692911703 0.41588260656183068 0.48133549994406372 0.23764171632807196 -0.20263739922013735 -0.62472820395568041 0.084830284724898092 -0.64906419474651766 -0.47638168893056654 -0.55882336577758263 0.22245745220758692 -0.29370436750257606 0.72437465720028782 0.39505883719576634 0.10063976077079982 0.048471412518019868 0.68739423254332321 -0.060785562906158205 0.51768383349091829 1.0380692146723696
 -0.23002863070590907 0.37260068956279824 -0.40168944432929327 -0.42415629111490166 0.041552169287876195 0.00090167616604217178 0.48282732977581116 0.042532280631012859 0.53745819654441429 0.42238206228368713 -0.035215236047889002 1.6151515218439911 -0.5720551149220513 -0.21198908464892982 0.54590211762734164 -1.2906981734851888 -0.2143729426027072 -0.46390885215974237 0.33642079492001747 0.88494634937865635 -0.36949079944315616 0.28761198354062001 0.059493886228667352 -0.11384237634810276 -0.6378243880360942 1.8808435907963472
 0.38139165602525782 -1.4213806213520841 -0.70037936226541209 0.43414784050159039 0.19837004619819823 -1.4951047923310496 -0.39093005810330744 -0.48256263900169827 -0.47307340351135579 1.2567305248113723 0.66706727515826347 0.22831835416174132 0.021355119773391662 -0.68581164016406926 -1.7832782584472489 0.016637786223758007 1.2413019443383004 -0.21742045798532053 -0.20614450730107772 -1.4400990248292429 -0.15967199735718599 -0.40089366183060737 0.60758256808941369 0.21293667244986184 1.4867527048573623 -0.15931933293025954
 0.023359802090526832 -1.1055445457013218 -0.36000022183968705 0.68982004457437263 0.14283234694157934 0.85081966195791414 -0.31293034363164179 0.64228434139246826 0.31689306189872624 0.39233779688336323 0.36329238071392689 0.94753429684720214 0.37938588948439195 0.14710459789158395 1.0986313223014084 0.21815274263941642 0.36915062127697679 -0.61968986283443384 -0.36026859179826981 0.37742013478977265 -0.3894425851472173 -0.93143942562618942 -1.0131489618482765 0.40682414366540953 0.73316939495392819 0.056999489268477713
 -0.23671328038793818 0.87271241402554045 0.53522618639340613 -0.44641336895161104 -1.0885197658246315 0.25184995753979583 -0.04160877334818365 1.1049831106306811 -0.61642965079920209 -1.9034086297180206 0.67466040239246894 -1.4295678340679108 -1.0988663034730695 -0.97330630485300462 0.12484504027804148 0.5995554562389025 0.69894253440434373 -0.20108348076760249 1.1878908661184475 0.55881624919155493 0.6426327832066161 -0.58583719257305455 0.71329964290362613 -1.43644509422301 -1.7993435589047542 0.99869707045476086
