# Created by Octave 6.2.0, Mon Sep 12 13:29:56 2022 GMT <unknown@LAPTOP-P0PV0581>
# name: Theta4
# type: matrix
# rows: 10
# columns: 16
 -0.022146793292630054 0.96163100760850961 -0.087537604050539161 -1.5727833255060499 1.8579927887251346 1.5317491703477386 0.77555223320119937 0.021234849252682805 1.283234449925154 -3.2142938551280622 -3.8577782434648822 -1.6806323906242995 0.54194511031181614 0.68962057173619484 -1.9630194202911873 1.6453071560254788
 0.36522323777237437 -1.637405751177734 0.45797906756853685 -1.2305729639921914 1.272548084620436 0.34708309742995747 1.6488043852897847 0.048962418754283137 0.50130617944254974 -0.52560503561931038 -1.3384996694407236 -0.7538145322505273 1.8560197848224245 0.7215941331978255 0.91624128496471824 -1.1762243703867479
 -0.080803679459899053 1.6080640342215744 -1.0984635893089223 0.84906876316525925 -1.9266433763478878 1.3594301477702611 -0.90171164775444279 -0.89785897064537645 0.38554092001118678 -0.68124393892146184 1.1366895967608353 -0.39444640995456876 -0.62465455466024389 1.3714682938006617 -0.90500613768556748 1.0741155663967219
 0.3849443846866073 -0.75552008334795162 1.6826230076816036 -0.054771469216558157 2.7045860021799228 -1.6485126144582489 -0.65522090201381933 1.2879495277974597 0.25491728367081157 0.035188540679954521 -1.5682970269314902 0.75160692568130261 -1.2757939609898652 -0.49750500321550845 0.70606090468724425 0.81932353193956176
 0.17013356784101571 0.66919898347511875 -0.64167917525186524 0.4380158683940687 -2.1204773571745892 1.4060168881779145 0.5084929131818392 -1.2893573201320694 -0.36207795938099174 0.99053245418870972 1.9046220277965002 -0.54769192666297628 0.61404123014173428 0.41336653375237409 -0.24849871512238472 -1.0408319171303317
 -0.097466174052785154 -2.6716327617380071 1.0932391598562632 -1.3537258728160313 0.92685456988451165 -1.0193625205573023 1.8550705069687696 0.25863461091043616 -0.89545400045656542 1.54409446551112 0.082946020824600272 -0.2209564777232163 1.6679201760842399 -1.2777302886335011 1.7744595159965562 -2.1503584189800367
 -0.1692939654545422 1.2353713649144729 -0.71938185211329519 1.4981166248172146 -1.4251181736879364 -1.1905658824848258 -3.1716608104379849 1.6922317966649245 -0.46858802055901599 1.4612622410725995 1.0321423174056887 1.6328282847579456 -2.0991171545935892 -0.56639395875908527 -0.8533803686072825 1.6694108466389903
 0.14255772066875175 0.74356513981645267 -0.38723809995846548 0.52374848805585128 0.51385037530582789 0.39660644687300223 1.3101137540023697 -0.98291340428800222 0.7512921145253838 -1.4093711251252805 0.055536955854934775 -0.3153319222345049 0.70948787322637774 0.58985928606624627 -0.21305025283773746 -0.081388343605089133
 0.20486296938074947 1.2851637880433366 0.35679920179225061 1.0543042245160306 1.3285175428152141 -1.1635022347144839 -2.6017219055048182 1.4203090374017862 0.48430661527701363 -0.27117359030355642 -1.0626734336981065 0.81687751345161441 -1.431825370160289 -0.027222934503285647 -0.98966297054259478 1.9095273868087417
 -0.73362946015685015 -1.6297862970955479 -0.89296262599532228 -0.22937997753422928 -3.1992411014353053 0.026153747891432662 1.3534419129305122 -1.4078422191332862 -1.6142261520343957 2.6316626061649155 3.70968675192091 0.44255408572651334 0.25677070760014198 -1.4528539440777302 1.793577400379877 -2.7318168974411963


