# Created by Octave 6.2.0, Mon Sep 12 11:47:32 2022 GMT <unknown@LAPTOP-P0PV0581>
# name: Theta4
# type: matrix
# rows: 10
# columns: 26
 -0.72805388977661989 1.7598981979985948 -1.0927061967217897 4.327098984131486 2.5051079983236675 -0.57810576609796971 -1.462367824366112 0.28682447145118611 -1.5504943595163196 -0.73744101448217225 0.3021812499921902 0.75878311235878482 -2.2286890131059769 3.0181357810347849 -0.092498691822278364 -2.8083002885199071 -0.29165606089312462 1.701543559577521 0.47491625505684232 0.29947911497849622 -2.3146198746123612 -0.012375978805864399 -3.8169143572032258 -1.2968283495059472 3.7643746821187771 -2.3696572610369793
 -0.27235952727500873 -0.095334693088697839 1.5559774001462265 3.068507963559441 -0.41298765516306313 2.2545921620439051 -0.80792842749191485 1.7928868956365469 -0.70198221168900665 -3.123477725913328 0.3392429650297385 -0.31620098039277889 -0.68783087674061905 -0.025327441127211709 1.6394592519727347 -0.25122722245556184 0.23265492971368926 -0.14091899391116752 2.2853475015667128 -1.1623739876991941 -0.90387853306614296 -0.80095332000956743 -1.5489676215467276 -0.75825421108017421 0.93176784140039548 -0.65726662534401803
 -0.9305454421101359 0.34101955532799855 1.2440288896820966 -0.1016742175642619 -1.1767784225396689 1.317733644567358 2.5246816996735921 1.5728649112678112 0.51236679796200735 0.45520867756443895 1.7873811075768491 -1.4102895242311608 0.12338138992274153 -0.67324321364822481 -1.32970162731492 0.16931019444862558 1.6535939262713695 0.094548654795865536 0.35608721210239047 -0.11118146438488134 0.29507643023510804 0.72432653403068104 -2.0331119487312641 -1.3860175867530233 -1.9317171435419402 -0.9038240559653774
 -0.27384752847551219 -0.073998955629108548 -1.3248789447893525 -0.46516944918297043 0.85218045804311149 0.82448714611194474 -0.1624969452853261 -1.5610920832058988 -0.24561981824450874 -0.52385755884142915 0.73527384934618378 -0.87176377271108807 1.0074624118721898 -1.4151584602568459 1.6293137925495895 1.4085718064843002 -1.8751435430323447 -1.6182337779726934 0.038308114393841866 0.66597744844520401 0.68329566863854474 -0.073930288370726988 1.0395893416411996 1.4718852640617641 1.197534102544014 0.5457904139641826
 0.65511329856035305 -2.0589794577549085 -0.19867463910934113 -0.73777568469975052 -0.2105577649879988 -0.014018827182479633 1.568550292929211 0.39379547565610079 -0.13736059987238017 1.5069425537228507 -0.67513773937368837 -0.58108388855623927 0.059398641957437139 0.081190754107062196 -0.91820203652687538 0.60778090886115932 1.55591277590469 0.26179751795264278 -1.8893381983736202 -0.98822814031190087 -0.070253249061308823 0.68794817143002629 1.1890145024330758 0.46357193278643244 -0.041405568912486007 1.0070940312087668
 0.30029447883195864 2.7619926368694832 2.5859193178474738 -1.0910499922486898 -1.6952797854842363 0.59048541752070971 -0.50045641994458279 -0.29836931814526252 -0.83589917922976242 -1.1788186923054573 -1.0792128686589839 -0.27677867134341616 0.66067127690797378 -0.42460431858843656 1.8269174997880981 1.1500610290801778 -1.4505332491481528 1.2355108645074597 2.167609022680931 0.46997952494114931 0.14797651155348651 -2.7458222423810237 0.4838449632195776 -1.2675318679556156 -2.1550321235345153 -0.11054401385630885
 1.32353087809575 0.68029316038570453 -1.8727810656220905 -0.91362468560329535 -0.88987540949833221 -2.901522661066076 -1.1526586315108138 -1.8314019791161544 2.8762790170798467 1.5919150182975192 -1.0196515727567101 1.7144179953268792 1.4249650960450331 -0.32997359975625801 -1.8176910427675612 0.18401805148129621 -1.4110031874401974 0.25987515570418107 -1.1678631411525573 4.0618753207054379 0.34750934137387279 1.368758609989325 1.9869424870805297 -0.49698592191290575 -2.1430646100452462 1.076740447837383
 -0.89655886778257543 -0.13483166993069459 -0.41928939767008988 -0.70708473059326482 0.49927374425905185 1.2755007614252847 0.85507304478270119 0.24318247422948486 -0.3417599002469211 -0.33270045446584823 1.6864931735231325 -0.61402862669235181 -2.1617305507103364 0.54725675438250665 -0.5140806928696614 -1.3054292051297407 1.6580537419740915 -1.0610289370749479 -0.10048182766580364 -1.34505513825699 0.27632714265125902 0.48039834092224898 -0.16879414582273505 1.8037278728689208 1.8925526489698425 -0.27595415009319713
 -0.1606987267977355 0.34727212433687032 -1.8473402436060482 -1.6848672220265084 0.89099087931303622 -0.093523945767678612 -1.1419629112276082 -1.7341902818902457 0.77283966117942282 1.1208851497510612 1.5317507768343577 0.055919772391523889 -0.043854084162816685 -1.6916565553078999 -1.5516297781279385 0.86451065439154906 -0.6145441911256484 -1.1167724240734389 -1.2085489203408568 -0.17110961518032172 0.60949907051077257 1.5048318575767672 1.9430142317964227 1.716729779043487 0.81892166821904022 0.29277437163773912
 1.4187031923224764 -3.6737693610031048 1.3414021334677411 -1.5385725204452201 -0.46622647341594747 -2.6986328411587257 0.3234028798883114 1.3192068060112501 -0.27683654237978045 1.4047439965887705 -3.7806972012274058 1.5479154201349357 1.8148097168327797 1.0496496188297517 0.99116404621938681 0.017207261361452633 0.72694915211415212 0.5083435503666055 -0.92437216742587658 -1.6829652477246211 0.88894196168310136 -1.0452353684262319 1.0165308075532677 -0.28326979249034356 -2.4457967635163453 1.5768698679039497


