# Created by Octave 6.2.0, Mon Sep 12 17:50:31 2022 GMT <unknown@LAPTOP-P0PV0581>
# name: Theta4
# type: matrix
# rows: 10
# columns: 56
 0.076333007705182768 -0.91458322231319533 0.6135593405723172 -1.7775879299615338 -0.61048481444697267 0.068091793426768452 1.0114297196951023 1.7395514488723394 -2.8792866979285607 -1.4375227935909833 2.423334310027208 -0.70094351487038153 -1.5121623349831679 0.66905737911720875 0.069869557654161377 -0.094536823062764661 0.97316656562731929 0.54667128907866025 0.87526039392503396 1.7294635074762019 0.64841146943333072 0.82953099952248521 -1.9649255759399564 0.62263369378499389 -1.6842528701173092 -0.36230502646971285 0.021924006209058603 -0.18466649832405208 0.38845311079076583 0.2993096020931546 0.30853461848713692 0.56926077298041855 0.45664822780475206 -1.1793525928412987 -1.1015523331799859 -2.3813427876153272 -0.75259137005560817 0.48202473543521479 0.03425196037908057 -1.1630515683718288 1.5169886716657448 -1.1512951638205875 1.6902682199306853 -0.92279146064269757 1.0885092402319254 0.56859372915745621 0.90783920550419095 -0.93439201602974653 -1.4009690980940632 -0.67714895899241301 1.1097752613454508 0.80955595808328218 0.52500391702282301 -0.51998431225979191 -0.65343512782746238 -0.83978652083433492
 0.027553031233109652 -0.98254829331161897 0.34525065104224434 0.15149528547577554 0.13106746736052022 0.55008492675296239 0.050841053853692093 -0.29932766695575747 -0.40334458259718842 -0.51536790688322454 -0.66671225041763416 0.066829567046852917 -0.94646345613692018 2.0942161249751061 0.81513884291782435 0.1065239450558375 0.076108711807718429 -0.06700356810973411 -0.65313940255679581 -0.36611168720273313 0.44011994506159108 2.1787599671746087 -0.51777629680019177 -0.18570704204066585 -0.11894575659856746 0.19645637698490495 1.5533236879873391 0.23684232124719193 0.65871800072927045 -0.30648817212636759 0.27442526853058047 -0.11128052290931803 -0.25644444335162525 0.5967175088272999 -0.57258911535123413 -0.32070707150372491 0.5269055551257309 0.3828673859088072 0.51931079536680591 0.15752077230468775 -0.40446137846606456 -0.45247782772515766 1.0007139265544578 0.63186719359703614 0.21073223356358228 0.24346542720536293 -0.10393083243393228 0.64450158463664098 -0.15934337296917209 -0.88654970507774611 -0.15053180268939373 -0.68450868776531071 -1.1104466780477604 0.21982579633156485 -0.50880416783992599 -1.1462771438113668
 -0.1132882492939495 -0.63563346088162742 -1.1730888658321126 -1.09346203179235 -0.064396193530655649 0.47632571347771652 0.9092192440916419 0.0027245219891844888 -0.94925448714761085 -0.34533599014269178 -0.47376181678012996 0.31432896996180842 0.66116148933524133 0.56174069814630712 0.53865951728556738 0.44760783039496521 -0.87941492256283205 0.090080193085963808 -1.3345460859765581 0.2872227763076029 0.84944583984812805 -0.26040838534054978 -0.71455865849564648 -0.34345162838216858 0.64568460486878254 0.17710406851553878 0.50861773562983326 0.31899633529657917 -0.073600890473427855 0.11160233246403067 0.19730934111385659 -0.17584914117480149 -0.3461540025553046 0.92915913560769392 0.072206321882996499 0.27451789371780505 1.2845479591217874 0.35913419849150563 -0.33599327886836433 -0.065397049847804367 -0.9532476244231799 -0.39840425817577962 -0.65150907683174175 0.7655378184308359 0.28980126299208847 0.46784534199728778 -0.368613108788796 -0.41432507624572068 -0.84747359919002185 0.81294394381681379 0.71911616842054737 1.4473930533198098 0.85921696220004851 0.027901117670220781 -0.12095665162355129 0.41917284488388445
 -0.086014617234366542 0.98027565675621464 0.59317265578317047 1.5622689742583202 0.47719850851976048 -0.20682361164262744 0.61808089073431116 -0.25703740605898723 0.76869721663278467 0.79847619722942809 0.062017100164092773 -0.37909921895515408 0.077574751644768722 -0.5274559068981729 -0.031286338393693998 -0.67549066396249069 0.11275315255388603 -0.5522525794041877 0.29413427362410582 -0.71006564300779518 0.064688686790089323 0.4087421329684342 0.22704462338970491 -0.50312857630652796 0.63166858937684522 -0.62809395527517764 -0.19321956092157877 -0.220095006070119 -0.34611734248482612 0.30115693419240464 -0.28582101330829535 -0.54819956899981293 0.32911531052199378 -0.68487871846783055 1.4681685540752432 0.19917803296594311 -0.55241539703316822 0.32637270480849645 1.0205607762765858 -0.85996646842671054 -0.18660189924370651 0.13441363650783755 0.29580794196427151 -0.44607998535671012 -1.248214586927874 -0.76951335015686484 0.65878565524582233 -0.47818357078351575 1.0097599061189366 -1.6318972419514957 -0.25256530519539033 -1.5410472610788395 -0.95629692770517349 0.60537135226308214 0.13114496863798239 -0.45308707995438713
 -0.0058394818892095121 1.0273333027146592 -0.24473453709673773 0.23539750791204297 0.44244513937193464 -0.69088828632193211 0.22253258339313214 -0.53409411285665032 0.14397253639272908 0.24506117804056349 -0.44314677027842336 -0.24207368452586747 1.1232120036922462 -0.59831263222483189 -0.085580693250919854 0.88605454225570357 -0.28440963944823455 0.67498891358901847 -0.21633977732980877 -0.23374374352300847 -0.35113020548633034 -1.1703031766687788 0.87406685222339608 -0.31685732329944455 -0.78573543034039794 0.18261077264808465 -1.1291617383685613 0.49776807041286636 -0.75270141340978525 -0.25401567090555494 -0.46177479533546495 -0.26866597234440814 -0.15679850180399715 0.30916048831804999 0.25646267366002518 1.013304583875833 0.6962795227744889 0.39401746213532968 0.27710631737953645 0.75578142339433041 -0.74858921454540428 -0.050329871931273369 -0.4849054979252243 0.16163209428874048 -0.19961272873982933 0.34000763279333307 0.19306941159950172 0.46875412424545054 -0.58938746352402827 0.84402521120637486 -0.11147352093713621 0.35532581732009894 0.44577172902153778 -0.19016457788608743 -0.20198574871882649 1.5682856187825016
 0.22198303044802842 -0.18878335492598264 0.75535176536131765 -0.27281874392002958 1.336394155360866 -0.032695024135936106 0.10898104426562985 -1.2361763889723851 -0.27548546370917509 1.2445729054136312 -0.87285265040849058 -0.70450482644463885 0.9317707362519444 -0.94289239375384737 0.2261614235459608 -0.42302535812932057 0.61471176141703621 1.9396012073986177 0.87906616866701237 0.11597248998403506 -0.23233357948570316 0.42474219483431891 -0.062761287377440883 1.1751047826478511 -1.6698918072134998 0.62594804082856959 0.99993710850035034 -0.43377328077748945 0.034595585312935107 0.30396111870225645 -0.25803314983238917 -1.1759805400295216 0.32978604828043206 -1.4711655195260744 -1.6770931515326259 0.35985437916082008 -0.66697989555971726 1.255173004343614 0.92058251580812478 0.87164237385556043 0.18448428239690012 0.84553068025318012 0.61367110273699932 -1.6434544784003036 -1.5342953257002521 0.50211960425537039 0.040904607614795661 0.33010014765556722 0.079469309846281394 -0.86086538152184011 -1.245790668725369 -1.0873804252842012 -0.8340467421309663 -0.28548350119705213 -0.92503166737599141 -0.52868848433009208
