# Created by Octave 6.2.0, Mon Sep 12 11:28:49 2022 GMT <unknown@LAPTOP-P0PV0581>
# name: Theta2
# type: matrix
# rows: 15
# columns: 16
 -0.12557373974786523 0.77281459619079074 0.1313083394146049 -0.26632205167250178 -0.59084991527426911 -0.88408187049376818 0.1932152681773307 -0.31863236268904283 0.70920308700710644 0.77217444795318968 -0.22296118323458564 -0.17555779897559831 0.0162857816812184 -0.47993487322101142 1.9720592042468081 -0.3216367960190939
 -0.31249725385984961 -0.10018497217029673 0.4315443872439419 -0.095495671548923036 -0.59653496203332568 -0.1493457111254709 -0.058162962463856778 -0.39924364707822591 0.35578606633072074 1.6765061136916661 -0.38122006769089872 1.0053830822571261 0.24500502739697833 -0.75977530311088737 -0.13879875408562642 -0.90208147007356654
 -0.14318733688929652 -0.30026460467960414 0.41760191490079135 -0.05872705922235423 0.0994295920857724 0.069260025632851871 0.0065455449587152516 -0.61995265739599781 0.036252183921784017 0.83870971694953722 -0.32991671738874606 1.2558451183502055 0.78529373068154062 -0.071951658734010035 -0.5171860301878678 -0.41805851929612214
 0.10586915754749313 0.7037856571056893 0.1062107061538015 -0.53018759507586433 -0.0033986970594271958 -0.24215363767037684 0.58381814119542763 0.3223957573108957 0.044099096902592769 -1.1838151906764016 -0.10268654234644699 -1.2211484116778402 0.21293672663133745 0.33695411499174721 1.2362168707523002 0.648232959020132
 -0.31718371984458038 -0.24044010794429135 0.30811733778637113 -0.40547615409786331 -0.44840144019702549 0.0098336141107492336 0.075451861995170469 -0.59547365377807437 0.42610485656880764 1.8233373072715549 -0.48054204475235801 1.3103956218540234 0.52045428638943492 -0.59633336587047547 0.092549005705553966 -0.71135596407785917
 -0.038161758545421295 -0.37635424838865889 0.48365155330338305 -0.55460070641818793 0.4114687076321914 0.17079958437561985 0.11912215332726289 -0.39544221663939677 -0.53429831996920862 -0.69720536043926673 0.080461790709950895 0.34927049757612533 1.1391829726592981 1.1393521771614998 -0.34775200060116729 0.076358858930929238
 -0.024435645099059274 1.0504671784558708 0.5500462560631304 -0.6964962806788173 -0.68315911257342854 -0.94504548221824369 0.43781136604475585 -0.59533163050415527 0.61071763498504861 0.43404948512597558 -0.84031243500138897 0.4141409522063173 1.7668727059203642 -0.4180200056457587 1.7172993579530917 0.07711718521240192
 0.017275368153672775 -0.82665175481577891 1.0810501262496628 0.019083442037637316 0.91358364032170125 0.80780469208952188 -0.49880511996254684 -0.20585964109107752 -0.49925576001622179 -0.83929962645013068 0.83574415806609004 0.69732755596966833 0.9923489304396278 1.0020458897856059 -2.3814204302336961 0.15177597166059725
 0.0085718706394746196 -0.26907373920663025 0.94212244329442429 0.17922582881230661 0.16181495720916753 0.28538628010983452 0.12084466674252292 0.044707163932061054 -0.4310786436131096 -0.7398129333459873 -0.15065796652413954 0.36629955218195698 1.2088060706413779 0.68806420554047576 -1.4651095008155961 -0.011151494379263483
 0.11962961687086739 -0.89324646395370211 -1.3702921602202234 0.19471506153489626 0.58276808300400973 0.93640386384941499 -0.46577767800754677 0.322464461912219 -1.1427792147393474 1.0714815435565632 1.3091733908427252 0.28721064041982952 -1.8297158107953351 0.012651107260282273 -0.84265468885621253 -0.12757833125960677
 -0.21486283756088681 0.43049913807937285 -0.027032348279120232 0.010588568997889253 -0.60274459685129256 -0.32174206935665117 0.23502122406791945 0.11412504260390392 0.83995573641869725 0.9955666372932902 -0.68963137779588846 0.44943495809065226 -0.23207561180579167 -1.1739345442315428 0.31574731830407693 -0.56630497056266038
 0.23054962706148982 0.63633121604203269 0.33228234330992912 -0.63730077939044916 -0.022157499718326978 0.11279243094304731 0.0096249090344983079 0.50864610704987345 0.16973635079044863 -1.5656836383837567 -0.015706363268980301 -1.6393144466198728 0.36634323073395619 0.89065996103187772 0.82752340142997838 0.87879360904281745
 0.14596326742906518 -0.4136444396274212 -1.448285985906943 0.8017962981946517 -0.012887446632603078 0.29201468509893297 -0.110693388818349 0.50807282832148859 -0.81483164498849658 0.59094254459803597 0.71007150981796763 -0.15477473066542818 -1.9889209029338943 -0.30456231437843534 -0.28882766576703517 0.0057114334924119438
 -0.3609468534058542 0.77356232181831874 0.18099920815644263 0.065567005001508374 -0.28208105384809323 -0.34859695779756406 -0.36640828528352465 -0.12750552640112739 1.1678395994095743 -0.16094270804104086 -0.92759762164507231 -0.61633739580846658 0.01668348399604443 -0.71678567803369764 0.67818869243228153 -0.18780764955827414
 -0.16196354745245878 -0.25005014260344954 1.0332015902802825 -0.37094809084805891 -0.14343008969571319 -0.431142614049837 -0.041676046767155639 0.038909062476105823 -0.15495110849603783 0.32654304055819949 0.35517382005352716 0.76669794577644257 0.54230604991060727 0.042284740222963448 -0.57509914383595195 -0.42071786971882297


