# Created by Octave 6.2.0, Mon Sep 12 13:20:11 2022 GMT <unknown@LAPTOP-P0PV0581>
# name: Theta2
# type: matrix
# rows: 35
# columns: 36
 0.067828916090577757 0.49426230005573868 -0.62740424794058436 0.10154517655893909 -0.45210126978106752 0.51005432117485383 0.42304987714719938 -1.2435102527643844 -0.62102426501324592 -0.040944808886426085 -0.63049763476544018 0.10493067981295741 0.35707314609556101 -0.10808193006848257 0.2465553759635474 0.53963649027166538 0.63191094102303669 -1.0356894191406776 1.243172035565512 1.4538775078150681 0.40708422494939861 -0.29760780049878788 -0.51144382428585655 -0.48320168293745103 -0.27434192804980589 -0.10086254184049639 0.14086110228625706 0.164196081484909 -0.850732974620801 -1.0681262199298034 -0.93885349173378507 -0.20511347468548424 -0.22271450226463257 0.15768370059740344 0.033135736751531947 0.43559968317924713
 -0.081038819429039025 0.094644432120921829 -0.81827581023794194 -0.18450795236983747 -0.46941502936615059 -0.10077024223920876 -0.32987769594626465 -0.020987149629668883 -0.072932319153566599 0.68568895899335336 -0.22659670700344375 -0.0020358314660947363 -0.23419418593583685 -0.35687820389391195 -0.10080068076917668 -0.40774972084846733 0.76582160889009632 -1.1436209658396717 0.023197304473504776 0.72862467055353142 -0.35315652252505741 -0.078894362916234459 0.39167666077781377 0.3137489099162345 -0.0018124889257087316 -0.18857943695773249 -0.017886840780877034 -0.42626773292634113 -0.27687256177306407 0.59215642638568156 -0.4573867541016623 0.12145672801438311 -0.2184931883141884 0.39351257003995688 0.29538053015700561 0.50332052163953933
 0.030527967305207366 -0.35033447198549378 0.4828013431617697 0.3564859234840253 -0.74915931032456684 0.21919264090634366 0.71911003610078106 -1.2356075299939977 -1.1176630053012453 -0.17054855859490434 -0.30910956507202419 -0.15106098718056879 0.10370111006144811 0.18595673929630635 0.41307135583669935 1.0744606759812738 -0.11887291822864066 -0.7369837638003971 0.91544704438076152 0.8495400790616835 0.048398550003688215 -0.74925048722736898 -0.87549496710984642 -0.049068381980423924 -0.1392934512013401 0.12382827647304841 0.20674113131973282 0.63550506986821942 -0.79609811466455427 -0.51084231664320445 0.6334155151621409 0.0070312029126176163 0.020044290960580632 0.27851863701687357 -0.10894188222264675 -0.68411642196748812
 0.021506428283697324 0.30415863276053967 -1.3466507540693493 -0.53265133782687568 0.32840154336533534 0.18075335274202872 0.22260296145663122 0.18934082331475519 0.8997258829886704 1.2709124918631043 0.22377450371729624 0.5547492776604257 -0.75384451962112009 -0.3895644718981523 -0.96462476624244919 -0.31286089629028885 1.0829840750233242 -0.78146050688243107 0.1620922305098168 0.12160609872614811 0.066687247327643293 0.67336327246903593 0.33299097860003757 -0.081921533197722385 -0.36976150611858632 -0.89364745846451599 -0.031534287635901694 -0.45536541559174176 0.42719754377415409 0.8521560761653495 -1.1617244221310277 0.034775151816277536 -0.0067873060151801591 0.32779187390941167 0.099640557865039711 0.64450349855090494
 -0.23332004525090602 0.23983878925429714 -0.20188205311924576 -0.074932369122712839 0.069917119026049607 0.33810405077475425 0.83061912466508958 -0.4431938599111272 0.19733398701231356 0.64202133469306566 -0.17059206941958105 0.22688370371993494 -0.44157958933908026 -0.93360198516674464 -0.54514196317191954 0.013013965363210174 0.62067426022501482 -0.94621069076843423 0.32839212493695197 -0.14016608896309221 -0.30975810999230163 0.56290190328499479 0.68597716477038417 -0.25335853278943749 -0.38334641375543071 -0.4539677116122437 -0.029310115215599144 -0.72793017415117378 -0.40623746339002365 0.61169154450575181 -0.90642719057304055 -0.060673396933522347 -0.06260450952529345 0.39542096985015845 -0.10330377321838981 0.16628229606973663
 -0.048236029995101723 -0.23626891662519808 1.3963060489457486 0.27538778994709467 -0.39371569059664663 0.033558735341232715 0.70611128079691665 -0.95397571402200654 -0.4089899107371896 -0.21284985790272051 -0.01097124882830227 0.089714985634594749 -0.47685161357351408 0.18932250644563131 0.17683501224130496 0.7494196535242843 -0.16165045923566571 0.19577511112543722 1.0555681793594647 0.15263134634962325 -0.32126554778548067 -0.30535018795966068 -1.1765347995704012 0.16989403696733113 -0.38421113318974615 0.50841591307551426 0.29060682535438431 0.13408586177057003 -0.34912084658205589 -0.60398318149421149 0.86017182470199149 0.44413212745242031 0.015736400405168625 -0.12895666824122257 -0.26012056889997859 -0.59494071740480792
 0.024045414192279391 0.77233264362814524 -1.4259913760518286 -0.26665697337364785 0.018202630762480115 -0.14238214807370453 0.75516763534506159 0.95813438635034331 0.46128238017176892 1.0456718445558901 -0.29125419996369456 0.0615691723577515 0.49548820265558369 -0.5826843331254925 -0.28827158828669264 -0.6923240618075357 0.3212915127751016 -0.85303329037156139 -1.1621091449818743 -0.39491727105227253 0.16189987288254301 1.039011706716731 1.203461251666909 0.19396730309565283 -0.20172455457127361 -0.055147731009726947 -0.076953823625632703 -1.0001333798444023 -0.51941650293089325 0.79578629812494461 -0.52059469728742469 0.32552475391612523 -0.43924755145097083 0.50300892876687364 0.83734157603843562 0.060882941445337929
 0.016756034262976355 0.14787352480094043 -0.87667686778539489 0.14232492283634776 -0.019953643228283257 0.62021358771657642 0.75363342431146041 -1.3528137710799786 -0.69750085520127525 0.10405821451115618 -0.15835984816430845 -0.1513718968152552 0.26285324357784962 -0.28571502961565426 -0.66325014950099026 1.0788940298506153 0.5749690521369698 -0.98935480059759306 1.1262455718426647 0.74078601530240007 0.3699363785219506 -0.50550311370236223 -1.0759946502119191 -0.63756675576538691 -0.18226163846724353 -0.58736568750839158 -0.043101995292815574 0.8453774732033954 -0.28721424201257562 -0.83791314195183497 -0.36529501354020411 -0.76932472710103383 0.68668715088743681 -0.10562774007335547 -0.46211506672886793 0.30131773733941691
 -0.13661575419943928 0.27903189480252744 0.59161649993648524 -0.27440460054358562 0.16476313634982689 -0.61557962910419206 0.015492757809059019 0.90261351949914659 0.91177373446851839 -0.26818069753392182 0.90751998945888757 0.52581793735567983 0.10693558022789154 -0.26089367783762457 0.15239748108218454 -1.0242760870911722 -0.035789434428456925 0.97645255202712611 -0.52002604657717644 -1.5119760836832488 -0.72584495630594148 0.95612084024017829 -0.04728497258103468 -0.33800456725522338 0.13081367433178212 -0.12751688010218235 -0.042443400458151086 -0.12688861612667296 1.0018923834350657 0.63040381057481798 -0.25806585367211271 -0.26189451599897035 0.66319374746303728 -0.095958593515504342 -0.49195967795871015 0.18847200009265966
 -0.033911177334390502 -0.76153818423059294 1.1444241923193539 0.23843269750534238 0.38105763054553599 0.17540897661897589 -0.62820101467345191 -0.10685481434408997 -0.21017162489785124 -0.350432505400191 0.3538479182827407 -0.4986603968676947 -0.75596291587574982 0.93427702508927168 0.057875548912381322 0.49580635469716 -0.78604187729257602 1.0536531501963082 -0.042455766177225338 -0.57410736203378465 0.10722725194901077 -0.37886087016704478 -0.2286282387716711 0.20440837009759197 -0.083565195600843009 0.37484998826093496 0.098089917271546298 0.20620736400273135 0.1255945755716521 0.1233490871267859 1.1057065316273005 0.41741541752146483 0.10986538776872887 -0.025967259615217318 -0.25369756727980242 -0.52202556106925069
