# Created by Octave 6.2.0, Mon Sep 12 16:08:14 2022 GMT <unknown@LAPTOP-P0PV0581>
# name: Theta4
# type: matrix
# rows: 10
# columns: 26
 -0.99699731547396497 2.9293255139065177 -0.79295053810319205 -1.8607391023532649 0.21556202036915625 -0.92447382036899095 -1.2124855887981865 0.23909346821364283 -1.7554479437309589 -3.9664009647861271 0.79845446535064335 1.5031221193189848 -1.6668275710014695 2.5176311757173333 0.35934726566327657 1.0466256345391469 0.34237961910832465 -4.1089449503603657 -2.0308406866131508 4.5073447760563061 3.0917088442001721 0.59763716954422985 2.3245785735004367 -2.0567156995475986 -2.763197842069073 0.52456984646924387
 0.097784670394611375 0.44701340394402644 -0.76158130338323649 -0.74792317658953444 0.49216897348270944 1.1887739353968223 0.083530420482490333 0.34387863379017269 -1.0630274045596884 -1.2457902233590705 0.52743946467048619 2.2220830278399784 -0.25880632035100049 0.93039868834365402 -2.081149985958934 -0.3566013698500563 2.6553889485496027 -2.0264578931192738 -0.23412929079945888 1.30656251887841 1.2337665467970209 0.45833163288946649 -0.92402063084594399 0.85898165583269182 -1.7107088052836419 0.25556426213398498
 -0.27810546651694357 -0.50490711191720372 -1.7313241591439925 0.37484158621828506 0.5766369657198771 -1.0310506254265954 -0.54875304591709528 0.79840910464335546 2.2489658290356185 -0.47574976853902762 0.158947931414546 0.58757255300474365 -1.745454701917547 -0.2866824512523336 2.7561676046293933 0.54658247235366408 0.050200934498451533 0.14572346008613962 -0.02708858039392166 0.48683463139668937 -0.18310412986359456 1.4189432191434259 -0.44512880227317869 -0.37271583817059711 0.45201332693405755 -1.383293872443937
 0.043939916949654947 0.49909355987640613 2.1688169166718274 1.5606839302700606 -0.32931421951704609 2.2607405509991652 0.0034724362244695512 0.24110257511568167 -0.80116993388732827 0.03596717272361219 0.12970028859513213 -2.1036258495613374 1.2560683075810641 -0.043749936449354682 -1.2729261675929111 -1.2126133843533571 -0.84855922575994003 0.35995089332680097 0.34561397804173161 -1.223408147025145 -0.4587207240959098 -2.0737716833990674 1.3195158799003741 -0.7083278944311282 0.92887978617951616 -1.5939315436897958
 0.67040654219346396 -0.9677069757120661 -0.49557102205467335 0.54393303334220799 2.1292218537951579 -2.5927387711407381 -1.5018165510754105 0.90875698015324813 1.7630325605929236 0.58019480485508357 -1.7543344927039997 -1.8699329179253461 0.40717183368764059 0.0041850841081727324 1.6107045397336712 1.0108897832156003 -0.41899544731201144 0.824628244385747 -0.56881192584926921 -0.99812378212968067 -0.63376385136434987 -0.14837276869784974 -0.51073235461679778 1.3920239132188925 1.5593366723123905 0.56970672831213653
 0.11714849324319576 0.23371963892843578 0.83563868155899834 1.2671549492406458 1.3123663564613464 0.52510779207559011 -0.31664485074006932 -0.38497484323094061 -0.63156836609544564 -1.3395783262279257 -1.3736517348320079 -0.92558778205699554 1.1247525012570216 0.4796609740374721 -2.302437622575578 0.79229113141136276 0.39304082413028951 -1.5236197607091269 -1.429873361576699 -1.151034210610653 -0.05696479444604774 -0.38103669397404732 -0.8352392024078481 2.306611467065605 -0.39338623031380876 2.0856659382106226
 0.29606273858801441 -1.4895322876970929 0.53988002737789809 0.8267541201135592 -4.2655867499549576 2.5792814089439013 2.3363354116686836 -0.29688972093973637 1.1040461043005829 1.965508204063688 1.7498182126950228 1.4050497421196981 0.49464029601051479 -2.2463615538126431 -0.76348041371054631 -0.64353624193726966 -0.96278869922856891 1.8586906069029918 2.4159197667908234 -1.8275636416472993 -1.0742660343408774 0.93466041481961759 -1.0572589440129805 -3.0202728156894967 -0.92065929617074993 0.86690922598156228
 -0.04190361093431158 0.42742926597109232 -0.16139463413883814 -1.9452889626011651 1.2584623346214585 -2.0308693768581447 -0.69543578792181016 0.69624975114683074 -0.15158976981231476 0.19763664740411421 -0.34764499714116842 0.16448678325808777 -0.34777116636962979 1.3952113049759809 0.77306859972503206 -0.0064853551821311113 -0.90159537534803447 0.36068924318682805 -0.56765613598663156 1.9956494899815636 0.26083581233131031 0.070211659398994042 1.4447266764849116 0.61974984492015384 -0.31861988620053827 -0.52087885421796809
 -0.090611626955867094 -0.80788973226453709 -0.2608737547327154 1.1191305820862538 -0.93788632916244397 1.3267001776982759 1.2535915676967524 -1.5944306754922091 -1.1815168360643085 0.69932202980025815 0.58370977807833491 -0.22793182987200555 1.273798885211525 -0.74016489818425646 1.1538889252473625 -0.28234231503325519 -1.4102925885536293 2.8931355633308198 1.6410032834894639 -0.82534921622123403 -2.3763941884400968 -0.90698685146725722 1.1322096771844823 -1.0256660842218224 1.5728700442239734 -0.34719298578598023
 0.30736331353851715 -0.81606873486297205 0.67407995754521421 -1.2493627679444672 -0.36345510036290568 -1.3699486154471274 0.42825400708378469 -0.96659269796537794 0.57305137206066881 3.289441407212756 -0.47763955374147166 -0.57859367666712391 -0.65044874817709053 -1.8669716580633615 -0.32126716837321417 -1.0424377177804169 1.0110961382104708 1.2097311625863121 0.65781030581159583 -2.3506399386907209 0.053093830215522123 0.1072360328889088 -2.3947993168696109 2.0449965523504297 1.7199181182961596 -0.29986635150158314


