# Created by Octave 6.2.0, Mon Sep 12 16:20:49 2022 GMT <unknown@LAPTOP-P0PV0581>
# name: Theta3
# type: matrix
# rows: 45
# columns: 46
 -0.020821677173724344 0.10783872049603746 -0.031070662505701039 -0.060308456574350182 0.44253191129253727 0.22346817883756273 -0.43389558126315803 -0.067471792040445969 -0.4511399905703003 -0.8813633246092929 -0.91337901615239092 0.12661990519589542 0.14916323323620298 0.055393167993856227 0.08114344238746922 -0.19165222405161875 0.55413561919109988 0.050322928432665011 -0.39860831509499201 -0.21865321571268609 0.58716866871819484 -0.065760535996478728 0.36484615710516138 0.32227560012267048 -0.67857377762538085 0.053724784042287275 -0.26668779530398207 -0.43059086395687313 0.063361279811809515 0.57015662715522164 0.055065181163582624 -0.67638237165464921 -0.52414899689380245 0.031130559215414803 -0.4400032941305102 0.38054629060324818 0.045138293432969989 -0.1320890139181774 -0.082237133101677337 0.87208299347367568 0.18104420264569077 0.79297429019646493 0.073352811148279559 0.1432981824530303 0.61386961641636151 0.41000999216507678
 -0.035889803080753652 -0.46471382178872495 0.053645624874708656 -0.1916815752907832 -0.24510097498176117 0.78905395275977253 -0.94333468159025402 -0.092951129008094893 0.0090463949051249621 -0.74596371784492466 -0.60282977717202946 0.6113487490674524 0.21759333278988552 -0.093101805895980563 -0.26613359236851841 0.24850945512221598 0.25515948047686698 0.81622098724199521 -0.36876656107544847 0.013606516893895042 1.26757768011725 -0.55054870302758507 0.26920587555335834 0.26824612867489039 0.0053570048748886453 -0.33212732460643929 -0.18427368331795493 -0.74606649536977898 -0.24366281625928771 0.68105957497772263 -0.64358436234687311 -0.13630479515913266 -0.21754415153276513 -0.38156104910190886 0.20310660325112581 0.06514393309092413 -0.30988155122332522 0.25497086261362695 -0.23575518032433981 0.71581666028665369 0.12491119509106623 0.71078445960084113 0.2420251684409607 0.16569368169079499 0.37566056061272218 0.21165183312702823
 -0.00016084158151920795 -0.011379722919365303 -0.38489870288028094 -0.48655143065266204 0.41939550012728738 -0.36606996220561816 0.20702075778173507 -0.51815823517801296 0.031947209841634565 -0.17113922998606204 -0.29198052295230176 0.51334231608197045 0.059818605122043969 0.51606519225681557 0.063650610428130291 0.097113159698161255 0.58429652668418319 0.55853089012525592 -0.4803184229103627 0.12805942732514317 0.21071463249062009 -0.15541135076333906 0.10691993159389251 0.1488375187012495 -0.37415074955127681 0.037147063809346653 -0.17163310615867369 -0.2709199672798675 0.36751315001463786 0.57213806931393851 -0.079645309560692074 0.01268358214184185 -0.21009272340451943 -0.17945867407071281 0.38208285052777413 -0.40413009848393128 -0.20766249431811667 0.3700026298437159 0.066049058996004301 0.11006519699553807 0.078792868671763924 0.25775465705413503 0.37486581370458888 -0.099531365426891977 -0.25296589638034178 -0.12444393317925258
 0.15786038729087817 0.36589340853931657 -0.47370369978951227 -0.30110562210204395 -0.24658237980076847 0.059326559915130105 0.19662128531590936 -0.062813685336779806 -0.077001612092500851 0.48358381948083617 0.09295934989114267 -0.9021280793852009 0.29523547369839576 0.3590505125393762 -0.33958834889029299 0.032081699019742206 -0.34303242650147131 -0.85497787978827855 -0.22462231910230057 -0.58636564051080931 -0.61423995585425539 0.1591800859212944 -0.049903534958382519 0.26307078931081812 0.21345475610972933 0.39820793331385523 0.42991194893216639 0.19128272069548666 0.16546745881072655 0.10488274897859461 0.27120983773084539 -0.63542796903368448 -0.014038825153670328 0.52529360556781934 -0.71211552561836144 -0.04386244404886 0.46929789745050166 -0.17193209947079 0.20317873859301827 -0.12712743779284058 0.2800997137662698 -0.052378350504439182 -0.016643052983344057 0.23415769233253317 -0.0028229312828088118 -0.08714201171145522
 -0.077957461242335532 0.035704069196374158 -0.26642655251001501 -0.22063758984355944 0.034256813502454041 -0.1854826260173715 0.036237427100902837 -0.42487396064094751 -0.0068223865761273348 -0.17438945669577766 0.20955973704623751 0.58884416684356389 -0.22531983720718352 0.55143275826415528 -0.28559416060508819 0.053485632254526919 0.079501287294706041 0.28236882606529151 -0.26525165187172689 0.41439766056200739 0.33468047247274585 -0.27403205356646199 -0.065764176810161126 -0.28272098100062287 0.10032715606877535 0.16425810209044914 0.23324616998299119 -0.35911862163624381 0.19764784131426369 0.63294970429669128 0.033422969291105796 0.19812004369667499 -0.17385293161308565 -0.099600446359220385 0.47746893561109732 -0.22549978618803121 -0.105283028440985 0.016628630333815873 0.085057981615770578 -0.13266199889167887 -0.019590327183876169 0.036471997419691669 0.30229810710433469 0.17580981079038116 -0.34722493201319193 -0.10200468133797747
 -0.14741999464019795 0.52422789325677599 -0.0050115403300248131 -0.23700023668759096 0.21657936705901779 -0.44872041603779883 0.07550185248547775 -0.23319791229641981 -0.099553897620336285 0.077627875173694447 0.056365579521435942 -0.69453570902631667 -0.065952926474757492 -0.20435792653332474 -0.040018995159378193 0.12780449179109174 0.81250762777667118 -0.36324953468302967 -0.12681976467129311 -0.40046954710804161 -0.68138333667518891 -0.33439683958627503 -0.019688772579505274 0.80456588927400041 -0.5531993059723016 0.49619340913879872 -0.17857530205604485 0.35464633394457196 0.60185617032621674 -0.33400896584638134 -0.01520262675201418 -0.24425379225871702 0.058514582891340906 0.49064924098508239 -0.55893431736544696 -0.3143382229581374 0.24272147158312185 0.19942850415434643 0.12160705049289128 0.3226485171390816 -0.30762629882615355 -0.025418175111393788 -0.29704551481762537 -0.18172874209084985 0.54826684627653544 0.17227914816580528
 -0.049552808660143256 0.067051102745835228 -0.12776090897445569 0.20126361914061047 0.13320640469206205 -0.53223392475542308 0.5806529940351095 0.024204567614179627 0.061172745676225611 0.46749449247076413 0.37138075918582714 -0.69703948217311662 -0.31014949634575156 -8.091824202862029e-05 0.29692670787791542 0.100582836468518 0.10612772033003538 -0.49292902623206558 0.15106156982494515 -0.24520543544973911 -0.92468349127573746 0.21308466459704994 -0.3435526756129697 0.086185740339069547 0.041190321067450388 0.27491591117295672 0.19787531610181164 0.53424832876909256 0.26301974461082672 -0.38222276103149683 0.19955662984284611 0.028601220369942275 0.2538099386829335 0.26579024799793949 -0.5002163871167532 -0.14903695416382862 0.43934272879374214 -0.26125778550951795 0.19212200934954587 -0.19103841015954312 -0.16821948941846401 -0.34914137822744679 -0.10480136975557201 0.077134412661511234 -0.14016026185970346 0.073592647539618763
 0.012469771620952856 -0.054449325918246437 -0.49176253867674552 -0.12839309399053911 0.27951458817031161 -0.18414481021198817 0.26371285321142074 -0.41075419683639708 -0.090017033174135799 0.45342600804899064 -0.34973202394591096 -0.19767324292071534 -0.28007812597210402 0.51068366525906894 0.40315845479298235 0.10509042611887137 -0.25952491290384888 0.4026864658991397 -0.3230323599525689 0.0045394034276040069 -0.19954506575503309 0.30918230392477908 -0.12990436131967575 0.1820389263211738 -0.31980783010030728 0.087974038485365627 0.62424020786978107 -0.23274567558190953 0.11014648949731291 0.33585684367912549 0.32085431876570586 -0.035930136606701579 -0.12233912179480261 -0.44340874086387599 0.26002726410391441 -0.37308838123421456 0.053534864364394488 -0.011273502651513107 0.19784503598828035 -0.044935958157735607 0.2906582155857319 -0.37726280916426003 0.27825135385715372 -0.052769429779586666 -0.38142706573563717 0.024730925365524129
