# Created by Octave 6.2.0, Mon Sep 12 13:01:04 2022 GMT <unknown@LAPTOP-P0PV0581>
# name: Theta2
# type: matrix
# rows: 35
# columns: 36
 -0.089356385436450914 0.25137199086370821 -0.16957697533076369 0.75689078055086589 0.22695898875497081 0.10367845699369169 0.58612232673310949 0.3943561567925426 -0.5578026935579159 -0.24527093954181781 -0.90930634828131085 0.69033932663605135 -0.15918832220008042 0.64399626572045932 -0.27555567902368416 0.42433458871715662 0.17701455078887771 -0.034199104293593019 0.29925847953946405 -0.18506717762498018 -0.26036602298877071 -0.12490239819644704 -0.54855515408363809 0.285286520597958 -0.22627092453256467 -0.30384872117900591 0.68242358560717686 0.49090076284620277 -0.73488665008935483 0.22720903621891672 -0.58667521245463305 -0.88047429438836755 -0.42433774621521991 0.38209788345220297 0.30082627910761284 -0.029203315462329623
 0.11524197684969392 -0.061573052762881435 0.26327541007452354 -1.3269106033329257 -1.4747183046864114 0.011827692493260661 -1.016790889259354 0.14086221042367125 0.71667081536062638 1.012479028973108 0.7694912774201037 -0.056028940770389529 0.58857986393812345 -1.2389799668527604 0.13177076175167823 0.89369238567798703 0.1978820747735863 -0.12060797959384416 0.1604889608790295 1.2019813594239717 -0.74461645610777638 -0.86758214277887091 -0.9798576954710565 -0.89250366900908817 2.0733149349608202 1.3324307693961297 -1.7937504081417905 0.34285885403047128 1.7909417708763118 0.59317020021978983 0.039248299154039427 0.48559526254336294 -0.61775309264745926 0.53990226118248497 -0.78988830696929735 -1.2980631437601839
 0.3472575748112654 0.60041424964032197 0.32785407948989548 1.6402197044153304 0.67191642630913728 0.71117734201056637 0.72805178753335353 0.78632277448271326 -1.4669435154518116 -0.86332780383749441 -1.2570921512203261 2.1322055681311367 -0.071146075455810406 0.30550492248474526 -0.15434914875087974 0.58013479869173978 -0.3451905137390594 0.050365701084949137 0.10373115174858785 -0.76657643430340183 -0.11430490020884125 0.40227612618247038 -0.34225019057339412 0.1681952952475409 -0.8768024719823112 0.86895582996830223 1.0157377318153189 0.30010107080910448 -0.45334175292762791 -0.19774230642438828 -0.44491523935631566 -1.4652437950579382 0.10319270946715285 0.6694797530303751 -0.14186376632690345 0.55879546744790987
 0.16589359247283247 0.11562744994530928 -0.076359554570738383 0.17646463846507845 0.884086965419977 0.40020614613617334 1.0137278472474904 -0.72753984098619939 0.39199348315670418 0.41250298228271987 0.13630781101787892 -0.96085068264999096 0.077272227418456615 0.019820864260163794 -1.2462826847189528 -1.4175690460862294 0.6604525084269498 -0.58242063182413273 0.38597722486850355 0.25625557472128835 -0.026733519000834188 0.24661402731964766 -0.44606187222527754 0.80496793913691345 0.12107071376943275 -1.1184591282934515 0.095676994569273213 0.022985639966809218 0.33207741641069732 -0.26652645974293437 0.19178916437908203 0.10109456040878401 -0.47923359847567731 0.050111162007075077 0.18451292235913386 -0.067650354200958385
 0.00051290464310033666 0.29046647846547474 -0.31954022638492191 0.82613167520678732 0.96150544519838999 0.037079935249512912 0.81426590737932136 -0.61832459619207458 0.27465563430243067 -0.18469484230750885 -0.67692794677273815 -0.92454826750280494 -0.68383511250509066 0.70460471000892355 -0.46581662465594786 -0.85161307165561806 0.31508235986794619 -0.42845872704038429 -0.11023365091999006 -0.15047873905521306 0.19058596115261664 0.44827486515348408 0.26532020559247288 0.88862757881118193 -0.92525382910211407 -1.877253028448034 1.409958910464183 -0.63901210160716915 -1.2875845613859043 -0.098821011892174487 -0.10350518600906264 -0.26990866534843777 -0.16118470648902694 -0.25860154683824377 0.33849347776235994 0.59482091563456352
 0.054240783380465292 0.16799461666939799 0.072010540660292791 1.1123317145897449 0.067784456493168346 0.23748799840275253 0.90411253276256054 0.52613125786658954 0.43008073346511921 -0.65532172573291791 -0.83312321415401713 0.33191745652761989 -0.63124030145741761 1.035459255268981 0.52567630436910073 0.029473357174747066 0.57748602013536321 -0.47877215964147801 0.20847446651011289 -0.40021679366571217 0.41819972664131494 1.0637034531674658 0.4436177462504477 -0.24030870834324347 -0.0098820991138333092 -1.1138544765575709 1.0807720718346028 -0.015375375249531023 -0.86682552974826443 0.84836797703214706 -0.55418874610120006 -0.30328706618885931 0.30424126063443951 0.37830045638062487 0.36858076934653788 0.53206882123717358
 -0.060282966386013673 -0.061114142197996213 0.046438588523314221 -0.21674265516324984 -0.49510967202082234 0.60314275680426654 -0.39429859029575909 -0.058094586481787322 0.046648474242078915 0.83570669546339715 -0.60641275885401524 0.40700195203952227 -0.43785490589083148 0.81684537402077773 0.22858838890670766 0.66113333096680149 -0.24491890885808651 -0.30431789539527887 0.35268592233715879 -0.31114655708504918 -0.3304927848606542 -0.64048817537134339 -0.51402124385260672 -0.72863205558848065 0.64710301215789701 0.30032523017601731 0.031341310944441772 0.0991991984590644 -0.12395630386910668 0.60616008504016372 -0.46120059779531969 0.38832160647318276 -1.2197747382166406 0.67122238851849936 -0.28710801133292502 -0.66724367442027044
 0.15543666915474597 0.73169100286861621 0.49133371369944384 0.37447349468493524 0.33664661576468485 0.37847743697541703 0.84703095908709203 0.8482727226191864 0.84824991384630999 1.0867052939872184 -0.24761182728275064 -0.41852554820890486 -0.021098909045484941 0.058545972023687672 0.5626056543147806 0.57434400101185856 0.96609681051468344 -0.44087252090550938 0.22082339387508618 0.66550085374316226 0.34616694211378524 -0.015335032385375306 -0.04564123210128157 -0.81485379682287695 1.7326203222538075 0.18388198616932799 -1.0640947086858576 0.52583877914751609 1.4618586428951164 1.2316175355026624 -0.13090249263378373 -0.12932119101174111 -0.56606494785975781 1.2810072135410036 -0.034130474040890736 -0.29096509704144147
 -0.1841120473622114 1.1264023132822909 -0.013715391826429762 0.37083680983255973 -0.60914037200102955 -0.046565561682071252 0.57063040553152422 0.87991857791417749 -0.38126088690196897 0.090743008408294537 -0.24709680558145922 0.3175002619752022 0.20248720914048751 0.67821775903872117 -0.26246368115578128 1.2595433122549746 -0.21920943584600899 0.054946349745429814 0.19062774205859534 0.30948959664531844 -0.28319039947584551 -0.17010332498025268 -0.42389727430939034 -0.86175803070717671 0.8652374799786553 -0.15815691352651806 -0.53847688654105841 0.47445436762825627 0.26135253879461956 0.36693696049848934 -0.3940014623568357 -1.5097002274004938 0.29231804286139129 0.42947932677278483 -0.14208425417911785 -0.29797118929776362
 0.11923457226629658 -0.83990108484383297 -0.1495231604036647 1.2151051528732444 2.0212269558224825 -0.54178036117391204 2.5618927744690416 -1.6697907365287528 0.41611082377690328 0.74460292600550781 -0.76692036783006123 -0.90317629481038519 -0.86368240769441162 2.1151803452244358 -0.26486839294436987 -2.3204098262263693 0.70337873025518383 -0.69643206315495421 0.6024753849734702 -0.45395781233431859 0.58401908944353986 0.81367497329738847 0.12122897036863874 1.6605837801736829 -0.084794834103279718 -2.5682947030977745 2.0083932445844668 -0.74655458325702961 -1.1551301295712197 0.29859191332055851 0.19756640093346164 2.1794136104110122 -0.60575141514641351 0.048509465673199137 1.1417102034912741 0.6550980000509653
