# Created by Octave 6.2.0, Mon Sep 12 13:08:07 2022 GMT <unknown@LAPTOP-P0PV0581>
# name: Theta4
# type: matrix
# rows: 10
# columns: 16
 -0.24287272337982285 0.21463482707490797 0.13356989353773246 3.2455222364102312 0.26242207814400453 2.7998250524697132 1.6780975303147914 -2.8822537539373809 0.88853265925851521 -3.0909346617353379 -1.7821971274510968 -2.2779553322942951 -1.6756669593880815 -0.36682050638118857 -2.0312411418274898 0.5827983058426619
 0.10424347790229066 0.43938138143532968 -0.096898502832558117 1.6429619660651165 -0.39786824602482529 1.3903170564127578 0.93095194515903557 0.6104527395767555 -1.0367662617315143 -0.63617529979501319 -1.3042330256463524 -0.60605788853372233 1.6967166831313156 0.52011010196515761 -0.52019522769715254 0.45122744181016483
 0.60360627427732416 -0.50401259513791385 -0.69683180387630317 -0.21912600760683787 0.2859865538712813 0.90584760418289179 -0.17187938098222882 -0.99106871931509777 1.6657762327611265 -0.31100336864141026 0.67547949075864511 1.5106164428290361 -2.8955379276661777 -1.0901670792475362 -1.537216437861368 1.4423383980953661
 -1.1873519499530421 0.42501614151255274 1.6672418204238437 -1.5830117548084022 -1.4842588736386888 0.019008079667756746 -1.44324474168591 0.92170804477746682 -0.46993274964965703 1.1267818106420748 1.0330259738050678 -1.4643893425453078 3.7129878756270687 -0.23024705427181996 1.5531557594124956 -2.1049959252710511
 0.60927808383604798 -0.47811287954078407 -0.74764119225195369 -1.3845792812948832 1.5064826668167584 -1.7313050398644259 -0.74377216543587621 -0.54623248588668427 0.77629843866861703 0.68247675677042208 0.32813176530573873 1.9046457423964838 -0.44211846794177262 -0.048109194544148054 0.28424538095934465 1.0890527541324586
 0.013517301620614361 0.34961269437208997 -0.26114679878216124 -1.7742935428241167 -0.52683946955038052 -1.7319617296742047 0.40191907556407647 1.3467959198059041 -2.3090061113667297 0.75047082547190425 -0.83689468109217469 0.92735005567740236 3.335321543078329 0.96665218723179525 1.0425390809990982 -0.99671265530368347
 -0.0088567854880954623 0.14380165526419192 1.0703600194460976 0.47557594879135873 -0.57317595013282241 0.97555032655127594 -0.25586383223564363 -0.47681909793302463 1.9545369854979979 -0.083958358626683868 2.1678010692571696 -1.7767768086872306 -2.9020724074442832 -0.52185539548149928 1.1705709147733971 -1.0002360495346956
 0.26081411861694059 -0.38279026205516797 -0.46403630700517712 1.2230351974945031 0.90683821338011295 1.014094214321638 1.0991557681463433 0.52319854106537134 -0.48433391335931303 -0.8518065906702571 -0.99398955058954896 0.80267685391890775 -1.105604789087935 0.04497998802528326 -1.4637258940018631 0.82722245296832653
 -0.7361472489115507 -0.25789249580988277 1.3491754817593329 0.22460835045885855 -0.81706344562537703 0.52263211273681176 -0.24703147534484338 0.91757097039624791 1.4556175354928969 1.104320187472601 1.0749781623118881 -1.7669284992311569 0.48131754022941647 -0.29751014571569601 0.89485743387062389 -1.4023519408926632
 0.6418499605293656 0.066990898964693374 -2.1195721245725165 -1.9363050287834918 0.82318913215358447 -4.4163117186613885 -1.2283989210795585 0.48645704596290651 -2.2711573027960426 1.2956359961709336 -0.25920976313766836 2.5562214339456961 -0.29865254963505322 1.171807970542563 0.78985193124852748 1.1121284419128425


