# Created by Octave 6.2.0, Mon Sep 12 13:10:31 2022 GMT <unknown@LAPTOP-P0PV0581>
# name: Theta4
# type: matrix
# rows: 10
# columns: 26
 0.16317525473904523 0.10934158966826735 -0.93382523489670854 -0.73279290992257595 -0.33083539906262915 1.7471320344653409 0.46645794535813717 -1.2104355159699491 -0.48149201744833231 0.48496622156752167 -2.4769399427141954 -1.0205791488299649 0.39304094329213068 -1.5231204406675491 0.63862572556603092 -1.4303123896558039 -3.5183003252865119 -0.28036492110459144 4.3267842881858405 1.3583295736930991 -0.1537885480849813 -1.4720328582286146 -0.34589585569689196 1.2306128838721444 1.9967076989921915 -0.25206370000993922
 0.042802316594794311 -1.3284559305166543 -0.39182602743338302 -0.79589981282063893 -1.3701060701067618 1.2955417801395213 0.44455115614497731 1.7361303256092333 1.5844626505071564 1.4402439047924496 -1.2011261911652749 -2.0921853264540577 -0.30580866503771076 1.6321536191309107 0.63856993189500988 -0.95630614495675093 1.6740048037145714 -0.095772240927497809 -0.77540157135271259 -0.37065295575834528 -0.91280354393184371 0.62349111476489893 -0.66385184069875547 -0.33489899959780534 0.56283911606188786 -0.42758575743594918
 -0.38959303616375757 -0.95360445340360533 1.6146436981307921 -0.044075175130788569 -1.1692862792781349 1.6949236098803189 -0.93330268329462351 3.4141627390427942 -0.77516041896966426 -0.46924827815367937 0.37034063992079524 -2.0484243834442535 0.46694053521392698 0.79244779733219761 0.47092522710442752 0.071824876918382116 1.2681682860891441 -0.36335283271171209 -0.68966348678153888 0.46677381130157763 -0.51773426356590169 1.4932193049264886 -1.219950001995062 -0.3394342021660367 -1.4613465553737821 -1.1379356163641505
 -0.0070821865390060549 0.65382670162267675 -0.60000219088562112 -0.99906993888153284 0.43029252352879643 -2.2922517994300371 -0.041305681542476637 -3.0933466942114056 0.41892402103460141 -1.086531834849668 0.88286154457842869 1.2576709357858116 -0.26222310794911707 -0.29701491232247956 0.37448656683992038 1.4634010583582833 -1.7280568465170099 1.0377033902729467 -0.16127839410731865 0.13020081365074704 1.2871336521034973 -1.5490215005435417 0.54721587464966126 0.8714117700577152 -0.12925272077070105 2.3167470829816845
 0.067771299811107369 0.31292851765890189 0.17146227437998635 1.0982157800997094 0.48478936596378686 0.82197074039033879 0.48875250401588433 0.15940004557084958 -1.9705306361296175 -0.82519668541053892 0.86228751095291867 0.15114270569428831 0.35185906694622138 -0.2819567987776001 -1.0536691148918318 0.52474406683941643 -0.30349662780423242 0.65720793510680964 0.28245289134814183 0.13820834393789999 -0.079108811166121867 0.51648307955455042 0.75931029178006959 -1.0672270453999364 0.74953785185402144 -0.85965464609830977
 -0.2299328471320303 -0.96192402006696487 -0.77996564706055072 0.70517226088987905 -1.0149856302771645 1.2650225452146415 0.37173784408069271 -1.2547104011693959 0.7033881864594429 0.082993671733996535 0.29097166378789135 1.6610933575600979 -0.25741717596059366 -0.025983792911089727 1.4871630889549801 -1.3546515673885771 -1.0266993374637972 0.83965283458056683 -1.0028766956825068 -0.99654847037983374 0.60575102095400801 0.071181403983263725 0.65391121564951005 0.58328880305865616 -0.15037815947127575 -0.7259836377825708
 -0.15073281383738046 0.76218794842302928 -0.18298266902762586 -0.62943472895627517 1.9416812029788346 -2.4544283645131197 -0.47409943931026599 0.0077456404121289723 1.4424058919916236 0.67985426524635406 1.3738762646145135 -0.26586351201460212 -1.5374351754501419 0.57907615283290603 -0.91672582984568696 -0.31185127901139792 3.0089200297731908 -2.4300009629444954 -0.71480466581611091 0.47183171505856275 -1.7885749949653709 -0.58853334485377606 1.5654852912341999 0.10000113957599513 -1.2456424915029272 2.2861444336031225
 0.27709566729532042 0.95592085496739365 0.18612508716989035 0.53524474886128637 1.3350988415554728 -0.18095815566782214 -0.11884187688418844 -0.28360010356174176 -1.0212666783113145 -0.33099754011189469 -1.3328530273598123 1.8978207065389172 1.0987088554776911 -1.4882789778002763 0.07704862650311449 1.1545116079640569 -1.4236833635136306 0.09026949629534968 1.2225619621364292 0.99454307621732674 0.84599209643166151 -0.92789307027529655 -1.5455531070243869 0.4822544528600457 0.099351072654464717 -0.66049348716937506
 0.18842501834768477 0.90040776272717005 -0.059585095831918282 -1.0321179464559627 0.85320480684597821 -2.167877359246452 -0.24197358174021519 -0.8056741041309895 0.80277948452830894 -0.92656173186168667 0.91734287840597128 0.12192469921776083 0.19829918971117896 -0.15412675474966364 -0.082244045697486529 1.7861605137641527 -0.09578561530195305 0.071240384229264889 -0.17019742877501692 0.32252742740247087 0.15762701248240221 -1.0871048347757002 0.66022395390245248 0.65754366491576199 -0.8776051394297496 1.9848727591460722
 -0.30846080790031627 -0.60453836161875008 0.87909357006982169 1.9901876855185245 -1.2497107581664673 0.27238764993712511 -0.19972948388419459 1.4354612446297683 -0.59357767952536977 0.96898083156952897 0.38559148387396114 0.34148582784120041 -0.068243603526172966 0.51033488814737871 -1.7704098828026382 -0.95412019687769634 2.1069432228462892 0.32728512255687553 -2.2106588691111688 -2.3629859675999572 0.50295860819967608 2.857072906287895 -0.39448664221088597 -2.1932043104124186 0.38858118926113849 -2.5759527291632205


