# Created by Octave 6.2.0, Mon Sep 12 11:47:32 2022 GMT <unknown@LAPTOP-P0PV0581>
# name: Theta2
# type: matrix
# rows: 25
# columns: 26
 -0.081928872682205278 0.25696938953288539 0.24427598809496262 -1.1211342490575693 -0.27250957780048052 -1.0738883231278142 0.99578893644438715 1.2224476419767141 -1.7159268772182947 -0.35422150024801446 1.5089033670935723 0.79326059197054144 -1.3153804842203349 0.57772476047403665 -0.066935908959615195 0.3551135324105586 -0.59509688814132522 -0.57201779677421249 -0.46717213455775941 -0.55961274931759097 -0.95183190220049496 -0.24732555335795195 0.4134069071657161 0.14332340288342643 2.5032787346461771 -0.30632344160257702
 -0.22507049861126915 -0.2321560232657256 1.1473994104707677 -2.4382900050993777 -0.66277912552921203 -0.71102001253406488 0.100434631686631 0.84898856954761148 -1.9396229254254991 -0.029638121472546651 1.900060168605592 0.17347979683328832 -1.4180610931278337 0.86561253242192326 0.65930490120309826 -0.9579992154874104 -0.18966358031516728 0.078018024113216886 -0.30028259056242118 -1.2889066652861618 -0.78581114012640552 0.95146256761994563 0.12872373185945724 0.51218384379837356 2.2143441789687768 0.54265549815772518
 0.1524646987861194 0.45287044849138824 1.0611452190071629 0.59659674440000865 0.63699166337122304 0.78032313268249631 -0.80544661215161362 0.26036481021392427 0.56169594184191107 -0.091970000852632627 0.20829829593988905 0.074991475757106213 0.72817431869686555 0.13861895958012438 0.91487673985828599 0.19519326442207482 0.40583543480244832 0.45851820459197423 0.40563741242742785 -0.15865117693221467 -0.27190367390493253 0.45201594271744461 0.15554189439738142 0.88369160673579061 0.57448549327835796 0.096719489663419769
 0.11768304255726751 0.15832552906310821 -0.95445442996041907 -0.21500555432529384 -0.0091803952378276092 -0.72405923784415749 1.0297801540992284 1.0175003310265029 -1.4222863219438615 -0.32194598395259177 1.2420270374617224 0.49525750914208999 -0.73369553141528743 0.56149291595677009 -1.1598857630298174 -0.039776805203213292 -2.1801266108528483 -0.89613522970688353 -0.49974109777391568 -0.34324559038487473 0.10009800517192212 -0.25012611182715372 -0.066328115836808407 -0.31622369874083134 0.24329193072124486 -0.24320225948332416
 -0.030988758576943411 0.14650223784414723 -0.67323420926412869 1.2159837995212466 0.21963905837946812 -0.10684982112121695 0.75246264362620785 -0.66555516822471661 0.42686667503233144 0.16178523890501431 -0.77728117366621563 0.24829184683194697 -0.31281565052332372 0.71234503415951989 -0.694042400329696 -0.27575923774725541 -1.5524731344383735 -0.77229614946010938 0.29531360600317746 0.22537212010433336 1.0174449456499548 0.23043627824196009 -0.43786716086764532 -0.37945651078926701 -1.1580287235311044 -0.63963333335019679
 0.028593887383908237 0.0042152518234847298 -0.74815273239352165 0.32436033053488234 -0.3159589525939957 -0.74310045808961378 0.41360659462551874 -0.50736995826213172 1.2864631437938896 -0.16636558728868042 -1.6577338396329966 -0.0034453594227365999 -0.0720412328680754 1.0373202362549243 -0.39083063962697628 0.025527968661764117 -1.0036591071286172 -0.68328063452145915 0.42108240774884875 0.080330269216907571 1.2391663522348662 -0.095637072557678296 -0.57097571601550612 -0.36315099766531767 -1.1509291489106175 -0.42618338703793779
 -0.0086642485106644962 1.1235581989690502 0.46704504911443467 0.6103192971278959 0.33157184340640933 -0.34047358233933134 -1.4583995782178476 -0.93455371627324524 0.60578585459120271 0.33508905093200553 0.25342300723098865 0.29757473477808161 0.45650105473777042 -1.3796286565853502 -0.12434997711545429 0.37130271077418975 1.9348392762916522 0.65615629571980227 0.91502762004974247 0.69357123581465951 -1.1326741219703811 1.3153851936771026 0.82637787200710922 -0.62603657430393134 -0.086336375527590548 -0.92892491600673754
 -0.016554159028139157 -0.31142856270939612 0.4760043706472995 -1.8249700537284963 -0.099401708449468329 0.6942904332840526 -0.36604967568153113 -0.054817440693147534 -1.4847288264079217 0.91761776333467393 1.3501471259690407 -0.094300855266593167 -0.73389237759363457 -0.80280103532454972 0.78817313758522378 -0.68751356749397519 0.68702498184096161 0.543511326236926 -0.14461647258576327 -0.41707986590260626 -1.6140498702331256 0.60243083757394678 0.15691119235106776 -0.15169326641984632 1.7470598656109775 0.74402502645304047
 0.15003797061672433 -1.0992896432010104 -0.81055327386819354 -2.9282275024112447 -0.91439023211698389 -0.26525083137687133 0.09486139686645309 -0.0094509787445811889 -1.8034605957754959 0.44046160889071917 0.91549800347861543 -0.042311645719371814 -0.1379913990382253 0.16104146109459563 -0.68228314590070072 -1.4444360137899792 0.65313894423541352 0.41763631080841995 -0.74118222634156761 -0.43678273782468846 0.31066974297285793 -0.16236259226353827 -0.13011326957521771 -0.64681902644035505 1.3075330795811766 2.0254562989727671
 -0.37388464367059809 -0.98368441473806867 0.99789796028962385 0.35499210402119225 0.01174833033756811 0.95581696357475343 -0.27258372818034227 -0.39983512858984527 -0.4759256456973861 -0.17467245375795651 -0.45483018208778164 -0.97892041617760306 0.40390329439303863 -1.2039293709329841 0.82697652079416795 -0.20681719822483663 1.4670161212000847 0.40987332077795496 -0.61254114719430031 0.14974757275563902 -0.18078316148763068 -0.3559421669338293 -0.28846239405444363 0.44213662876931586 -0.60058948811593971 0.68032614628267918
 0.15455424616424387 -0.2954058974289146 1.6971473897530647 -2.5191593814587936 -0.10143360840973069 0.79891709984696391 0.010840034463212272 2.2382682982128048 -2.4192821200519319 -0.288475415547292 2.9434597581183963 0.20684371114668165 -0.82706744578531444 0.48735519636703184 1.4226314468914412 -0.27992308170325753 0.97012171019788396 0.54885747788046346 -0.84728575476455148 -1.5242741398924593 -1.8634209284900356 -0.30217856260648468 0.44207848838101049 1.531346172770087 3.1944353469477513 1.1761278995495608
 0.24014167832641323 0.75216135408815088 0.25233577020443476 0.41062638156297848 -0.18973051962517792 -0.19240307318610092 0.60330960238340137 -0.46011202063608519 -1.6441396686882634 0.55832952768486588 0.78083460354178491 0.43613993951672764 -1.3426463877327721 -0.081536125260413608 -0.44499231889418239 0.60794687983046991 -0.41983619355739543 -0.29155275291442451 0.71606001638934924 0.28118249964952452 0.035372137896639587 1.4191791265175666 0.37343090106185373 1.1010555869507168 -0.87993306551982342 -1.3320570136445145
 0.046680730737475529 0.61173068416265264 -0.83080120302716021 2.6345777466687395 0.81561596100497591 -0.55952463677601916 0.67736000276981367 -0.89320813271623856 2.1109462947665247 0.0057473074479394148 -2.0893854212801597 0.14165311258924188 0.89751105807330733 1.2993787722900738 -1.1594638864297782 0.91797402946346029 -1.9745338327021342 -0.91661282840371927 0.56756048861976383 0.59772749028489158 2.158957694633544 -0.65503577108893707 -0.62767678908081925 0.72543374506536851 -2.2530997021026815 -1.1452793331507154
 -0.089662803687705045 -0.46542667077287547 -0.023250091024138532 -1.756312624049877 0.13200143174494278 1.0135028755476283 0.42198488011258994 1.4157864508323357 -0.24931896231732592 1.056977379561495 2.0840841890603214 0.86108900772026042 -0.60971553766319309 0.72251310707733174 1.3072682049072126 -0.55452633486300151 0.78121501117089176 0.0279275830285142 -0.0047462644117826514 -1.4472887550932267 -3.0883447771947452 -0.44964074841397622 -0.13418585861838092 -0.25734020395704371 2.6098142652096841 1.3036112081651634
