# Created by Octave 6.2.0, Mon Sep 12 13:20:11 2022 GMT <unknown@LAPTOP-P0PV0581>
# name: Theta3
# type: matrix
# rows: 35
# columns: 36
 0.085040704482183982 -0.43793627878592239 -0.71967256491410392 -0.48266462898626128 0.16943727185628127 0.1616993912099281 -0.89483846152789903 0.40454378354488485 0.97415553226799878 -0.79985121043190566 -0.031347990785695258 -0.58145051096705958 0.78460992452228207 0.89093016780218548 -0.20255445786969131 -1.5594255135825956 1.1965410679679771 -1.8429686006004233 0.62236595207010215 0.092923221504368339 -0.92482829640503594 0.095418973655735637 0.21970737194584727 0.56470519377177397 -1.2103917659708339 -0.070020327321046599 0.63018580376300881 -0.47832845399855733 0.66897209319520168 0.3871289791340331 -0.9990485231160724 -0.14273102951615618 -0.39366500578870556 -0.51591082653371756 -0.44607341760386066 -0.050108873128613063
 -0.28209948961281017 0.76519646857567125 0.024934752549918827 0.068582078998142643 0.27683274379878486 0.55153778908726925 1.5244857575156363 -0.085463877382210771 1.3584617642368007 1.1729473042171399 -1.4158983912855976 -0.0084596786759034617 -0.93033533788718992 0.66033209735535614 -0.86033964159810006 -0.68485856181861726 -2.0052189601279591 1.2880964772479224 0.66692681259301256 0.010209991395976606 -0.29471055909494004 0.40594693826531525 -0.82484029558131633 -0.63868887223324433 -0.48608680327478254 0.77568072684199207 -1.3317473541881095 0.63607000876196651 -0.55103614987803573 0.17104466313466385 0.55068501177469176 0.34491792188567422 -0.4764631120879258 -0.28769342941353776 -0.32192145496282665 0.82727633641835885
 0.12290788955714468 -0.16168399379548121 0.55958821148614213 0.15565834927938438 0.37527170901940266 0.27619850051295808 0.11256027752459817 0.57097403327770135 -1.3390047718392126 0.21757537709617977 0.11465093386147378 0.60141044875305372 -0.27146695020539713 -0.015134024473965006 -0.53399498380786825 1.2668466561613165 0.073755148698415735 0.99804235599316249 -0.36773976307194112 0.043284343899548189 0.95006463087368731 0.10689141994559524 -0.015816575154036113 -0.0081820036496576647 1.9632077526462324 0.19532075366998519 -0.64062301380183406 -0.11741791164302813 -0.077756427873794248 -0.2218204552699215 0.09971843143319388 -0.41366392083582154 0.63430176115312642 0.44089793338506245 0.01920649217579434 0.57988196692020966
 -0.027208411224354256 0.58924728540902771 0.67395816650254925 0.51016919925903814 -0.13656459631198145 0.17711037060011764 1.2013842716910514 -0.23202459228074415 -0.48047233841259379 1.0444288434147861 -0.14265317005975492 0.39509533717049278 -0.83613335081173157 -0.67237870766012608 0.091754557362732123 1.0122694662477048 -1.8455054909219166 1.8522122526616747 -0.35918213549711692 -0.18717342279637861 0.44735371658236417 0.082203870360087014 -0.39358304210705636 -0.78498454659474681 0.82693458809616549 0.34202778547751611 -0.61675038837749319 0.65233855477619529 -0.73033384045896144 -0.094031468880015345 1.3207410382177827 0.16293498554702757 0.16529627470040864 0.42113143379654439 0.38823414225816505 0.21967986780831072
 -0.15440751380068679 -0.3598535530239117 -0.010088748274042457 -0.3451487209201089 -0.09725738629316813 0.83745244245430395 -0.75130098890349206 0.48736880181843423 -0.83367048489744355 -0.73243856288321918 0.029466904629365073 0.19702235247921729 0.57487385270841518 0.91309686706028537 -0.50254250676715539 -0.045289497669976121 0.21391111473457805 -0.5259731348696598 -0.2544303516268922 0.81329942902065955 -0.41746964932167002 0.26283199013553726 0.75802832664721387 -0.31507614936241357 0.58567948185250118 -0.016561528981344189 0.60470658513488151 -0.93745075191197258 -0.18796434263994793 0.018934325235675505 -0.60185114840077336 0.0047569712773098101 0.21993630346243276 0.33751647834332366 -0.6359577470839991 0.16252148277421646
 -0.037388800069710459 0.17869563801910818 -0.099699236986470013 -0.28825392196548444 0.20638101487782096 0.58868496502084544 0.027627021094320886 0.52023884077168203 0.45817425795386924 0.30364166788286828 -0.62804550105453938 -0.20807608723669016 -0.10881700884512258 0.88850587786757951 -0.55129984701492352 -0.43021507584485041 -0.47643740914837179 -0.17330956631361066 0.52122888844080595 0.22309494410471273 -0.24518425851923065 0.25777914353548415 -0.02088956920339206 -0.18219446061218125 -0.052896387000044544 0.082240904244289342 -0.15539788015404857 -0.21510583901320143 -0.013484113193382602 0.087833116022500907 -0.28087012253346949 0.13870230912929638 -0.084992038317568797 -0.33750081033668605 -0.43926937619796735 0.50186293547653149
 0.023754047294928908 0.14396836863473814 0.64731727650209425 0.33336646344730586 -0.063120242282819511 0.86075116816961206 0.90932409021809002 -0.60099230799634362 0.3811754612583968 0.1197614982672939 -0.87545265153887109 0.62332540579756279 -0.45633759384963235 0.3671353758368282 -0.77325065597475406 -0.44577096566043106 -1.4602539044826013 1.274334549205401 0.019456985815518087 0.71341979783227172 -0.60582208720434272 0.94740914200245974 -0.0077667527139172699 -1.1157593633364538 -0.25154429699985081 0.49527725034073788 -0.11206916872175872 -0.24712567521926287 -0.59599715112581897 0.26493736061366985 0.78641562932937625 0.46825779185381444 -0.12241113830769659 0.80424966490490402 -0.42341514760308441 0.43270250861022735
 -0.0029268788041565148 0.11485627230968651 -0.18222697922687478 0.37447565709419767 0.24092431941726 0.62633501016708226 -0.09287092276607628 0.483791448308654 -0.0096824411228820118 -0.055534658138852111 -0.46026405967762368 0.31209379824485523 -0.49844940465302229 0.48761412821832978 -0.87598055432653354 -0.054050980898199395 0.46091696949780109 0.20076750815062733 0.43408945566938895 0.37749691875228891 0.66501952943306553 0.20699181589718935 0.77798254814053924 0.16178662934342572 0.61691446349608425 -0.13839828082147485 -0.24480133456281175 -0.79204509317205818 -0.055812422106430705 -0.35686642736399316 -0.25863341574571003 -0.019225559732477207 -0.25989056535241523 0.32522305136715757 -0.57683259822359623 0.68657237851476383
 -0.13494074969133232 -0.16975606601772192 0.16667891443608401 -0.36951873027140336 0.43014162674308004 1.120326008164283 -0.38483142158364703 0.15384741585669162 -0.29151958806944811 -0.18481303210948011 -0.59996077985564733 0.34331722267315234 0.5227343556136208 0.7418809574214339 -0.872534163989509 -0.54192171042764914 0.017123017031590887 0.17533240490411031 0.20913844528474579 1.2409294357105307 -0.11971950982834453 0.34170680323964886 0.31173186030625327 -0.0062092435147775389 0.47619635686570277 -0.58650681028014862 0.19855021478961632 -0.55062688083071631 -0.3507818592773812 0.1143995549796295 -0.5537355647290616 0.089831116233669656 -0.39543297055378879 0.48251168453859961 -0.82501040322550356 0.35731493623722832
 -0.32265421308604975 0.095740271200856028 0.73193601552043031 0.013702190799229599 0.26837095597620014 0.59652070674377022 0.46732536502678246 0.21212050687266043 -1.2136834741678815 0.57977404513952857 -0.39775657666415404 0.51843518063678584 -0.50867399866736285 0.19628979940071759 -0.61650241608588596 1.1336904287702576 -1.4554855522320469 1.3431675554638298 -0.522875278864536 0.55560469906971632 0.51684915978235668 0.31029890877735783 -0.16607794336433607 -0.63834722619287421 1.443213374559561 0.22251915281269327 -0.67762303384144795 0.085973081353966779 -0.47402187183768946 -0.06522639311563122 0.781626013660085 0.033338514813064928 0.29943232150482169 0.3834003298277851 -0.25845033296430175 0.88175907560614863
