# Created by Octave 6.2.0, Mon Sep 12 16:47:37 2022 GMT <unknown@LAPTOP-P0PV0581>
# name: Theta4
# type: matrix
# rows: 10
# columns: 56
 0.14069518160208519 0.95233791674612578 -0.99670374629517267 -1.3170851969137019 -0.44692153693395226 0.27734795431676579 -1.5107262043997025 -0.44050932700798306 0.063549446616799316 1.0155429501688971 -2.3054691032489418 0.97289964962363917 2.1162539062617274 0.12537660227122022 -1.1199502105321975 0.56185662573933415 1.0317296068730235 0.95674630485925027 0.063364971105928772 -1.1865963762233287 -0.49287166219673001 -0.77932280436684331 1.756911870813296 1.0369732226036581 0.28483818307460473 0.46142128464466681 -0.050909730436425889 1.7702170016361514 -1.5694577490355734 -0.59060431694458138 -0.53574299353784938 -1.1895108659997771 3.6093656151954314 0.92784893126322954 -0.90872231256072578 -0.18747883949320904 -0.29864559628125853 1.0610714708030846 -0.43913646166963316 0.69729048282419848 0.42992599445004737 0.10323402569601016 -2.7058675382433037 -0.80192215399215871 -1.9366127591495124 -1.845156392581764 1.1010780607885329 -1.3060109670383813 -1.2471702252971455 -1.1278825114282354 0.085029631297071376 -0.52854541402436728 -0.52793165709865442 -0.47923337672166938 -0.092074264255471744 -1.0691634607006644
 0.010092112798060739 0.58875258345040082 -1.5482721723104376 0.56515792675457277 -0.29065061196848613 1.1611044950521912 -0.79334527516601838 0.6424069635457923 -0.082358705974793542 0.1429437340306888 -0.54426367967266498 0.59453528629530472 0.6548167770421911 -0.020290811285453018 -0.025850611789881916 0.48420970687665515 1.6694270617040574 -0.31585835414507091 0.34849335538666909 -0.054956775977567679 -0.20429301214476384 0.36043366839469948 -1.1341858717263058 0.56975086723385104 1.679068350580234 0.24540444019921331 0.19168482722122138 -1.6099687462152441 0.30506031537275879 0.0021027163876271735 0.19498948987029341 -0.37409446104135097 0.37291019392374447 -0.79057816817776949 0.761344144279402 0.3762433357977365 0.88213427348104145 -0.072189748430407985 0.13958185186522251 0.58723760904789069 -0.42354919370086064 0.65501724430257557 0.40242658748838078 -0.33161029619171151 0.47925031705147075 -0.039382674427781594 -1.3747422752852325 -1.1102532168234476 -0.48657970279048618 -0.45094963808276611 -0.42878992289328621 0.12634721125942816 -0.64841666674860232 -0.23010203926715658 0.36441270717413249 0.13612868964655292
 0.11442865405724033 0.33103852189688721 -1.442990367119136 0.85160883716584013 -1.3970330642171587 1.9245728034029426 -0.44540224726248412 0.0085287018955405441 -0.79648245836116727 0.51836045933324704 -0.52126711597639597 -0.66199646652248634 0.70261090778774071 -0.19639008293958679 0.28627474017772575 1.3510365803015691 1.0362492675497272 -1.0269010126027445 -0.31594924915493489 -0.07725224569421793 -0.25351281046443847 1.0792253427588361 -1.8844625562053157 -0.25010963099677902 -0.18941329043547975 1.2744464500812414 -0.66627164724458288 -0.77824882496480174 -0.44066099618093946 0.55221686320577101 -0.13729417939911426 0.25077604653882307 -0.657692304662292 -0.28688286633013038 0.48229674829131319 0.47822353028510634 -0.339243786636092 0.22297560738723768 0.67691972888721341 -1.704908614457517 -0.048935458173318742 0.11511729378281599 -0.22049175517597916 1.3632092905537661 0.56321504107104858 0.37906900523039039 -1.324991162950907 0.07712108285856735 0.58483279357721052 0.31962353528406956 -0.85064245667261262 -0.39444536123315405 1.0947912941992557 0.13171954068173919 0.4323169388994596 0.40742573000134913
 -0.12473207195438472 0.22550489883802594 1.7085781922901655 -0.28536670108148116 0.18490421174697355 -1.7190996766353701 0.8739969870976918 -0.033211350700104683 0.63159669755340597 -0.74667682475836972 0.71269855840098384 -0.1729985701953386 -1.5050170718534177 0.27071876879352336 0.162767322460457 -1.5446591046345981 -1.1629901672984704 0.16831314638352785 0.1933592362000649 0.73905366364479474 0.11086110485674898 -0.24988147810628733 0.28124853148319828 -0.56405723830540522 -0.21954004489707088 -0.53265473876095248 0.59221407866637177 0.81063913564732504 1.0185161125662541 -0.69303757441244607 0.20596535703601074 0.85723994467457143 -0.47978130750700226 -0.58890136395180492 0.62486105544220472 0.0050095540891594266 0.42057746553611858 0.025519980121196311 -1.0426771749692836 -0.11038530159120376 0.17742352499611747 -0.18777609966270548 1.4657608894599929 -0.53216637795664523 -0.42834868543465143 0.52138296708766829 0.29059756225736677 0.06841086269094937 0.4797247929893691 0.91089292060790816 0.97605635961429082 0.51986134380363203 -0.19859037899336951 0.11200930353884808 -0.46595106054628721 -0.27841657153981425
 0.26379669279786128 -0.42870365175573233 0.092296528247386864 0.64778892883035433 1.0551008868551166 0.0059444588644979339 -0.2698225557039769 -0.42890569100813242 -0.23981501860184129 -0.25237826668841362 -0.020373423615359255 -0.0076995408492064911 0.76436863393456878 -0.32219737552189959 -0.021987881046686853 0.26591486679257825 -1.3539210915436803 0.028449706843797044 -0.5441420565679379 0.095972746116613675 0.17882941743081773 0.48628310468568814 0.11012704404568872 -0.64992855180256881 -0.56368466260802608 0.031123315882709886 0.021494277780463998 0.27540943448387928 -0.84275225815355592 1.0437757978495685 -0.4142070979851542 -0.29764979353514204 -0.9961018838160558 0.79251936678904233 -0.11298503867026083 -0.1993384112533062 -0.2345785395623394 0.30647188640573492 0.16109087585635135 -0.029336916938644975 0.2823491738768833 -0.15699355581549115 0.2774446976864906 0.087845363072585586 0.56090709394758897 0.87965069965529485 0.14312336419631322 1.1130883856560434 -0.26337734487904896 -0.26827197168454503 -0.024867100521198744 -0.46976649586479258 0.87241861650031582 -0.33148010553506158 0.61633398976599829 0.024993450472143141
 -0.013671333163231356 -0.49243792271601938 0.80319963088063606 0.032133664291693349 -0.16462594115474566 -0.64669425773796507 -1.5766640184196832 0.49966572385256347 0.54677038835480007 -0.27810358584071804 -0.021236976636345068 -0.056558295911564402 0.40499285026797327 -0.24853027620123092 0.73939312378813138 -0.43900793614815092 0.21805257008307583 -0.85244138013656434 0.69247263273375825 1.0602105814303813 0.42474184073891857 -0.127118221655703 -0.6093459885161453 0.038277584208569547 0.68535813989884098 -1.6970502875995417 1.0254145701620181 -0.67958864693128629 0.75128162922649466 0.45202701523241773 0.97093209496743438 -0.60707245423688716 0.34597211259325378 0.99126255490198145 0.38200170694206786 0.49461349873038629 -0.4706438355387586 -1.1391787583674242 -1.2074062467356683 0.36494259303954513 0.93833416539059222 -1.249270137044634 0.57588533932248265 -1.5037688107697338 1.6635900680877234 0.7077670817695747 -1.1654872754372265 1.1735637176011049 -0.52454149222416158 -1.5058975070584804 1.2932731647235423 -0.0077716448156012552 -1.6368727131673857 -0.85937289771917147 -0.036325528450171403 -0.78587303785037577
