# Created by Octave 6.2.0, Mon Sep 12 16:08:14 2022 GMT <unknown@LAPTOP-P0PV0581>
# name: Theta3
# type: matrix
# rows: 35
# columns: 36
 -0.090313078966125657 -0.41530462058050671 0.13190469564547402 -0.25274137932501023 0.036417511938407247 -0.082868383983329963 -0.07244592893046696 -0.13548937254181312 -0.27826667490533707 0.10817866554308284 -0.50545669623212464 -0.36881875849033585 0.20994616342311176 -0.17030655317704779 -0.083646172760446391 0.24021914461502999 0.13720321961338788 0.22641542754593588 0.27266854834745313 0.33267206972174335 -0.059039913678088189 -0.28000348601748398 0.016115385497690798 -0.25505036252662266 0.09731630463801838 0.03908839482514171 -0.10420493595175481 -0.50967347369865623 -0.50175395919194155 1.0341222128989962 -0.27235812416381172 0.42357428745151782 -0.12846200798583648 0.32867093020561833 -0.54357111790771906 0.046695701499580099
 0.13771947087619832 0.10998254147584177 0.31748293816717638 0.36737725078187694 -0.53263795424140181 -0.80291140980071352 0.30671156972745367 0.0085708564445529933 0.58139570700651244 -0.38648456301784001 -0.16505992905571168 -0.46052523437189496 -0.62673315101445226 0.21745389571585849 0.9031386434189087 -0.076588455916025117 0.73389802600251874 0.34250170078564257 0.19108893573221009 0.2585238534818568 0.63067140261399968 0.63319064086876831 -0.76964531979811557 -0.45561450451782887 -0.028795289416702726 0.51289991489499087 0.88635869235242826 0.51264915475272888 -0.16156444861976785 0.1677832302768516 -0.43022065956448097 0.345939911410306 0.10150273116871059 0.53210744191529369 -0.15752506676978506 0.27112952635414667
 -0.20229445384999892 -0.35171877567636561 -0.33685702427028102 0.24486248851810477 -0.25396972988212774 0.22787165616986949 -0.60182315921356233 0.62756280535675335 -0.27227259523350367 -0.13524321231712264 -0.29074826372194751 -0.13568267917411603 0.20498703426276332 0.030432216984314683 0.63329014043534315 0.099454055561129823 -0.47181832738851992 -0.17345345330716389 -0.87915410203706668 -0.89738038361565975 -0.2443433787489995 0.23088168031169135 -0.3548528192612046 -0.37072383339909915 1.0560079026717779 0.008838978473658117 -0.4167614255084684 0.78385638597235097 0.86212669025919886 -0.68436757663340819 -0.29153150823357793 -0.43680629911666408 -0.90230062623453855 -0.13315741706210771 -0.37992610531152687 0.47182656241582471
 -0.047039113956771648 -0.8112720081481597 0.54350060498668162 0.32832589625901842 0.17106442936541388 0.32513826705049609 0.018936678070680127 0.0349445816067636 -0.092954312039837672 0.0018654836167453334 -0.25088329641136287 0.028338301061602962 0.58567923617464135 -0.17415764237611542 -0.057415999171025967 0.23185923711519255 0.12772863907131499 0.44891921983088179 -0.020460988843922449 -0.03008989262351356 -0.41480715434779719 -0.07823540304934494 -0.64019134962789881 -0.63977587365694177 -0.28221156746089082 -0.034234170865453217 -0.00091003163306193767 -0.30209684758512112 0.038653783384993624 0.5588283865790753 -0.45773771797093837 -0.18719256364718606 -0.071158341487458365 0.18960735656382166 -0.66075145692405857 -0.16089163410771476
 0.18086952272051843 -0.21885377038601972 0.57673817135271932 1.2813999107606755 -0.43475185943683753 -0.30821050096676894 0.36090632023331504 -0.32516472925090878 0.43385179649714045 0.29753195367540508 -1.0279809676418987 -0.68093624879526782 -0.80101443101531844 0.21503791512893816 0.72007636369310202 0.21356038095226956 0.67251661704106624 0.34684834745939891 0.33680982449739871 1.1978339657131982 0.91496425269390602 0.5696179398876422 -0.35757690649858731 -0.78804455999696243 -0.13260058859324911 0.054288604543387013 1.2403259977742438 0.024763174363495996 -0.31284503966729332 0.14227796995863518 -1.2115018607900085 0.53924915407737584 0.10615739762140851 0.092764960170368421 -1.3048372753107371 0.055973707676188672
 0.17482286234530753 -0.57881022153609274 -0.15645023929648061 0.40356197298845725 -0.15868808578954122 -0.038038034935937916 -0.3261547129475928 0.4989195429839075 -0.09092875514655574 -0.057926619090195343 -0.11410179704983138 -0.20992425472391502 -0.0029982857811118456 -0.040508387910605001 0.74613525335019593 0.32512406853153059 -0.008696659944591744 0.33380204767434951 -0.59633771982789952 -0.18561835853127956 0.08852458566254838 0.62134371240050323 -0.37268808257376784 -0.74348354798681338 0.50992666389531693 0.22422362204821053 0.28452343930145196 0.68734580615125551 0.60375298509448405 -0.21286785745733147 -0.47855181768669408 -0.028240346271469395 -0.47617933032285381 -0.04839458548212127 -0.37814885806305532 0.21989269192960906
 0.091085120527366392 -0.31681405332636287 -0.85400715060078247 -0.43950177477338254 0.18008711243992809 0.6947445745999522 -0.69569627961826441 0.58503856058149539 -0.61115559549985066 0.17255422882097218 0.7127950482853147 0.26488687444542641 0.85419441641540672 0.0020607873522515345 0.14564665637737179 0.25837086425729339 -0.88374787120200038 -0.20931861808017746 -0.52836387647822269 -1.0786345275835076 -0.77852474376918501 0.00085354099414481222 0.37223522624319866 0.17265947562609932 1.089344757317084 0.054463311357530755 -1.2262199796232747 0.8279350676954963 1.0087838259233843 -0.25991102584099579 0.61608987418737104 -0.38387105631147206 -0.56935566261665982 -0.045301959538080562 0.38117181182189569 0.57271365251089645
 -0.17683131391226856 -0.18398869132248252 -0.38115416000363755 -0.42791243992649486 0.19169516053045685 0.89827118301118325 -0.50270218249597631 0.39290920523128275 0.21663796421688625 0.4000628443364827 0.39455074823432118 -0.0069317970702896144 0.4377847362148391 0.33668984520494644 -0.16498027878791138 -0.017439042310057287 -0.37919315878373744 -0.23306677642194465 -0.5073686623127639 -0.75334205226432915 -0.54554337620232418 0.22126833869927354 0.19350825307820074 0.48848584214053892 0.82589608122567737 0.37569058377360043 -0.3403787736264941 0.3354016190922896 0.73566360549647647 -0.54230150912520247 0.72522199253169517 -0.40813862338937817 -0.78317871256558924 -0.051260854814429373 0.5681709654899777 0.0035246507664501571
 -0.077176617971211475 0.43121864046463526 -0.61906238693124715 0.16468759347696627 0.27982698465693057 -0.15360772490145708 -0.53825147311766974 0.072410788723216768 -0.27388486365937043 0.22227704089943467 0.28228233070700037 0.49392440134425486 -0.016502354423944529 0.4303265736035698 -0.026373251790577423 0.31641687515369848 -0.42177061931839671 -0.38928712358957884 -0.34695478950786679 -1.4268286712449927 -1.1199544174060874 0.47578424160737154 -0.4120337812189111 0.23510691518233398 0.76698563874604841 0.18770820229763019 -1.1892868343755905 1.0731858526362468 0.74230584954849443 -0.61205760453309899 0.026016517101513717 -0.6529671003217038 -0.90954045420305119 0.3188259382178168 -0.1897430418405405 0.31911945014220883
 -0.11764944963399993 0.32986188926203536 0.18551515438359131 0.078200492657215459 -0.066514058061702033 -0.75878983718092607 -0.12829564452859391 0.47874547309778526 -0.40012324251388171 0.38283440086235937 -0.91728972150782595 -0.0033540544612579645 0.25967001296415126 -0.2992572984005063 0.36377389208356214 0.78424861375757116 -0.16075762506292759 -0.17608210993647705 -0.24613674285889556 -0.69368915856888003 -0.55886179302347105 0.18406494561455641 -0.5832370564383027 -0.044417345882421626 0.78324487645042828 0.13586073154707581 -1.2288013034527718 0.33814424223824058 0.50259154876300094 1.2252179565988917 -1.0866777081238226 0.080333079183127154 -0.64380405519213735 0.93073619383432482 -1.3163933446973672 0.52922718698735949
