# Created by Octave 6.2.0, Mon Sep 12 16:24:44 2022 GMT <unknown@LAPTOP-P0PV0581>
# name: Theta2
# type: matrix
# rows: 35
# columns: 36
 0.11231494876961905 -1.0111683564131355 -0.016014841218181326 -0.76525549915468072 0.0072388799348668039 4.5620093353314899e-06 -0.069358012840435121 -0.17718442706563281 0.030437509209147898 -0.15434076813268469 0.34064326127772604 -0.029106380083107876 -1.081682035601488 -0.59355231763729488 0.26469387535511602 -0.17021960941518546 1.0551371324820173 0.66382217241065922 -0.1418662211071049 0.075448660025822109 -0.15955274574024994 0.19475177490302523 0.21419845171105059 0.24719918562830048 0.72320914914202317 0.54210428042179881 -0.23147031718904273 -0.38458646395330354 0.41418503991505973 -0.11400455142827787 -0.19516863271537715 0.87095427692801253 0.10793791482984991 0.12003242713092575 -0.63754458325675145 -0.46374032615409261
 0.037645913140962217 0.13654635879007551 0.2220875528835001 0.30777005232899435 -0.25926230848150578 -0.9480553629459223 0.38846710945875179 -0.026390694694665772 -0.28929638862053986 -0.04995595763609232 0.081577689960760397 0.16593077972277565 1.1626117723956095 0.3540578752748676 0.21235552726850845 -0.021907703130589557 -0.36744329869259029 -0.53141678864279163 -0.18066444987244795 -0.94820114954697099 0.40871448680661154 0.26132916375863402 0.42887414372654409 0.36504960701400707 -0.30012112461012985 -0.47090317246530761 1.3479122508953387 0.080661453456309401 -0.59669544470544289 0.10804483002261393 -0.22927273154752853 -0.60103639576041046 -0.40890944874730156 1.0189661051727934 -0.1691234013248038 -0.73552465382125043
 -0.23634283146481186 0.62745904756987225 0.031669725619575692 -0.10915372817106982 -0.16242698939306469 -0.04066043666351387 0.1874058437153594 -0.29949196484425411 0.81069893095925738 -0.14736474615637221 0.061842205008972147 -0.49495914265796997 -0.7298893975256473 -0.60643646649564742 0.19954882427082113 0.20962905035781385 -0.13255469817558749 -0.39947627021646054 0.35205739977022343 0.58353952273754917 -0.029046613540792143 -0.66535692761547549 -0.13781047875394381 -0.21659827750074687 -0.72727981296503796 0.09313510872228753 0.23029148875791175 -0.021639322634530913 0.0077454529290280523 0.49342203236713877 -0.05295121190810273 0.70297829776432053 -0.0035173463052477244 -1.3173795632716963 -0.07696855367337975 0.17328098067776701
 -0.21465088347761596 0.491568192822395 -0.28850925103767266 0.039626234438267044 0.53647724749076764 -0.8337889911102081 0.38130262300982587 0.85824205435931455 -0.19173985723682885 0.15156744881648751 0.035701863482547599 -0.17382062723590788 0.30271762959878473 0.49926584202887903 -0.087582193699054831 -0.42267287164493578 0.5428951755787359 1.0408931409690263 -1.5703089388411167 0.50166301980005024 0.40259251749716313 -0.19744078804913351 -0.20738204971254712 0.020418345613355121 -0.1391460257574039 0.40642840524060841 0.21767301647988774 0.53561032269958053 -0.37477436548506965 -0.03552801729963511 -0.088357096488485734 -0.43427337552144735 0.64285357093722528 -0.17247339748532137 -0.54532151344505686 -0.028378225935245104
 -0.10080167523082853 0.69102614667462436 -0.05524709056169326 -0.32307237612013529 0.20670066448421417 -0.10997403651616082 0.21340282778214226 -0.18975143247712309 0.13895273381538706 -1.2014484310966855 -0.043766869599308075 0.48540637126927005 -0.24424172277184772 0.20997783937439027 -0.36788305381661901 -0.15823251393786059 0.2391683500623841 -0.26902749607565896 0.054800790498533446 -0.3145904687173165 0.18352562267782296 -0.20777425457912796 0.44045050888978982 0.47871491920099546 0.054619466390453418 0.73718672633094973 1.0352997557113948 0.18978808109867285 0.35634241111166615 0.64194053523493899 -0.43009384323705352 0.44072530781692154 0.94896656923804901 -0.60664301994729697 -0.65764970098073294 -0.63184121613815181
 0.066900382833373698 0.21460134451322926 -0.092877401093786505 0.072031452499858359 0.574450253554049 -0.55827101951242619 0.20529483146442334 -0.063129969286070703 0.51466137086017349 -0.028492048426223569 0.34258340833945156 0.29112312089712883 -0.55785046672436744 -0.17971214429271715 0.45134150278995661 -0.44855889288268425 0.67189146365193864 0.25882937257973782 -0.78732757148606747 0.73620068428254737 -0.015977161025475039 -0.20706826348207852 0.037211975265993992 0.081084834928086394 0.081967618765570932 0.033692788425263374 0.2730211399703204 0.48873757058922973 0.10155555793491695 -0.35216238700665131 -0.35415488205142043 0.72768928707796676 -0.40690965642654919 -0.54433656978079514 0.39723339166996774 0.57464883812298595
 0.12746049345559476 -0.99382080116640115 0.57619730652317747 0.3368423366396307 -1.1706112723215509 0.65381122325393126 -0.49792335233929685 -0.87945977939573206 0.12890616623113726 -0.02385470699046989 -0.20736886697816945 -0.29220910340063894 1.0144198196814567 -0.67898620597281489 -0.79965495994275482 1.1180005439460003 -1.8019170604168728 -1.2639571492982851 1.8817435474678852 -1.6006090909505377 0.19094549594735183 0.78343737504699462 0.28928156142148859 -0.034589114106616914 0.15014977002786142 -0.5500697585913652 0.6198194084890194 -0.98274950076926093 0.32892145964614389 0.064981898937909649 -0.0062516475932486073 -0.77310057214565842 -0.62851590731904239 1.645350614578164 0.57635998140197442 -0.72380407801254865
 -0.23481250273714885 0.92483811434072027 -0.12358707734012671 -0.20613108987718659 0.12543408094444211 -0.29582732464519279 -0.28791006384948503 -0.62659662951757267 0.28442382081340939 0.0832355536283928 0.063499235309700419 0.45481525241941029 -0.58125462006047079 0.42530123371583795 0.13494882239856493 -0.074921415134350494 0.039173081436913747 -0.23370071591892999 -0.32271157902753783 0.44345860070260595 -0.68040730744008826 -0.62910997046037187 -0.073378744372602028 -0.083719746801748762 -0.46883933287508173 -0.15667195619804911 -0.18936961947501388 0.60731280680332533 0.083998267879821481 0.41343885933546892 0.26341290676660661 0.53007551644906381 0.094346232194129256 -1.4946222960329292 0.42362019953482055 0.61592459161228441
 -0.054498215904761713 0.37214733138544598 -0.045886404348772995 -0.66657653039301967 0.10307057769555293 0.79542336460351915 -0.034094399091003633 -0.20427953861732226 0.37075416115937376 -0.49102104331042395 -0.29978377036188075 -0.099361902300857896 -0.77177576798963166 -0.11001053008266637 -0.7672628173799465 0.27695802172881639 -0.063155660176417119 0.24903835963093623 0.60175602391146965 0.38697781986420648 -0.60692197783023838 -0.15242562557586439 -0.051567866855858582 -0.19989337056831172 0.24517208488294409 0.65459870846479828 -0.15863760472100397 -0.19963266228531365 0.57239979962874477 0.4326617145614356 0.032380587479630969 0.51867720750624402 0.83398626087850214 -0.87452846281670726 -0.16985637643944299 -0.18656898325658633
 -0.041978393383828257 0.40716669031142305 -0.18041286719284177 0.26133896370327597 0.33629937920217501 0.35217008477192752 0.52193107403361882 0.58455070947051457 0.56175348368645195 0.042335473541056851 -0.060713103768847872 -0.19989010089490428 -1.0285791419784345 -0.16522483897600035 -0.73128901261677492 -0.18012956231544733 -0.006764701407010347 0.41778662068055528 0.12192670488542806 0.92971842703363461 0.080215113741569144 -0.48989160124033126 -0.031040526938269496 -0.10981463019287366 0.20738933641595705 0.83731932105501228 0.31536364497643071 -0.32727326843438814 0.34182219675238756 0.0086911299807627667 -0.62248954329577488 0.41969767538122493 0.66839441499085639 -0.53124492347665675 -0.3913559219267212 -0.08350252851954254
