# Created by Octave 6.2.0, Mon Sep 12 13:19:05 2022 GMT <unknown@LAPTOP-P0PV0581>
# name: Theta2
# type: matrix
# rows: 15
# columns: 16
 0.15356521675701687 0.11733230071324682 0.43704374634202181 -0.40889786731725436 -1.3018703312469555 0.94952330105916927 -0.58271551130259158 1.2470086659719117 -0.32401084656518941 0.094101602490583997 1.0827892510939272 -0.69058782604429347 1.1098091607579736 -0.066520724519040855 -0.39554549702780778 0.51286332586550121
 -0.63523578682376458 -0.47978490781275873 1.2997037582708868 0.82141008793093784 -0.11875990675797868 -0.83390299118357081 -0.26262724870932719 -0.71168402809026943 0.69668846456476963 1.1502846531506181 -0.43902702542343913 -0.89053810744178175 0.30746990929893658 0.23867308430901815 0.7339912884529316 0.56193167791699761
 0.57059113541167139 1.2268769219660629 -1.333775051728838 0.48424921116904146 -2.3250300995395188 0.79954152414770763 0.56025999171211915 1.7398005134340595 -0.25314305285439098 -0.065209004377593 1.2090613686790124 0.97322755619749812 2.1145499430059136 1.4062139239213494 1.271924551609392 0.70849276755732804
 -0.15786616534234066 -0.19032566505913948 -0.27844012574501725 0.55854729828835425 1.8156219097278019 -1.1947195196086857 0.21553654581847428 -1.0207858190573593 -0.060009022885496664 0.1282668179280517 0.68384547258766304 -0.0046448843341941838 -1.3003416350125447 -0.59713123430535764 -1.2043230499227693 -0.46763832772181246
 -0.54389065361870426 -0.67594188890645901 1.1158861110253731 0.48617909291334499 0.093286537956307813 -0.31802509881983954 -0.6402579876514497 -1.3291137481877404 1.0505916712724048 1.2037884883527894 -0.11416077030596801 0.55075585268535598 0.036856263852437975 0.65006225017356212 0.93181588453909947 -0.57817384521839044
 0.15570173001985302 0.25003174034751813 0.76566469063397191 1.1052333972713428 -0.72268965537519514 1.193023609268884 -1.7671591028122984 1.2566804393320816 0.43576918294787892 0.25338265481653194 -1.842126098702201 -0.91189882160349756 0.85248276352591812 0.83385779583874642 1.5634658457086101 -0.26754340661324777
 -0.40818294785845705 -0.081873139341188367 -0.16473722466577839 -0.25684480822042094 -1.633266012364055 -1.2687397705996775 1.6674922018856702 0.074123979079228214 -0.11958503363834418 0.55187638017711149 1.0918544187322206 0.38093208968736936 1.2163157006751282 1.4240606523282384 1.236021247732132 1.0701298389920681
 -0.4656039776543614 -0.86791631504535216 -1.9254299248865288 0.49922575618520171 0.03889594413497597 -2.3769955897101158 1.6468512317935806 -1.5068839044549316 0.54686303020330229 0.36108604756587026 0.51058549927458796 1.1183596980382235 -0.07199953831653122 -0.21938913307556648 0.10217808577602026 1.1832549828199723
 -0.69729709101029247 -0.041253219675923443 -0.27890916606528238 0.11776602234387254 -1.3601897839446673 0.53776272878446607 -1.2411512214794584 2.0031672066048523 -0.52513776445722948 0.39568890330367046 1.8343233023006109 -2.2645993878514719 0.57011712912651979 1.3547759352016016 0.011505917989142862 -1.635191764898317
 0.042266147652009263 0.039873543723362846 -0.90588352927821025 -1.717200148224594 -0.2508524931456384 -0.25119460992746218 0.93093893105351266 -0.57974820310643349 0.04111362576727462 -0.12923330865010391 1.0806207973729085 2.1011939913497346 -0.14267453006285452 1.0067406690254519 0.6061679998665217 -0.71036566816594693
 0.56876647391459101 0.89078377332232861 0.3684995643794875 2.4147637867370251 2.7012410116699739 0.67445619120301525 -0.63879194625581004 -0.50774167170235363 -0.048730532679732992 -0.0777460452365384 -1.6441224790448747 -1.3748894790390804 -1.5172344332119714 -0.78372648159552627 -0.42714670182902115 0.38270803464605113
 0.18183387309721177 0.17900987851776082 -0.56327562187644342 1.8209748261822127 0.69454128873083565 -0.11464893330491556 -1.1256140599056466 0.13750322438666898 -0.21024623692764546 -0.8005462718469315 0.45252877611768705 -0.061770047048798543 -0.11653878625237572 -0.66517617903010062 -1.2449915307754975 0.31762396197188053
 0.50859036965657289 0.28812558940598337 1.470554305565007 -0.7814300063259173 1.8234211646700269 1.1777061462268594 0.2567542953948761 1.0531700077838779 -0.35843853030549389 0.11881311598921145 0.31413539993921619 -2.6676267398414772 -0.86678102430300286 -1.5966889933639052 -1.3579876312963948 -1.3244641594928888
 -0.55152045179867359 -0.28107875207855887 -0.13614915685321621 2.1032889866620783 -0.7423978646319872 -1.0283078049882901 -0.76743958369930376 -1.5781682347690955 0.26700309420744622 0.15847664715468121 0.19667236744378297 0.21015667271561633 0.13512882590431924 0.19825760690020364 0.22084316073111152 2.0099839078347665
 -0.0052616352539603655 0.14708601848198846 -1.6684313865280005 0.63220498192668806 -0.62183426484594595 -0.23731526930354721 0.23740362788403085 0.38504583339088116 -0.090655329592945005 -0.50783111868364605 -0.37678560008467282 -0.064117337939685118 -0.26735940949691173 0.51968930155623783 0.41240376876587498 1.6259183973365692


