# Created by Octave 6.2.0, Mon Sep 12 13:05:18 2022 GMT <unknown@LAPTOP-P0PV0581>
# name: Theta4
# type: matrix
# rows: 10
# columns: 46
 -0.25988316030665853 0.034844174541060355 0.015444251098748149 1.2053734290097466 -0.67726080545121792 -1.9700307540890014 -0.2799463649642806 -0.68540340309008618 -1.6822593507793961 -1.7989310789580784 -0.97311307608010011 0.93543122302416404 -3.6879241709000179 0.66354169458155032 0.98212047023166071 0.35281011220361297 0.39374528857171931 2.4783712949346564 0.87676658598445611 0.80604846879375236 0.45126158228738622 0.53992792185257121 1.8304709614569881 -1.9022155562816985 0.69812483524782998 0.3200275901892764 0.2848700891065884 0.71930563862417718 -0.99639934336661728 -1.7264389336680204 -0.27902188344887963 0.27188983765450342 -1.3002632822501432 1.3304800964067529 -0.10324690059380603 -2.5302972139932987 1.3578342542730355 1.3178055188205615 0.54787817024156305 -0.8783617889553853 -1.2824603655992315 -0.44211113322937873 -1.0558050334735063 -3.2133418838468475 2.2889451912947374 -0.83834032235021849
 0.22305665127226576 0.17461741355319135 -0.040278400041037492 -0.27465321785757046 -0.81994014251875635 0.1198308109202277 -0.14974491218456573 0.52083474541858821 -0.82181050024944691 1.1315711325994455 0.25276698210544324 -0.5301400664710979 -1.6870150916268773 0.87894510936807446 0.42347003797451055 -0.65203367309639493 0.50251424940851153 -1.0562438957354654 -0.15464626367486339 -0.53692334812960751 -0.7237092090676247 0.98945493059826273 0.91147557492782472 0.15037410177489807 -1.850140074802973 -0.33463632239511221 0.4352804437489205 1.0450720561665234 -0.061131844318792712 0.18584970204337456 0.39969975554086246 -0.2917877746462843 1.7110831174403696 1.3891227020258266 -0.083651259484141455 0.45960925544759107 0.69072199111672128 0.56156341531080045 0.68999507333402721 -0.010266239915927218 1.359976615687621 -0.13689430599402982 1.8597622705959853 0.83962951836967226 -0.90546521348015918 0.23855476787513208
 0.37081591858326501 0.42217495978895758 -0.31335153553567263 0.58815113795857454 -0.6800036285810912 -0.99398837685334818 1.8924830928648328 0.40917595784917354 2.7263422466824778 0.57715717307738124 -0.81340975936520987 -0.72371447191043614 -0.17543142305440401 -1.9121052404266983 -0.59414968427079906 0.32951518233917992 -0.038750473856370385 1.0425897719690538 -0.49501199802987356 1.2751949890406364 -0.69719988003361788 0.39440918479743686 1.7938894857943244 -1.086746779741413 0.65719308225707729 -0.26236255553887272 0.1050872365936949 -1.6851530851470136 -0.46126947027784737 -0.46763174716937328 -0.41865655863331636 -1.1979190608666743 -0.0025702513262723728 0.02035613941020745 0.0091347460933135973 -0.35334301528118572 2.58010746626434 -1.205931990796159 -1.5758401234997297 1.78911929054719 -2.1833300972963086 0.81778897327543287 -1.1609102927427657 -1.6130593563880307 0.74968204096646684 0.18823511614519753
 -0.20113252327571718 -0.6185321555057931 -0.033330230995160103 0.4447766481275871 1.154185935414862 0.72666895411104049 -0.46904313053378471 -0.71661987977397867 -1.0393023975268785 -0.10264105339733862 1.0748740391158067 0.60819410994227141 0.69392357279999584 0.67644829375962645 0.61414706181554923 0.48878672345437518 -0.54086643907166454 -0.62923402442412457 -1.3333028137430605 -0.54752052710643806 1.9541616417252732 -0.52963925671420842 0.21945855966506694 1.3935896500533185 -0.50699087067317661 -0.007610864594092155 -0.21241507769176143 -0.31594058403415548 1.0567673827083406 0.50295630521688339 -0.054307500745798799 -0.72494755042953585 0.87148864071929055 -0.30251384741822335 0.0778766065178884 0.6118245216044268 -0.91726040456807956 0.95758574028354215 0.34129730063536762 -0.38791871812705053 0.49929138419681884 0.1471345106917426 0.4958875388605134 1.6889749028806376 -1.6865924461172388 -0.28353159241157139
 0.024305266986568416 1.219573640996541 -0.027190865286851499 -1.3340779976091193 1.7052741114084458 -0.41407887099791307 0.27593925545754633 0.095254811266678882 0.53707909154367506 -0.36469572377175458 -1.0681315621549194 1.3230684298553557 0.44975752356770266 -1.2452606325377316 -0.48145733772485394 0.82861992314037414 0.5077950520799418 -0.099345538952152146 0.18284808207977041 0.20127377427840615 0.8852119021303605 -0.88684867948858981 0.092949388901656757 -0.73863900663241333 1.9693541475454388 0.3382029250528561 -0.15094890179722331 -0.22727186444569364 -0.84393723526570164 0.022087112962443638 -0.38100152176435631 -0.76156863388712959 -1.059249083190936 -0.54849493708294961 -0.012310414290712635 0.16103061648885258 -0.044154985301766356 0.86669242437355243 -0.5603701757649171 0.78663466275062333 -0.68844052549007451 -0.52228109959217739 -1.0870174164021724 -0.86000626188481433 0.53257797177475474 0.65815984944382777
 0.39099360026045549 -1.1032026970741422 0.25425335609816357 -1.5179768349015867 2.0200825721269826 -0.03196235126189189 0.66255254004060282 0.35048927904121241 -0.090413889622895219 0.72648886990305617 0.60150568550787775 -1.073118062442832 0.48355152159400455 0.55570137028012634 -0.49645452729380851 0.47085633163285445 -0.54574077138637334 -2.0575628760876277 -0.39835642644235253 -2.351857867868925 1.0490973816603215 -0.86063248223239364 -0.88444487647625591 -1.1942582933854156 -1.1986934947827681 -0.51408433690254174 0.73715862733105131 2.3375883115109999 1.2363729764037461 0.79764010476155833 1.0423559139412977 -1.2046383967300074 1.4133065859756571 0.77775165035564497 -0.91567386186881838 1.5049476716855288 -1.5482901777989786 -0.098036743211085603 0.9603999871164427 -0.60116826830928172 1.5873023649608864 -0.35825095086492698 2.845053503618264 0.47254414151924806 -1.8301565169059033 -0.7175889234017031
 -0.066108966457064239 -0.82555948005739832 -0.53328650912274433 0.66013491889970466 -1.2068139881031321 2.6438200603007425 -1.0564033257648484 0.34727471813303573 -0.37434070255502438 0.12161971722135476 0.66664361091544544 -0.12552702221555861 0.21971743963394183 1.4851493017435369 1.5553153164978644 -0.031934872234357994 -0.034978616172780974 0.74123531536729315 0.65429230878673861 1.030689486108282 -1.5127809429820387 -0.010329191941591084 -1.5689842771957105 1.3743846577806158 -0.6071629074245749 1.1276977987217114 -0.22533276693964005 -1.2184563773699426 -0.44433794936357074 0.464163688601966 -0.41721794363615894 1.042213423751305 0.33656627341921541 -0.15359295593937983 -0.6910675292145807 -1.3580744477146682 -0.85861753034840138 -1.3602993555357898 -0.029380880222009631 -2.8656240845991365 0.846605011642383 -0.27870552206381427 0.2704995953551379 1.8338919798296556 0.88359415619124226 0.93354782320446072
 -0.33262857792020478 0.36351369443218445 0.069738528501205682 1.0158585599673255 -0.31947423057290142 -1.3905576815271044 0.26377577794335971 0.47041116229182361 -0.40057167691817824 -0.62479467058246907 -1.0563886196408394 0.56895543966819351 0.032653142855673001 -1.0456198255871987 -0.66186529627304314 0.2900356610043377 -0.29289519295922845 0.34045246715919741 0.93691917569267691 -0.55799962771011813 0.60898170589613776 0.91002901566896732 -0.20842142961890162 -0.99921637684870424 -0.10080705799245047 -0.61783077032891331 -0.18502446280396595 0.53155434475504271 -1.0905462328452631 -0.051721823985889398 0.59779875564316809 0.78309171350779083 -0.78863939779370618 -0.10676615956725187 -0.0018006422924021887 0.66256046907103128 -0.5612856699509059 0.33980005885877756 0.8798185922189542 1.6623356588666984 -1.2752965039403488 0.91446234308205487 -1.6767972322591294 -1.1473078017630567 0.73076534115060621 -1.4714968518986069
