# Created by Octave 6.2.0, Mon Sep 12 16:08:14 2022 GMT <unknown@LAPTOP-P0PV0581>
# name: Theta2
# type: matrix
# rows: 35
# columns: 36
 -0.03225609530320437 -0.18003920588409755 -0.19544307744048078 0.37375294145745402 -0.15530272714671992 0.11808994856764607 -0.40701184458498885 -0.011401357664195928 -0.79153479112856406 0.037625868187158983 0.87862920901944219 -0.49615932420407599 -0.80839996093911615 -0.0041645201034154009 1.3742653175264108 -0.63175218278143919 0.012619131937863313 0.15499072266029976 0.20781562044155205 -0.047295559779296364 0.72198708940029099 0.12580031778934778 0.5100972341465303 -0.85594295748065963 -0.26847189927981213 0.0041181425037045303 0.78246008566778968 0.72930196805906611 0.23045062045160375 0.13801742651079649 0.060906519672630492 -0.66530886842277714 -0.92395396335474178 -0.096509481177767587 -0.037827986007125149 0.1215938409611014
 0.13272464611233481 -0.44257190544851299 0.24874889729993627 -0.040316757450715265 -0.51099550466854737 0.20825807139413255 -1.3634208449595588 0.7420098047604895 -0.79152685779109577 -0.028953611212630178 0.26582282468572527 0.72225380950533125 0.22217586028755404 -0.72831617523831504 0.32290320386198473 -0.33772753133135536 0.04609894524527277 0.99056594816771482 0.2448947213521904 0.075101753329774507 -0.79901085069301414 0.23548993308164548 -0.51419739303342604 -0.31924337789173945 0.6026121882267006 -0.24496415096505036 -0.18817310052681629 -0.21415888179897152 0.90466496450959455 0.11896092561928941 0.5513938168251058 -0.75236565178554593 -0.89975677290195977 1.0097772660086985 -1.2335663126877683 0.61297569036525013
 -0.012379382736805552 0.16394469993343289 -0.46109522649855073 0.56423887535139905 -0.50754993708013552 -0.13362556056803898 0.47019545414737884 -0.43879811006905661 0.29805799496548879 -0.60752163816973104 -0.69794293525826656 -1.3826441424208351 0.71554926279816111 -0.28130088199650705 0.18007849515194124 0.46408353983260958 0.0068567331431587204 -0.016442201116148265 -0.16569246165279186 -0.25347648361632341 -0.21007497369397787 0.49343129795138541 0.11319789261661126 -0.1019318961481316 0.8963227444688272 -0.21599898642466364 -0.11275547642905595 -0.24861491820205117 -0.045470303993950752 0.028288612831509335 -0.47744830568560903 -0.24520770162170155 -0.1701419181616538 0.19717033174294979 1.1014127885651706 -0.48847437503460867
 -0.22519273408261384 0.067242568781263473 1.2073933559360723 0.27569966545070246 -0.74460732247212746 0.4762169275849728 -0.60992214681292467 0.21977524270866328 -0.88704431366065439 0.2209107064213596 0.26693348217277818 -0.76903350870874931 -0.5980666788193959 -0.32831681338307461 1.3764582398328555 -0.69685864994331559 -0.034141402312311733 -0.26080366755743095 0.08931101980104883 0.069964294472150856 -0.74856827644153168 -0.091332655564624415 -0.022541967386638603 0.17830608209958246 -1.4005171015085967 -0.69110162613122927 -0.025443411093982189 0.22907827954354207 1.1416847865186783 -0.50092414290253451 0.82817886876327962 0.45751672218339695 0.57013394671275841 0.47023133656735233 -0.50040099477299016 -0.039808250869486875
 -0.015771956254365022 0.51346989928305742 0.83662073616828236 -0.2191889305191759 -0.20155080000200615 0.044154351540430396 0.018962959062251039 0.17233676638035883 0.64470768395120204 0.20413804789111775 -1.030156413683915 0.3806658813177643 -0.28600183353300257 0.49414803894262832 -0.80246852922731449 0.1549834068636754 0.03460342497719824 -0.80094068026207998 -0.11579617535034578 0.3544207963496116 -0.19765903088034892 0.070686280413771188 -0.15585987755040767 1.37716254724498 -0.48724649229084044 -0.23482937796124731 -0.32956429236722162 -1.2577015163343892 0.32380469667542949 -0.65544145427030898 0.39434064071802255 0.94669768790569808 1.5008373151602381 -0.12353708013359249 -0.59443314982867324 -0.75899801388847676
 -0.043522226377087123 -0.15501789633119314 0.12758577500918813 0.20954075152473634 0.56018819681288867 0.26775815179062395 -0.63443996357388066 0.31978105523297445 -0.41018152977504674 0.13831437650649231 0.23981571420014478 0.77096837688584974 -0.88206321012712996 0.17433290846251989 -0.11104952660990479 -0.73613852660198487 0.047031277478887794 0.42177809061934296 0.2191366161244821 0.24034043047536255 -0.032582803561790781 0.061145234084486001 0.24536185093745055 -0.53876242970773258 -0.42623994138484422 -0.02244131774746623 -0.49476198871543359 -0.25522070783242107 0.40536820921367689 -0.034530351311275395 0.10919101339393882 -0.41475619680843662 -0.12090743659013384 -0.049725966936353415 -0.019344937440534633 0.41491147640662529
 -0.17565765683420032 0.07033014809907763 -0.38649991754559232 -0.14111449687855451 -0.15444555807975327 0.07189495336185632 0.14662523988949053 0.15284691799317185 -0.21589681269043173 -0.12372161675403998 0.83200710929934096 -0.11340405529533773 -0.18647459374108744 0.17372657561613458 0.84625659866775371 -0.24094245328693217 0.067839379485646972 -0.22573232481333305 -0.081138714093047085 -0.056068442086310316 0.3873952576567965 -0.24325770836918453 0.013625065094471315 -0.11521205834381716 -1.0174814592759149 0.02164185858528056 -0.41977099756752079 0.73225458623320283 -0.038278837234353359 0.091975513090154934 0.18153659661775376 0.035407661606034591 -0.14799093409030442 -0.1088680363015674 -0.23348167460146416 0.12543192194642189
 -0.13807954339564707 -0.3890013959248429 0.04117742140920716 0.0036911607707198089 -0.63887598881553731 -0.24015398230018142 -1.0889100338333091 0.593617756909951 -0.50564477955761356 -0.17078474294551543 -0.62399198170139991 0.81094653168369502 0.17040694815652008 -0.0390776626111385 -0.47449907382990736 -0.1044804820198168 0.1024423407707566 0.57841997248002042 -0.066771157152087576 0.29238596700682751 -0.081761820084854983 0.056389628400832351 -0.0063427412773809783 -1.0094696205299512 -0.48507856378443742 -0.0025673345392763624 -0.20497553881286834 -1.2211096023795063 0.53379310518846201 -0.10026390332154371 0.12600635090467349 -0.65774490579103362 -0.061878067978994714 0.36765643219880795 -0.99782416389438289 1.0704691834971862
 -0.19552292602202281 0.56106931096738522 0.32804510784238056 0.37144978918461929 0.29670800513611406 0.07258651496120952 0.75803420360469387 -0.71506717588321134 0.53592362232391899 -0.083230825940264347 -0.79917305316797316 -1.3005482852583847 -0.98147605653315784 0.17242020437960009 0.056463609310575216 -0.14602771943272164 -0.032499389919406409 -1.0276718622265004 -0.17657123954445678 0.04372793990492925 0.16943011950603332 0.13522997291044273 0.30903883343008948 0.68359232910621259 0.21288861493728245 -0.285642977816287 0.14298656978061661 -0.38229427387771159 -0.16559701640687316 -0.47642552037933594 0.41037092362597655 0.53994476747409781 0.90828198928383586 -0.24177103231259509 0.68656696279228902 -1.3017057602922131
 0.032835007948898015 -0.020316202817340583 0.32157089392617033 -0.52791368328333454 0.092961784451009333 0.0024250063628393367 -0.53878575477950585 0.39147449262140993 0.093497845010843225 0.25208153857224841 -0.012246123065781747 0.57588109153349021 0.51654287337965077 0.71512950529600117 -0.21409840375615555 0.36003032820462982 0.046589136514471302 0.096056879777400031 -0.20126565811971048 0.10416690269678781 0.30258654087974862 -0.103814776279869 0.52259131455591701 -0.40419388735986883 -1.084023050760154 0.63910423337287636 -0.12998403733455416 -0.3095276705149651 -0.097591495924880006 -0.0075597538673061104 -0.3183063486375165 0.23390855517124604 0.35488062873169723 -0.90781174764218087 -0.19695850780175617 0.68284776096872757
