# Created by Octave 6.2.0, Mon Sep 12 16:43:56 2022 GMT <unknown@LAPTOP-P0PV0581>
# name: Theta4
# type: matrix
# rows: 10
# columns: 36
 -0.40018563457939105 0.88970455119387371 0.39347979864007493 -1.1697681688125621 2.0281169596842927 0.8012044210551853 1.7678431591357475 -0.67984867609955402 -0.49025927338227826 -0.24605934546304381 2.49803197903868 0.69840469076242218 1.6373119510292093 -1.9451710426465785 -0.36905724170145388 -2.7305894831377509 -0.75738905850544336 -0.62791313114060843 -2.9825254044352194 0.3049708416660033 -0.80111276395166209 -0.86528360158119422 -0.43661993031064555 -1.2148937132293698 -0.19181536554939196 0.5651297700251815 0.15984674011801145 -1.0712125013313982 -0.66579258139624453 -3.5935851236810037 0.94608595821136832 0.04223183886916352 2.8787964581579666 0.36743993536417829 2.6739839262707843 1.231227722621806
 0.060507253526741016 0.31854000556865864 0.78370199188511225 -0.39561333905696877 0.53660170714642996 0.80519015300980168 -1.0844449515572245 1.6728752006680856 -0.19090600266259672 -0.7027045186992561 1.5813684511431421 -1.0289928241859987 0.36463587980053641 -1.8397063226033368 0.17536429908713289 1.8490220736327292 -0.43425440349593214 -0.83649775503038348 0.17014946353163163 0.012837003589105811 0.93280415153008267 -0.19002120225451272 1.6618539535652908 -0.7737561280385914 -0.050285282612825499 -0.40688184733827731 -0.53377486696400234 1.0986899559857743 0.36967085622608042 -0.53612044842955686 0.17850181987106795 1.0144427026939997 -1.6775249018118059 0.87472456326974601 1.2591352646895155 0.17139648242551625
 -0.21488280544142166 1.2433771729435292 0.76345310277340672 -0.73674521462557618 0.64106129287133118 -1.9948510016104732 0.12754731562921154 -0.31462972677445322 -1.2869740723436089 -0.10238807340676019 0.14502243088647032 0.76046988843941909 -0.4115028090179253 -1.0164193638759988 -0.94075134055562148 1.5661396160995307 -2.0920999277264478 1.3721834158826323 -1.3324900223210023 -0.67877182770495403 0.15246939119289693 -0.8109400503279145 -0.71639826152828956 1.6933370491260713 1.0877262931400666 -0.46534006970409453 0.13765816990916699 1.5012601830828638 -0.020048317680821496 -0.61938112667168677 -0.95986323008347962 -1.1573758842753701 -2.0562991139167952 0.55965847881298603 0.25360232993871795 1.9805351596432155
 -0.19793783459052808 -1.1896450032246879 -0.07264830993000998 1.1752126088557959 -0.71698371016051898 -0.77005545099653905 -0.36086842558549281 -0.31681285097567785 1.2588651234061856 0.87066332007773506 -0.83050991841715083 0.71520995481262628 0.018749175015349843 0.34201204016289605 0.35856905700797331 -1.271405967235081 -0.23264838671415536 0.03771433796597972 0.94763336342405613 -0.53142567692274822 0.48499633408158943 0.43356071192834289 1.4594068347070419 -2.0096307026572036 -1.0335795471742866 0.070376353054426258 0.58157914333582539 -0.70508913442417742 0.10817044152847442 0.70847463133468758 1.2207765472150542 0.093636707668178734 2.1611197607407746 -0.25749232855447546 -1.6537789733873534 -1.5340236589386689
 -0.061429498804265847 0.18914744399561151 0.28162410371986318 1.5741358998779247 -0.13612869067125508 -1.7119104521138921 -0.8089097583774072 -0.39142010395209242 -0.23211219415018775 1.3513560175386601 0.40951945250513844 -0.057670635391355266 -0.5194518305176643 1.5697487642288355 0.30490089877417065 0.34447963764561645 -0.12116204334028205 0.89387589184066052 -0.23145988892143393 -0.013279804976007411 -0.28853050465932106 -0.69227959953732232 -2.3167755008932573 0.37319995609019846 0.17744747953679599 -0.14943408211291132 0.41924988143546127 0.16857896178371359 -0.93294320741761683 -0.10390257473955597 0.36075725668884578 -0.78271267659521115 -0.87226314735000898 0.078278163558893735 -0.33941684144777096 1.7028789236532293
 -0.23552067079351602 -1.364538217952056 1.7162297309627585 0.095089004764192991 -0.53832363521548665 0.87121134466012407 -3.2799768442214514 1.8456093170953556 -1.7030122598260717 -0.3061413312163897 -0.93720698128042745 1.1068334428179059 0.44601550799312961 0.50746694991804586 -0.17939670025690876 0.73665186904411428 -0.5372870294373624 -0.98299073366999556 2.783375982162255 0.51789502219267525 -0.24798400361934955 -1.3563066272742261 0.6049872980522687 -0.73415738336344105 2.0746715478235509 0.033159185798411192 0.82644604186211212 -1.1795116104397669 0.38833556939534059 0.67980002767519843 -1.2225416655053805 -1.1485868590573383 -1.2031774631768168 0.22690295839870495 -0.56653271429092056 -0.87128417643529799
 0.58368951446515349 1.059357656751353 -2.4355489134702233 -1.9452370072360199 -0.51669406670228535 1.7668915260291833 3.5764857162411943 -0.64222055540860212 3.1998574144701104 -1.9330086927120054 -0.65243731784575709 0.19425769353795455 -0.26449690513380125 -0.75951898709281984 -0.091813528804337616 -0.25597363307555415 1.6579863665738226 -0.32741895087204265 -0.72246782497021256 -0.02777934846180647 -0.60692381846449306 1.9157528209679409 1.2403501381143287 -0.57730818537395756 -1.1306352052979325 0.49635330122205112 0.59734969225522561 -1.1066188623826307 0.13567281471888296 1.2977852153906801 0.21307266776648112 1.5510095082457629 2.5598437357509281 -0.5928133002298398 -1.0803900941984035 -1.7509126721549237
 0.14227807025461209 -0.12081213115847875 0.044295312067316989 0.09385190404752565 1.3952517044875425 -1.1382975282176342 -1.2830330039949407 0.10916202916324218 -0.81646021084488396 1.0531391992613117 -0.72287182032270669 0.58571752482910833 0.2080182762919652 0.55118672819243875 0.64572278748012502 -0.94270819990777299 -1.0786279744390159 2.2814429298565129 -0.97438285895026389 -0.74259233817754389 0.036307576034617504 0.20051562296024927 -1.2892777326766895 0.16954747824740057 -0.98607233743128397 1.2198055693636756 -1.6293816926868467 2.1579197527782155 0.1318003341818238 -1.1754035314744211 -1.3095142516483294 -0.24958652437604942 -0.96319146901181085 0.77434038973730335 2.0971398017225908 0.10185933921108796
 0.38858197480712142 -0.35751506090521645 -1.7052905582033673 0.39749503519963919 -0.63400377484081005 0.64118051822072542 1.8416540026551103 -0.69387893488387675 0.87717325808558344 -0.19765287806414414 -1.6245217154160538 -0.074555304423796556 -0.68149655138417997 0.89379427379714216 -0.2041692115454514 -1.012956979218854 1.6578025401176402 0.28082658976044517 -0.73147607491060485 -0.57856373350310863 -0.61243532881222218 2.4827086156945919 0.68968298658754623 1.7726695475745819 -1.0006579656832015 0.44963740392369911 -0.98967212915223379 -0.21035991146780955 0.7518537850438809 1.7406401917859222 0.30237981846981499 0.79663357456489925 1.7015651777671525 -0.34664883190856233 -1.8226217486292837 -1.1643228665422003
 0.11969185781245008 -0.63085895082686927 0.25265129005374143 0.78573468725809781 -1.9301132522449154 0.87769680075411305 -0.46706156521706543 -0.29672590142137251 -0.57284251158829358 0.39724287175042972 0.49412629230660915 -3.1002338440986805 -0.7943292045756819 1.8975459213987929 0.1150380868675813 1.6246298961071344 1.8292954182924905 -2.1534192911689312 3.0328766106465004 1.5346235853032051 0.84835771904110735 -0.91992979393497332 -1.065608419147275 1.2677552447416813 0.83292671825321551 -1.7172840112803589 0.40891980931253813 -0.41986503229764877 -0.59877059632540364 1.7089129709496444 0.25197809127587611 -0.35361091623573115 -2.3782762476279236 -1.7149646509468244 -0.92799654682940191 0.099174129335448571


