# Created by Octave 6.2.0, Mon Sep 12 12:58:38 2022 GMT <unknown@LAPTOP-P0PV0581>
# name: Theta2
# type: matrix
# rows: 15
# columns: 16
 0.45112043932549084 -1.0547341193089761 0.60343679906082059 0.95922130704704256 0.24158520373892273 1.6524675952860952 -1.0519162050738804 -2.7048078303934884 2.1702503113164733 -0.21947927723319316 -0.88756266081354063 2.1591141138887604 -3.8568330279129501 -1.4608647560806189 -0.7389664679638841 -0.057779679732874151
 -0.38793519627357204 -1.5140865074581711 0.10923580202006658 -0.46142676343278405 -1.6444145372454888 0.060868367098348808 1.6098419181965111 0.69662439424135914 -0.70637105370067865 -0.17824309488583659 0.99105580014771044 -3.4743349424764229 1.9948493353552803 -1.0519393693719046 1.1029638136435922 -0.26744354651764335
 -0.14915202234720895 1.2640345558126549 -1.3128954276589186 -0.9774128884268064 -0.76482992355555779 0.18474291008062735 0.27510487362010205 1.3536231507371748 -0.77207229387051535 1.2941250052740334 1.8270369370257187 -0.5958847916657688 2.8508099795747919 -3.2515560463794624 2.1800324463366691 0.080507095178231916
 -0.24913408881602378 -1.2318751745391796 0.72056647698201415 -1.0642515358417179 0.44744375452510698 1.2468551558698537 1.8441619225182013 1.3857525799585917 -0.96706393044900274 -1.4408123327720173 -2.0991999274847255 -1.4842714796174772 0.94662597038675433 3.3951526628706836 0.22958275288698332 0.75695300216202821
 -0.087143236367026436 2.136930486396174 0.33629434555430593 0.36493175186678478 0.66481366413052279 -0.098622879516864687 0.66207745553729114 0.63091090521171722 -0.80031756763408779 0.71317486826605669 -0.36372265036411278 0.33136053025809575 1.1231853443818995 -2.1442115363619925 -0.0096141542452603552 -0.47247649484357906
 -0.2858895267790994 -1.2581414965595747 0.86492286906854554 -0.65556353005913826 -0.33562333936791988 -3.568434509401436 1.7381699380785216 -0.085734365188013972 -1.0653740433857524 -1.2604549520483357 0.26522037677189203 -1.4633877296857629 -0.57384909335020706 3.760716975391166 -1.0071315874267308 -0.16140277423606478
 0.4820155660361925 -2.2344651220236087 0.58689977340877741 0.086670504304508733 0.50919270777375014 0.038528852940593765 -1.2934060268930503 -0.46608684858567412 1.6016943013690081 -1.1698820345639533 0.17115138276976741 0.32479225687584123 -2.4822740740266234 1.7055883153651759 -0.61966109318026197 0.45387149158287676
 0.33698707235251163 -4.2920705373234469 0.7279229225310293 -0.72461930040406652 -0.70601153498765246 -3.8380703169864612 1.7961016773139755 -0.8778446172285278 1.5202003115957419 -2.32917213901771 0.82591634278470594 -3.1945302943812441 -0.1202573660786251 5.5770796070835749 -1.1495054810291783 -0.53441981457529597
 -0.013753883250818451 0.99376102162184787 0.51308221408129484 -0.2548137890990218 1.122757200053585 -1.7637627882737077 -0.80323281043044936 1.2287494998354953 -0.45938055878538159 -0.62463076332956946 -1.1183415300932753 0.29735327280223139 -0.13484680587900905 -0.6458167284555939 -0.52440874892716105 1.8920951442667522
 0.23335321059576336 -0.16352586766943913 -0.82487628985046402 -1.4085643189405379 -1.5849787125445611 -1.2237534356832289 -0.28357914270660661 0.41514504447612466 -1.1645124180512187 -0.48387203118856553 1.6884909060907771 -1.0871347027169904 1.2661073540548025 1.3713518868029428 -0.13153840180422499 0.55881167422518319
 0.0022743865215866348 1.8379340249555896 0.57355200280808938 -0.60719432014527897 -0.068070989618771241 -1.5371047281351418 3.1224276041061763 1.6031605619322873 -1.8953886616166868 0.39002385105487847 0.97060832546953457 -1.7715962373119878 3.6007335739085433 2.4122482493096777 0.17912015466743178 0.3496252913416541
 0.41780870535229336 0.48338710129504525 -1.4160177095875011 -0.42728917437495345 -0.034843513104618536 0.88842117952927213 -1.5528072568758393 1.4792381822147471 -0.78020468737258153 -0.42200686264383791 0.063865290161905855 -1.0395506050184682 1.1722692491342006 0.61472086098791012 0.27729649492737291 0.6784302556004318
 -0.41639391898837186 -4.5323645819458207 0.11841078594334813 -2.3837520932209046 -1.2105812400792191 -0.89743583653667647 1.2026296461698107 0.19143258781846637 0.17484540489073616 -1.3597072264720746 0.40391260993050132 -2.4279049144395284 0.72284773492226084 1.7218630207342696 1.0061389044745073 -0.91154003661541716
 -0.13188797429312552 -3.8948047325932151 1.0240503058069428 1.0758153239736232 -0.23245682923318178 -0.43580119172196263 0.014743177100683213 -3.5333896688385726 2.1299234241542466 -1.957110980512438 -2.0538879474649727 0.5839758201206332 -4.3298825743641105 3.6292103994474481 -2.2513810298763715 0.10758475426904965
 -0.12626412260243114 -0.27306599147924154 -0.32638998002555492 0.62657200213337338 -1.226452283729021 -2.3054572335281645 1.8314274509155588 0.0079018743966290852 -0.7313726811421678 0.061331939779925022 2.635554007743433 -1.4409138183563348 1.7550085761456213 1.8235494937804717 -0.00096281037197022234 0.42189302028326803


