# Created by Octave 6.2.0, Mon Sep 12 17:50:31 2022 GMT <unknown@LAPTOP-P0PV0581>
# name: Theta2
# type: matrix
# rows: 55
# columns: 56
 0.17042559141173988 -0.24042892955244083 -0.47323825195101032 -0.64547778700550762 0.27854868517054432 -0.26041218529909832 -0.40393185622078087 -0.023347363179509754 -0.16777027132837277 0.0085709531968680489 0.029335642267935585 -0.16495698102065884 -0.82134037872511967 0.045748902173219683 0.39939577901114959 -0.20958628806335897 -0.31169248900005486 0.50804228875300239 0.40964057418155303 0.13100657338477578 -0.10519561808260348 0.15408220963558383 0.39093600555592822 -0.16679046632096212 -0.16897578546239508 0.0073060139092784226 0.22565980280186743 0.18068904527176913 0.31613456449457977 -0.11444496585225858 0.078309365917139259 -0.22349613317158762 -0.41405016175981152 -0.53019908322192821 -0.38343185947508462 -0.26880023985337625 -0.48872747029640085 0.29591858046424824 0.20221143817552531 -0.21481577607053379 -0.014639105411493394 0.26416918627003139 -0.44741426984568711 0.093714792230474755 0.1482181233833785 -0.18428255691137835 0.19285360181607847 -0.24547888729460976 -0.077229733896985134 -0.21850076710793762 0.53641780135982431 -0.303100622089921 -0.0034921096045562811 -0.1438097731358132 0.20616781891010699 -0.46005524992603231
 0.013854354496730134 0.039263607732130994 0.20738588845601671 0.081120039913020844 -0.23815616619049015 0.089486247205169789 -0.55091503061256308 0.46623546366911212 -0.28802554006190634 0.063088358363860522 0.037333189999751396 0.0085174862894408059 -0.20789424223353448 0.31139305400987988 0.11385603292859674 -0.15670655314821166 -0.22087267695117765 -0.096646365619018001 0.23283577075989609 0.39552287233642103 -0.12948418043899251 0.14095946167297099 -0.38997953710411781 0.49642220062427755 0.13832359403046407 -0.13638473803324322 0.19206819619983465 0.10863320948878678 0.23145102414240629 0.28951030508607095 0.4008738040663925 -0.56438285044525416 -0.17934071484259856 -0.12715914342470799 0.058952620066213941 -0.64779993162394522 -0.042630687876481305 -0.15235276690264526 -0.16923691290324111 -0.29449178254724917 0.11793468905213877 -0.13846301258985405 -0.42423886753339396 0.17936936741736098 -0.20147925055084884 -0.13415817632717184 0.22410583608111398 0.26701280389544496 0.098477205709069621 -0.15659412108339468 0.23512117131536711 -0.0028902354202163844 -0.27878086339508379 -0.2261725232729824 0.2242141373713249 -0.23000381300247894
 -0.14585398018555309 0.25566164305544359 -0.48376173621604168 -0.61146521051219294 0.23782574552893737 -0.004272455056379439 -0.54147219479816711 -0.23969425715725626 -0.23346124612641084 0.20548386187382278 -0.54285815239704904 -0.015849109471651111 0.35153493250808432 0.1981148932112225 -0.011978853604749495 0.28014964611596488 0.059619286937071317 -0.29695052494760343 -0.034211329822816702 -0.25223042115192879 0.050791378031268868 0.22894772505939406 -0.34823357118315318 0.41498406543322985 -0.48108547142903085 0.56001770841846832 0.031771240270915629 -0.16559577705405187 -0.14016703226798721 0.42324780033775988 -0.0025620786351486448 0.13502786949016218 0.15644589453994021 0.52088124372179379 -0.32730073389947995 0.59758264659447324 -0.071155166693569791 0.43424509900799274 0.16940540799135262 -0.13941547158703371 -0.19197047668379155 0.024544602417242298 0.060881969111075393 -0.69734281432107514 0.33715572301327423 -0.65235901688175335 -0.26362685744405057 0.02334358527405684 0.40502972923138608 0.17023161530152078 0.022351456440379829 -0.013972408838881784 -0.069605197988174064 0.1997563255646525 0.031818944020532876 0.18354026206777849
 -0.05868059979297597 0.45640912640561643 0.070914022950237174 -0.038272800545733753 0.48745715412716983 0.35314732623179229 -0.22369966603077154 -0.053718575183894043 -0.42590376467884966 -0.25023972000781119 0.094409490906640359 -0.071250079676494465 0.15774868930578687 -0.57311056219048107 -0.44570615337584496 -0.24727448840858857 0.12877785773759551 -0.30987139767846628 0.15083084993722423 -0.61482294253539027 0.081137689692426143 0.31978262982354744 0.45662364825697249 -0.56805717275139989 0.64424776019915708 0.39551987221024743 0.39700031478910364 -0.14940440502400365 0.36795572455257286 -0.24020382006834498 -0.61329327839075676 -0.028715399783289998 0.027363651929243473 -0.32389389278442704 -0.66620863946302356 -0.27992686457797561 -0.45143922093452399 -0.19552218916598543 -0.12306578954323427 0.078714182006707198 -0.36912528447559206 0.82644205600743603 0.49327502847559562 -0.18022021727226259 0.19507341711266324 0.025649509265165318 0.25593596464462254 0.01889971113129249 -0.42912725558939374 -0.20790065917550338 -0.21452879325293953 -0.016899252970171856 -0.22765207373723087 -0.39496026005148904 -0.092594498953252821 0.26703183178731399
 0.04514113981153025 -0.025331037912955073 -0.40989909248661033 -0.45119014871294477 -0.33500181390337352 0.21267419412261229 -0.70851799526373016 0.25815458190758273 -0.2213875674343409 0.40062090036442771 -0.31884184014995831 0.17457367957338754 -0.62522798404631108 0.0069195560665941879 0.29531335014169546 -0.35514989751326342 0.064354086322195553 0.040802777730623713 0.11604236240099823 0.52067719709533455 0.039952362090471934 0.026444773129726117 -0.20209782070112475 1.0767446576156945 -0.39165990935660566 0.034235140888286726 0.12983810095264892 0.080922301794194018 0.15682428572684642 0.25318010011331882 0.40255796303882702 -0.19190667023957211 -0.05937393960671751 -0.025032954182785613 0.62817304579067135 -0.30396623188927724 0.11267638649302958 -0.1540967913122544 0.26897998757380243 -0.31892357172982438 0.42642259504631747 0.16373847505940278 -0.3291947529745059 -0.14017553980066599 0.15084545701837568 -0.34717615237850902 -0.14654157189030795 -0.17249044390345095 -0.072499789309355162 0.20662216852278092 0.39142507516124503 -0.31218185106743657 -1.0364614850302514 -0.14871464646506669 0.21512912922946195 -0.40328558202043308
 -0.076076780755622408 -0.22703504455279791 -0.036476997438266358 -0.19014658468417928 0.016648807310911298 0.20976207936176167 0.55527672362064828 0.68686019053648872 0.11331434193843951 -0.035164858708104187 0.66536510254893588 -0.20905085742900423 0.036259336089407956 -0.1114888578118125 0.44604963241644807 0.25925979260541471 -0.23621945705158889 0.073429191247040837 0.012331397961546409 0.18329677520848323 -0.16936591421889818 -0.65701541618893333 0.57270405875965225 0.089756090780339692 0.16727127700296496 -0.61553958956732946 -0.68643497072445292 -0.058531665019916905 0.062681482741323083 0.096796439368569034 0.080143354357613647 0.20244034453035353 0.40022113787902219 -0.26697417217725905 -0.30455842756559437 -0.61263481404779219 -0.27401660627500318 0.37786700264606721 -0.26536096565972961 0.48068581948436756 -0.029586046858264266 -0.39558650281058783 0.25853054244954127 0.54100313537259759 -0.26483601552470637 0.79179841065931367 -0.23164990189387252 -0.22387761892356597 0.11528415278459844 -0.54392283860238799 -0.057520943223810655 0.1903434374372861 0.1656120369553811 0.0024095283282493125 -0.035516339273546152 -0.28464050298757865
