# Created by Octave 6.2.0, Mon Sep 12 16:44:43 2022 GMT <unknown@LAPTOP-P0PV0581>
# name: Theta3
# type: matrix
# rows: 45
# columns: 46
 0.040658895335336259 1.1750863006020147 0.81650253462808642 -0.95645646264797646 -1.0390644150482635 0.15587658697951332 -0.71307574589709588 -0.24602622404574509 -1.2138332362209374 0.090984899225579188 -0.68706387689953741 0.2730459257679908 0.1941769985227908 -0.66400501805354661 0.8099534449039878 -0.87679674973703825 -0.34605550538859292 -0.31969904425254952 0.47187838952913774 -0.17408187134877354 0.37857729681777114 0.96642138163737712 0.28714107203821781 0.37186733495538921 0.60380801865256639 0.84924055736959891 -0.58776662282839309 0.41096780539320638 0.88631989405169731 -0.87189435756402756 0.31387667089780691 0.24190327968846023 -0.097746054617228281 -1.1102671090191143 -1.0787980986714196 1.3177545402328115 0.71399613233591974 0.64848100741071446 0.92595840481431102 -0.18904193583925716 0.41343178173038042 0.62156553262642245 -0.37095894173765714 -0.11506319381934614 -0.022033859402960439 -0.042242095199483416
 0.24728027656677615 0.14259995897702529 -0.11469291184089413 -0.80718350763329394 -0.67343045329493434 -0.16049110187718643 0.38043416433311811 -0.054392649125208685 -0.0049228867342941008 -0.10452080890286586 0.5591967548758553 0.28217961081942827 0.99253293679884769 0.5483563335378373 0.18946030152277218 -0.19379662311243934 0.25501287475634377 -0.074696282563122843 -0.20925459119691228 -0.1455184719082967 0.30106266962658096 0.43447994747471391 -0.09805022674569476 0.024821221635890723 0.30411730676431004 0.18015092529203364 0.28889446449133865 0.38979157074651571 0.37855723263976443 -0.28048195637733941 0.0016715143459991775 -0.30793915290526369 -0.32269514382436582 -0.5294282712508146 -0.48634357162803055 0.49159900516469551 0.098472391274762566 0.43616769349249107 0.65228934570883157 -0.06112574864696551 -0.13774340971644669 0.79470159467352841 -0.037393280687269416 -0.30190396506268669 -0.69617414954290713 0.28636679327485282
 -0.20320634205355168 -0.34462190027702133 -0.22843681761347817 0.26731345479416541 0.66819906431865017 -0.16003671010553561 0.037236260603500743 0.19761430576889855 -0.1113400616796488 0.03883499624959947 0.047652103553542963 -0.12234785861343302 -0.5046031014968807 -0.047400444402543887 -0.44160858622795035 0.51131955625372449 -0.035899491524351748 -0.040438725214827879 -0.024169582751930773 0.19771431056088021 -0.25152857547541951 -0.74411113958974084 -0.0018573903601441721 -0.019186833459095082 -0.17237730734112389 0.0044232112082158524 0.067371594002960805 -0.70168941172128763 -0.43726386256989608 0.17100188433568791 -0.23962572274014043 -0.22044085340568578 -0.15232501314268068 0.53000582002278285 0.65711607827196816 -0.7957279935357412 -0.49781149085743337 -0.18800712823532159 -0.49279155375526862 -0.016832688236589163 0.15045619058355564 -0.74937215149882841 -0.3481268510239911 0.50654041056895249 0.85139248165856607 0.48889531957011578
 0.12796240011311072 -0.10235597498340455 0.01366872722530604 0.43095571473542599 0.70166760964993435 0.042638159051036885 -0.10016732487705382 -0.37102194410333245 0.5711144474023031 0.085414963981200215 -0.21212397569169858 -0.68142926959376537 -0.72173015405387075 -0.34638664452585854 -0.13186406120289071 0.40551836878263803 -0.34553032826968133 0.29216699507805466 0.14387944365219785 0.21063036358181167 -0.37610207691954189 -0.25225115448977486 0.15600101047227327 -0.089285901476143431 -0.38840669538132466 -0.36580290366305107 -0.045404279313261915 0.2926458875870529 -0.36058246505437141 0.31700984843202512 0.16591577762362708 0.30750203647573082 0.70915656074883082 0.43197599829136429 0.3765940873448117 -0.064479554962189864 -0.041911115100052444 -0.10679903605825426 -0.52462045265276136 -0.28270129783315323 -0.0061906956547556789 -0.55893804827346028 0.20609202363688417 0.5373916241780925 0.13467844483172436 -0.48790993211886113
 0.03326352848205838 0.43279936932720098 0.097364082901870971 -0.36432191080952631 -0.53801037630431392 0.46204575252587826 0.36102200280830199 0.16817635038875786 0.089982622887067543 -0.090698919097252792 0.56924971185716788 0.38429868814332147 0.32285449987702941 0.059949278955405326 0.1354958305436223 -0.29813364476496268 -0.2894218920355624 -0.14507420366648541 0.46683294751993776 -0.049820039982322151 -0.047601181448466881 0.28970066386020543 -0.49540461011970005 0.12226991339490538 0.47367378670838373 0.10104534525771056 -0.68670053064021719 0.29838255864967089 -0.40179976962359665 -0.49241481556978695 -0.004206173592319346 -0.5132945087028834 0.068730168878604961 -0.34244127687560583 0.039674672229713714 0.048680309268078197 0.13629441819414939 -0.28689627785626481 0.26207939313055645 -0.6903468665001683 0.53613569273582706 0.61451454931605098 -0.28611302430516272 0.28148857763414686 -0.46457127543044341 0.41071903936126314
 0.096715089961274939 -0.93807375607956645 -0.30766986503025295 -0.13770429399273845 -0.5743260257896029 0.14361094620011883 0.21280758044770839 0.40843939641838062 0.56019175258011011 -0.56777922292493932 0.19259833530177381 0.35018693216449437 0.61644615440906292 0.15101681338341238 0.056716164658842674 -0.25795611221507991 0.50406106570543741 0.61739699424629979 -0.19817451947625689 -0.19811454917323426 0.088773009178037418 -0.093408400612893641 -0.43059288749222835 0.08323174000298833 -0.0072558950316817337 -0.25510514480841634 0.45554740702961755 0.35169482627366261 0.18881346243539179 -0.11661542258760572 0.14907949743478491 -0.26559150531063452 -0.33581636149292832 -0.14169376722331189 -0.30722448303584088 0.043937065576121807 -0.082838894465693619 -0.11913549458194818 0.42952559855548839 0.032302230479758484 -0.5513298318031008 0.22210794000810311 0.12958857205697846 -0.44066176700498966 -1.1406685177027669 -0.32845359639568611
 -0.037901815172883983 1.8215986774669159 0.69400035826118089 -1.0496058879769572 -0.20707829105806419 -0.54330627973254331 -0.11118985871720106 -0.80238555946374401 -1.504459438478885 0.50158706918738016 -0.71035423482829552 0.1300436841220923 -0.67212823969745583 -0.32487766570705484 0.41539837411870217 -0.28764217125874103 -0.29841483956608578 -0.67222322991675543 0.79355370037948569 -0.51871823756075885 0.30957835525129357 0.8699180608331617 0.53549062854952534 0.74919005881076217 0.71993948148779163 0.77102248563358466 -1.1552340706267119 0.39706915674492305 0.4861772061868756 -0.67987175202350225 -0.10280954049018338 -0.39258451651948451 0.17726265978818503 -0.81542432877895232 -0.74240761718131665 0.9467701701495741 0.85229486529925569 0.7232633989323467 0.48265988940509835 -0.23876538650045478 0.77850657309913773 0.86869815717880472 -0.22304021139925947 0.20657116935717956 0.80584307194193772 0.18122950948995745
 -0.11618130063690972 -1.1300445553327918 -0.74786079797986837 0.41719166103887695 0.48315960934314728 -0.043313535849436036 0.22290092467155462 0.17620222688624754 1.2118081723065934 -0.013511296968409879 0.4291211920680495 -0.097526357610320247 -0.05612713921389488 0.41502236148496324 -0.44918462981474289 0.53465255172764559 0.24036200857866571 0.23295951280332489 -0.61290155460668194 0.31366630826066449 -0.0049238233606972237 -0.56721474965225138 -0.35933481316968052 -0.36335057914201546 -0.65042337219368462 -0.61414898437627441 0.25554107016414473 -0.50397561553496051 -0.8195208079797287 0.33085670994056604 -0.23500384682169764 -0.0097566890428198941 -0.12002201832179744 0.86708830288900418 0.34741942495969491 -1.0930379194591318 -0.79029915942357876 -0.37371888326115243 -0.50837902104058441 -0.23486112544356125 -0.15564921082391783 -0.64057689316836108 -0.18948566581279661 0.28686433591082111 -0.33009907250527493 0.2099969575222935
