# Created by Octave 6.2.0, Mon Sep 12 13:08:07 2022 GMT <unknown@LAPTOP-P0PV0581>
# name: Theta2
# type: matrix
# rows: 15
# columns: 16
 -0.087787676942169005 -0.16244740772381963 0.52231298472659393 0.62062238675976145 -0.42007331026068262 0.70595551643881949 0.44556519178767046 -1.3900462662696771 -0.6609845605536383 0.26187212358623513 -0.034633848488818772 -0.85132294844163581 0.34367278730748391 1.10277927353659 0.3819826006323912 0.32209616759102322
 -0.31368746801244873 1.022900544763087 -0.52897085636372754 -0.70800364415404038 -1.08083240310114 -1.8458781930106352 -0.547811917789921 1.5744790390212415 0.2143984847537132 0.73589794570439804 0.49475467426027114 1.0757922287509092 -0.47145560963097949 -0.27894565426391393 -0.6530789750124355 1.1541294164025477
 -0.57397349708004042 0.70738349878868934 -0.60042211770448051 -0.44253934725535121 -0.38325051890675216 0.1189443647292622 0.89008830444056852 -0.69190357852479301 0.18360616132240115 0.78234863503718144 1.0152959553396548 -0.49578152388979857 1.3347528928622985 1.2981021384605163 -0.18559444275563353 -0.16236726326958895
 0.21855516502253819 -0.91341458905509521 0.040671983696566508 -0.33142389424036744 -1.3634360118314828 0.2608619573109256 -1.0015655267151731 0.9407300659265575 -0.31469423597419283 -0.41808259486029509 -0.47158273635633952 1.114455184661775 -0.25329659203166466 0.13129760758962802 -0.27947674193611083 0.45007596742636136
 -0.066440238906827903 0.62459298834928956 -0.098963373072257166 -0.36873748377700044 0.12383272773067444 0.071652957894627514 -0.32311982756380514 0.023541372009532716 -0.13051714462047376 0.2413340488908102 -0.16706929176688684 -0.17558529241925327 1.2274077435097157 1.0896619071902951 -0.56179463566991072 0.37588900253937568
 -0.083819111336196059 -0.47733818369062203 0.095609770086067344 0.077282365422696689 -0.37278184797489439 0.23043584167315995 -0.043722676333066535 0.18862764293180989 0.082360852540309906 -0.26585252112310553 -0.11521978265952329 0.26127948576153059 -1.6426705479798482 -0.56365531926748458 0.098691913573269466 -0.58991867288141464
 0.090617205060913877 0.95839902306327207 0.23271324147729308 -0.0096601043068952393 -0.47689885204121113 0.51347551686122839 -0.035671055689442253 -0.38343339615227851 -1.8827769934910901 0.4495206223044228 -0.035457924194762028 -0.88372412808039114 1.9767454932143782 1.1520463478236433 -0.2789040494704052 -0.21124278949520672
 0.52486541982786983 -1.4242749442683997 0.66228838674743518 0.35423450630565112 0.86322251817992846 0.74831563095639009 -0.89495880801418004 -0.29176191790867012 1.1750135875395844 -1.2171942052329749 -0.99054450646936354 0.24909419081572615 -1.2214236390756539 -1.996292170133019 0.22892761507864726 -0.49346234620456531
 -0.25204102297102865 -0.12321986315397927 -0.40461562167404541 -0.65487214321204046 1.476667866491679 0.13601757712144896 -0.35432972868018786 0.21485047409709995 1.5792085773300131 -0.51550925160576888 -0.16139525914027383 0.061911397041672978 0.24020363998825223 -1.0271090656087121 -0.29585101989380852 -0.91003371945491673
 -0.046584482176221076 -1.2913136029312733 0.10485931867191005 0.78489091081753481 1.6076376512023061 1.0364285629818966 1.3609713315756335 -0.88576961364493823 0.50860128003218197 -1.0958208060294568 0.022090189145175129 -0.50665191739799331 -1.2190224871793527 0.52403755782792094 0.69587149756018829 -0.37005427739586277
 0.50006352638848284 -1.213149321601005 0.69291297549137632 0.70120213132311326 -0.24487498334559232 1.8485561007111517 -0.5843352471089438 0.056893940459754974 -0.038860963559696801 -0.66855752461614504 -0.68774808480122951 -0.10630390282837342 -0.5453888928707441 0.37721015512312922 0.33721316514875971 -0.70732588579858269
 0.71079018812586514 -1.7161424598091055 0.63073981808944435 0.88662518334937535 -0.81904751467053305 0.90380368440700776 -0.69332051595391375 0.51242574590588708 -0.50398618762970238 -0.70062245505132781 -0.42430162449917308 -0.0059813686312107303 -1.9015376001923667 -1.6523054276066802 0.11683288674622327 0.014467996182948081
 0.10134912210019006 0.23551344793752732 0.1783521876394355 0.15255769314697076 -0.57885133716880088 0.16036354479018108 0.93812911142948252 -0.50975089532189 -0.8246483237839809 0.28727933299234176 0.44221661626426473 0.00052659825287629518 0.006278973688257126 1.6101641528065576 0.28892820670858699 -0.30088509971461103
 0.10289698543266271 -0.20832597322180585 0.20224254112627929 -0.4567643758212856 -1.2944237030062968 -1.480994271164193 -0.0086329025434122662 0.77338968606983005 1.3282597072877453 0.69526198274976658 0.78647157945929547 1.2335442390689935 -1.3868016747001444 -0.56747176271692279 -0.15141229645125301 0.052957816265819219
 -0.34665231596198887 -0.29932362365263504 -0.61050986881546765 -0.36693753652628097 0.8851792478835675 -0.31874923414452239 0.24976159198582285 -0.73140091010648889 2.991137969094475 0.29462710036943357 0.18413729539626536 -0.17891602707768503 -0.25795680643758406 -1.7157212508240751 -0.28446262624002849 0.31021609797264643


