# Created by Octave 6.2.0, Mon Sep 12 17:09:43 2022 GMT <unknown@LAPTOP-P0PV0581>
# name: Theta2
# type: matrix
# rows: 45
# columns: 46
 -0.16365575240690511 -0.19010703222473635 -0.17202681064968001 0.74261397646257721 -0.079361943374436805 -0.68749680216182851 0.20629944617445153 -0.5132470283011179 -0.34475768786077443 -0.013390333963530737 -0.13426190024769924 -0.37247634801987806 -0.061685329538872645 0.69340302672986831 0.23375084225417345 -0.055579569778612677 0.14017013231561246 0.23958221923888823 -0.18556004107374927 0.47497534459417651 -0.29199008626273409 -0.78063924931639461 -1.243701102821305 0.034102771586597545 0.3902684623649566 -0.21658273787555871 -0.1610184906221396 0.34227767670962067 -0.781692951193245 0.19978701160005854 -0.38540022771780214 0.7320365498324064 -0.03181006529718889 0.23107626635173484 0.34092027438614125 0.35115702065936316 -0.09215383766098767 -0.1847221509937198 0.2247570024701056 0.10514223494462589 0.34522621495618211 -0.29239982001207515 -0.33255169878078905 -0.13441749649605192 -0.045639695148971551 0.60472040435239682
 -0.15313487759641214 -0.30873866065135203 1.0637853280912348 -0.46323463572886936 0.18969618327014517 -0.24306519782401831 -0.7163228536330305 0.90248701219021321 0.3328594308218058 -0.2104638898419558 0.35169630167375959 0.43014606433916519 -0.53398378001231483 -0.78621555378520624 -0.18948949025147002 1.2204141979577343 -0.31995762446764342 -0.40087145614263753 0.43291742405968336 -1.1012126209398727 0.062249235839297194 0.8138800372169025 1.1418459002264985 -0.38437936643873311 -0.016058394458202962 0.12514100085901855 0.1691232154230238 -0.43139502049394407 0.67437555295098961 -0.15954114813659623 0.64744832996676993 0.92688311790709033 -0.88049180160192164 -0.20893575977671114 -0.1855344608814444 0.69397243758622662 0.013812094730274635 0.58746646142094372 -0.28259874147885583 -0.42914492494098366 -0.80703416282748841 0.72819105271563311 -0.56534957441604639 0.19342127525444383 0.1893225999555799 -0.87030701254735388
 0.21056539466448432 0.17681657917615962 0.38402091863207594 -0.65638365604552151 -0.06745698422309479 0.024757816224165324 -0.6047668103076792 0.27698373626603623 0.30833181691690681 -0.65358282830708869 0.13361680792216751 0.58406826800377898 0.12362142574153234 -0.40653953435924089 0.13270798110622312 0.072941073215020705 -0.17326125323955685 -0.18097648537033253 0.3640498283777347 -0.68920588259532434 0.34633810431723161 1.0312184197953069 0.83310100177716462 -0.24038904538315164 -0.12847163805778122 0.095057532536321793 0.29095017490512226 -0.20036573911282488 0.53380831671713835 -0.26567306794791834 0.31446750972926685 0.045397745827602622 -0.0064148430374539192 -0.35642643534382173 -0.52217119691813418 0.1703427801250289 -0.0366061179519113 0.12631720312229547 -0.4479113740396648 0.066201599591622834 0.029461127836407794 0.091670251196333638 0.1933863467837747 -0.11545341279208216 -0.25246402791157352 -0.5970823975131242
 0.095418200888344837 0.14351266068122584 -0.30355524247938831 -0.36012593484937322 0.11195854087455713 -0.10363783934428518 0.28466394248960963 -0.30036132724984138 -0.08751464556098032 -0.5008458527930334 -0.024204486819307626 0.2812724821568407 0.12979598033345466 0.60868096965693574 0.25805523085479481 -0.3480773272237791 -0.24880764168464822 0.55599837472517977 0.31936538404378279 0.81975460983564696 0.12065994988529098 0.70398423105703933 -0.62162672284962517 0.094409872082554025 0.44159801979751068 -0.24686075830857021 0.084256158171289439 -0.70409092356721203 -0.58506860439423436 0.043414165640040504 0.012623635944074259 0.17975155331673429 -0.41881736979157003 0.074916669257456062 -0.38431691008010938 0.70894950824410108 0.10271855026288898 -0.16259471682378301 1.1300958366802509 0.61383081513377069 0.84354553633500151 -0.83147705435331842 -0.18716555488755324 0.5128805591558836 0.55917360408826766 0.14022081972821659
 0.13167084513540403 0.11921147092403604 -0.070274409619657155 0.30881997064578304 0.23886134379387169 0.59561980300524564 0.49182550975940498 -0.18299062659892659 -0.19438405308097939 0.35406511383845507 -0.034937776312164312 -0.32037085351075079 -0.097366607094332355 -0.029613773256811755 0.52516973480704843 -0.20457547066705992 0.23119086180871887 0.49586872202761673 -0.21083780918612074 -0.33935635915368345 0.21319110285600734 -1.0715654809929975 0.28508458889799188 0.34774697335453381 -0.034941017225896299 0.10489192923237807 -0.12417357241890897 0.3412525591115505 -0.1950244647603902 0.41512725945550033 0.26030162714704369 -0.36895939093325819 0.11089564842407072 -0.096402243033969715 0.53815671395317433 -0.59165680216884264 -0.10972275869775779 0.07000429804016825 -0.24977011763146956 -0.17308004859785631 -0.51634525061914516 0.32782209255937933 0.39852059576136661 -0.57736350071338771 0.18463790740460784 0.10812429290093148
 -0.061373839228378066 0.046575982866518463 -0.045136700957046416 -0.10659973977322977 0.12107787275847533 0.2074610584517779 0.27974601398454407 -0.029306073909729408 -0.032941039557181022 0.068731045814520261 0.084177202129223014 0.058454083513569746 0.23821273113184616 -0.35827518883489312 -0.17259512760481918 -0.70854362455879605 0.098244676774526876 -0.30856946521711209 -0.030354866442566665 -0.46840193570830085 -0.14155484162853155 -0.05010713201978876 0.46133483522590091 0.31271715553753088 0.015394785579236092 0.22453748146148786 0.08728388685640294 0.17752097215975288 0.29858324447792811 0.21764173341278467 -0.32335730097521836 -0.33157781820325832 0.6676827969455188 -0.13157453619163706 -0.047938427072682338 -0.46318609675092171 -0.075409239406095854 -0.54748451260043196 -0.65762099236212568 -0.02708306148955248 -0.25624788133960374 0.3020034545003647 0.52490674492564848 -0.79793907472103731 -0.30234942779544877 -0.31156213807395472
 -0.12620115452299815 0.0010162303677564855 -0.38481049743109919 1.4217113328637907 0.10946448447597454 -0.53993741919836902 0.8102922998117168 -0.92466783858668367 -0.35409870211052263 0.60134348134375881 -0.23102040401545265 -0.14424326848075197 0.56653000544027321 1.6770798454089018 -0.21189320320067762 -1.5413447371542446 0.16119103849457425 0.12400251406772092 -0.51440903747387656 1.2106740483828662 -0.43181598724920967 -0.86910995114662282 -2.0380928305815278 0.35769910275638372 -0.16454020730887237 -0.13328248304735985 0.068128903462140497 0.093396147970593021 -0.15252746062777534 0.22319117653099949 -0.24563404276211653 -0.40779297195194547 1.0196373248172725 0.40789528271181019 0.36416360307009488 0.25354300405703595 -0.098291114362473703 -0.79239746055001703 -0.38999000600716033 -0.061088013447598781 0.87307260881271853 -0.61485866608227413 0.22933506463595302 -1.2533614430435522 -0.020850385135403358 0.67239973171817047
 -0.039207248678626426 -0.20129734499034158 0.044463113921694553 -0.23354626573431242 0.47565937156146154 -0.34117615570593879 0.51420009386691123 -0.056913302708665847 -0.5243932488657469 -0.26357872740820532 0.3005426248209685 0.0087642621950926661 -0.1888731345941316 0.23129874658685359 -0.11520439945978972 -0.26986329093527034 -0.060307570358601729 -0.069794643305531895 0.46385285783957253 -0.01536453118337406 -0.027716820553550313 0.60262150084412469 -0.29536190638650978 -0.12498221351309551 0.68555759694358542 -0.19648383638056918 0.12028543995999405 -0.94217676429952402 0.020131746682298172 0.040213219759722287 0.42833478588582125 -0.02077280825348685 -0.49053649625715801 -0.040150530895389322 -0.64454126476570184 0.58482809008601389 0.069557296073153876 -0.26786065890722605 1.2110374631150289 0.11300083959438245 0.029658170612651729 -0.2593319738641785 -0.42318150474443306 0.1122557701328146 0.58540262811454602 -0.24058474584616152
