# Created by Octave 6.2.0, Mon Sep 12 13:10:31 2022 GMT <unknown@LAPTOP-P0PV0581>
# name: Theta2
# type: matrix
# rows: 25
# columns: 26
 0.059332463883484558 -0.059337953048777599 0.080644464940422447 0.51185630325227993 0.39946309571803418 -1.0737099387166138 0.047553423823993454 -0.87128845471208916 -0.91799468253081451 0.95960850972839373 -0.65331976741596076 -0.49132128924080049 -0.23614868784923754 0.13668149878117472 1.4535594346777327 -0.57040710728094135 1.7595167097162987 0.57059089738978042 -1.4330163596603178 1.4252452991393281 0.84922790942135207 -0.39317791499901655 0.16398940589732211 1.220475425511554 -1.2640128870949021 0.39321160442088998
 0.22482492393387982 -0.090371820032114039 0.178183176627767 0.12443258350099216 0.34256387220577328 -0.22166866088015449 -0.13585059423912593 0.20041251282117953 -0.52121622434334047 -0.74314314070361365 0.25978092675310549 -1.0840663307490341 -0.2894116649026427 1.7125421339750966 0.34422887906005517 -1.6698963352834113 -0.91167357078703715 0.26907177810451366 0.28654418961647543 0.24048239215979161 0.33041773907433691 -0.083995861225356253 0.065743754140247052 -0.9358475529853274 0.32219538070467352 0.47278997030136705
 -0.057041096330816429 -0.23915887569195773 -0.046829518700258629 0.63066779259678085 0.88654802016020151 -0.25405734443031991 0.044069307873092017 -0.10518983573898459 0.55882908674665077 0.24234457963372807 -0.21459335168527785 0.67144931793204232 -0.67220266517872485 -0.11538139313027118 0.69967671174784851 -0.318487353333752 0.79655704888622159 -0.042082805521238123 0.10767482593826719 0.023022368109321952 0.22711700390938719 0.12571599018395516 -0.18642899080261832 0.27612378472883647 -0.15123057665518402 -0.30320049834879426
 -0.046731858976563692 -0.005683802155567917 -0.20846886658551902 1.2394709010300924 0.11387135053988733 0.2472245781176455 -0.20883418169696069 0.077732365366160877 -0.35933352935356222 0.70327310429538825 -0.18171465769064712 -0.79447095642651411 -0.13308541472210156 0.025078366055035581 0.57640361249916638 -0.11867822614516411 0.71449580202856988 -0.53955525881068744 0.457157236612109 -0.12939128915092396 0.017543769750661388 -0.61537635118897949 0.10467697730848179 -0.38520435189652935 0.23345632586691087 -0.85538365160782404
 -0.058153880576910205 0.019715422134725359 -0.19078762835373306 -0.23918361394152277 -0.81204535127321242 0.71723868717401784 0.0039815580543236424 -0.30088686626630218 0.18491711842370051 -0.17520283631878358 -0.012303386106663306 -0.074017692542464972 -0.081575164240261733 0.20111947328995236 -0.15888131565594954 -0.21976511253641848 -0.69262619165850237 0.17829738990076158 -0.9776830548157095 0.23401462318316321 -0.13429259902928103 0.22959376315172803 -0.46210925833347144 -0.049790632159645097 0.61695746844272004 0.83906622924612939
 0.00577901824824004 0.064438262645402575 0.04270755356782184 -0.16872176098446851 -0.6593363827302664 0.5712902061110281 -0.010094016405484699 0.36398335168332996 0.93630978591161762 -0.30835060952182719 0.19057057400684882 1.7545039362552817 0.25391238572238278 -0.1132330507263266 -0.40370620970724203 0.43686388503205281 0.57759447929831542 -0.44748373026333305 0.049457001511533927 -1.3814650774893471 -0.65182376818644328 0.033704407311082041 0.45370751589669872 -0.078362115976402566 -0.14663135062942756 -0.76789563091795432
 -0.15825108021759143 -0.16142439151695062 -0.27689533859832161 0.47446190924877557 -0.23675465728189465 0.32931761798478271 0.011324260352963767 -0.98706879159801186 -1.688467085925081 1.714506308411152 -0.77529536449580549 -0.52214769783665382 0.52386203069382442 -1.013527959932164 0.1265635397972992 0.41208595540678983 1.2376141243066356 0.7187445562150484 -2.7384516824280034 1.4609389296293809 0.57566318034438235 -0.91353302001961623 -0.63992105435875835 1.4034302569903347 -0.65422421775681339 1.2824022904215744
 -0.18663191129202236 -0.17935739575675871 -0.064922639245200919 -0.16014003462821783 1.2581937490066482 -0.26511016516579322 0.046423777956710328 0.40017791830591576 0.50501479278357231 0.34213914984052846 -0.050809243698220576 1.5811398700733523 -0.40005823299971816 -0.40493133540355419 0.29989939225979417 0.16925363780021283 1.0723853734151672 -0.068202520197150854 1.1909992874327291 -1.173144856320778 0.24560735803044581 0.2130403450579002 0.14410380867716849 -0.21984310926929934 -0.90617313115065112 -0.56154958611789918
 0.057456257703816405 0.072403659767471859 0.14437360491168802 -0.61140063042322224 -0.17397616474541658 -0.15722848088241215 0.040172121646223406 0.73930308724726745 1.0235228550369677 -0.17345274637389602 0.34913915771206033 0.85167181183747231 -0.39432260541252601 -0.60808993075517281 -1.0299926107379787 1.1420609606008443 -0.5106762019192409 -0.067846257285347433 0.76528920194565986 0.23885118879611864 -0.0022252123256676637 0.67131834114183009 0.29140541165517547 0.10731182161862221 0.57083390408838997 -0.53182497099562065
 0.09723947025059064 0.37605710881152321 0.266896016931021 1.2827108137863408 -0.14199317839611114 -0.77187287091808954 0.092849989930069293 0.78332893067662868 0.17332300178166388 -0.12435381091571759 -0.072669916368330714 -0.44789607984580521 -0.15438522658841616 0.3459177976031268 -0.16317584528634235 -0.48488503868415567 0.93443529363262301 -0.23844519833340827 -0.068418673027937485 -0.18485866837302312 -0.29543285246810819 -0.13569565249014801 0.56851300366584134 0.92350987868036893 -0.78840292601395479 -1.3323463743096586
 -0.24112806660486644 0.25409880108207061 0.099277555561625069 0.22305634463485186 0.022060228242670833 -0.4956729285699521 0.15314824756580409 0.46369411863120746 1.0489720910845453 -1.1134747227539774 -0.26317055130416511 0.23363812442401138 -0.97482816411966833 0.096536221410655126 0.17859367134060494 -0.38934304419864568 -0.37476546689089529 -0.42576887724616125 -0.47894697591188146 0.05433115183245818 -0.34854256640385062 0.39683225298773772 -0.56049041766131347 0.28533911284407748 0.62113283693351196 -0.49133708105374924
 0.23463602032789901 0.0027746443457879778 0.2033660615054797 -0.49537569132826786 -0.28452749209056855 -0.1576802129767427 0.17529796871554934 -0.32455871005170672 -1.1318606425171782 1.4196685555415558 -0.099002776533725731 -0.67460431835133594 0.86825792680487557 -0.11777258063856529 0.063449878943328833 0.52964328194751698 -0.84768877749612548 0.92360137494340555 -0.94246953144167822 1.9032474141772897 0.78023803177001183 -0.046135411602917495 0.047834353878797996 -0.13403228760666605 0.72045812163791945 1.2893912795040392
 -0.17196269689238669 -0.13884036901514238 -0.42105825392108476 1.1360801173503885 -1.4653513871097346 1.86016882156726 -0.087753216327665182 -0.80248489451420735 0.13080995859760292 0.93725852888864281 -0.24844113442691892 0.0066637863425323771 0.53400805434317156 0.37361722559513055 -0.35439073632946577 -0.62662420279557363 0.45474793951443715 -0.28042336479696905 -1.7890031150817782 -0.20966418952220045 -0.49221032319108432 -0.18056127812802208 -0.40494223370805954 0.10343614206745309 0.35166032658409535 0.16508892556120269
 -0.19651176681783747 -0.18750274383197818 -0.26258589040946839 0.21446701968888698 0.28499522317653814 0.44612306705112131 -0.14771301228495765 0.24259019748829216 -0.88658795787576561 1.1149897071854837 0.02241063996106521 -0.45106168548642267 0.63802286302946631 -0.3167871039164013 -0.24963449341015018 0.69844646217207851 -0.028261345869066409 -0.16237210473281141 0.86721440263787752 -0.053296695181150405 0.10842612323247136 -0.37916782262553972 -0.097997300102375118 -0.69887920132462367 0.36103980676449399 -0.18067316242630135
