# Created by Octave 6.2.0, Mon Sep 12 17:33:07 2022 GMT <unknown@LAPTOP-P0PV0581>
# name: Theta4
# type: matrix
# rows: 10
# columns: 56
 -0.37790106921711258 -1.8823251667069549 -0.48433699426616383 -0.69131669645699467 -0.48767087952710148 -0.65392080254835094 -0.20130215517255301 -0.70504568381285715 -0.98518666681255418 -0.92348333617048073 0.74122304492288327 0.026523448887804221 0.16482022705907012 0.88379037532410187 -0.87778612693003788 1.605122826843624 -1.2478672213960569 0.46746298937942971 0.76981306777526071 -1.0252560107631876 0.94943082928522615 -0.32037935491616643 1.2053274557464189 -0.13367545182486901 -1.2624339240794014 -1.7383487586521569 0.58097811552641021 0.29209873796812591 -0.82166696307896148 0.2161845935297726 -0.4586691898495141 0.50740084268783336 -1.0199300540206211 1.2540865716932956 -1.6142192655390695 0.60783165358798918 -0.24370402784439835 0.88732819979399646 -0.81581209137414445 1.6883015673267083 0.85241253851703402 -0.98856421906809466 -0.7694741959786694 0.088167752023518647 2.0254447306519614 -1.5498574980889968 1.1304777866785609 0.17740335217057443 -0.69945770032274879 0.49778402409621375 0.55951207151669602 -0.15537807712085838 -0.39546985461203799 0.42503559546157871 0.7799134264387042 -0.68431106801749708
 0.14903795783218171 -0.25125948954335531 0.11049138367935313 0.31565180458354952 -0.11956432813387183 -1.2086802348126644 -0.14473561242876881 -0.14886912788950368 0.066581673978666711 -0.69567287971748248 -0.26778232168265148 -0.10492932669175474 0.3630602043019287 0.064063080246028359 -0.40845378699701734 0.29295721640929823 -0.37278804075942001 1.0801154101750718 0.57213166245801117 0.63851847156062314 0.25932868748123233 0.52136935150121411 -0.2948800412278178 0.67574138720939392 -1.1335614307522237 0.048664386175319395 0.6387828619700715 -0.21470865588645136 0.68558205253248783 -0.2635732190088686 0.043485829281821459 -0.63198458226081289 0.16637453699641677 1.6220396518871996 0.087830763916042262 -0.0089604620257888769 0.52945034686009884 0.7446683643525307 -0.15348444379654957 -0.10832975423556518 0.40264970260962935 -0.060411208287030387 0.18936288332176091 0.62422838520411417 -0.43516957133729695 -0.37685166529769226 -0.23346843051405047 0.25708248338001588 0.41738750812897324 -0.31621901238417238 0.25796209819348709 -0.068736175977282571 -0.58010935708667466 0.15063155101155529 0.40492788486613618 -0.043451906046730791
 -0.34256235611304231 -0.62215477538441566 -0.59845626505984006 0.031358735175067334 0.62592146485318279 0.29316260801305449 -0.30927215342234382 -0.0074489217129477944 0.46850256510986238 -0.75440646358210872 -0.53808746087134152 0.22917862737257572 0.14205068347541974 0.70528639937732795 -0.098808069189014525 -0.98969407474492299 -0.22908313346950501 -0.17360278023547049 0.15762671812293352 -0.6449552773485262 -0.15339096245392267 1.2650105543689036 0.37912905298357358 0.5620480320118022 -0.24848598256444196 -0.4274778061994351 -0.002067235424835548 -0.29323603397016418 -0.81374708840907328 -0.02478660086973649 -0.71114491532428203 0.37451027552704413 0.84809475152147906 0.87570994152443904 -0.12142085942387069 0.56065121808349527 -0.47342883952935538 0.87808649344766032 1.1426563528366489 1.4029173074132122 -0.37283078794490238 -1.2314211811354836 0.34358832347420581 0.63297009665078807 0.40814718210339612 0.11851101888808918 0.39269601567954004 -0.4309847850061565 0.13376147348574771 0.38829382309081001 0.25500156223060721 -0.44268127992531159 0.015236878905849771 0.012881067037800455 -1.6240992134974186 -0.34391655772339802
 0.050647624705020738 0.57967708369338833 0.77453926979863896 0.093320671437430378 -0.96846999158155644 -0.32464938260870485 0.13585326318672269 -0.20396340585355116 -0.73952853927026374 0.81115671060215389 0.79340370837098972 -0.46556168402383774 -0.52687813305176001 -0.69239695746442009 0.69655759560197239 0.52455858633549368 0.40528030725887143 -0.18406100463778377 -0.21989884864819914 0.095173938247087905 0.24469533262965626 -0.82041318139335051 -0.1597684230570281 -0.61476421794857905 -0.3306570937429395 1.1955017704926203 0.056525232199341031 0.55790655655597843 0.2002320679194225 0.089983739876304453 0.50535712790172338 -0.20542990090756555 -0.38542684544193645 -0.60335858467429881 0.39140009249904512 -0.20666414418324858 -0.082966106507920967 -0.37138947249676302 -0.72547041178931926 -1.2969098740551994 0.22272294560118325 1.6534573030147788 -0.87605903350631986 0.17961446494461739 -0.60623393291228878 0.46276640560363602 -0.66849507171981926 0.99355880995049428 -0.27741485751807632 -1.0664507651902422 -0.37015877599530761 0.02206404435010087 0.43439723522790891 0.38429293296783446 1.3949925848347668 0.77240502394202781
 0.038887281927715255 -0.59416166478814136 -0.087012147884897292 -0.10592272138380292 0.64270821155475266 0.93245510760933725 0.63523827826281176 0.46910459681245747 0.19569118390831422 0.22668580525815868 0.002087920177526818 0.052364296647467799 -0.0071234534475943002 0.38803198661816801 0.4632840123115044 -0.27761215165014536 -0.055069778462779412 -0.88074341848883764 -0.049629825434551779 -0.16648927542497746 -0.34424408062103373 0.70216473902009513 -0.16237442942291039 -0.11079636325786169 0.71187380642792164 -0.41316153821154272 -0.50035661254346597 -0.24069765465823581 -0.35056580031228196 0.22939980765226098 -0.26212267853377141 -0.13505240899275861 0.44298971204670345 -1.1192521874532873 0.34436700912387747 0.59106505826306655 0.24446615912841838 -0.51263884198515497 0.18352478133161562 -0.68990546653668017 -0.24833891894236532 -0.14037006038061825 0.55998985189943684 -0.77020950071303507 0.98769511921072206 -0.10711360304752399 0.57436375211960455 -0.087097957519928035 0.61366401267209547 0.89917612811165015 -0.58088938942024659 0.034952981738214241 0.13921978578422772 -0.16681118017509755 -0.25475102216735263 -0.030531696690584743
 0.15092600820683619 0.096443139817437337 0.90156358693181848 0.38922294042361688 -0.12060922779372364 -0.70574159522542823 0.77645826631437143 0.44805535064541652 -1.0187518265344178 -0.80577045422708593 0.12000485792118909 0.26087741690245131 0.1805844938562764 -0.40294613657358458 0.24702221629251192 0.054179186729377653 -0.25517065232929009 -0.074160619450875404 0.20965677800626065 0.24800321980028059 0.63175539508366807 -0.3092937828592332 -0.76846187520966847 0.59148784027294599 -0.40197328144894778 -0.46710404256042182 0.8903628790225645 -0.78509282483374743 0.81549789664627548 -0.044070938893948551 0.38792637361819493 -0.90634503072960459 0.26148761242816154 -0.97826272882644094 0.39445044981807431 0.439023636472607 0.48703652782704104 0.0396042416227321 -0.99561597824792869 -1.3610816467023716 0.88415973486065269 1.9786570734948701 0.4575960039925881 -0.27640205049852873 -1.7691067319953828 -0.25731469592366119 0.35514700094792501 0.020073092468916105 0.96200175948612787 -1.2394948175340579 -0.73102888760566465 0.25209406161241737 -0.8462295908013443 -0.24854405931749124 0.35749248553111845 0.76025799042869924
