# Created by Octave 6.2.0, Mon Sep 12 13:25:06 2022 GMT <unknown@LAPTOP-P0PV0581>
# name: Theta3
# type: matrix
# rows: 25
# columns: 26
 0.2489376144596793 -0.7980486108093634 0.5740424195412982 0.27640279744453028 0.59615581773881121 -0.55992795251633209 -0.16128859224000328 0.35075019942949454 0.2014985347681521 -0.81829340939906736 -0.51964331971792244 0.53863426536675429 -0.091209689510746872 0.60905321194100959 -0.60341139223512041 -0.066361788004643055 -0.70149528138554551 1.5538954445764566 -0.26922324110015777 0.44427184036243267 -1.1818399280251117 0.77468449450515775 -0.24462235276694599 -0.11215008021949219 -1.0506608530577293 -0.27295535945092703
 -0.047626682536130976 -0.015133956601433298 0.47551998266736112 0.7764378261103243 0.24971537710980959 -0.37534870396376019 0.21742356853369771 -0.12026836062330055 0.0076881699906558004 -0.5060164203456422 0.24227596665717124 -0.092430588608627434 0.076979828111188267 0.78057015048831802 0.37849576884668673 0.00033802055450203952 -0.28940832550964152 0.039447095549643992 -0.007470379138514084 -0.1707218733309806 -0.63837953764217714 0.23848089752842386 -0.72912809951462099 0.27892725732525248 -0.51476968552590441 0.67637423859582768
 0.099282368811048821 -0.008448155475218936 -0.26906983787538302 0.16891525949806652 -0.011594617060243624 -0.27369113949863433 -0.25917027598997333 0.51973500118948068 -0.39920229638521304 -0.0510208494726841 -1.3036325867529341 -0.60627655735405883 0.45990328389542962 0.25960857756266376 -0.4857470063019525 -0.23857880419792937 -0.76320316721007164 0.65417795450836669 0.85824859173142443 -1.4345507480770694 0.58897602451089781 -0.43239984223638878 1.0213078699318472 0.3532257251411744 -0.36251085940114969 0.17388607170412226
 -0.18257685520088432 -0.64968187330600713 -0.48689252542699052 1.2998579641560608 0.40223170833085592 -1.1387616582157374 -2.028781419691299 -0.96213775064377516 1.3986133698799283 -0.33297742139920694 0.38647794214128128 -1.7589873866928636 1.5245106076369328 0.92694394946329084 1.0829429841161886 0.3817567224007628 0.35223390371323349 0.35249602623018572 1.3600581164728243 0.79177509398495993 -0.30044067517516249 -1.0628825037049219 -0.21410383152274501 0.41529405914323836 0.09004373133348012 0.03031864476349647
 0.25681114363834601 0.41561491425801778 0.5747428761485992 0.33497145259132821 0.20788029912338113 0.048481760385263327 1.1268374625857027 0.81732760052073949 -1.0634603462596233 -0.30638444668314241 -1.278108243442549 0.26414092358429569 -0.049068801744459482 0.6997906314285417 -0.43131781928564139 -0.80796045187248078 -0.9834863464159882 -0.10821570830032566 -0.090099771886028246 -1.3956290957128166 0.3496331454661929 0.44751838912542063 0.28000733431919478 0.54508928852367833 -0.4796535706545495 1.5872282001019944
 -0.10291567939197289 -0.039767906035083997 -0.37136070377074964 0.97876321767723151 0.45517056486263752 -0.29535751490763568 0.21608325361673711 0.19033224969884546 -0.076503034186379604 -0.92046912347147525 -0.89593015147829969 -1.4356603074755174 0.93146711908723645 0.47413806243476153 0.0085993419479113258 -0.69234046105807134 -0.40913664315786219 -0.12147274380530272 0.44187531888122566 -1.0633244317157826 0.59502344273918273 -0.99376775705772047 -0.076317929852272648 0.62692760452713436 0.43646160623226793 1.2849598852263409
 -0.1958767150795753 -0.64547643373212538 -0.41978520266664898 -0.0070322662634482135 -0.59978283075582595 -0.85795425527065605 -0.26418373534660733 -0.1508760481523059 0.67279261516348654 -0.93989790685487418 -0.13435534988854761 -0.8985504012203871 1.3207390217761543 0.013105195297773421 -0.078243300575117927 -0.74994196205025909 0.41570472069877107 0.27682256287564622 -0.060944132589758643 0.82427585573184003 0.41535747120848215 -1.2387347211914164 0.85548518694024789 0.23677828143129545 0.0057672267530772137 0.53154141538634858
 -0.01876899592300689 0.096674819837111889 0.50483138778394765 -1.7583353318737018 -1.6433230547587272 0.08448541417741022 0.80288452620792905 0.51277954860235997 -0.68436200290567073 0.85819123008517983 0.028443279256824668 1.9516494856797688 -0.22985331777817827 -0.76126004828883387 -0.73443304034803092 -0.30957341235072627 0.89994525787892576 0.10697484744539823 -0.92806351087364136 0.71979340251573953 0.79796348046223509 0.39256982545515029 1.3726932143568642 -0.51354283652730404 -0.43221050651492587 -0.19800596379297977
 -0.21180856559651456 -0.047137748428363636 -1.0131712291977006 0.55321235145503211 0.54243792194104423 0.48007353659475865 -0.48514162304893532 -1.1796205350142219 1.1840314047408185 -0.39251324516907132 0.74469020939139485 -0.37800663427938425 -0.27790514322248389 -1.543662647276268 -0.0054195687599946449 1.6223586902948657 0.59568119033849887 0.36237184116220361 0.49162161105751784 0.45818611686665067 -0.96440051142390193 0.10835041517451664 -1.0494612999070905 0.038968075867027108 0.59566426325956989 -1.3339305428213586
 0.16661414077713024 -0.27529830207660994 -0.83421617313185326 0.48217945053622535 0.54580368789726963 0.25416337360627606 0.3547421980010414 -0.33300062321074431 0.5809796271255 -1.1647152377559393 -0.27720863639758653 -0.78860999082010363 0.40068065770702899 -1.5078390819751217 -0.74817293862241008 0.82785312654043275 0.042007341798602188 1.1672846574701186 0.58741658466493873 -0.17950978394503328 -0.14926652417362499 -0.37243614476319986 -0.10888228068342121 0.19166099019447472 0.50621345433261855 -0.90524483943299727
 -0.2132998398400035 0.71518676160323813 -0.47027109525044047 -1.3985400900784615 -1.0479682012076712 0.40355916980995238 0.10560604615908788 -0.53395326028576084 -0.19238779130014785 0.94711585039024804 0.64160288385218411 0.6397395679364507 -0.44276626170413363 -1.0299087359964818 -0.44391645888771769 0.08850339017371503 0.60765631285944421 -0.84263109974024708 -0.28253554942141001 0.64672441864804697 0.5078627101616543 -0.018751647786407137 0.96336880698649174 -0.13800257814098449 0.012644046728480096 -0.88837926219934893
 -0.18939146452643857 -0.25741908107074124 -1.0465085852780154 0.76132074736316713 0.75395796694953177 -0.63325593393027124 -1.1685534099290467 0.041954529327355911 0.21492010724586608 -0.75306506895151437 -0.9642731320443555 -2.013578525362012 0.94374297913428629 0.82055515175586125 -0.31317116162992281 -0.8379356602654694 -1.3089130954304444 0.865307327627309 1.0571502286919896 -1.2178756350552942 -0.092540441320022634 -0.9944375769718754 0.3544784442834138 0.62311950691631091 -0.45589921916912118 0.014577404076465484
 -0.2568463919011742 0.54130701018891336 0.10472485300571598 -0.58831978854349798 -0.25156277172862124 1.0924901175951653 0.94352175540405303 -0.24207133842826056 -0.39121879165821577 0.44838364887526416 0.37539661032231891 1.0995484720251407 -1.2850605191872626 -1.5381951354825345 -0.20998567182078529 0.50886760463740444 -0.18081698643940111 -1.2207665332152493 -0.84061711103258085 -0.18509811374293422 0.24695160115595549 0.84090585556497444 -0.49866453449730641 -0.49118447088697592 0.71407292402430433 -0.82692475753775807
 0.24183556391704925 0.04479669926261988 -0.25024176801559744 -0.062771241862708271 -0.2792313159488935 -0.53463376173321253 0.23655198835540611 0.8097642531954955 -0.46714865294467495 0.14985931434296548 -0.27206933320102455 -0.4756383604990374 0.94584322465050907 1.0889438659603352 -0.42030058199655423 -0.88591880786324817 -0.2186248109629739 0.49877166897278796 0.45327230280051095 -0.78908074348847379 0.95294005507531476 -0.97659798543061194 0.83785593967259608 0.43070185181662135 -0.27715151653836145 0.97830603067768696
