# Created by Octave 6.2.0, Mon Sep 12 16:44:43 2022 GMT <unknown@LAPTOP-P0PV0581>
# name: Theta4
# type: matrix
# rows: 10
# columns: 46
 -0.23082489468453693 -0.36951153574083984 1.4902588738438252 -1.1568165127325802 -0.92787378589548142 -1.6119292573992441 2.0857410741585838 0.63181560039505913 -1.6497754904480542 -0.0083340686407370971 -0.84635898917778463 0.1777811260141042 1.6457712666788771 -0.39421289176901658 -1.8491188130596048 -2.0207663658787438 1.1590661310827115 -3.1187563549066835 -0.53395596274813384 1.4206727657907452 -0.15954196303609985 -1.8254709342698525 -1.3154292045023714 1.1636558134972221 1.9841352196305746 0.31899149952269706 0.66885253712109238 -0.64220461315872135 -0.29861126029166934 0.1941793439994971 -0.23303232511710803 0.6918760934638517 3.4196898162748699 0.92786089646674808 0.83474635851671342 -1.7725178578434728 0.14816749951624364 1.5187688652659082 0.87274796062265014 -2.2154892049437382 2.5340700768387263 -0.39472649300400781 0.60984584075712389 1.5894591828245634 0.97967395300629945 0.37281603862029822
 0.13555024799199727 0.092964575382732728 -0.33064831972337999 -0.68467997341011799 1.9278783848799939 0.29634965709627509 -0.6211765752521663 0.54401519604810522 0.46563396807172908 -0.083983967982111593 -0.12319379184041605 -0.26057693295091305 -0.29954360597431728 0.3261551118071811 0.29129160464077636 -0.56001125234151972 0.26690199390907865 -1.0597977511613783 0.65119910774516099 0.61398311391790472 0.63866466603873839 -0.19209016955437011 -0.40053779904146969 0.35062316476158123 -0.26380799071931482 0.038860794633546331 -0.34801217451899291 0.26741416563865217 0.0337603662209272 1.2157665049941446 -0.94665186490962872 0.77375339459458337 0.5885341681725067 0.20904227300369418 0.40258970038481456 -0.73104378976098561 -1.2072900541703862 -0.39841270119212441 0.021390534485198318 0.96050666852998046 -1.0176913714192286 -0.15293150746167891 -0.3486637977147421 -0.49689078265804765 0.77950714689384759 -0.99876457076578762
 0.18636140469378901 0.64614815913494106 0.26148942771100098 -0.60650177514355674 0.20617199685242804 -0.32461885988905209 -0.80927775097324584 -0.10274206215730167 -0.63503061095540603 -0.80149113482280987 -0.14255331918859801 0.49221130392985085 1.0978755778219742 -1.3720019931399865 0.38548316876200744 -0.24297977293655318 1.2341157184097971 -1.6893854057569893 0.82610522758690974 1.4983654374832349 0.2466481509228664 -0.27041131466053159 -1.0792631911083619 -0.073104470493322748 1.335614022411967 -0.28106757798981086 0.34513701906111732 -2.4859465436000754 0.92405790013405686 -0.80976298933093316 1.0189402848435511 -0.4351671656693844 0.33880467990709767 0.0058040550316738396 0.5638462549864417 -0.6987262851153172 0.87851393262580368 2.0384250630819851 -1.277679783354905 -0.70868243216954063 -0.42155479930283746 -0.34808054004638661 0.77642129072936528 1.2029229216792203 0.40266391813478958 0.14953844713432379
 0.20602656153556259 -0.56932020541776174 -0.13492772606006151 0.59062585098331954 0.33874832774213987 0.089178786104115795 -0.28850254779071216 -1.2852240565803272 1.2762387394363248 1.3954615814994662 0.16911003843590569 -1.3697036856992237 -0.72136221194588024 0.57946651487969336 -0.62193419657250748 0.86813363063495519 -1.4804411602041609 1.5643293404212797 0.78097949675901512 -0.99463615002931383 -0.70875186044122374 1.9759605244355976 0.72422051885402994 0.095599568230951532 -1.5638059662660748 -0.013383820482003124 -0.1662237389418785 2.1295886822001218 -0.35209740326984285 1.3864243104389791 -0.43270902037145154 -0.1781196356568453 -0.81480815157164743 -1.6652327881640336 -0.38802560170603034 2.8613692544782197 -1.387486711732083 -1.7702504703044339 0.39381946948240576 0.98901933318758872 -1.5428307969371626 0.7318312942880324 -1.0313680150624698 -1.3047773898186594 -0.92429438361077765 -0.32365044102476531
 -0.097411417918628895 0.0017133600040212431 -0.60029493944948131 -0.18444721008413359 -0.4672012679184242 0.043629645303386866 -0.121781379078654 0.12092528172678121 -0.83209359553792994 -1.0395294817982756 0.046879635187858662 0.26858227719500399 -0.64760387915334794 -1.2723106159473123 1.013492686772832 -0.172446505645761 0.9397095190679674 0.98201717939922584 -0.14514221305066252 -0.18996635133005196 0.22115566420687552 -0.053006812287632737 0.26675784573781364 -0.93310045759379456 0.17288748546365881 -0.016654041959566296 -0.38383920807647459 -1.0105961327812947 0.22724707434526653 -1.7723040682585698 0.87237942896334253 -0.55416153353120567 -1.4612851679281906 0.67245179674741007 0.67730657311400555 -0.74371819397515126 1.5343628940770309 0.68188868428337357 -0.997525680426253 0.39888254984378901 0.89966128217649244 0.26878515336579456 0.86723039330548291 0.41596969769804965 0.080971155296117536 -0.0054071903006091843
 0.16514060447674944 -0.97666229044435027 -1.9026083869271611 1.1539970373739463 0.34553265504706343 -0.28371335873973091 0.028810331869123976 -0.6859761245908681 0.5342927567921395 0.86453035480381457 0.95994665465315387 -1.3455198413593585 -0.66690018566727072 -0.030640040986097575 0.17756538529565355 -1.3684291380953111 -0.47503316203041573 0.59855701062894917 -0.14226752367212761 0.88788604315751984 -1.6016971567182194 -0.3572424954908649 0.061045604493001733 0.81709973698575589 -0.094658743001471701 1.5002261633814249 -0.21724624972477877 0.87172880303257194 -0.87540042924445449 0.41534715428832347 -0.55651905339750662 0.80998204779016447 -0.1566438405047173 1.1514930000668679 -0.30417814848313618 0.14095607337338162 -0.47534890095630222 -1.3915083028566257 -0.14196740041298384 0.49556780559010333 -0.34642740468625838 0.83616794634820391 0.059659193847912052 -0.6328925354431032 0.94158648391976396 -0.42379466588852288
 -0.14334647385960103 1.6168223539553972 1.3889909472514386 0.21015182934177987 -1.9369290471762592 0.77562784232476834 0.16789589456445791 0.24176209332568058 0.38384556329677239 0.77807112560470371 0.1683176120455469 0.81725282455024562 -0.13922631547885722 1.554150006589271 0.79115266857183009 1.5498213118560926 -2.8436442517687297 1.2415726146306993 -0.19601759779151148 -0.58935783746593484 1.5281951893020596 1.9773207542065088 1.1479391286567564 -0.10476399058832404 -0.22322146932128159 -1.2056911021058372 -0.11595558934820453 -0.75233234057734377 -0.65956926933124282 1.7467100256562369 0.52792757450364758 -0.68261184137560127 -1.2819496443845815 -2.4105927728209737 -0.0018230917340337676 1.5353219233428133 -1.4879031020553781 -1.6936185043316683 1.3246610788293856 0.16172255566367941 -1.8296009161825122 -0.86737224812098146 -1.3959641190143155 -1.1283911401432776 -1.3178954950062685 0.66343660697421913
 -0.31385592910637483 0.14362862543252303 0.64627582925787619 -0.31252186359578993 -0.60592809249535684 0.077569841717753552 0.0014592514542100578 1.0159227801773927 -0.40722364673691425 -0.74544708358497547 -0.85576606863440696 0.31601154373053347 -0.33850145848710955 1.1289970391598665 0.044506796587271427 0.10858313823991446 1.2749702002543268 -0.48639762340403103 -0.50998821339328282 -0.66728411516344699 -0.072430906886855523 -1.8245142608995863 -0.4625730705896211 -0.54661160628312555 -0.16055106705732153 -0.64644223164920567 -0.44728778673936798 0.34981457842210933 0.071584297397955826 -0.89128135292116961 -0.72817204665733759 -0.70762983915023125 1.0810383925565519 0.59072914139028843 0.1145629476381896 -1.0848347107240095 0.89945441426452033 0.03439183858679188 0.21977338095166896 0.39275126999257898 1.9510150726809703 -0.42462111385283047 0.87263186686710281 1.1845314466338142 -0.46868719880784493 0.40952817734388308
