# Created by Octave 6.2.0, Mon Sep 12 13:01:04 2022 GMT <unknown@LAPTOP-P0PV0581>
# name: Theta3
# type: matrix
# rows: 35
# columns: 36
 -0.14601501769844161 0.44559101725504791 -0.42614593081158908 -0.84929070641686466 -1.0532525727207203 -0.13077035536980006 -0.24997627839595313 0.09087553985547811 -0.68326431659424636 0.97928266977838685 -0.19950746557635701 0.4350114983324222 1.6792945506089441 -0.97082771039486249 0.0078861820880385836 0.71282624795023697 -0.25848606955009734 0.84761000820858312 -0.053236539110724859 0.64445363125413546 0.27315915134539498 0.006737322118575249 0.74346377591663237 -0.80092328229456622 -0.063219461460283552 -0.67325842394756352 -1.5054762751222088 0.41617534479699353 1.8983708153471863 0.74640024384155979 -0.18167566874025451 -0.30262407863909718 -0.61033936665980593 -0.64730819391019867 1.2315493879704476 1.7041935923616711
 -0.025702437377788791 0.22945567574690451 -1.3999959238009989 -0.17647875445174091 -0.14236761896198386 0.18232282313176298 -0.97196358236549396 0.97246641671744383 0.021073123032494239 0.27468832487907902 -0.17701988080960709 2.0584136929642605 -0.18900139612084435 -0.7698311759280092 0.75060045088257943 0.26265200487053247 -1.5589534652877179 0.68444954278193726 1.0339352428837831 -0.91086030608652713 -0.039693529861866583 0.57105101277079895 1.5633663721437809 0.13813540645462688 -0.34329621912588448 -0.16351929261825479 -0.75655334663239282 -0.58182213206189615 0.0095676435418792713 1.1238884496773422 -0.14474233310153675 0.45848874612402318 0.45829957170246449 -0.6676958038406583 0.21483615502190698 1.5128749658412326
 0.22415344286587616 -0.29710381204029224 -0.11872658236813223 -1.0274950151144948 -1.1556540083414046 -0.8020273331368869 -0.19190100202716345 -0.50478658932871057 -0.53633785050441085 -0.18455153927534557 -0.35733042501313789 1.1016688419953109 1.3611373202700074 -1.8672904074468402 0.65323380269044717 0.68335171316560095 -0.81499461082130409 1.4485368278906783 0.072859908218946653 0.29910638772676013 -0.10203380809180089 -0.016291156503345831 0.4749510686710719 -0.91093929171934629 -0.010901589976595084 -0.78468322295412107 -0.56262489412110028 0.40066095032505761 1.0984116949524654 0.54166238782973219 0.40555546578444551 0.3364122482353134 -0.65101739121182822 -0.20575054474070048 1.0890323179543069 1.7333302109152526
 -0.15710479572236433 -0.84641473856326754 1.2045213836315523 -0.22339390240494167 0.72802903433835742 -0.36125502243157603 0.59298789599678259 -1.0869931866761415 0.52040910497684001 -0.55882257991626416 0.18606535931916449 -0.9129357975292085 -0.73191496083087049 -0.20434933426327287 0.45217941185267646 -0.31766173606558123 0.7040513869924423 -0.55433266702588324 -0.76881117432598467 0.044902286285253772 0.44363995847333654 -0.061622493029587389 -1.0335311190363599 -0.8669979296016348 -0.31781778830685414 0.34781864872203233 0.39504153220895027 -0.2294569679867012 -0.036999641283725807 -0.68409427581671489 -0.022218827969742991 -0.26368753174456161 -0.48431109717480347 0.79266201424470883 -0.33834596850645293 -1.4828760989070922
 -0.083546694512623532 0.32850789208755377 0.21656068378664436 -0.20800255945089186 -0.16651771280904962 0.68435437197168569 -0.83009600327367405 0.3058410062872412 -0.97192731451079661 0.78590123616091201 0.27204839568639028 0.961174808108189 -1.8116070693162329 1.003223914342787 -0.0023423991884144128 0.10577180237725893 -0.56092518866666929 0.46517928177896167 0.39981002298868368 1.2932446611200969 -0.65608127072025335 -0.25474198566307299 0.40409718997906563 0.15842023528880386 0.049172489394304034 -0.58920024519668124 0.62911461297217697 -0.86926017860803051 -0.67427450118761378 -0.29858529894583319 -0.54353139850769305 0.63371118558883888 1.056225442986426 -0.97575413943691092 0.67204786680701611 -0.56761674430012199
 -0.14289976489762973 -1.2958094656818777 -0.59289864208238185 0.88598070313153376 -0.13521422565740324 -0.5898750247592105 0.14572318733172665 -0.25432124093280323 0.69074306062102142 -0.8801081897576023 -1.0733772412479818 -0.17003787520910799 0.49136450292419787 -1.6147095845204487 0.40205882724528685 -1.1096576468309971 -0.40690439863100553 -1.0604700752138099 -0.8237385505892364 -0.37740736701380967 0.82682299990646446 0.75300165544539233 -0.089791184960514941 -1.9014557100843359 -1.2202433977995684 0.45889778924775732 -1.5770270036734026 -0.42689440778853643 0.74055904974401665 -0.0045753949251745108 0.49525915377035423 -1.140785217361441 0.42045077372500367 -0.025782916968617134 0.088497944577757642 0.42729730519730985
 -0.09604204925491458 -0.24154173553141145 0.83859016608120984 -0.34185861558703595 0.64727968123886559 -0.076726171920543262 0.51927590436941129 -0.70958924844096327 0.36430907502882981 -0.88156816302691854 0.2160249896950634 -1.2352521689712346 -0.71508705188413124 0.19177328345454567 0.27014572792154162 0.17145204765922042 0.17696225812340419 -0.44836078071379865 -0.4012848362746339 -0.2995620969738168 0.12859589041735181 -0.12564718558063323 -1.2369306495806405 0.50329998122540542 0.24445991114186652 0.37456226428178441 1.2728576024553531 0.17580871762825442 -0.13249669229368211 -0.75116800103253334 0.16456569095625875 -0.16271172293810976 -0.58166482670849073 0.83152926809941785 -0.88514959694225859 -1.2295253864912872
 -0.13851679138516187 0.30488924910788723 -0.14664744844720012 -0.58564634576892827 -0.018807436363336864 -0.15574370933590012 -0.39025236972774946 -0.19427913537396219 0.028239175011865202 -0.0073482171154378492 0.1655843239640104 0.17335326449717073 0.36814073656647794 -0.013601460045198511 -0.13103559405401136 0.51856391579308514 0.4688158841101196 0.75201892279297944 0.69552382845765004 -0.399958530846525 -0.3326285133942084 0.057265338583872616 0.28078291748293682 0.8050148118366155 0.54330948063044626 -0.62420983479299519 0.35593967788586633 0.80169293737837632 -0.27304879526094911 -0.37871195324997775 -0.043427358251886171 0.16877915945968139 -0.25699276690556522 -0.36167450163818671 -0.2887447042655138 -0.002623855748015038
 0.14040864493991725 -0.64611485002299884 0.83016692585047347 1.0701954518304113 1.2508012458292852 0.45866970953310165 1.4381150241274661 -0.34759009975013772 1.0221700902355935 -0.77975314207235202 1.1073146936422851 -1.0124338159183317 -1.2742179867336534 0.10697110628261459 0.46571554101706009 -1.3731523804398318 0.82420514153897317 -1.8437910605461232 -0.8697518298788367 -0.4281543864886716 0.49938816661583779 -0.042054779020566209 -1.3551034422926755 -0.84592790260505646 -0.98860542146313735 1.5406687136903059 0.18257944650870586 -0.84578559893029193 -1.2003173065090331 -0.5150537333945534 -0.30978672650548339 -0.61616261154411855 -0.50670407162078968 1.0428265982605418 -1.0308366066163057 -2.2374794520159629
 0.16154379030186666 0.42868453371722726 0.28520020857089251 0.57325656250916623 0.11363954309433197 0.49021470840059717 0.74244263328850679 0.19253793767109179 0.1730534367283571 -0.26142763268254993 0.78761556127718357 -1.266719866503252 -0.93165171378987222 1.4173568117607624 -1.3278460414326461 -1.0855997201080385 1.843963931206313 -1.5260281367897222 0.86369956211171339 -0.014786809123279418 -0.51737882363569532 0.19462596777558638 -0.2619413662988076 0.9221453110657426 0.48237739621831627 0.4892719665852191 1.6648493001138556 -0.080279341971971771 -1.8884030296346024 -1.8402253389341987 -0.28874548038845993 -0.14086241341157066 0.91853895482969483 -0.0091755864255207344 -1.1595948109584429 -2.5099225992797201
