# Created by Octave 6.2.0, Mon Sep 12 12:58:38 2022 GMT <unknown@LAPTOP-P0PV0581>
# name: Theta4
# type: matrix
# rows: 10
# columns: 16
 0.040766355941163915 -2.1785290858783348 5.2521463117144345 -2.1069421185617525 2.6184787816921955 0.71884570140801585 2.2173132991520741 -0.46962233478496895 -2.4198514323765581 -0.18621278729886562 1.882600157857522 -0.35292488358316393 0.24346206373154874 -1.2222057723178086 1.0005317754392009 -6.2269660893105661
 0.53040572911263673 -0.71418265631652755 1.714611978188415 1.3982428825793025 -0.38156638807034821 1.2060504324743122 -3.2977846641632942 1.1613124450930767 1.389700539799702 -1.0214261864014991 2.1594610472251183 -0.71423873466023413 -1.9331006099623931 -1.0975719780943689 -1.8882354275140139 0.53693735343025895
 0.46858475743670142 -1.9104373262774974 1.051673304841521 -0.566545676757228 0.34802621684486801 0.94187634631019057 -3.0509269783975177 1.5863147681260614 1.9329242137720721 0.50230262718994767 -0.82601544337809196 1.6151286422722992 -4.294484274058644 0.80221759702860962 -1.3445016331775592 0.43333610455602117
 -0.35068246225812771 1.589312549837427 -0.80040494829218545 0.81655551185818342 -2.3983873933694349 -3.1933713959021004 1.7015839574566323 -1.3293936311079102 -0.16946920999443824 1.1472639531791218 0.93361603175093211 -0.90100552571910286 2.0251360097643203 -0.26227913796643876 0.26228588237162215 1.4307746668086812
 0.039235713617923537 -0.12335526910716185 -0.89379183285959274 -0.030081874191080701 -0.22836518985420431 0.53597989562307091 -0.23352859279914256 0.77423570333923497 0.90879888742170156 0.76454792378086578 -1.3722640147528131 0.7996543698030173 -1.3407716017764413 0.39920346531189743 -0.44048543106596921 1.8391385543107894
 -0.27260967547814463 -0.82391355500404062 0.20469994897128485 2.8390588360963149 -1.5385385719077236 -1.8127019676246818 1.1931242687016808 1.3581631154245943 0.52736435176197216 -1.2102291946431529 1.8353051842463775 -2.4174501005152398 -0.50226984071141645 -2.3390971884460376 -2.3083170820253369 1.3748299593400712
 -0.57058860793843391 2.0520390812131533 -2.5346493842309998 -2.4466510667475245 1.8479537295731485 2.2930416297119085 0.92080059762039856 -2.3327474160282269 -2.0013616679588875 0.10222601227272714 -2.947822831205904 1.0723153615522072 3.371192690342474 1.6040989391849738 3.2288898169448461 -0.34905714044601355
 0.35753789962772387 -0.23295509697315286 1.7987310734198263 -0.34066636205482731 -0.44023307991763527 -0.44649397311102612 -0.77624755008003854 0.47506247141327879 1.7808694500638331 0.86531691670003907 1.7419817527563786 0.7021935339337213 -2.8175257137555318 -1.366655069367875 -1.1052352139662303 -0.82692187547934504
 -0.4400012819916137 1.8897618761883748 -1.9836207159510844 -1.1788131316894108 0.89177860743549309 -1.7725717487267494 2.7192430077316874 -1.3828339999674362 -2.206862933671514 1.0372823931662027 -0.50551068734966209 0.2832972475076545 4.2393358924503941 0.86575522592623644 1.5008236595840525 -1.4198554356499105
 0.19256415098778887 0.35164616599676524 -3.8122434596766994 1.7238501026284061 -0.77260670720707514 1.5635775523627533 -1.3362341326958083 0.1483079259502442 0.40214296606196098 -2.0100193921947511 -2.8857615334241338 -0.092714119677012527 0.96666797375388036 2.4787914905842934 1.115811296423763 3.2753754201598819


