# Created by Octave 6.2.0, Mon Sep 12 16:24:44 2022 GMT <unknown@LAPTOP-P0PV0581>
# name: Theta3
# type: matrix
# rows: 35
# columns: 36
 0.17618942440564916 -1.3923607951245116 -0.23241482113672865 0.22885820496629278 0.21782865022752493 -0.17569639706943666 -0.7770500998694293 0.0097024085169504747 0.87022223462057535 0.035721607815869326 -0.17674278730176077 -0.0669589016427031 0.92316994190516932 -0.0087906870756823737 -0.40672230529768083 -0.44237541137956249 -0.22785596923264123 0.78876973567797271 -0.25024557670538011 -0.19622188713918251 -0.54103707669217727 -0.014207507897847237 0.73490138993594523 -0.98657798021035958 -0.86019814611367651 -0.01032570292895481 -0.56240049478063958 0.42262065086186118 -0.66071466506597576 0.39394437567343354 1.3282514161988177 0.27430855988568664 0.15801774700540852 0.27514042395550586 0.85865291262033694 0.6268761058727792
 0.17431848277689094 0.037708927718689347 0.27455298962571867 -0.45592817861088902 0.068305848980736258 0.28606040547286132 -0.0011519985744062372 0.26730267364366767 0.11462674807958793 0.2813115657361131 -0.21203996205971529 0.43341644041715227 -0.13977958941063723 -0.40972085675174036 0.046785609515997778 -0.31711727718985072 -0.29892728818737213 0.20179470442620448 -0.3878662135432932 0.2325514466546918 0.20295642374784584 0.054503490590423018 0.64487311235285727 0.43227536889914425 0.20785070484932452 -0.81827790002987144 -0.6994483998317117 -0.4438753618964339 0.22079392477082141 -0.39041507511165696 0.074396541792854279 0.34743718162871462 0.2375323378941874 0.21964468541250531 0.30580688157289515 0.11377101252051439
 0.25085412240839527 -0.66405862291507378 -1.1262750795633252 -0.27396797679990031 -0.081561651705145538 -0.43755257600857278 -0.27924429503210246 0.073220072787483464 0.51625624027037365 0.62241738247900569 0.38269389767078665 0.37524132810301597 1.3911383140271807 -0.95798407715141776 -0.44340719540576162 -0.60230895717939703 0.93320422042750228 0.029084185498055058 0.45818050619571182 -0.49217794994833453 -0.51383967179194023 0.11414832469366137 0.18425029831686032 -1.072297493512127 -0.94318514782388629 -0.43973266640289682 -0.96365784962038614 -0.22655613255696169 -0.96183404706695863 0.21308533417563694 1.0366903548728492 0.63889850605420462 -0.66052010418127893 -0.060208285891226072 1.0786574931327795 -0.65512964910134719
 -0.026701461997257019 0.32673992636533028 0.5657974378519729 0.51732012648368175 -0.46004186431657357 -0.13965680308169207 -0.010436952248099131 0.46899604034332854 -0.28489469500067566 0.47712708286124494 -0.13617794801064417 -0.53907194235778277 -0.37141064374108712 0.89923722431940112 -0.55019204761544427 0.14419672738089082 -0.76807662686469946 0.31906700524128218 -0.29896645282849449 0.015502417431222 -0.12506573223566728 -0.316983489409362 0.80953260135718252 -0.13767918082401412 0.1899339285070494 0.42797669222688967 0.38290400241895378 1.1975137567407441 -0.50399647850348173 0.84184836204044966 0.11464138365098828 -0.86437104974053436 1.5661568870442082 0.75304781553925504 -0.15043759346795024 1.2142999182044163
 0.15305383867479275 -0.49293432259162251 0.11736882051573445 -0.66962085056587184 0.33095569360095617 -0.35558739647206627 -0.067905159655753944 0.31956349602108408 0.060041091143610344 -0.40497163098747124 0.21793870239688032 0.31946344114264619 -0.30247981839712929 0.42568404902068463 0.58044624660103761 -0.52963959024419294 -1.1020247707473365 -0.2415668053923008 -0.36725634638103571 0.49839879887813415 0.39207567173911723 1.3952165357982182 -0.72816635518290251 0.47766902937312633 -0.15147931235042525 -1.0746241589561349 0.58699774501093849 -0.64416177550261311 1.5398191414581544 -0.55752503557024102 -0.018601910715888893 0.27397284679659373 0.13637156219344013 -0.38369927948459948 0.26750974743184375 0.12221008624430452
 -0.2486113968311979 -1.4471088927340592 -1.1884411980961322 -0.49260971224908312 -0.10532849513448296 -0.50245534355353116 -0.82468998084392431 0.69332339201466398 0.28648787297782558 0.52955592710846366 0.33644395895240425 0.5213044243242726 1.2698978876448546 -0.93567352693586181 -0.28419358809759732 -0.81077605879058989 -0.31603267432978221 0.69050742270059584 -0.38832448319526475 -0.58561140316180749 -0.64049646884814593 0.46597896063628047 -0.0065928889967324768 -1.2848241299057164 -0.5119788952728116 -0.9352471996803905 -1.1544099725233443 0.25857019419024591 -1.5440888287622987 -0.35074877590242004 1.307488168559287 0.58809579749433372 0.062903047907050869 0.24496151615995884 1.5224840815006289 -0.0034484289073732537
 -0.070566908369893641 1.2138264277025115 0.72842170821806407 0.6332176161438442 -0.28100172102087062 0.77613637000746927 0.57529166640499452 -0.48514848095604213 -0.17618259035354181 0.34562093959639301 0.02828131978544892 -0.1522294042281947 -1.0665432245966939 0.24649722590251524 -0.30191134731163205 0.25502933097350977 0.47746701255978824 -0.18839195379458537 -0.30871021465692128 0.17067471591260236 0.54491611549786312 -1.0177381205007627 0.60181485134677737 0.64360028449480666 0.66601158633821333 0.65645086479565329 0.14324027918362922 -0.18001180521358276 0.040240769859975968 -0.43895518543162704 -0.75275113032071483 -0.75626832060320359 0.047165174772000072 -0.17831374934965993 -1.0284322053027115 -0.34935156376837845
 -0.18099600667131904 1.458895290678945 1.0354172350396302 1.0155599906735113 -0.052115189842458561 1.1506449749912784 0.77239989606287951 -0.95153402162703171 -0.74987156209956851 -0.36204378440835094 -0.26788323925934676 -0.41295694501574887 -1.3754878404127135 0.40274032681439287 0.17033975921951972 1.2133023945925125 1.3013957033873174 -0.74633103342524498 0.70609342692455213 0.14498170170829941 0.15755899952247671 -1.6733806644086318 0.096872218190743653 0.7115125389422754 0.69644002563323471 2.1802255151246066 0.97763706818197993 0.43219980578390221 0.11944991679589745 0.45003719013931548 -1.4595872569370614 -0.86790442999773865 -0.042882387084050975 -0.50298731871435509 -1.9404858905623403 -0.36720985367493864
 0.13786228634084505 -0.3956993166763062 -1.0716636264938157 -0.19247961117565818 0.29607722149854449 -0.012498380278169866 -0.41904792199729107 -0.30912838430225908 0.49484091783152467 0.30661118875096605 0.022721678380204047 0.15381557599225243 1.2822389118294113 -0.75517133550183302 -0.2234616562924589 -0.18357869506352587 0.880383486819591 -0.018780786390244924 0.1529307179917406 -0.19527094776331699 -0.49696307803468787 -0.20654895096974082 0.08176501021164817 -0.71944707325997037 -0.37813569659723273 -0.18069175516617267 -1.2021352306456963 -0.07159897593833614 -0.92816791796240894 0.31840530331836575 0.85107120362009958 0.76530930279446407 -0.99156603708239832 0.14581702624243809 0.8515238788775138 -0.43061664505108066
 -0.16257701373906766 -0.47299471605858712 -0.12296341017593335 0.98365271515456232 -0.04360167476459461 0.69241142791208699 -0.048820588030735211 -0.38088133850376044 0.90150406032073127 -0.80922674095674862 0.1105683968603878 -0.11364712464631363 1.3114511359918384 -1.0177626823022301 0.77473993023068743 0.89852296488408678 1.200246535719693 0.82754595226772909 0.31397963062051465 -0.9422525288235537 0.043779796082169926 -0.61742822199788228 -0.37046769228772025 -0.93308199674088954 0.19621813701306465 1.3879254225112632 0.82971196566464211 0.05130126309384353 -1.9269228691609352 0.20868609634999591 0.36950164299397392 0.93264109668978146 -1.2521874469136955 -0.53807035292354155 -1.1219470652392873 -0.80808010254947282
