# Created by Octave 6.2.0, Mon Sep 12 13:01:04 2022 GMT <unknown@LAPTOP-P0PV0581>
# name: Theta4
# type: matrix
# rows: 10
# columns: 36
 0.55215321000540785 0.032253052725899081 -0.73197579319604889 -0.66730277381547121 2.5611905718801538 -0.20961198036837839 4.7755633649260227 2.435494830161796 -2.6518320452595705 0.41960546024867901 -1.076741107532639 -0.31772465483824652 -1.53050333689478 0.70795408528025061 1.3876616554999666 -3.1377152430718809 0.83923885799938758 -1.9678971959538436 -1.0649001541848895 -1.100601949735619 0.55641912981543395 3.6860488526287116 0.32860671011543963 -0.16343439358720122 -1.8374333937958114 0.22166329141552232 0.65130628996409623 -0.35362666224342532 0.70705541398148064 1.5135582056857122 3.3810904182126351 -4.2479890094231623 -3.9466683670657439 2.0342090090685403 3.3287037568572608 -0.74803321535863543
 -0.45321973471485416 -0.63259640862147348 0.11319606822181118 -0.26050552132271998 -2.2951211292862159 1.0057106629217409 -3.560114618738154 0.0017164252443383149 0.51403492848562671 1.0457421734214543 2.9359845943023233 -0.39358158295133011 -1.1610464110323426 0.27734568689585992 -1.1258727544562672 1.8834487260265356 -0.069375639437157133 1.2814268839287184 1.0671827700104188 0.88281834820478278 -2.2522822010193386 -0.97860479557124591 0.50241246935484607 0.95456057638748293 0.75363819351931094 1.8418239124578495 -0.40576868662945659 -0.47973537564545082 -0.53472922819585667 0.6684045542316277 -1.8786034832174625 0.95298659913354322 -1.1144650568539705 0.70313428548567991 -0.76365480106920647 -0.048553261320313484
 0.10128200625911225 -0.63979181544430253 1.0561249467940605 -0.88413962905612797 0.082263401888106755 0.92942628094008772 1.3158376150617481 -0.46846883435296877 -0.97656232182023206 1.524617541195636 -1.0122507771081066 -1.9939437519535474 -1.2792602078315551 -0.29180607778905943 0.87133832012041057 -1.5751071267391594 1.7391266431508752 -1.2790502384682532 -0.44665731126094987 0.94513253422844035 -0.18425143688348697 1.6081558238611964 -0.81457886858279349 0.20838712015024244 -0.27861461517419761 -0.6562912407611099 0.1818253720084568 0.24979472378669559 2.8092084299687401 -0.65187711083183253 0.25542209039339986 -0.021561218012131914 -1.0391563339071759 -0.51401781822240711 -0.11343066329156547 -0.39516657313212655
 -0.21689807986969079 0.0013478819782706028 0.2717535880250988 0.30817595947845566 -0.44161079457485458 -1.2088980962591862 -1.5510396413257876 -0.081744236771234685 0.36799120654334166 -0.60965120979832876 -0.89984565097143965 0.23251021896654669 1.3222942685120045 2.0578512949386991 -1.4997246226757928 1.8281463455159233 -0.49617559754474444 0.85163977162595095 0.16935871524848875 -0.14028107873862514 -0.19844356086210418 -2.6478152707923668 -1.3114507607236661 -0.62506347612318591 1.5295402708195061 -0.67784091788602829 -0.14129390453386748 -0.32484485168901195 -0.51376541383442953 -0.86347153285244604 -0.66981338771331322 1.9780201398026629 1.9116273002342095 -1.1194260581768696 -0.89358440958655549 0.80575355864147113
 -0.15613286149633013 -0.27315994713070296 -0.36977352689212734 0.81606857796028642 1.3706946972653318 0.59022369755424964 0.61860331755659959 0.44482967127404027 1.1586081722809789 -0.0848314799010743 -0.299133406828272 0.40379903411721785 0.67583659393042039 0.1796077667854741 0.79301684932490857 -1.849014194856597 -1.3577164295831392 -1.2795397105181874 -0.34668885404890637 0.98566888902224004 1.1206596246384131 -0.63321179094015512 -1.6915663428591807 -0.2955098300342861 -0.06592392079658678 -1.2141278320701954 -0.15438756503881382 0.61594443557036838 1.7745851492384674 -0.030827207933742957 -0.78242491691087046 1.4614887920374822 2.2972210046504746 -1.6026582370204834 -0.79855126686702926 -0.7176645724559465
 -0.44903739616775029 -0.442781688592912 -2.2896808762093634 -0.42679729061981253 -1.1502037249709212 2.5725843166525402 -2.4075520079614297 0.1936276731922803 1.8950800534276342 -2.4706979388120454 1.9960570355059879 -0.1424642888963556 0.29271289147649543 0.0079687119862868853 1.081027046975668 1.8070593906501973 0.055407960226702933 0.42756753804366288 0.82745258556937162 -1.2739845049301821 -2.6288931488386615 -1.1156205851694845 2.3104874932140715 0.20673091638436816 0.53639390839380141 0.1625715727757755 -0.42763480446807639 0.85009372538448591 -0.065135489886765027 -1.4901566750707207 1.4099971025550342 2.1060556714051191 -0.25266093201292061 0.75339372347814693 -0.91347365038512029 -0.9420054069045366
 0.071381342773301729 1.2743981430253275 0.81291742436440217 -0.88062517032417775 -0.076159837978883635 -2.3187678967964689 2.974920663377417 -0.85410727204199011 -1.7474032571460203 0.29196923592896595 -3.3815297400421018 0.53134044534695668 0.89928412930334445 -0.38520516673028038 -0.083439531991203214 -1.139221427375614 1.00058557674001 -1.340970801895462 0.35256366577527809 -0.0060200254528849926 1.8101062740384082 0.27692238235026739 -1.2070434362304552 1.4997284528530399 0.87159540528726442 1.2619111309029638 -0.66819741303433677 -0.72405785770888209 -0.8018809528132409 -0.45453179852307213 1.0674360868460564 -0.95540577731080645 -0.35328667769147809 -0.22144119143501109 3.1611283437746822 0.96601761755039106
 -0.055005447404823493 -1.4802338206982355 0.19326476382423932 -0.97465007902126111 0.7388845591209402 1.3025590050268605 0.84231425999505727 0.65687241879392599 -1.7803916859299398 0.77269205804869256 0.64513131035029148 -1.1261867532829251 1.4515925650104189 1.3181230260094581 0.29800608754232905 -1.5695299769895024 1.5368986551499493 -1.5207887132664597 -2.2162087157030701 0.28598329886220647 1.5090020381526346 -0.57526169193867605 -2.1901332356383669 0.1516206435878876 0.37189053902925251 0.63632980836743358 0.54535662188688716 -0.99605362358777871 0.26172404066838134 1.0737374935656225 0.6122936198365363 -0.53797351892347556 0.17011633865128131 -0.52624932698708426 0.73875430425815958 0.37205846906994439
 0.6276323840814978 1.0572672646038797 0.9728264472145991 0.81054317346089022 0.27288898064250533 -2.376576345232527 -0.57151436970858405 -0.70756387539418286 -0.022614269186533517 -0.083449208618609896 0.20911685570165481 0.13712217370163007 0.12137870900387658 -0.75577006332701102 -1.334350184716627 2.939169459959456 -0.63743311856189644 1.3951953836504642 -0.71066150115195537 0.098558093983827463 1.3020738978091662 -1.2527993002860596 0.17578229939872497 -0.54637700375826537 1.4069757658132194 0.21179186588179344 -0.49377766208801327 0.36265857531707058 -1.5707779505924142 0.16096806332307256 0.11275157327808039 -0.93786372757759318 0.058640014969266206 1.1684910117365674 1.0135896496234524 -0.16499189000726949
 0.26329311324737897 1.2173346334292141 0.11536051292686329 2.2580517595126031 -1.1132942337883398 -0.50421966248267136 -2.4460187038574372 -1.5803231126890629 2.855948645401841 -0.95430089573223287 0.91919607724660091 2.8034304558848566 -1.0114882766219504 -2.9788578924308924 -0.57696562490456615 0.79278775770379506 -2.6821074242693999 3.5011143292463425 2.3413275813434944 -0.54200627922983924 -0.94943163054370971 1.7254742562244565 3.6770034360395694 -1.2699848662252975 -2.8371975106945873 -1.9313194475269573 1.1453027172211256 0.79000619051253185 -2.0250663052167837 -0.093777403867779358 -3.4912576279814598 0.04598002130430142 2.189092199241065 -0.56275038412642375 -4.7459475591570559 0.93767118665566285


