# Created by Octave 6.2.0, Mon Sep 12 16:43:56 2022 GMT <unknown@LAPTOP-P0PV0581>
# name: Theta3
# type: matrix
# rows: 35
# columns: 36
 0.026799941438111603 1.0469150015672788 -0.087165090121262528 1.1982501221154276 0.96407395741715429 0.72370881843008594 0.52226337000699263 0.44248089661036644 -0.23394465443420612 0.028436786862368224 -0.34757191810266352 -0.13378025949087724 -1.1431795726997129 -0.92880210329248525 -1.0901831042421404 -0.30163842971904237 0.6648051689938107 0.28436636164435186 -0.59604625903610531 0.023653834974686368 -0.7828083697181355 -0.80674293069502578 0.19609577448918714 0.44943826045275542 -1.2940752582852835 0.86699706804304 0.35398805886025819 0.057987198448643903 -0.025488753467066978 -1.0495170532966422 -0.09112422208893689 -0.030725326928875842 0.37764533172230502 0.17447773030465169 1.2403351943705312 -0.35065591348961961
 -0.065056499614345009 0.36414451593434366 -1.0934895873127848 1.1387841834317967 1.3596620623832782 0.62150728186994875 -0.83263564251661593 0.79620501706008207 0.019178969303321195 -0.46475051970651338 -0.011129035195953128 -1.0086462974668498 -1.5648863723389217 -0.59319314348530272 -0.14794480843846528 0.30863163447654751 0.31700572840817487 0.25752325599228854 -0.90083615167869602 0.5998455556137261 0.033303578288048433 0.10514161755958051 1.0242104721150329 -0.45949401333700318 -0.33342229810218166 0.59529221469633198 -0.14077646585215126 0.85674491381372941 0.17577366508997119 -0.57642343407002172 -0.32775604883218623 -0.62915403631223654 1.1369274925446873 -0.12706807351438426 0.64197588332825328 0.27203926524504785
 -0.047724081186777921 -0.96843808007157584 -0.54909762718086053 -0.94878446548724005 -0.79489633921285618 -1.1560560970722618 -1.1399373001131738 -0.60225280856574348 0.3175297117712883 -0.3692755966274292 0.93028211986848208 -0.26158108048153866 0.53254126498275844 0.66820483783731544 1.0981696868217823 0.20641241035886146 -1.1989133720202598 -0.42824455675772211 -0.031751607244235661 -0.23386517597647352 1.2746989012712033 1.911227730876035 0.36851017634534816 -1.3598234367930173 0.88868440220339917 -1.388173522427111 -0.22992338982215652 0.40595022041722428 0.24151680105132073 1.2641172641704783 0.53952023455885456 0.36805919881168908 -0.57576742080868337 -0.47581212774086329 -1.2907788739264863 -0.11966181536935487
 -0.075544771824448909 -0.237984282004679 0.55540778044206807 -0.51106762014520812 -0.012003623069489785 0.43470842627443257 0.3326660224433271 -0.37300398195622386 -0.27733625663976308 0.94688560264471222 -0.39635941914828637 0.74790302848842871 0.78181411456220784 0.38391643537238368 0.25776156404088779 -0.18667806925875347 0.041640671636091892 -0.49580225462927752 0.068625396280726711 0.79470228905990803 -0.9863345134849435 -0.53307086772256373 -0.46228188292839484 0.38571402070717653 -0.16480287105814376 0.67137890515098619 -0.46045486895834076 -0.089152144798866198 -0.423870591061145 -0.15038269799609541 -0.50685439891567718 -0.37271208770070269 0.10826383616411658 0.728221574090263 -0.43238627488199854 0.44684415148166412
 -0.0031509501381946415 0.095362378947859205 -0.8094295751257522 1.0413016677284459 1.184922089251248 -0.32224881901783337 -0.071262749034114919 0.88020296169009338 0.19337780082951175 -1.0102083277751417 0.12502450969028756 -0.96645630845954567 -1.7352865820116394 -1.1840927595843889 -0.76100698134025635 -0.16551665329350387 0.33610790357631853 1.0528267246537715 0.29100941652014806 0.28497465092696267 -0.16440786956391532 -0.53062136255979042 0.18145689103280807 0.49373614451289899 -0.25777788879842678 0.11005782309507871 0.19172355630192306 -0.34631577826407783 -0.018606393399166692 -0.32010358333221434 -0.10831172078896388 -0.59526955022289141 0.35021175916557179 -0.58527020440814015 1.3134899921579521 -0.55372055895056616
 0.28702669497206684 0.97505570597176094 0.81657803199672441 0.19122845959639939 0.12263191130314136 1.0783392227931901 0.8925006597189028 0.22619855134398636 0.30577337068222854 0.020243577599655109 -0.68341356379923823 0.27748984523333281 0.48784606145816861 -0.54956787495684511 -0.51561653111079708 -0.32944853644324873 0.86374830614087372 0.14873944189695706 0.64182503682862424 -0.12364003347794081 -0.97206861521319787 -0.94305914191487317 -0.723657384499102 0.88046037677662348 -1.0495447142096994 0.79766340345024744 0.37690825369595382 -0.43727972879838023 -0.22544723734550162 0.066300039695071269 0.39805574345736638 0.32955564351238625 -0.41513282777461752 -0.034720637001724342 0.95855674441517602 -0.43193935537073541
 -0.1945138836808207 -0.35372281832861957 -1.4517791826094686 1.5244243273190925 1.4870452524828381 -1.0401952574125524 -1.246125666434315 0.17569087040942805 -0.17041092896995566 -0.53472145293722462 0.30994711776268863 -1.0507927219744988 -2.2611728710994163 -0.18457727241586144 -0.53576586742997612 -0.16445026607055113 -0.44910859867498126 0.4940149546102352 -0.81630297476159874 -0.3318992091501296 0.19329562563724587 0.43743103309347953 1.4071803928212423 -0.68103162081924318 -1.0049667748895368 -0.76564005073414454 -1.2084268051016478 0.87330290367286934 0.27294176668324627 -0.94549395612698472 -0.46455200275461095 -0.038057263399504007 0.37118183255812287 -0.56629701933460241 0.46288385569400153 0.19570968485740936
 -0.40730301602461572 0.25287558380932629 0.99629614393416088 -0.40362807585586485 -0.67123216724645196 1.2202861241022891 1.2570846020098798 -0.65695585490909358 -0.26632051589306499 0.73756056781801926 -1.6060350500019509 0.61611251505408449 0.6880661932067933 -0.95189112601723358 -1.0057089249218756 -0.72682239599990073 1.2106888118717958 0.18467552963443248 0.27833647228140712 0.34261066303696541 -1.3532566344487358 -2.0331276588974165 -1.670760104319247 1.2007526073844732 -0.39281773277966392 0.88853686107707619 1.0461418952141237 -0.92441088386491022 -1.0177513462215029 -1.1164287159248252 -0.56191937059085317 -0.6804788636259721 -0.44109572925521656 0.52483895970867966 0.039839768181127715 0.14075682384919325
 -0.061143290511283886 -0.37641547473056086 0.23887266260013915 -1.0581170176483048 -0.049008898748867692 -0.0072752937317896258 0.37265460967116182 -0.031024752349426633 -0.75198954606012858 -0.33829361021043852 0.51024669784595234 0.30306662053965383 0.71456374793329902 0.2134291044500764 0.58079645900968524 0.24985415440432435 -0.65043046123229753 -0.31692775461021011 0.10477676624238759 0.68194075553866995 -0.22677308179522257 -0.080149749510393622 -0.52329531870324197 0.098738823049413366 0.99770670799977146 0.13567899399981517 -0.60171250692287592 -0.66435929270920657 0.42169679207648247 0.81657808598860404 -0.34219477843624124 -0.52863290100119131 0.33734383892005226 0.19249221129579339 -0.47846008387126204 -0.49626110257082678
 -0.055888674090552058 0.25850678610467248 0.24762743832371839 1.2434403482463758 0.87244953850545859 0.099624779101694011 1.4753939122715969 0.54019826534644322 -0.86385568942039626 -0.33769893782674465 -0.91290114755957896 -0.038843127797091759 -1.2402177180125586 -1.0591201115637179 -1.3639505957138192 -0.16553941185375901 1.0051457192687523 0.94364256863949281 -0.28038048121918502 0.068504848359017365 -0.7785654543310595 -2.2543978026715932 -0.47418934084122921 1.5086226774784413 -0.4232232403543687 0.85248396550749472 -0.09481789075430988 -1.0959762625572458 0.34170196267273462 -1.4072236822110604 -0.47401508257634578 -0.25793712345991388 0.473446255092766 -0.18092123873383054 0.8500354411324903 -0.84097658007467113
