# Created by Octave 6.2.0, Mon Sep 12 17:13:37 2022 GMT <unknown@LAPTOP-P0PV0581>
# name: Theta3
# type: matrix
# rows: 55
# columns: 56
 0.074797573745446252 -0.16805825521879997 0.31821098414508475 -0.090143561100512151 0.21043654696891476 0.050997070513002028 -0.39724826382524409 0.25871771901247764 -0.32632057785039503 -0.42820604318710159 -0.06906498745069424 0.21112995959732608 -0.17223764051475118 -0.091703398990263307 0.37297585036979342 -0.081508856555596365 -0.084863531371726128 -0.2858906932068202 0.10303494971388781 0.0701875837189085 -0.02742082254775478 0.80685441906386091 0.29858357675241587 -0.13936552026133264 0.049961202444599929 0.21175235096116313 0.094552595787205901 -0.071135403719944562 -0.66410768200052128 0.28011579925650176 0.34901864191620441 0.39577410198993235 -0.065948928754358219 -0.3616854621642967 -0.15180563985763551 0.16526328420299799 -0.34276778840420363 0.010787556006406558 0.072622916928394579 -0.052752993690541844 0.70421872626040805 -0.17611655365572026 -0.11886837221831209 -0.35554188851762064 -0.33535935640022846 -0.087453365386038859 0.032387688448309589 -0.15350229840037208 -0.4597889877537209 0.36063638895139682 -0.090343307538494982 0.12679345363960234 -0.18853955499434202 0.1201973591699483 -0.23038024049845215 -0.38750492178845519
 0.10346614074098483 0.48418239402348145 -0.26277477019211443 -0.46488502049450003 0.1927741154661895 0.18687585505323603 0.51295468845777048 -0.12324627122632148 -0.037934556847243332 0.62333116224791729 0.093852188661611019 0.47799807944380701 -0.79754322527355148 0.2100712408418145 0.60771292973858893 -0.44717208402052405 -0.38452621819836436 -0.53701087349906862 0.091192068784897037 -0.0020777560337034611 -0.43224030466760682 0.24310394109302347 0.38129218275482013 -0.13159048288799269 0.72528967409219736 0.15802488156618932 0.1093659128802036 -0.065463594571845363 -0.36398947135236853 0.08991588399383281 -0.14991061452277454 0.10804432655073207 -0.074099430291361734 0.40769385400519992 0.42551616592059033 0.055731576014533525 0.49679460246771157 -0.38727275317716553 0.25274397027041356 -0.48263119336143773 -0.10596598095693065 -0.052920767855945912 -0.68192699101056253 0.024852153731411912 -0.52537951295368812 0.56386482902251001 0.17040423502889077 0.08516575150192382 -0.43370194198266404 -0.24178150390072548 0.234509820041055 0.41206228745825235 0.032198367844342081 -0.061658122706184745 0.37073610184933181 -0.10796031411633995
 0.038633764488771677 0.081706557409201602 -0.096374071017161153 0.3526573679238838 0.14118245467810175 0.30314933162221186 -0.65427762506072684 -0.16664136007839392 0.19991475823764232 -0.18483702546687819 -0.9250502941299501 -0.14146898431434524 -0.51588185054426927 -0.0027658674127999231 0.41695674815438183 0.37931061180460041 0.61246816694567929 -0.51000626080430167 -0.36942637132232192 -0.045514928496899497 0.031187990199331626 0.67890168319778466 -0.30193420146808425 -0.35469279070802112 -0.14942616085708549 0.21380483566884059 -0.40304461773065392 -0.18137909823510057 -0.40568893669152201 0.34025582712154523 0.029272325683184216 0.0035088329126454812 0.3088776393178736 -0.24487640711966502 0.03905084224456426 -0.49078430477119267 -0.31247309779911148 -0.48904227629133329 -0.064832385655673022 -0.54453171791036203 -0.1959197668193125 -0.63562980964329707 -0.02453032868544221 -0.35542566086413341 -0.27823363151535924 0.0570599007698653 -0.48422741393163371 0.1575295181039979 0.41542540810258216 0.36691908894783082 -0.5028626407580874 -0.056732148103712028 0.056379072421494897 0.69339843148245228 0.15457354111706728 -0.14310832551870201
 0.00058353275865442595 -0.53133355144176975 0.09486935569266039 0.86297858933713101 0.55116123087542945 0.6758054687799373 -1.5443124240207382 0.090344457600699257 0.94065687751548177 -0.32247051177890129 -1.1032319476495995 -0.39811207087975847 0.037207265456219558 -0.0034860778246279828 -0.82214589470004695 0.25663015283302554 1.1607019781391759 0.63740894415845617 -0.004902257016157624 0.20682489930570039 0.88616793740925559 0.14212407758902348 -0.56645492924383489 -0.4917211601687479 -0.61992866685109116 -0.20102602996480867 -0.12842581322818775 -0.65904197474443138 0.082061328496394054 -0.26440768873515791 0.62941793870642593 -0.68932278427404903 0.60379574288732873 0.06589400459999753 -0.62649956862974143 -0.77589498273496982 -0.32086974619142727 -0.31235253983803479 0.14168106280087944 0.22065682146133561 -0.075019712505563607 -0.76055727763494374 0.5606949215958229 -0.20734820688272954 0.43186295638647942 0.25879760581486932 -1.4557247755679663 0.52115415799046394 0.75770293973224612 0.66265276545376572 -0.63623224186500749 -1.0356997486796844 0.028135126081992763 1.1109882751799172 0.76406748712150541 0.22735372971206066
 -0.20927437508147559 -0.47835849588623575 0.50514215460925671 -0.36988933056140427 0.16346242311892922 0.32470217885522779 0.69118529079790936 0.46477058617761069 0.013137398045767579 -0.39819970317816156 0.46892349718296295 -0.17733715452304158 -0.85867126853886144 0.014063626935096102 0.27095087483338853 -0.49476998741735095 -0.41439988282207346 -0.60840517903545333 0.35882993252110384 -0.089349084931411693 0.093514689546424418 1.460620304067908 0.30163002291011981 -0.58076308116293485 0.24474049293446279 0.53641206037171274 0.70509619710326354 0.097898834456102826 -1.325138407013069 0.23523690963349916 0.067218148083837095 0.38037843801116111 -0.21524228305724966 0.077458425064847555 -0.95099376727988838 0.43566400982445108 0.23213845107461073 -0.29023049524462408 0.36975371299568305 0.43725718305943545 2.0109642788792579 -0.43399108781010853 0.023846476407571475 -0.39182880325521441 -1.0191725782953049 0.31776173505314043 0.19471411690797061 0.47374187341638002 -0.89365023799558407 -0.33870567972949933 -0.31607299253531818 0.21738843011930684 -0.097191146185050384 -0.61723339380914732 0.17634928181745083 0.13132172242909368
 -0.0075935396755229681 0.41344070106599989 0.054446787366423131 -0.9279370421316514 -0.32277746906940691 -0.4840380680617456 1.1958046123704436 -0.092537533042505657 -0.42907937244481592 0.82089891522696856 0.76904002295893958 0.60030136791235333 -0.16497838610198309 0.16099026043766293 0.36563890730679599 -0.45381124822973967 -1.0040879973218535 -0.29187160853456312 0.20009324461209221 0.17773414092267198 -0.75967872669405767 -0.62718850945117632 0.46836225210855942 0.054854309796842991 0.60120913776455442 -0.13507670497958715 0.072258017587829779 -0.35044171751041125 0.21346798295197567 -0.082102464276447226 -0.32715229609435847 0.48123116098588931 -0.16155067504408296 0.095374330315351072 0.62812399254017337 0.32373503298163336 0.48292399596738916 0.0089042925442958127 -0.06536665129318428 0.012976021687941049 -0.25799410194481837 0.56935073192080654 -0.43395500559818517 0.22826502901322629 -0.35705142824261898 0.25263240418120636 0.98110942791769851 -0.62401716280627673 -0.42105260324999394 -0.34814367710062716 0.72919498084035062 0.76628417384838132 -0.053614185841108018 -0.41849601012119519 -0.23222317772371437 -0.13808130078508921
