# Created by Octave 6.2.0, Mon Sep 12 16:21:34 2022 GMT <unknown@LAPTOP-P0PV0581>
# name: Theta3
# type: matrix
# rows: 25
# columns: 26
 -0.043029669106220657 0.39963436275463482 -0.10511479895070508 0.41015051168733446 -0.028333105673813523 -0.12223617799730378 -1.4665531058570087 0.071546073978354205 0.46949491887479788 -0.47566918684900544 0.0095581944799321052 0.32767702346900773 1.4100739984558268 0.4929211759431863 0.43968122299758516 -0.29528823497447887 0.58096269435081282 -0.2672225629603322 -0.46856833223866606 -0.41278913959225561 -0.39217216894119594 -0.34370830205911829 -0.80910661004964535 0.55799072204947631 0.3153661196141892 -0.55320487593610024
 -0.1426652843668173 -0.28000296560846555 0.074215125671483265 0.29904627939498979 -0.30616712499435889 0.15470610796346707 0.021640517528020771 0.3027118093591768 0.16008762821132483 -0.33850760961205267 0.56856006984178775 -0.81045168926892663 -0.5008430645227574 -0.21948077491046156 -0.18160575738589857 0.071499655266598808 -0.34810785080320522 -0.049251277446684193 0.45542382109593865 0.53636088326540798 -0.26857714719628395 0.0082640339784514974 0.42076372784887811 -0.20336470983136667 -0.25147194432056424 0.44012627547286093
 -0.18354477053221338 -0.79769560519032023 -0.27504302602915104 -0.52164286996268538 0.51299963584574493 -0.69864128615600884 1.404589888726105 -0.87158458875617806 -0.53022521454653504 1.0409063373111529 -0.55913812490079928 -0.39135313854381526 -1.0623024706011923 0.18247598199269047 -0.53629667208780307 0.51437498968106954 -0.48353339800990125 0.33477315501340482 -0.16240837800878929 0.10652496139735471 0.36013782151778662 0.14294261895283658 0.67901732854170438 -0.89993039037482048 -0.24063038574938894 0.52719547038320724
 0.29444733376505461 -0.15889417976837095 0.047478006308703267 -0.15144833731729374 0.67477979315882175 -0.43146366150741222 -0.44204040856260857 -0.57015978785274224 0.26016180625469104 -0.22351507309156768 0.62717847571069885 0.18203326008199772 0.22472473507409013 -0.17047016420116298 1.1199953397776508 0.045308384520252133 0.23646182802919913 -0.65276133113478041 -0.82474382043130789 0.35288816040155102 -0.2477247924000289 -0.17199687187213838 -0.14995008735442167 -0.2290676881645996 0.32435180687961074 -0.18007165584698098
 0.088288953955539554 -0.90155613842512916 -0.17823781797020904 -0.54267345883613949 1.3939548334609131 -0.54082041868621589 0.34222624661848666 -1.3611608825810699 -0.24383945950870986 0.55860421209793432 -0.025093046262041233 0.43733156606309226 -0.18043046241852759 -0.26733043745855095 0.51741809935446648 0.87162451472631575 -0.18895312861602478 -0.22561329471936153 -0.88682226152205246 0.68386055931588874 -0.034859760720211047 -0.22617113342067927 0.25260744069447066 -0.7660820689094805 0.092509615163033465 0.29134902122938222
 -0.22752138894296628 0.040335925682288463 0.089566523786491811 0.53391935162337012 -0.22091101847099165 0.15271336463808424 0.22839576050673147 -0.13718744965918381 -0.15069872723526495 0.2979444406783604 -0.68692258483148771 -0.43933018227971399 -0.31091616420626306 0.70266185601627984 -0.74050611953580903 0.1210737935364789 -0.15017719217797248 0.33398169568567343 0.48908214205293166 -0.48144464795055386 0.16535690613534715 0.1512816034992143 0.15468018638728498 0.034735460289018735 -0.049505036649082373 0.30070022368889454
 0.090416932804814582 -0.68278834211470529 -0.025806267218417507 -0.70008782930869917 1.0543525369507092 -0.43697784687719976 -0.23989330313877358 -0.93902791952115061 -0.16587296178761171 0.29833150582902407 -0.1331391516124939 1.0655541714311414 0.25434152747402516 -0.60015284728668961 0.78426024142503559 0.46547528522259418 0.079180485612826645 -0.75825226636333787 -0.75938995820174582 0.0879666344150241 0.099908830834545284 -0.1731651856511976 -0.1138717096600361 -0.62517071534054225 0.007650877924787706 -0.22758118033748082
 0.065914453212070068 0.041913579909222225 0.34380987065283208 0.51687873319568967 0.44372004599140408 0.53817240908031705 -1.1310720408966397 -0.236865200898808 0.2336686285201531 -0.12104088431479652 -0.49533013703876777 0.35177769298559808 0.92819124443391643 0.26733010585331707 -0.12021345410803691 0.40026083962666115 0.22593763809816825 -0.15441919202386348 0.12500712140823378 -0.68053542946484813 -0.1444649087391448 -0.32394607544364745 -0.48430966538419223 0.24982827218029777 -0.1211261095632115 -0.001337585328165782
 -0.15853569164932207 -0.21044985126263419 -0.053758842297764571 0.18924849906735824 -0.29122083816294381 0.36841088470720962 0.78292822224831116 0.39042096308150953 0.030935234916217452 0.33163585858808742 -0.21530643282689188 -0.27745297025145504 -0.44815594921211332 0.080778732708321768 -0.54974908466853611 0.05550217144825402 -0.57640858482461466 0.20232034851683536 0.54855926533614452 -0.31299774525214025 0.22380591127714677 0.12427401341091714 0.45896418014891205 -0.19999075309123618 -0.13261694840596763 0.41323174944899238
 -0.15801220067139712 -0.80238709137442898 -0.075688130538584641 0.2225561505934876 -0.2262190029553349 0.25178687416041379 0.62972273138216595 0.44925225401293545 0.27065747436080501 -0.11771059410927595 0.64281255393982395 -0.89739223799809287 -0.87043729390571467 -0.74347273211890463 0.071462659363353206 0.35251565843658345 -0.58640279328512934 -0.75458360107990319 0.16624947437712856 0.58284838731439825 -0.12107895227479928 0.087295292753876735 0.74424495650991962 -0.56456228727462299 -0.77181858884784416 0.57576813012553019
 0.11345089000833349 0.43706373085323685 0.14956797405484534 0.050435257633788484 0.059182307964252598 0.15277043195849227 -0.67183779867739113 0.051738045217645093 0.15810594986212986 -0.20558021466129614 0.1175569113751994 0.44311268411864141 0.85896785948060017 0.0052367634839957846 0.29063486011373801 -0.39349432148119962 0.55451541584626884 -0.24217467001905768 -0.22515070518283184 -0.37272966018945752 -0.23149050308096658 -0.20903248495479967 -0.68371647683880787 0.39638170465496692 0.30646663763973586 -0.56287377203868694
 0.15441117234071797 0.62922784132516396 -0.12192503223299998 0.080634411004904261 -0.25170661746724277 -0.13909331426579918 -1.1117669207170806 -0.11047755323085781 0.14121394573908852 -0.93508879251791055 0.36629503431369742 0.5535157575417059 0.88656449845648855 0.29850037003332647 0.53424169893703788 -0.63472592495262914 0.55124523227815836 0.054474908534193525 -0.22249320687995716 0.32667702432602069 -0.13227655571249419 -0.098776087267886781 -0.57639709268207739 0.5001554949551289 0.32342310185351342 -0.64593929436923858
 0.10063311294237172 -0.45698661591971679 -0.27902440372004678 -0.25822981460106059 0.72934629356126679 -0.5719713074720022 0.47477797435049335 -0.78955773290971165 0.10206313473845435 0.24873874425123674 -0.15546975594307638 0.9896248525480531 0.16090253110493469 -0.5693418717602079 1.2280105845124034 -0.18932770648688305 0.28269799985296079 -0.83321665666155997 -1.2347356901711193 0.088462466050865537 -0.29750571829544104 -0.070143532194260949 0.033651436580538152 -0.47740471451456873 -0.017012004232417683 -0.16222989646416641
 -0.050849094384607295 -0.33606859625347485 -0.022662489958749144 0.06840440974996706 -0.14831433563218036 0.28005408740652304 1.3144408812382371 0.18454923178956315 -0.47254906172402833 0.69251192107941029 -0.23958377048345963 -0.6200444953597003 -1.0657539275934809 -0.17397403383008031 -0.86941219103628897 0.2307610602540327 -0.59249631323091723 0.21628690584811 0.73214957679822934 -0.10832299327180488 0.22694905423688597 0.30200682095778125 0.4622661878800598 -0.48541017732566166 -0.49254165620058221 0.47916104934064724
