# Created by Octave 6.2.0, Mon Sep 12 16:20:49 2022 GMT <unknown@LAPTOP-P0PV0581>
# name: Theta2
# type: matrix
# rows: 45
# columns: 46
 0.1142815485086654 0.0027765854898151427 -0.3689479702253759 0.46773438810886259 -0.26532100048654289 0.3343225543064543 0.17274915914337338 0.085709098883640103 0.17807941247553843 0.21553087694396572 0.21900565571781594 -0.22895629129483638 0.081162835866610439 -0.40476725226962834 0.17992241736484374 -0.2083934428495271 0.0067627166797754063 -0.82352076773420657 -0.18326734949058021 0.29554599149486305 0.032375900424942421 0.491803249291837 -0.01774811888845302 0.13917847907438044 0.090167975168815931 -0.2114971345663722 0.66506913697452164 -0.41627285169787492 0.3111873627266315 0.082493662631755144 -0.060554789479926457 0.0037737282500225123 0.28168803588824265 -0.2160819698316383 0.002586058770950716 0.083876302599472 -0.12071068967278008 0.088637192657553987 0.59132729241958515 0.25430759359487115 0.33769233179090569 0.16292750471503628 0.067304574040465456 -0.16270936047574661 -0.45495287655825106 -0.233013842752437
 0.062630189773127912 0.27334562668466911 -0.049231849075962848 -0.40937953287818701 0.12654765802410561 -0.50762936383675483 -0.21187723363373265 -0.11644559444516242 -0.10841233248006731 -0.016495767494811703 -0.03410182295461809 0.57905205041701258 0.27906522381707782 0.094699852924552172 -0.078185734689661127 -0.016153229377917695 0.093669536417841912 0.31751997266003218 0.43052971650272853 -0.3984691553816615 -0.2182981032066284 -0.39872287624466712 0.1749610496586711 -0.80936201025466914 -0.028360150116985908 -0.077413456588045118 -0.50894063543507517 -0.39226625947028276 0.42618893115142792 0.22009209284305989 0.016529656942576326 -0.22276152655793782 0.039360888235034606 -0.31686737049225872 -0.25997336017509382 0.17278270560972461 -0.071491118311584667 -0.22181329906220132 0.095561153206397506 0.32936400608413569 0.083251587555062886 -0.061189477472857384 -0.083791029906883238 -0.015483059515317721 0.40255733356021972 0.17052685511156787
 -0.10064631429404895 0.31172511899833538 -0.15219056217103066 -0.32926423963015455 0.37694913630638816 -0.24680869173401604 -0.67930250648827994 -0.089508530641053755 -0.26172461602734776 0.063680546541645913 -0.12267550015339999 0.64173589806602993 -0.17957086583729195 -0.14926244718005935 0.28880201082895951 -0.050394394166901099 -0.030376688427388623 0.00029214204415634433 0.17472813258302577 -0.064459723558186702 -0.36697427848769615 -0.19563077714378815 0.1912221287837893 -0.28390517577804375 -0.30752925234252154 -0.085202298460190617 -0.38567615559871676 -0.2983338715720345 0.33514555256166445 0.059393401159832812 -0.77184693141770022 -0.3119125359954254 0.4442849594157246 -0.44998826840394185 -0.1587838293070245 0.065757621983255438 -0.20003394904531721 0.017371609049789221 0.54911607039197419 0.32620258175430694 0.11895357925205807 -0.0015487934816432673 0.22014982584604875 -0.28939397254775295 -0.12001519622563286 0.24745473919220815
 -0.072291901169972222 -0.096603480473046552 -0.43137272102682206 -0.16830736922857908 0.26798888764161638 0.19320276882363821 -0.03135454171088476 0.85365311915044995 -0.25908772805346381 0.0097626823829173731 -0.148488855066604 0.16405149681461903 0.19106193105025721 0.16107108725765115 -0.047419615283361707 0.24460326023576132 -0.013563591200026877 0.43432471116295795 0.017704644719620074 0.042709771205361922 0.17596165398935018 -0.18551125020696496 -0.5116590645112612 -0.095165656146340316 -0.57718241849969287 0.12329797559274815 -0.14099098718564421 -0.22724855939625452 0.75367213035289238 0.2486180424842874 -0.25930953538586254 -0.36600283983933113 -0.090502619426306358 -0.045482655630738625 -0.15447597240885066 0.067726675904269243 0.39447139497719502 0.62738308449154645 -0.22759136874089803 -0.30622946475103585 -0.044317114076524895 -0.2338545086049971 -0.07146969151430034 0.10991441417592623 -0.02595746663349641 -0.15637217793285593
 0.031697062237587295 0.44970435513189699 0.44019874490327943 -0.3353605362129719 0.0056018852967903753 -0.47713800794382433 -0.30022220859205545 -0.93437475290176164 0.16665349681294653 -0.19147273749256713 -0.29079515355637992 -0.06012947873108361 0.094120536636343233 -0.10300837930897194 -0.22778768709028849 -0.17691526624254231 -0.03115634768651394 -0.11448276813512358 0.033416436837462662 0.073314576034438902 -0.4064071150226482 -0.28576659088554057 0.41845678740946873 -0.13795100989884015 0.24827957402858203 -0.30493433223296412 -0.26716783346053297 0.3145125422725053 -0.57648045761953215 0.24702357164289546 -0.47394331204021611 0.089479637934996303 0.42588238630270847 -0.20386749022178516 0.045235538333992277 -0.0747916312872937 -0.080669066647769572 -0.64133176374076528 -0.021810729815272507 0.17514830544533988 0.14403670602963978 0.30171527151048466 0.022488753262238734 0.14704100039552231 -0.24336948420952487 0.27107245243843953
 0.11642781542133659 -0.24595708998107788 0.32647576183376492 0.017439526035968992 0.39207348127972846 0.27364263071570982 0.071012190686991189 0.3774208809375631 -0.083794562427524061 0.045382220924372524 -0.26262165858073 0.38999587846353773 -0.59672456051238709 0.46899488452914095 0.45879658475294582 -0.0068152489418331188 0.33802251896134206 0.58745491248695803 0.63021347649814363 -0.32279006913279606 0.045434469777838861 -0.0021081606730810206 -0.066339405539265373 -0.46046225556532627 -0.23245977843977653 0.087389357892199163 -0.78145752030116944 0.078682625765856273 0.050664277330412393 -0.40027402156017755 0.33185799019286844 -0.1245596969450158 -0.37839694989384587 0.48872488610579889 -0.14920853755064442 0.20242424342246282 -0.54609340288755215 0.32732453280431312 -0.18104399279211181 0.0072127982433128745 -0.19080475264190794 -0.12860116083770648 -0.059671348770488457 -0.049054910043377538 0.43653423651229528 0.077051202147767964
 -0.065751271101962286 0.33611085448225247 0.43741183453489463 -0.45384326016404603 0.083500030219126331 -0.82433956537146569 -0.25697228509182884 -0.40854893520050783 0.4042274099073388 -0.10068890023188277 0.067841616986203002 0.9767951480672924 0.06080225106053961 0.17358450884216411 0.044125066867666124 -0.49198881283750923 0.28418167082601775 0.28198624362994024 0.66958752612102257 -1.0375886317299969 -0.023675349405558717 -0.19292327052020744 0.64864349855312087 -0.91110484595398622 0.14904163445415897 -0.028873271516706843 -0.58699724531233544 -0.19259440752918033 -0.070234274816168077 -0.11814940203812477 0.41045968502914021 0.1632271811737229 -0.220924573175274 -0.033355890071381143 -0.0979651461128241 0.23405396987205751 -0.42645880216264509 -0.64176934894530535 0.12392788757786934 0.56912571502018772 -0.15743565416179067 0.26575116220994155 -0.090363571108083657 0.19853610493486323 0.6108613541058483 0.44088722824612575
 0.098330477307389585 -0.062951567614453044 0.32300820641693628 -0.32492916992681187 -0.1305799905906177 -0.27890128698504252 -0.12525274811153661 -0.057670677862728024 0.27049924383663737 -0.21361940812876737 0.082971358565410921 0.33726318968338381 -0.40391136358055596 0.29833161302118422 0.3402125178444117 0.33517130936128059 -0.38998802465041971 0.19007304991541554 0.34342657153577189 -0.52780345199103684 0.14697945854830838 0.074102638503022886 0.21236415957002666 -0.1978216319440137 0.45515237196520686 0.10946334947344272 -0.30936797498651014 0.70903246997149694 -0.61523531447607038 -0.076120662943971656 0.33505830014182442 0.20550991348135983 -0.67360367235666541 0.44451823560314785 0.042270178467037324 0.13855665486406477 -0.09128417786648417 -0.3596544725175605 0.042554936953881801 0.14682590931928929 -0.41638248647673509 -0.20630832535378268 -0.23827916225148812 0.2386189141349411 0.50867824191302824 -0.70893827606763604
