# Created by Octave 6.2.0, Mon Sep 12 16:21:34 2022 GMT <unknown@LAPTOP-P0PV0581>
# name: Theta4
# type: matrix
# rows: 10
# columns: 26
 -0.18414217639493882 -1.4209308220717594 -0.38320755899655856 1.6009036939242107 0.71187284002148044 2.4787258542442148 -0.84542215527259801 2.0551360634319562 -0.96793315186977513 -0.06674212020724124 0.68739044671040328 -0.88934011212420827 -1.2854188117285763 2.1211824448835137 0.19299222768329183 -1.8971255669197411 1.449102010640825 -1.154039328347729 -0.99187449764974744 -0.13775559541883897 -0.97088798803779275 0.256054600614887 -1.1435325394591842 -2.2778679200731338 -1.2427095440924865 0.66829215855894386
 0.1173136699476244 -0.51590086082032283 -0.22926370849827241 1.5579440707088941 -0.6748582229408262 1.2795796910713659 1.02003186379044 0.29755834032065204 0.95189004469550054 0.60407251415470187 -0.44365955807910812 -0.48282925037852686 -0.8370734745825914 -0.31278354660669577 1.0486866790938567 -0.38884177135452946 -0.54543034564126558 1.6392833104101565 -1.3927422118831805 0.67094202272735837 -0.7340025453765967 0.95598072337324147 -0.30397077145244894 -0.549295157602123 -0.37448008514292502 0.18651341343396857
 0.19957407964512394 1.2973139568546364 -0.77798656159822321 -0.60280789478607777 0.9489370858041033 1.0614501152353566 -0.25249146961216856 1.683166102873541 1.0642048913390931 -0.6490328206253535 -0.97981923003444105 0.93523407519264723 0.3751925052585261 1.0975231069841629 -1.0409476393487185 -0.92207578893964037 1.1924996562450014 0.10748793936092156 -1.4900257566640926 -0.75921085038412939 -0.84898355772950373 0.78001987682105789 -0.38366651509102667 -0.76335776182288995 -0.11933250482280883 -0.10097946012009021
 -0.28670882055101382 -0.42743469164153264 -0.03593296008156379 -0.43575345918735126 -0.87699318097663537 -1.1327472635929858 0.49392945921631348 -1.2505730305171643 -0.64448070584391792 0.59146764514423422 -0.81944833220153701 -0.22816628510809547 0.090228119649826521 -0.90419800492530156 0.54392100611546967 1.0277508302501854 -1.7775878364585547 0.56952138661631202 0.67668066257524506 0.91631358574231869 0.96707763696137727 -1.2737612395422386 1.1904569570719397 2.4966804912210052 -0.016814292528914875 -0.33964100964816196
 0.33357979033902324 0.72895331352135273 0.61061061502748692 -0.64655006890553879 0.65431052555505909 -0.39580336289075474 -0.47190104045687731 -0.094500763478096786 0.35163055305925495 -0.069008022779186273 0.74114282046011071 0.3149203173140373 0.4347884682905836 0.014769570338068836 -0.68346065879363249 0.78660623514416717 1.2658026331573631 -0.9826191840736942 1.0114896195981671 -0.89733223132467843 0.13317937555606738 -0.0011492150093121024 -0.19091820262690271 -0.54689871752528285 0.73852296734462808 -0.64044950340444728
 -0.3851740312612732 -1.776206126140969 0.65367045223541775 2.0910501556304393 -1.207580679052904 -0.62027900034919303 0.57091949748736959 -0.97066189523871327 -1.2250833129887946 0.46261985182581833 1.566651577628533 -1.3134646790206461 -1.6210162540505331 -1.4762119094939326 1.9698719508399074 0.1891147663104441 -1.1382009158411421 0.24355352927758542 0.5960469144160897 1.4368390976107079 0.2821797935175811 -1.2592731202631633 1.4546058896859035 -1.1512307577937033 -0.23545287661106418 -0.56805338399755534
 -0.10889752743831602 1.9954178151264419 -0.40713673148061541 -1.4510621489158457 0.97956225123625507 -0.94943054713174557 -0.06536620316736369 -0.39326055732322651 0.60136263458794204 -1.2156684701146252 -1.1999874260287746 0.96817882815581957 1.9616910718479774 0.018153333903328014 -1.9777131951770663 -0.77680338541843152 -1.3828697025108163 -0.055149831297777584 -1.2218385418786064 0.10137829593830086 -0.6690281234403781 0.68688118348998473 -0.36645868923256447 2.2861283271271202 0.16690681020951548 0.86753904003411741
 0.55176109729519296 -0.44501583346577017 0.25221490066782598 -0.038801801484866755 0.41900818672970852 0.71014505669588168 -0.57583080537703757 0.60672141431249005 -0.6406843402352721 0.036016147055759916 -0.012043300921729158 0.1009908615380562 0.39268200087813465 0.94501035194050964 -0.019066180249651208 -0.26070183765576299 0.72816839404180944 -0.21588916195929822 0.7518715328949781 -0.47284995080466186 0.11314769552098626 0.57950020992485862 -0.067946360344254414 -0.10968675959041872 -0.27064253375105629 1.1374823235098519
 0.019514251829137089 1.3803701193430948 -0.39544594268152455 -1.3104692164541316 -0.64680845347956706 -1.2848535635880891 -0.43269916445968198 -0.59741529364763513 0.14707892566195416 -0.39576843850537669 -1.1015705327806258 0.90593983974238501 1.4356368670378699 -0.58741889476062936 -1.2685133788751304 0.8452541542258134 -1.0785165193619766 0.15714689034935928 1.0698447339016799 0.0048245464612399307 1.0378325363277361 -0.10357548131632434 -0.24679118157003893 2.2922982000620031 0.21315305246265578 0.19146044228848064
 0.059536992248693792 -0.61126654667128288 0.76778050859171143 -0.77840842151723655 -0.62741379430417177 -1.1331787273722036 0.39280406915809335 -1.3644187183907961 0.40093098777779773 0.55900705868888001 1.2984530397329963 -0.27088920966699459 -1.1128269293552862 -1.0374537329534845 1.2257799526743036 1.2934755537937732 0.90435106300483981 -0.47896893069349744 1.0703707186445803 -1.0747370954445825 0.68518930144680523 -0.74524070129059605 -0.028727139725829173 -1.8561027064967575 1.0041118508227063 -1.4685964185621991


