# Created by Octave 6.2.0, Mon Sep 12 16:21:34 2022 GMT <unknown@LAPTOP-P0PV0581>
# name: Theta2
# type: matrix
# rows: 25
# columns: 26
 0.098712174514531709 0.78289474100907286 -0.062387568881578023 -0.61574153335675919 0.14313063413670996 -0.47325295587105121 0.56820816839505917 -0.23057344728394755 0.33560914339529452 -0.18155698447560378 0.10225006095644683 0.36883900022893362 -1.0428494749664541 -0.69915479895990795 0.63649059875436931 -1.0747553851595553 0.13193725846907534 0.0023870943026561282 0.20058025063783105 -0.17766525746735429 0.62689040979628163 0.95445835303006565 -0.31805443398716043 0.42305017677777768 -0.45897728817789318 0.35087209266664493
 -0.049574710970078317 -0.34872295025767597 -0.099277606515758413 0.10095542725665979 0.0041337964500824474 -0.02676369083224513 -0.10488437412619477 0.042801632243261264 0.42395045273136289 0.10080603301474113 0.25158108655648881 -0.42240459723250173 -0.43226893242878073 0.28019762671229131 0.25704776097473375 -0.2849262001495706 0.23066544996509475 0.050883277269454248 0.01110290151057468 -0.15763573688295601 -0.025354259914220995 0.0050816375165036367 0.30709269377947623 -0.39538071665697472 -0.087089611339837822 0.029333714008804631
 0.093122087924633501 0.058832054596092989 -0.046888440690881113 0.10017662030016815 0.024340474469366824 -0.39944770713112365 -0.28490170794585118 -0.072235699602419254 0.61537805501051412 -0.026996999738749163 0.17738503100318459 -0.7026077957441178 -0.42888389329684617 -0.037632014726260175 -0.049606343362642018 0.096021342108309857 0.30155863766728308 0.47899859503127551 0.29476643039888717 -0.28581939789063299 -0.030095978827746117 0.4519684238370516 -0.14907245654482126 -0.47399651940727389 -0.19561957524021012 -0.073861216002288108
 -0.14749630524302637 -0.98000290519398092 0.054779741648646102 0.06131590640653635 -0.12987476519429159 0.36254701480290613 -0.97166444194062496 -0.15404547895489515 -0.18192110987563764 0.086242810900121356 -0.25261933192026892 0.47323083981702957 0.65003533674262048 0.36831335137901727 -0.47768223748211908 0.63921755086306919 -0.17465937294634007 -0.055097437752520698 -1.7424669482592825 0.17338947029413948 -0.35237009383491946 -0.22532636813527446 -0.14551133897911805 0.29373905210876328 0.57359045224794991 0.068551345072705272
 -0.13916699796768409 0.057091233509551066 -0.059344031107892811 0.48620962745626034 -0.65563159960723738 -0.41247304411453961 -0.3536000906497499 0.29015279351384288 0.71635846294777583 0.072380190652065066 0.072574857405858686 -0.75612499142359213 -0.48397729782985199 -0.08343563486021266 0.34778630237124708 -0.028241060598211128 0.21398307589935728 0.15869831822073791 0.72062327187465547 -0.27332530276588651 -0.33880732155692395 0.18692934908588582 -0.22104709300022635 -0.60857096952433132 -0.37723648648091301 -0.31303312600213967
 -0.28245213545117087 -0.5045636110982783 0.074451622763183331 0.54497026902040735 -0.14599856205858516 0.93450520136966453 0.6844736212172382 0.33863269042230754 -1.3098982368423795 -0.57831201778995789 -0.38480620722475034 0.19010157172814424 0.93457611513856453 0.037841794357467963 0.20230657206498731 -0.12688773939483616 0.20990357238229509 0.55251416654304819 0.74637177254622922 0.097038993260080211 -0.21626610224688178 -1.5119555823457334 0.92094282708211783 -0.76032329934702547 0.50570475174877205 -0.75531194599628593
 -0.13052693593707521 0.10140869877418973 0.058258306469394346 0.60606450432948777 -0.73927653586436404 -0.61812840456507356 0.60517530664129748 0.40140355690439666 0.30504310296366433 -0.25183664747300283 0.11814641867090192 -1.0312321004709419 -0.71464049717813494 -0.25423306791963485 0.59371091684111199 -0.22139328601958805 0.37508063854127066 -0.15756629899040867 1.6269649393797212 -0.3731851122971539 -0.043031884335520784 -0.23501591014025935 0.01927973504997094 -0.61553202059604928 -0.43290268581496011 -0.46543173964153656
 0.066167005757947872 -0.22168935499780715 0.029667050758700606 0.00038348434194367749 0.13679759936649913 -0.059017866789960335 -0.56858058064341432 0.047539331374880624 0.22197982633661464 0.082228296338132834 0.14780056184074819 -0.81221543940667507 -0.46913379138494787 -0.08427335813939571 -0.32091591532231178 0.32444734812149778 0.017175566841872932 -0.080134874787011701 0.27075832782173453 -0.33468184239972576 -0.0056006483228871725 -0.057308715623793319 0.12762536342079345 0.078770672530026481 0.094634013870726216 0.047211513807485395
 -0.2449200836023514 -0.29335854288649099 0.10518119813646448 0.3395772176987189 -0.33151665193011653 0.44550065758051838 -0.020253684664875825 0.003129363056837023 -0.091623157187940132 -0.11714202368592658 -0.47602172101046658 0.48402393774116609 1.0700762768570151 0.23359457042948778 0.062916452935573991 0.19923338649506098 -0.13139654284784666 0.28695104434104229 -0.6658193204792946 0.3028384125417205 -0.028623512716040508 -0.1553391335263361 -0.12022387019534507 -0.90327098507580383 0.421023448140249 -0.16070938581765121
 -0.023227145990541282 -0.22701656893491406 0.078340905777534872 -0.11570024563135554 -0.048577486128561616 0.043726866452903357 0.070376553362823099 0.20807915103018773 -0.050251298960347676 0.19247379055455147 0.25329354558469946 -0.4386702719474056 -0.44791492894061824 0.40505597179938452 -0.015076636472514008 0.078701574321285134 0.082061251443264122 -0.78921542205380857 1.0436884937403319 -0.64298956207336555 -0.071985707746774596 -0.24223437689503219 0.27722284647760115 0.1822774603086619 0.1192167238959688 -0.13520763450320095
 0.45453916199026595 -0.41476537419870174 0.06810038073753226 -0.13381937322926893 0.35692093715301332 0.33657409753000228 -0.80666211132638632 -0.29242708797252287 -0.6317813431254834 0.54126891304842406 0.1352343620611591 0.9496666894172574 -0.040048936562315687 -0.52383548293847171 -0.67025977027771477 0.86625138198762963 -0.60252696363732194 -0.39655587760212002 -0.95338121698172562 0.21863080014305103 -0.036799761242680376 0.18691823922304876 0.30524635985101961 0.55296533111357549 0.38418019854986812 -0.020914103589629383
 0.28552870543588088 0.063650332735159423 -0.0078589607530715408 -0.3395070244493526 0.17369114624184839 -0.47825159461731337 -0.59438989455995694 -0.1547523019953892 0.73267404229757327 0.73829667535914822 0.37930101652003179 0.44644023157968743 -0.75648964436089727 -0.56759178434594026 -0.18176096135406 0.037293584774231787 -0.14738984535662081 0.078853000180049732 -0.89992757851020089 0.056632586134955455 0.52047577844488002 1.3466186563598619 -0.39019039067537292 0.40869656588860076 -0.45104683528817369 0.56701080758490197
 0.01971901446634192 0.61742398473254323 -0.099618942018488282 -0.53284082473037142 0.61217790715302889 -0.4818949406392633 0.48682123022803692 -0.48488118252550794 -0.42830823715200378 -0.44190760217022318 -0.4168266694249369 0.58311816410041029 0.18730516904964487 -0.64484994103110194 -0.17400771957002795 -0.22472823905414155 0.15068279143336133 1.3281449426786682 -0.61147835075774737 0.66907721579016854 0.51838829123144392 0.18687638800835571 0.025147456089345755 0.19779751665525463 -0.41081038705538758 0.30466568816086037
 0.051264770417594412 -0.37147820042740476 -0.030349538863072536 -0.65276082099084276 0.46874196012555297 0.57472164181282537 -0.94464013299930294 -0.18670567645843597 0.22262434385190649 0.43541106427582932 0.37342311270397199 -0.088580356087946885 -0.58292338393751697 0.81691647551100532 -0.44784911446788639 0.085719305715224237 0.057161665219228427 -1.2078012017647801 -0.12336121063449237 -0.47800684392916626 -0.020439391336100225 0.44827762293547557 -0.17996947100459554 1.2993084119072627 0.55389250587207084 0.37856955241271517
