# Created by Octave 6.2.0, Mon Sep 12 12:58:38 2022 GMT <unknown@LAPTOP-P0PV0581>
# name: Theta3
# type: matrix
# rows: 15
# columns: 16
 -0.11103701861723046 -0.34950390722189723 -1.6623413508896967 0.43785055107554299 0.066692510401381591 0.68684144492450172 -1.4113030233237935 -1.9061308580845406 -1.4076587791728921 -0.15121325257656351 1.6796769493462063 0.681494032901933 0.79716200172453089 1.1414440415158496 -0.079203235758109877 0.43747848993154448
 0.6273270970077448 1.8269393957669848 0.52326746156069759 -0.79650200951539374 1.2046540804181822 1.1180632011377658 2.6300175336984606 -1.4701452265373549 -2.0840864524753799 -1.1715605596608105 -0.49859467405130736 1.349117840196864 -1.9774693622852857 -1.2978989953364679 -0.26733425940922384 -1.4960142973319857
 -0.49820731188106632 -0.793412712325405 0.46941773162844691 0.14016431239292451 -0.98382664029123656 -1.1055153778783526 -0.7460356789462802 1.1815050768035098 1.483694002024337 -1.2942621151179066 0.75938876032692215 -0.9660243091163202 1.2760129022808726 0.4640893492870965 -0.45539428515732183 0.81761081922235668
 0.30164809011075139 -0.28682046823257756 -0.16789799210597281 0.39031334925730765 0.22078195708439058 0.57702518013076587 -0.46755576201897275 1.1606609721900458 1.4699835622560637 2.4352518041896252 -2.3531997457569069 -0.19933563729214476 -0.93889333477106274 0.87049942743339748 1.4421998137483689 0.029442478607330718
 0.4871420889703213 0.646600198676478 -1.1063913549720052 -0.59118202262426134 -2.0199745068771806 0.96686234128742155 1.1596349880246182 0.35042759651474414 0.55598523991976634 2.1696779108977107 -0.85791690614872296 0.96541477912078 -1.3423740149869128 -0.13484927807629918 1.3831567338863333 -0.32392650687607927
 -0.071270910071294866 -0.92722549026014667 -1.4759418941482443 0.91979212649414221 -0.0040191054754507172 0.080516687228707987 -2.028991106796699 -0.33500369014596243 0.93309454255202973 0.64619288291738686 2.2267040128349422 -0.50677688671995413 2.0582765957837714 1.3413139287316698 -1.4834463754487035 -0.13518920712787347
 0.021074948249354821 -1.0929675128628824 3.39156038616703 0.25501389023201543 -0.11220731922900722 -2.2186081623882479 -0.23539531049625576 4.4140167312511593 4.1585779166530807 1.1053995898670863 -2.5632267225612093 -1.9483175907029859 0.49995856996934235 -0.02983239038695697 1.0043598589792586 0.81296377434275324
 -0.087744398663545262 -1.4496648758566575 -2.9079083438899533 0.38915453500526903 -0.92181655153658693 2.5174740955276631 -0.60379952606114529 -2.2867082597664474 -0.43703408088822804 0.29311755528538563 2.360474221551256 0.73125606544212163 -0.48871891728256239 0.22576542708977276 -0.84731633867065137 1.1298072564708093
 0.22271297554764355 1.1060516223761288 -1.2926055712532072 0.37806953556390094 1.5984019832555532 2.0046948028105982 3.6755805614951345 -2.5639353232721072 -4.3160279076938579 -2.56825933318146 1.0502008703655197 1.3229126792968646 -1.355547622518493 -2.2959306387251273 -1.1946170532311158 -0.38595257981531639
 -0.028445406860279063 0.11526444560290175 2.7739750924830702 0.521055731263392 2.1109932525261925 -0.66349722260606292 -4.053221473915654 -0.36868900847330938 0.21939691230224889 0.087654422422178996 -1.7854314554141597 -0.38193129426528122 0.088348136980891223 2.2820033768654251 1.4653332483588111 -0.64885769969214691
 0.37893697716075364 -1.4433922739083875 -4.795071440438762 0.96134987243173675 -0.90005154719431391 2.0300062250020061 0.9059795518375704 -2.2646427761634729 -0.51636430163950553 -1.0029283028321037 4.5326756032717386 0.53467966471413897 2.4665934831482774 -2.1443315742329756 -3.3954513561674577 0.71438139307326165
 -0.20250634135388004 0.15566589538411324 -4.6846761314339496 0.12659179768668169 -0.8199651904565135 1.2576219752220446 1.2242327385137444 -1.8063837358332098 -2.4087926593821898 -0.98308129948028589 3.2616958879442866 0.73291626449325009 0.86960473693007212 -0.91578098358108695 -1.7028177521930681 -0.1145942107118601
 -0.17845100146729859 -0.52966454173607391 -2.8618401080961893 -0.68200493421827602 -1.2627349838884969 0.26209616367643124 0.61019132228724626 -0.12119340162176416 0.16856957078484258 0.46353261083893782 1.9983918399031164 0.028936231647146884 0.58990305225545137 -1.0851784154026947 -0.95786888542496051 0.21213533014360147
 -0.21593367332034208 1.9464046579660452 1.1631442316579115 -0.8151958360373508 1.1316241775340514 -0.71342556713371852 0.21065127529616423 -1.4068097294635744 -3.0041182673409277 -1.278009036589927 -0.98010942942949886 0.40633851002742044 -0.77403529574831009 -0.58534977398918886 0.34644544920868997 -1.5838061477931091
 -0.41008873463475748 -0.78535785942211678 1.4409859576832049 -0.5384818367179679 -1.4587687022930433 -0.66185679040260215 1.2304536591495241 1.5817653947513208 1.2810206906673851 0.12802895700875544 1.0805079102223119 -0.28410801830978361 0.038674265278255383 -0.94356281027012368 -0.898465468379815 1.8091217737119327


