# Created by Octave 6.2.0, Mon Sep 12 11:28:49 2022 GMT <unknown@LAPTOP-P0PV0581>
# name: Theta4
# type: matrix
# rows: 10
# columns: 16
 -0.74527470783931771 -1.1762244353620113 -3.5302991744115997 0.76188751256045939 3.9069233034575634 -2.7089309953650704 -0.16751909312770755 -2.1604048456541323 -0.21325988718092628 1.3603484211809278 1.7944133272964786 0.22481465996581057 -1.013022477496375 1.5235534629543399 0.48356836960129385 0.56319240669404291
 -0.095904747056256581 1.3260440398819988 0.77785729713035079 -0.43212712567042283 0.73090054991410036 -1.6236090434468933 -0.97693624334876561 -0.90738691456804288 -1.0941198210158491 1.4828850021158388 1.7780389428681818 0.06320550635202575 -0.54880499463314814 0.019279165791109647 0.097585433907101352 0.8714566989200212
 0.042185597759869319 -0.37173504321909817 -2.9457586373985332 -0.91806100806205981 1.1745739585329418 0.42059406415929296 1.4761554905211385 0.23678755669069695 0.089239957687394206 1.9292380148058339 -0.11826841796982808 0.43538845646822877 -0.13718643310622816 -0.58865800530512158 1.0990474335251763 -0.14013403684047096
 -0.011064491119044154 1.346731536409175 2.4980763095284928 -1.41960057107775 -1.45413325949476 1.7753811303445179 0.074640446565973059 1.1681834494173724 0.28660063000379843 -1.1528651928628004 -2.8568774616528669 -0.31182585776780836 1.4693631619178298 -1.7230181060894616 -1.7930698714206841 -1.250485151146844
 0.29105206399343836 0.3415879073338034 -0.70029309924323102 -0.91139563925004397 -1.1385963044068601 1.3719091831591794 1.3243847367605626 0.74708538894122933 0.25683888743959821 1.1624765303695845 -1.64998056123698 0.11591607422639451 0.51355100526786845 -0.76559816385514867 0.79635582097820756 -0.76981608771549703
 0.31973868169538272 1.5646338522809735 2.2234293024333782 -0.60823217980104438 -1.0594519064381229 0.8869076665707557 -2.3812991499366465 0.064651624527581303 -1.3014134242199982 -1.5936181177251267 1.0361333105851589 0.16839674478058153 0.40254319467233601 -0.56329049617082227 -2.3804059327694231 1.2446194715405028
 0.046487977127681983 -2.4369643295139216 -1.3408815076551415 1.5199131870757512 -0.238022536848497 -0.10550597818871339 0.98404622546197829 0.25027337162110591 0.90457099300591814 -1.6077431993975306 0.92151504565315978 -0.58141236220559955 -0.65290226252940409 1.4689351516291478 0.83001998994602388 -0.014854087188520992
 -0.15718811868761526 0.90113812480759747 -0.75040304079032916 -0.84001466879095532 0.13772625852511539 0.40717889365148568 1.1403221027478836 0.63606575218420081 -0.3143485797567282 1.9556571567046381 -0.35600823231868467 -0.20115012835150037 0.21365268663431691 -0.59043523748821358 0.89190507944772346 -0.68768524414821119
 0.18549052552677031 -1.2085580238148945 1.343445852942589 1.0650387367728646 -1.1485587360201057 1.3596344519484937 0.31688372919874813 1.0523826402324798 1.0863161200855325 -1.596729388461031 -1.9314807962431175 -0.2870070029595943 0.73336066714221282 0.15031121017921134 -0.44488270171971667 -0.83936688018109307
 -0.095820563509472559 -0.6241611855121395 2.5270822507008517 1.83053593700091 -0.969325850751249 -1.8668585624805523 -1.7433425715350879 -1.2467365611387098 -0.0069329725152547424 -2.1857636494684725 1.7147022255360163 0.21943250914726156 -1.0458329176943983 1.1806782010703767 0.13064125985771227 1.1175754399580509


