# Created by Octave 6.2.0, Mon Sep 12 13:25:06 2022 GMT <unknown@LAPTOP-P0PV0581>
# name: Theta4
# type: matrix
# rows: 10
# columns: 26
 0.26321891749832832 0.3929064028963708 -0.47699011273618275 -0.58453308453150188 3.5048225035271861 -3.6198001462279237 0.48233699649890704 0.21489104902342376 -2.9987855257363631 2.7473744708274874 1.7251964212618223 -1.2527301420412948 -0.2040078177213841 -0.58836117846959868 -1.0381714575500396 -0.25055122834718413 0.4307979435329789 -2.3948778486679889 -0.77870300655654545 -0.27589231096764144 2.4592054754898434 0.78984319000514802 0.42452982679893797 -1.3633343444182005 -1.3504081981265086 0.0089672275128425353
 -0.042947922475419432 1.7012655572517579 0.32280756118941906 0.36211246116935603 -1.180789504069556 0.45192860171113741 -0.51512233842823363 -1.3678995075658593 -0.51080832484309968 1.1934100024066228 0.7053467829092025 -0.58375663019146518 0.32873703174496899 1.0689628757289169 -1.3342502162847769 -0.57314201252883579 0.4107798554074592 0.10380297321351192 0.40657402397831871 0.33807548950963223 1.1174632860207385 1.2022012161524518 -0.10480131270483807 1.4002809604052178 -1.1502789008251 -0.01425788004495112
 0.39491178768323404 -0.80350749279840938 -0.21651713706433831 -0.34724983716117236 -0.06922682386259954 -0.77368057482181951 -0.12560276449753413 -1.0533532239780936 0.17160716807094187 1.7496300747889544 0.048008458772207441 0.57302710429302228 -0.33235576122442445 1.9587687420670497 -0.51964851141887669 1.501440730013601 1.5910200872291163 -0.45323886732498309 -0.67090542536450104 0.41062080185985328 0.72232748346361508 -0.1149436269303493 0.7815112323552027 -1.8604548721968071 -0.72526212123269695 0.85470168900188503
 -0.30990397431010236 1.3652318400144332 0.2602483734176097 0.84254092668976044 0.91976975653848858 0.21407960010460697 0.46170418647083167 -0.022514123378526867 -0.0093304563405222866 -0.95133717014120156 -0.19697196395856045 -1.3328578687562811 0.092337455083243036 -0.50742300172041588 0.46343828546725213 -0.66918155005755775 -0.044946087194292328 0.60967654033280194 -0.57368911106101661 0.60197758486789976 -1.4917602846087819 1.053362420007824 -0.94039899857413234 1.551291435054041 1.2452207358380076 -1.6186905552312549
 0.56277848220126192 -0.50209218073520712 -0.0070018956986807237 -0.65065957661399909 -0.10335443940920512 -0.38447198184155135 -1.0397249976697382 0.19812106889967201 1.0170690491646597 -0.94617698689410257 -1.2992069055840256 1.62990665626828 -0.10307208328058097 0.035792641076392386 0.53429177124329574 0.19367919470976763 -0.59589780794003711 0.27331625344105415 0.7806218132097843 0.55059809983761032 -0.5755256949753067 -0.18636710302663637 0.18241707299831128 -1.0347551068427565 0.60782639856013565 1.4851165821097443
 -0.099754456642236991 0.068926727410670005 0.43371557955922591 0.083169889922512702 -3.6914490613345183 2.5735111821577084 -1.3245114719340678 -2.0560256387408691 1.3148988297528559 -2.3788857157250214 -2.5568697998798018 0.85953312711434959 -1.331909187407704 -0.16834670974198898 0.99477636331817232 0.084566569239190315 -0.4866705814365373 -1.5160931856812803 1.607647755275907 0.68735031232025323 0.32067431502371652 0.62778161494388063 -0.38459775073593888 1.0909081019797446 -1.7011345856289217 1.3723045350617489
 0.35501590673366945 -1.108240605284794 0.23686046366549823 0.17838253075991803 0.81428411529075417 -0.0070440903173944113 2.2097769686999555 1.3388238396092416 -1.8056584630815018 0.60364591839552417 1.8173611849664981 -1.5464882906069994 1.3165407227438988 -0.4485376318556461 -0.17056901688899073 0.65999712355686346 -0.36043916148907812 -0.94783703914927253 -0.82488051900730008 -1.4707960380442904 0.66979019334866441 -0.74695320128165577 0.82817098208067197 0.60309726912133466 1.3922039584328154 -1.7264479338428627
 -0.3672690135774197 0.71659309482073319 -0.39239402392057277 -0.44040208326024238 1.7522552925286572 -1.4947106351321502 -0.38925150082401139 1.5363872767357483 0.85180849485762911 1.053594783770097 1.6530498967314575 0.28415334358346761 -0.11846450193649183 -0.44978591549328156 -0.18344705257285285 -0.21987905098572627 0.25386667578029143 0.68769441144279442 0.17365492486785242 -0.30431297276437713 -0.45077541992297282 -1.2713183341069296 -1.0681646315916993 -0.48276412229806842 0.041101535154010903 0.45207016635210562
 -0.24632523417456467 -0.35640575038608086 0.039349854675546331 0.73125205358736811 0.47099690888317786 0.2024688874820571 1.5967251416260226 1.7876502783689852 0.84694422117424173 0.15470536629578746 1.5031961413067463 -1.058562632444354 0.00088032895448840573 -1.1759763106209362 0.46215989820857989 -0.54641742929858994 0.53034360831322258 0.82551269008982819 -0.4046025719457948 -1.2201128984617111 -0.75181359239456791 -1.2967403871191074 -0.47798075554984965 0.20832268609391796 1.383447750399065 -1.5029731164883129
 -0.45161659319631359 -1.2287391398726737 -0.2301808577213616 -0.30336444269351887 -2.4848639839118629 3.0660576140108424 -1.181814735695724 -0.56677439703530763 1.2684716838034573 -3.304962118950566 -3.3449328999940953 2.3718112019592836 0.40708333795583729 0.2388809248889604 0.4937432375658331 -0.21542785279216711 -1.818982198548722 2.7516045322935363 0.26963683056575483 0.70005694548965824 -1.9126703469643913 -0.081386385607794945 0.73538252572551499 -0.049814200114649959 0.35760147136957277 0.58183324687773352


