# Created by Octave 6.2.0, Mon Sep 12 16:18:22 2022 GMT <unknown@LAPTOP-P0PV0581>
# name: Theta3
# type: matrix
# rows: 55
# columns: 56
 0.17663900743224953 0.10518848660518043 0.074263235447859163 0.18710239021729844 -0.27569853708864556 -0.044769470425124719 0.070991357300958041 0.28477510967941055 0.48545498211298393 -0.094924777049032891 0.75263167276617793 -0.20847236824887719 -0.33329766468748701 -0.26630003422520054 0.11670131985234766 -0.87494300013716919 0.31935731332049105 0.34358690837776551 -0.39446143856869037 -0.094646348568773978 0.07086621687456568 -0.36846195066174237 -0.0032528031757572805 0.12799209328994904 0.11168849508898067 0.11867825787486856 -0.38479608730669745 -0.14665355998917207 0.40678628250726273 0.81353514825727369 -0.026469411418938452 -0.29092023267261008 -0.269644687442405 -0.1579742260248678 -0.10944036169695073 -0.70824420383366382 0.075505404577531743 -0.078777160563903256 -0.8089641038696016 0.2854644739499389 0.38212409811342485 -0.082262805658767743 -0.0005594969238046384 -0.9574480788575932 -0.2441011665280384 -0.23714590320991083 -0.67828153170810557 0.79041441062654438 -0.29985665769637121 0.50394811752873636 -0.13901468121706118 0.62427093097430386 0.21159002063988055 -0.16475496785167049 0.098975391413653815 0.17619526973307076
 0.024920011631485581 0.4384471600245009 -0.032659612794962579 -0.20732198077657013 0.026758489727602527 -0.035670170696333915 0.15460912426607426 -0.3155987785300598 0.9538675160574922 0.017229954112083168 0.62054222043399954 -0.62153408217139572 -0.13190366294007766 -0.6754504500573294 0.2062860407967067 -0.26107753931684291 -0.01673396484517229 0.22977405383677463 -0.020467820393709295 0.35325188310600147 -0.12614267863338618 -0.4302683147957535 -0.031561821467060193 -0.044455801775867693 -0.53477189893836941 0.60244395413250829 -0.19820872042138085 -0.37224261044088813 0.37379385578793883 -0.29979247781609364 -0.12626833537837259 -0.312970246931981 -0.33611755598124049 -0.19938597477288758 -0.060606440599243798 -0.30678641317805266 0.56478252815122909 -0.050273885739056813 -0.80490533430439559 -0.13878785345942646 0.013502450097127035 -0.094031921442054439 -0.10569795390258836 -0.50175611478414939 -0.3153658337214903 0.040476307678135856 -0.57860712647149604 0.78201555979101767 -0.50146121112488751 -0.21132610236116572 0.038368197585279255 0.40580463868019739 0.36862004686957406 -0.52910049434416095 -0.16355944265906036 -0.17313978818547615
 -0.011675050540399608 0.61739877363470363 0.87135606486408235 0.84590859775769167 -0.32131128764057493 0.10565467688683569 0.21852265811836763 -0.40529244239439588 1.0833492945667547 -0.36909764306683285 -0.020567219713126438 -0.64568585190437766 -0.52826490373056945 -0.6853156364687587 -0.064874406360422604 -0.19346764355065599 0.36585280143105053 0.33457737034007196 -0.3327272182077482 -0.65544210890525834 -0.47935424730039572 -0.50391063704220551 0.093095185081778206 -0.49168765210942666 0.069328396412447021 0.07593302252760141 0.42928919168186841 -0.1441902511541355 0.046313094984362348 0.37773603983551257 -0.39930176702747427 -0.57610921190594999 -0.21081291386488926 -0.025947324661701663 -0.13317951964795666 -0.44648143357953501 0.72948020666951841 -0.12405792962543576 -0.023807291905453904 0.98085163379772189 -0.04156841506316214 0.0088483365627140334 -0.48103387575943435 -0.52842779445974808 -0.12812641899343341 -0.26179727828815524 -0.87285496032822663 0.15652470117945447 -0.63459128052767455 -0.13034224616318571 0.073601227926601939 -0.12284754738857538 0.90987798345371829 0.33260525395655843 0.36460497373936462 0.28243977762231526
 -0.086972968253890573 -0.14710815202988795 0.43847374641337827 0.35020105222568032 0.47192099766333234 -0.029601374128614896 0.076755394933244347 0.060089102052949261 -0.12891824928187856 0.24559312100919828 -0.42309595035177205 -0.51227432754872582 0.091840129791987274 -0.14966641149285606 0.031338936656605358 0.82787924162311533 -0.021422246434307322 0.3190849938318101 0.10143950001033775 0.37347246270028917 -0.24112977090679258 0.01568907607162023 -0.19418666688774883 -0.2530481760963833 -0.0054447075622343554 0.15137978305670693 0.13028621736702536 0.27143678530403781 -0.36524057904908191 -0.31857595582366938 -0.38851514132513848 -0.052720501384329987 0.048656364731916098 0.21125677170019591 -0.43175381418806441 0.14231463336885292 0.65505561180485516 -0.48207587308044197 0.55080081174678086 0.1172045619267386 -0.26025576870563893 0.21944747028398973 -0.40999944180507375 -0.18364277281859362 0.22913316392548919 -0.066926775398065103 -0.20025744288703584 -0.27386191856014724 -0.58372875212453357 -0.89840827933507894 -0.054532912025351758 -0.36508788272430498 0.19051052391780851 0.05898790380483733 0.058425890495777198 0.16944140934116492
 0.028822316254583823 -0.22300437448951055 0.65849771591055828 -0.11338727131110259 -0.083797978556609753 0.12527665089872447 0.0069464119834715355 -0.010949944826383827 0.84213693612457341 -0.20307720800522203 0.40771700145187845 -0.96767904256302528 -0.40240077396182905 -0.58566820470932202 -0.12329707012228536 -0.69480143921376014 0.39957750029276518 0.41679297690688633 -0.39690183764830372 0.076697618633301948 -0.37482009534349692 -0.062113974815846032 0.092548522582375101 -0.34481452598817197 -0.095334419522065672 -0.022902263671950016 -0.15564152129005432 -0.42575465822750269 0.24098850484353992 0.47557500933266367 -0.1214852229044345 -0.48544249594264516 -0.73838207476060846 -0.75464379812941618 -0.46703547552792879 -0.88152447942623091 0.44477904328446849 -0.29416244629888094 -0.50054329486520599 0.306767013671844 -0.35490634872054366 -0.085025727444265856 -0.23234074142493522 -0.82946978298427121 -0.003021107124187866 -0.15812112048793589 -0.65991259737242491 0.66255073027034261 -0.6697378322124129 0.11390136578811677 -0.076281019562358471 -0.15036645016719899 0.1719462968255365 0.09789548434443951 0.32466811754528252 -0.20763772271262587
 -0.018931985810259302 0.52473094552705735 -0.28803410715305644 0.068159829687514897 0.056126209094447307 -0.060392911824410526 0.44634178278158304 -0.65154678409148936 0.27712119051413792 -0.4371622108821967 -0.20002714039129244 0.17922409763864189 0.1564385004579629 -0.018091764498747907 0.32636402288988575 0.19943402143211977 -0.033428477653509661 -0.13805952259156259 0.025180972450507978 -0.098862336801650047 -0.045782533411036913 -0.37640698256831495 -0.44683567968152654 -0.24234434848109793 -0.67547271632823658 0.61132287134486429 0.34436489736350318 0.25396219987472834 -0.19671308253739356 0.018513352851617489 0.25046577405091541 0.13776301732433199 0.40981103333705593 0.45336177866876637 -0.073153460895172079 0.42447477493190133 0.23438526879574689 0.068419459726868484 -0.29699280887328733 -0.033196691993841627 0.053288980015631565 0.72134551771482791 -0.011772124678217137 0.053529908251109273 -0.36100238837367732 -0.17723930778498539 -0.35752348187693039 -0.18109585087709446 -0.48726740657572531 -0.67721969313175667 0.19377464734497357 -0.11403357318977997 0.55333805772103362 -0.11497397238258887 0.16330863144644972 0.4179009835036232
