# Created by Octave 6.2.0, Mon Sep 12 16:47:37 2022 GMT <unknown@LAPTOP-P0PV0581>
# name: Theta2
# type: matrix
# rows: 55
# columns: 56
 0.040572260647919342 0.11671816473015828 0.17405770701855536 -0.61282288042710698 -0.074335795035607929 -0.036864405310207592 0.57671169889243823 0.051005975894708774 0.22159493030178892 0.082758041042867783 0.0077708888309775074 0.054117375588874944 -0.20503320164961958 -0.12614027507639833 0.18670827583487057 -0.35868036557250299 -0.059822678387346208 0.4056892055613795 -0.145626134707011 -0.1262705735908714 0.062369008230996642 0.14442098289361635 0.44557625208211521 0.15084970293522185 0.011412990582107785 -0.14310335322656426 -0.42683990195305366 -0.16814414831698068 -0.23892804953886285 0.11517620968763466 0.28764257474861221 -0.12007086318356049 -0.049302748495144336 -0.25946019089710454 0.5256487926633916 -0.14950623038770866 0.029785480539540592 0.066340425885464502 0.377137053694173 0.0080862165464416144 -0.10528318902875886 0.36086620663225633 0.3253175905881629 0.023772890593835343 0.25089327558076158 -0.35162178525802273 -0.092527942836270791 -0.33844509696413771 0.093006807833971097 0.2482836487273487 -0.016851091066512836 -0.39438709379199455 -0.023612015346432553 0.10887861277863255 0.38529679851190357 0.13458943997237074
 0.027323797995621263 0.062810890478291706 -0.059195800791337662 0.020675719126518222 0.28966316038733686 0.86230878278719514 -0.54703815094264585 0.089243646024392775 -0.4768043672242594 -0.63311201589124433 0.25112650729617492 -0.18046815830505591 0.73407262237321691 -0.036945673443574994 -0.32958934661904915 0.36239533427754411 -0.32338497379511788 -0.33195066365912235 -0.25495072129668456 0.079099306314960122 0.0082498251327049171 0.36506057982695284 -1.3136126595952986 -0.36831341159396069 0.42854305710892437 -0.11129384974259918 1.1359765777248678 0.52924626544599707 0.66403767215485532 0.17619720836659111 -0.40588526522359381 0.71212118183901685 0.62747337678152015 0.8578869210377843 -0.39485617725988614 0.11733922795712678 0.11199325343566074 1.0881295535724598 -0.42731626264034273 -0.055180093700973251 -1.0111998104866859 -0.34127988636096207 0.033838118700060274 1.1274251098116832 -0.15259133509303371 0.98672503477134621 -0.33221578532409229 0.24428802185162671 -0.67749404389468348 -0.40211701168959652 -0.17505674713429828 0.15949680973328106 0.15545953984785496 0.34024615289789983 -0.59254252231296956 -0.23163117246140255
 -0.10240295517657017 0.3323030407814605 -0.029627815524715058 -0.31930955317786014 -0.31893363960321525 -0.43104780486608457 0.56908652456438813 -0.045838001570712876 0.10990238160371998 0.60865445533016049 -0.31486533978701475 0.0047871305151565291 -0.44377680506325051 -0.36906135621980574 0.37671955827362302 -0.015160903170780187 -0.0061745479796173211 0.097850817188204459 0.10367548813793574 -0.19547165595731478 0.4812737990457947 -0.22203067462135845 0.91093085534457297 0.013148160206083748 -0.38167758322416417 0.55264396801546112 -0.7773984627774545 -0.29217252563811252 -0.6882231772625711 0.26152139041946643 0.1674890733285484 -0.2212434180355129 0.04933796149343353 -0.45528961548374075 0.37545835522165127 -0.056391039205005024 0.077162986889931132 -0.81764637783370353 1.0009178058450916 -0.17794347570401781 0.90849778944826542 0.32571944486233984 0.25397900966403247 -0.361561708766234 -0.089766182264999536 -0.41173522683079655 0.18652207509420163 -0.2972969089430923 0.76259225577220946 0.019706941017964205 -0.067940432128629311 -0.71342591265464106 -0.22543507061047613 -0.45033776471748832 0.73074461118619283 0.22608465326357646
 -0.056164520910762156 -0.190805056659656 0.031056754635431394 0.15703865993059493 0.11106401490986972 0.33297849911977101 -0.53954610737254849 -0.27718397808897444 -0.24180659777418259 -0.59331780881163476 0.39922295122934182 -0.14734112693287202 0.40327060695349137 -0.17273998687303324 0.12591274432253818 0.10172228878798333 -0.23849549505908946 -0.27404530819091349 -0.036393941395440894 0.0042684113839948652 -0.18073604658069539 -0.0081109770823834648 -1.0360038663102651 -0.37638893690617925 0.19438191105049299 -0.1382491461593798 0.27891408255929889 0.24972908174183037 0.23133216703874618 -0.095306147354989421 -0.16512065609865056 0.034374198341927523 -0.039704762072403553 0.30331756222632028 -0.17153795289008847 0.041422717979503157 -0.21563743842439495 0.59166739240035715 -0.51836596674592605 0.13599117370148534 -0.82390252715980095 -0.32234472110157958 -0.23499714435485577 0.49350133911378002 -0.28233461348436439 0.6825554144160636 -0.33354549116471144 0.038282325189921501 -0.63492315785326614 -0.36522348695515661 -0.21463116239579 -0.40518350694999083 -0.046768607228332419 0.28885690752917209 -0.30343866004751074 -0.37987120775198296
 -0.14148588705236773 -0.55893275675586929 0.08172497402676919 0.06290999282875967 0.61538406541186041 -0.52479379431288453 0.57004115236983599 -0.35296329730373477 0.29995224591815833 -0.082592338108757796 -0.096054628677245263 0.076472693931524185 -0.48119868135032695 0.2083778029115026 -0.87250424545510885 -0.026383884336745236 0.13905975581213045 0.64964862506273879 -0.40752998473756258 0.41906290748414737 -0.89123583839118903 0.33833109936664058 -0.050706893582179453 0.29822327575732399 -0.10029532819274049 -0.029386213401850277 -0.42839201571535618 -0.37122539942759664 0.10958570551932172 0.20528036131058752 0.1549228112359804 0.22200913745437548 -0.45021753823154104 -0.28514280771764111 0.3142435114320471 -0.16911032171413967 -0.039904528481975982 0.16116146779135374 -0.00072703396638671249 0.017016563943282669 0.46192567270099177 -0.016131087641966847 0.33753510171014545 -0.28449037024668788 0.52151431605043241 -0.60847106721480004 0.043099570801074627 0.10824019141111522 0.071262092551554579 -0.22002629229522025 -0.076779738636503531 0.67252108792740628 0.29535162981938479 0.14975300428874816 0.13171590074498843 -0.032682890892736662
 0.14400896229830132 -0.27076297317825643 0.26360856990107062 0.42788719305240974 0.45543912807822046 -0.088043157745825287 -0.47935326679644125 0.015005686307822121 0.090947301311767217 0.19552923479617607 0.17977365134852963 0.0062074081336628588 0.10157220785165919 0.31833726013681002 0.074225740190733858 0.11658928633073454 -0.0074432982786881586 -0.53038316508408578 0.072245425749396575 0.050908564704385657 -0.15104849846105581 0.072008392669030849 -0.0082688647489863095 -0.2027020459432132 0.34679630104672293 -0.33914548280473639 0.39739165268958487 -0.01372935296025065 0.30904176090621072 0.098312254936290866 0.19286317806208647 -0.022583805691893277 0.16130554676656036 0.0010288286851188654 -0.022879792275739132 0.4506970337750717 -0.0035408019007426637 0.22279300428226367 -0.0047907316436313621 -0.35237887161675896 -0.21701643491573383 -0.19726024343873597 0.11465541883559914 0.021069980864537971 -0.14912488159662521 0.65610711508726016 -0.22083010127172589 -0.2370889463808058 0.32030790124765368 -0.078401357673331631 -0.072382220798877309 -0.16150708747015466 0.48608591383361638 0.090745313552389198 -0.21358057555671439 0.0046907301519112056
