# Created by Octave 6.2.0, Mon Sep 12 13:05:18 2022 GMT <unknown@LAPTOP-P0PV0581>
# name: Theta2
# type: matrix
# rows: 45
# columns: 46
 0.079623727275129272 -0.13091932842757492 0.067712536670471918 0.87164086791308615 0.36867583525807485 0.69847827433416543 -0.036015902733765391 -0.012568409534385767 -0.18538087799910255 -0.34322124948585164 0.73156740828921518 -0.47873969624833662 -0.67345890696276356 0.82108579453811381 -0.084194574310719889 -0.015804940226839096 -0.29065509906124171 0.086068183567498444 0.43716289105240635 -0.14945705112017499 0.61899293957888002 -0.19460715577143461 -0.60106257410851449 1.084840985100298 -0.0076859329330609691 0.097037123878081763 -0.010107896341286161 -0.38983928385147071 0.31536046970507065 0.26111557455624917 0.75407175681810745 0.53383221443330298 0.080073110440388437 0.5909107526751014 -0.097112301558326314 0.070080844172059398 0.51156035419878754 -0.062671383162156841 0.22296691824165243 -0.25403284834188017 0.24704920777844727 -0.29960244339849301 0.12738246758810484 -0.24064506470489272 -0.4108487490157694 0.37481486177705814
 0.071576588489104351 -0.56283098265514175 -0.33202015288615117 0.27755584550945944 0.23209084590625867 0.031198141347143875 0.95724111601854411 0.15962016543335114 -0.25928697664903683 -0.13404771875085433 1.3659773264016088 1.0297916433846277 0.061399821531793262 0.76363170534592217 -0.16292304509361238 -1.3310982681288481 -0.0907551527646836 -1.0311339567339455 0.4271972788562039 0.23012759230506252 0.17619629538732864 0.17614936715119933 0.28344820359039152 0.0084339065124222918 -0.0019464524033354674 0.48910010785896246 -0.051957483470021583 0.5061979281956388 0.27252455958307409 -0.0040181743327442716 -0.51445235697738845 -0.31138137857848186 -0.012199158219643153 -0.28255450378614871 -0.076186869652138639 0.041999346829235278 -0.045034500617213619 -0.42667035167285083 -0.31478633249219623 0.25999643140103168 0.16228896933125381 -0.77038784191845466 0.088456176673971876 -0.8571430701642333 -0.29177465584645085 0.34843063058136586
 0.041066373166767631 0.064203714501233342 0.066828866203061291 -0.047336896669552306 -0.11016283501247381 0.11480944421897091 -0.59318674695238571 -0.098387488863089567 -0.16757657409844151 0.3436573102032881 -0.32912422576845418 0.1644422141292918 0.27149401741677393 -0.0045766349633400566 0.10188298715946881 -0.0025716263128295791 0.13717451321951402 0.47650569680005089 -0.7571488949110714 0.33456943023143787 -0.29058002684346074 -0.060822849628280405 0.09966947299558454 -0.31578023793825316 0.16927084278567836 0.050746992174476944 0.085892024069336145 0.023941890968844786 5.0577837385421224e-06 -0.37218917929882211 -0.28639440819893025 -0.087697140475524932 -0.0098957135614941398 -0.46634977082536166 -0.45298061500176201 -0.26962312800195193 -0.17206429025114967 0.096155360491809436 0.11247335293291576 -0.0095867066014836723 0.45187378964419511 0.35302497483588796 0.027280871488940595 0.05685889903395272 0.41682243685074127 -0.17766070192496963
 0.12073696993819159 0.47113639452967004 -0.45628006475475102 -0.081838195846842765 0.43200901505871392 0.43727350936281517 0.3483727045477169 0.15865256346407963 0.15510919395117462 -0.29524350729460003 0.2131195710813466 -0.21520940260320465 -0.78180121778663569 0.20707836951013339 -0.65899053698011179 0.10906755363738521 -0.18802505823155136 0.084323081878132269 0.45621543140994425 -0.17607980380420657 0.56455583300541701 -0.39736578757423491 -0.32113610087124356 0.7817232538521407 -0.086718370053974314 0.040688171879866869 0.076450063790165099 -0.22692824597571304 -0.1522099018759083 0.1045371109710615 0.30173278654062602 0.01658069381413586 -0.30459405073486023 0.68583073519380577 0.66965097683177499 0.3703410283588302 0.15696105296775709 -0.10769692301424734 0.13419988788549 -0.044848936396978414 0.09747008795074831 -0.69241525797793979 0.29126646376205068 0.45615513301450622 -0.28639869877417828 -0.44424083705780532
 -0.019960040945471179 -0.0098652793445913149 0.36892367652791369 0.30530343952076683 -0.62763331795069954 -0.16499273796986824 -0.44263876922794487 -0.085148066384883786 -0.14330866171794915 0.013585685247683194 -0.14792357249717186 0.36862138634674535 -0.90991498126297155 0.52868654474005616 0.54600299018184695 -0.73648472916557584 -0.16721003493546804 -0.17388017355838664 -0.13179283899193389 0.062019535679917762 0.021948179859934816 -0.10726046805167284 0.79354633456309465 0.1702834897525099 0.63544014839334417 0.64619000032792584 -0.01504680950172196 -0.26316851774890482 -0.13698563873740535 -0.13644496956978297 -0.31370522648885518 -0.29656859023564913 0.44011729388129134 -0.35924213750810718 0.067637794268627593 0.28936901246391311 -0.079019874864777712 0.23239129822170357 -0.44242783318921353 0.1128113912202033 -0.12766296558578982 -0.13877994233467678 0.57085283180309043 0.49282890113923078 0.18364993063671417 -0.50445230811894026
 0.15124537819804842 0.22283490370595235 0.11553014824918269 0.62954726043482134 -0.027507446191772932 0.7678276817074674 0.11104429662395071 -0.12868408799231984 0.041610813508383013 -0.40132346644289973 0.35986029080911924 -0.48114921898926544 0.080734036033528245 -0.062225172643083825 0.074847130447416185 0.77632353557381484 -0.11318223213347725 0.43586648534793498 0.30375404203738793 0.13774457701454704 -0.055934105989032645 0.20057024631550341 -0.016879942768547391 0.69644882400985697 -0.14527144301361392 0.64690334006506234 -0.02346044484900997 -0.3313412985366328 -0.33343183265970172 0.37877694720141164 1.0639894403540164 0.12922427973607542 -0.6223645921966352 0.42679475042618792 1.1578990612042817 -0.042133464434976724 0.17745368279911763 0.13047449457210356 0.33190207448169567 -0.37628192446174785 0.1371860271920653 -0.058357019359109107 -0.81581808793124011 -0.090099079327305542 -0.30488130270825453 -0.15985794601705819
 0.027370243786407265 -0.093661477093212556 0.047579107815644534 -0.81166487707117019 -0.05986138347997795 -0.75477543674795289 0.37532989526551841 0.099789703495891377 0.12838455821900555 0.44748174765993937 -0.41270616759990109 0.16661298858921392 0.44434596013131977 -0.68957838780968561 0.15674572176392917 0.24973465500087835 0.18375612526033119 -0.51771373034693069 -0.018256809158511286 -0.38452249921452031 0.22519344106990882 0.052783470462339672 0.75292572620053633 -0.5301829283200945 -0.059700019015015253 0.010775792367619641 0.0023061663793799178 0.13324707033321961 -0.20200769942064209 0.19714211129974796 -0.52384102643427688 0.53167286666341396 0.40746925526973921 -0.67407935315014889 -0.25535213452494138 0.32752309015960168 -0.44159531016416825 0.29112362980052192 0.40334492256149024 -0.050549172844414757 -0.55280308903390885 0.053613232381345591 0.54324511367055572 0.3514642758965606 0.73260836862708201 0.072428460825127675
 0.088138537031946948 -0.29584426301540562 -0.24756108542536995 -0.31873974638514124 0.59445244515003381 0.044117470802604211 0.45005787690948318 -0.0021551900614294591 -0.13284718760555655 -0.057671726005869978 0.93253097641913663 0.18829706952005618 0.48725205982741737 -0.11435738573507583 -0.025790162093006597 -0.075262734554642843 0.27000331372972708 -0.16298410574993966 0.72195625186104762 -0.18695147472350063 0.28610954258099064 0.29223118780355001 -0.39122237407821092 -0.36004800924184321 -0.15714800031616238 -0.30807177210699804 -0.15734839867258435 0.17773427890758436 0.17586261516468668 -0.04121703881548431 0.039837494776342811 -0.28848383146043671 0.031707586248264488 0.48282397395933752 -0.21724800966618923 0.262476850045822 -0.026112004393591577 -0.30300756516860367 0.095638369896263814 0.15044646562022893 0.19316591274675235 -0.21558139123357759 -0.29124651828976972 -0.9096218046356116 -0.35345975293367987 0.75080590302489625
