# Created by Octave 6.2.0, Mon Sep 12 17:09:43 2022 GMT <unknown@LAPTOP-P0PV0581>
# name: Theta3
# type: matrix
# rows: 45
# columns: 46
 -0.27942551569237722 0.51919752158877652 -0.28186832346009955 -0.45993442435714638 -0.85570490307042535 0.12382917306363501 -0.39086314499450259 0.048301325291820636 -0.43654663463574273 0.40953462990104972 -0.0630839221443278 -0.6023649721474017 0.42936393706810927 -0.83529467470318697 0.66671832576395162 -0.63276531420752435 0.22992776999278808 -0.14863356772685749 -0.75128545542105196 0.59995640516739224 0.029181218922112652 0.28214439316648365 0.25140900163112284 -0.55924176124614222 -0.53722431810561366 -0.35617787807109685 0.21768805523958934 -0.74501421576027849 -0.50591549900009081 0.00063198412669812501 0.98979308349118678 -0.80471322443733095 -0.8107288213617615 1.2043873247419346 0.42520848993024818 -0.51118539974656774 0.045784298583933167 0.12789987895356728 0.40718355704202985 0.24327046557729029 0.17333378518256237 -0.004084313352242526 0.53660975803919786 0.65768142197670554 -0.042681047429185638 -0.43798658307482291
 0.076420841821384353 -0.15453103301030444 -0.32244714934288871 -0.25380733604947009 0.0097426285665842636 0.16603048123226519 -0.4539940489074975 0.37302648513974657 -0.13576618122282275 -0.20804548600715661 0.052805503211322408 -0.4261895734970389 -0.28818749513011033 0.20790071461393253 -0.29507893777425998 -0.041499025190105981 -0.12874224940218015 -0.0013787166614246274 0.68761618092846066 -0.9319965596818951 0.14468384938328588 0.14794058242363481 -0.39325180694923045 -0.14225640125799355 -0.21932593288044447 0.42181637022355883 -0.46616113979817869 0.097922864401565335 -0.59739949601454612 0.18160677698669836 -0.13782831053126268 -0.38941242038737828 0.43404466732974889 -0.071738067550382048 0.74211191618705996 0.48819654903651744 0.73687647620242458 -0.14988691689425418 0.6399717082680717 0.26115786028581089 0.63677236132270143 -0.052660970042154462 -0.34705214225104408 -0.15769508781655744 -0.083316409555136334 -0.766676422039132
 0.014090730275006739 -0.08107061508394782 0.28239894916497321 0.28906655541767107 0.66456867939055908 -0.29732393653032929 0.21734568333719526 -0.10793233842843611 0.087020361865104853 0.044654765200733144 0.23485175865949889 0.20825535569706494 -0.51715207935703789 -0.54172638964568709 0.21251917803528697 0.11797094065744355 0.05278600391676358 0.066237003176059489 -0.67777285830214684 0.84978769056645542 0.015791474903341859 0.10413612901992297 0.77302719111589357 -0.48501535979860377 0.013059757618387728 -0.45790838337655804 0.52709398494290605 0.40697686556871998 0.4983320210907175 -0.033584312619202347 0.05425074476561223 0.53170153853358515 -0.50680403351325309 0.19315019294708702 -0.84358404110990037 -0.21021719129587366 -0.94887100291477344 -0.17865959423980213 -0.99473607870809055 -0.32547735064728045 -0.29343112388920489 0.036292089670615112 0.2671070685385008 0.40400860570677966 0.050428427053203245 -0.089777177542700509
 -0.30190467089681472 0.31782893459811129 0.27674922638478655 0.21781744936681499 -0.56822775272622694 -0.26134300340968819 -0.42120107381386879 0.16064551011082656 0.53322062776611279 0.74158363154463869 0.3349400040563269 -0.28033049944104516 0.51029953129356587 -0.13453171259925167 0.51209558231728103 0.1106244816946836 0.096405988863370012 0.17853321224423169 -0.17916662336868863 -0.15809358377190838 -0.6250735939906894 -0.28397066282550304 0.17498816466405334 -0.37428981101598457 -0.21758645810170543 -0.80507705391271633 -0.68474833295273729 -1.1055837795004853 -0.56030761078320668 -0.11265194327210977 -0.028345161093700763 -1.0793331412403657 -0.3724639914031192 0.37396030996313767 0.12639930558756465 0.22457530208734869 0.69960843260878014 0.73156009941126865 0.53795370731079983 0.18749680975084251 0.22977681767541591 0.18655610381580007 0.18133859980271297 0.58074550832097105 -0.011602919335501628 0.1903238311245791
 0.045647422631899331 -0.7049174088900223 0.16806900213694495 -0.54233514101051472 0.73136580742697466 -0.06058007217722694 -0.13644113991212292 -0.77805339912152871 0.15390563646522021 -0.89124031890585187 -0.17071791465557373 1.0269745190446491 0.067813820176105571 0.48360879310836097 -0.27971186964848033 0.078201324992974733 -0.61589480189288648 -0.43493570674306559 0.28164091515154027 -0.24579436295960613 0.65073145066580473 0.94558415472155211 -0.49878905904170739 0.36182545820069933 0.28108072557875979 1.188639608439479 0.70908496992674064 0.19061719603287508 0.22156960386220501 0.36196217592295221 -0.053211500761316213 0.18749091337922139 0.099092198290599745 -0.51265337045474424 -0.56035400207931196 0.37540841291399057 -0.13445822831195453 -1.0706858620370976 -0.64432312904260347 -0.22214456472480418 -0.74686204933772582 -0.19912370297718859 -0.39741376377431048 -0.13576559299147986 -0.35061657062357882 -0.43258948625469201
 -0.066582024801730824 -0.087206889417082212 0.060824483238463012 -0.49767005063577374 -0.21405469074493075 -0.3660904340885065 -0.098069840642859341 0.031295084204262129 -0.45001117786005007 -0.28005617464371646 -0.8017972788897163 0.16356490465493631 0.10772650350673214 0.55917248872510705 0.012649148980051119 0.53912152067637586 0.18240472713619302 -0.26884126410974923 0.64777646610006356 -0.47438946783275621 0.077635265519158489 0.2351548534684679 -0.26932282188504258 0.64062999966440359 0.36872368243502185 0.86164941429384523 0.3791918083095534 -0.58344961263781814 -0.035049499050538557 0.55015848334560158 0.049897129882555291 -0.10927933949439876 -0.083027680356860492 -0.052930466401883744 0.3018762982987902 0.17906619047889824 0.76491975712814297 -0.16983422274043419 0.41718165749315983 -0.53761626503205373 0.17627799485191986 0.11127326101332967 -0.99164879545510753 -0.038524459177896576 -0.239768878336927 0.26230068765396086
 -0.11610429097578631 0.25980366636433994 0.37885210294018101 -0.21440966292657282 -0.22954073735676944 -0.53809374267143251 0.1528595666960646 0.040558676456236044 0.21797338031100391 0.45466517123289796 -0.6792297769456731 0.52848576149518189 1.0674620323356843 0.14979957645687708 0.71934002740143721 0.24227846176194573 0.3242682328888008 -0.38510301238600886 -0.19323501683583885 0.70409792166437246 -0.21803943441953094 0.30785700501187618 0.28531715650748263 0.31689489139585914 0.46271353837915091 0.13609203495032562 1.0548423557283264 -1.0215860625735147 0.17386848462801399 0.59174879056965868 0.5379740855959495 -0.59934056261138846 -1.1072082369325382 0.39621036991200687 -0.42743224569107724 -0.51994677829768265 0.14682318000545355 0.10773124886181891 -0.040223238590066414 -0.25814813481632998 -0.20274513296224564 0.062233962955085972 0.020974352395068983 0.70242627914223787 0.10666760798922471 0.90251825481267856
 -0.22380898695093154 0.24820963001883969 0.096263929713456958 -0.3258874791617134 -0.12678345075096512 0.092394943037220928 -0.20872526676485734 -0.203277438313794 -0.17523535842528362 -0.37493657124656093 0.14683326008117425 -0.0030316315808483632 0.15249921113675502 0.51815004184548163 -0.27728792822040238 0.7302808121605544 0.023105920295632586 0.6305646697224806 0.22704405376318848 -0.86161127585174035 -0.38567046721201576 -0.26350122156575922 -0.42425165498142053 -0.16002135234249021 -0.38284069554404671 0.56349675866566873 -0.52356183419307634 -0.061159863326163057 -0.040005001056129613 0.23811819228796108 -0.24111995354246119 -0.36206746542081114 -0.041320694580966794 -0.25292642290060952 1.0213592234210769 0.42139489839810335 0.92085890147669069 0.091240046074509321 0.88715400779896003 -0.065372753169986988 -0.14270137193886512 0.25531277369606215 -0.50727005485242116 0.10104490751774282 -0.029123868906098027 -0.46883433180211437
