# Created by Octave 6.2.0, Mon Sep 12 17:33:07 2022 GMT <unknown@LAPTOP-P0PV0581>
# name: Theta3
# type: matrix
# rows: 55
# columns: 56
 0.003586552506972551 -0.43561484150950286 -0.33870862540881325 -0.34516623927004425 0.9481947264183086 0.20628160223566311 -0.28438623174261957 0.30993108756431081 0.020930944345225421 -0.022054257678581816 -0.31522415415849209 0.39476041293907899 0.018308592757001075 -0.23913761502755573 -0.047807537544364065 -0.46127402685870589 0.34613275371552832 0.002241419914563115 -0.15924239972493959 -0.51588199303047055 -0.46975275633961039 0.26437402648225899 0.55616995344566289 0.28791971339072486 -0.278354579126042 -0.15580351936033762 -0.12435857184660692 0.091688628010528017 0.015456078113240623 -0.40209237111862839 0.13367610150503731 -0.17676754204512121 0.15831731999549359 0.19192061326545365 0.0040486888170859986 -0.33035333988322657 0.1274376665146329 0.3275226519703931 -0.32163931479050328 0.053701964157146322 0.46136803065488952 -0.346019458668198 0.069548107619246763 0.067972785480742176 0.15946777166948078 0.12063523539703254 0.077757538588518638 2.9629589218330313e-06 0.29238544197949562 0.35831809813304938 -0.29296638191781826 -0.22409154672420797 0.13488273973352191 0.11964191941326767 -0.50415268421581449 0.49550530645373275
 -0.047818096370436436 -0.020327012285853565 0.16260287992802097 0.048595409947533239 -0.12681053879694221 0.07705443897397464 0.053415417318630719 0.35280598515571671 0.14075283789138912 -0.074939906486340954 -0.24386543319995474 0.19093372430216299 0.20083602229586076 0.22562757198629763 0.036179733904246704 -0.018900606229039326 0.18095889266719914 0.027640709062365335 0.37051250692264043 0.10971320007975194 -0.0070761493602505797 -0.3878094008144346 0.42139148642502466 -0.28374879378310586 0.16208746047934799 -0.17291362443190073 0.084029232126722433 0.05764458275388773 -0.068954221736826249 0.0098366019993677452 -0.10383485127670601 0.17945901991849098 -0.049481717968512737 -0.18574744001352858 0.13673324815885896 -0.24996787603250675 0.14626402908044114 0.024964525078265555 -0.20142123030357403 -0.13974357233973772 -0.29921566914657449 -0.33807739651327046 -0.39950591907986854 -0.04178097891692574 -0.1509564960098804 -0.2552384235783372 0.014070980527892752 0.24723463471104171 0.024486442253085796 -0.092286599487044749 0.1484472543970255 0.099361584413632881 -0.02874169573868306 -0.10741086411577622 -0.37062490089878813 0.092529690161047742
 0.13097126109903723 0.18761004697016323 -0.014685544845550512 0.23295545721245714 -0.0093712206942271961 -0.3469912479606615 -0.051293150317612363 -0.12141401341297346 -0.028196421603423342 -0.15490371915877926 -0.094962101444946698 0.13316502515870296 0.038614817648785715 0.26630876205883247 -0.0062453874421131836 0.25853598193121169 0.046552763740926623 -0.16566144403670965 0.19877499618767785 0.15408037441103661 0.23327783480431061 -0.44685313687489298 -0.071539553030517275 -0.35930099892741668 0.40929252942078242 -0.12257527559354002 0.22752778776394886 -0.34214531555908162 -0.14316442657812795 -0.18106399433243461 -0.34689310699667752 0.23125558362952478 -0.0081410463463746016 -0.0074449381593770653 0.0061639866842774357 0.18681031377058968 0.30391772128494898 -0.045622267289832423 -0.052992346124145044 -0.25779877595659578 -0.14485255272275008 0.094517130103659613 -0.2544474237471917 -0.11838274779603812 0.18454131182756828 -0.16790563508980794 0.14320581079420236 0.25111652862338169 -0.16326655994758327 -0.036681044971831236 -0.19478480130895598 -0.11488321205357027 0.028059478270053059 -0.39577089895008327 -0.16262245354307417 -0.11978112844637663
 -0.04351348872854878 -0.11536122415180171 0.17613371384210885 -0.34515918559526071 -0.37679640227806072 -0.2121494932210608 0.14271295535531517 -0.31153281762826396 -0.13177527891233881 0.49375255406963781 0.57911636737955208 -0.44040266017451746 0.10108111882187173 -0.14596125313116431 0.27655370873842072 0.029688914969783382 -0.15765466422326777 -0.28616813673660885 -0.15181516822709165 0.081726748892372234 -0.040001229941713436 0.35846040960446812 -0.45708579155140677 0.15710507143591868 -0.13790568415633345 0.2716529056081679 -0.21763064072014562 -0.12581543963820002 0.17181479758233451 0.44490234669966772 -0.13921008950166253 0.13123453563767562 -0.3853672532444995 -0.082693084763004882 -0.18546667747790171 0.34628587804177319 0.17919235644203993 0.020277244480888905 0.7178700416313385 0.22822893163549882 -0.41723940882875643 0.75860991247042442 -0.058881698839217594 -0.259878636453791 -0.17041273359674436 0.02968658733057284 -0.16980651735992994 0.03249811106050194 -0.24408630059992939 -0.070643236638144813 -0.26312633929029244 -0.08216057095923468 0.5567496873224983 0.035823655051518452 0.44492589177356751 -0.076191634221100674
 0.071797280242398495 0.3230327644755227 -0.34945769479610167 0.10049160747355622 0.090587494968099619 0.17728826268147752 0.29164480622674582 -0.19021669960528892 -0.31898234823016719 0.024565467331543765 -0.027835555861805548 -0.012574441320980035 -0.15611359497861968 -0.082664547278796088 -0.72963725549859315 0.08682091393257696 -0.19660432992418747 0.055254445325649833 -0.26070116897000345 -0.21535021520404946 -0.28672368079692484 0.47072979523513853 -0.13889095243626523 0.25874570245317013 -0.33714132076351089 -0.086073464116602189 0.082394691200512071 0.19692330106730299 -0.1264499867710249 0.073316224527052207 -0.10491186420009001 -0.072795213947103213 0.061644042489027259 0.19299876806057731 -0.19900177882001463 -0.17015571112875694 -0.13786060965774272 -0.053302617303449283 0.19007309351348628 0.24436834715330566 0.1257520857232976 0.26706167635734468 0.43075229183417124 0.22520783791641399 0.013144934129851137 0.24078059928884021 -0.051781272202724569 -0.20006564966288576 -0.1383372745865413 0.4237531002518462 -0.32901647059045525 -0.36907429755961163 -0.14555269513917904 0.25184205509737773 0.22236847212635941 0.19249759365306285
 -0.039966355252359378 -0.20932325548562 0.28000690354401631 -0.16448351151839474 -0.076623764013357423 0.17001123036578125 0.32806011726764889 0.22237271384274071 -0.097158902593694807 0.39863814572440914 0.35441030304176319 -0.066618503501634813 -0.1891368029944899 0.14597826151801657 -0.025233191928903945 -0.29922597782647548 -0.16015994774504314 -0.1369183237871647 0.4678328895152114 -0.034074182897178243 -0.38277351007940852 -0.011546604442110541 0.18829903297546108 0.25631457381159084 -0.2927916270621837 0.0197864888768404 -0.26786589379516046 0.024005815438441349 0.23399863451249309 0.14924349692153652 -0.32931914807613144 -0.026866113362143916 -0.31028015051366287 -0.030607477101811761 -0.069275604110945882 0.22076109424349299 -0.10544679334379457 -0.035510374926405824 0.18134521937793624 -0.3818258116838526 -0.39826659622256744 0.45269549676555149 -0.12764460596127664 0.021098372967056689 -0.47274871676827862 -0.032511033022611088 -0.24703853551546431 -0.23491184069908913 -0.089952275824762215 -0.053519276162635618 0.29564402417996266 -0.24271374385128344 0.20050785790064921 -0.17654112359086099 0.22764341499694046 0.43179676133121209
