# Created by Octave 6.2.0, Mon Sep 12 17:13:37 2022 GMT <unknown@LAPTOP-P0PV0581>
# name: Theta4
# type: matrix
# rows: 10
# columns: 56
 0.2414165363045499 -2.5028346626558986 -1.281329915444203 2.3950930553984442 -1.5002991972088275 0.47302462198794021 1.4901421884946342 -1.8254713595048466 -0.26150527574444371 -0.82098538449583514 0.30796456764360869 0.45043196844477368 1.9325474553567625 -1.1846107056865589 2.468871613662782 0.65097494284043056 1.5610383195230895 -0.95077883243856953 1.7639187160127889 2.4023852200096569 -0.16615225229826716 0.81967130126584586 0.16292817389425476 0.91467205615761471 -0.69887313494067604 -0.23927428879630985 -1.6291072360632162 3.4173772776705857 0.016552809691308096 -0.3986499580786852 -0.74601645981617259 -0.10435877258939862 1.3301789564832363 2.149198393966365 -0.049522512524763196 0.091265569861296872 -0.3936599230554399 -1.3986248787305136 0.26584948255246471 0.48034654833637469 -0.079781982833300971 -0.17397954589695092 -2.3497146660068329 -1.0068782906717086 1.0579922488163629 -0.071484432431169573 -1.74503411784603 0.91655030793038328 -0.87326998176306514 -0.23302012260211591 -1.1135032453952829 1.8720171833402595 0.1313461225279863 0.80095178733771411 -1.9383476266375297 -0.89373199870063058
 0.16496745628255952 0.50522183373129026 -0.25213882288994099 0.5565562000349813 -0.081105474715772813 0.36596838116394698 -1.5803073519748057 -0.063875268186569564 0.84571716209348635 -0.55954234213944698 -0.1374473058599123 0.32291406471594775 0.54049748134524578 -0.70567594304996573 0.14086834802820186 0.45649468281115696 -0.84137097822186491 1.6685149284027228 -0.57943041054014621 1.2012715368267759 1.0497508166673577 0.67382352321084527 0.090791058554840973 0.59522234494764148 0.56618841387237662 -0.40736254597301902 0.22815943913903783 -0.27583738021147725 -0.052326664635678803 -0.70249843119210453 0.093255244289150926 -0.43059668520037009 -1.4479650595864852 0.21811799454971795 -0.89882251041426853 0.6187545535791017 -0.43524073847153655 -0.94560972204561633 -1.2162999093615394 1.1514770040313234 0.019385646524110147 -0.67141564806011 1.0770364843876017 0.091785736179194624 0.26038030236956061 0.12794560996590676 -0.43527224554971383 0.03241303302078502 -0.3128159627969701 -0.29199421052136076 0.25716084403660389 -0.23985500311221999 -0.99088509463506258 -0.67444951531071984 -0.078002131654897278 1.5944263535603198
 0.40685277423018401 0.16880168488323968 -1.6102552034169735 0.30436044766442599 -0.48496005174963402 -1.5998811626577858 0.3851480233891531 0.51856576984369851 -0.95477391036607817 -0.12110110348282285 -1.3499949579701458 -1.0898511581033383 1.1207598639729934 -0.44736383226450943 -1.7460608511281859 0.45836310713699197 1.4130818787120438 0.95432906137629347 0.4874938590702888 -1.2154663298967694 0.13720523361323733 -1.2568055024369866 1.7643987353455934 -0.92098532900110575 -0.60658675408485174 -0.35382187335454013 -1.0898737220571073 -1.0283364299193261 -0.61876130576981814 0.80085136965480597 -0.0005193584151914455 -2.0156684354262575 -0.99130024449893073 0.35822614595951235 0.72256408195068189 1.0702456667679017 -1.7920242682288559 -1.101669349096398 -1.3170525376454678 0.51321226141177312 1.128301212817912 0.17088172092868953 2.1525330492266788 0.58581865826740998 0.7043200714039507 1.922789041731662 -1.1908578071660612 1.8939938862700061 -0.26622316281062824 -0.83331971055158172 0.085593060259101073 0.62541218507876073 -2.3865876715440315 0.19802400951009078 1.9097055745311371 -0.61292920690500918
 -0.33619844787824976 0.09880161488679004 0.86729697362196345 -1.7317767281417513 1.671569123586603 1.491748926266282 -0.94849627582034335 -0.78320106828623637 -0.73808628223673034 0.42270508298280696 0.71236085302952956 2.020155661560961 -1.9859404962739275 0.39827341972424041 -0.44839013799677896 0.39867804436235221 -0.93910727576334474 -0.16967838718400191 -0.85743172731233819 0.43492580858784247 -0.22875571243467885 2.1196002338947695 0.28043416079671168 -1.3424229206629901 -0.39808981436355206 0.24104877326554361 1.2355813308186621 0.63269354402635947 0.96981624372950015 -1.0957756118409412 -0.35051210825824924 1.512977172788591 0.18075369274168374 -1.0018682936384156 0.75068450863904856 -0.69231291781624327 1.884768645938645 0.54076535894229938 0.89962510278870522 -0.0871812950194156 -0.035909911715462817 -0.14577895514245645 -0.6393561374279445 0.39600781686675751 -1.0286957367877174 -1.9580623120742284 1.1180670074253423 -0.87801340598583355 0.82578776774322282 0.16609267873406533 1.0559800715700658 -1.1368358856312271 -0.077880408452231084 -0.088549603519650952 -1.2441301351550749 0.80820243716549678
 0.34918821483876078 0.48631406814148004 -0.32074958964164507 0.025070169970516778 -1.0197162862634603 -1.5605546997666879 0.47224695993540711 1.4788259150090759 -0.71374112317207528 0.8841269448261031 -0.57642645726349651 -0.38000883042162614 0.0088556900264230107 0.024965428812256111 -1.4737995409001354 0.038244018964781169 0.94653835643233353 -0.72154968540853071 -0.00096118057624280614 -1.2728572822394741 -0.66559756002034698 -0.41002775029229888 0.4166657467540843 0.14307028232099245 0.07942903143709433 -0.20012654648281239 -0.57281876216803829 -0.41665171225566344 -0.54310735558030665 0.57622187908765332 0.15351404272860883 0.30539092392023909 -0.22051236553742398 -0.14576495812896301 0.48059914022701411 0.05226739269467312 -0.43249038183806487 0.48382739241737577 -0.85801114552243407 -0.50012050791983231 1.3816792476099422 1.0822390509071873 0.36360763023447074 -0.023324425577254063 0.45781874310156107 0.79274920522150105 -0.69139287806170591 -0.24029086459300233 -0.17014443092686909 -0.32348632961532331 2.4961968720641369e-05 0.43670338224184513 0.054995008816240629 0.01582765986272441 0.70441373361583759 -0.43024471568120576
 0.038254761779795358 0.071041968572926939 0.36839163524376345 -0.24974118057282377 1.2983015896211347 -2.0906774220905704 -0.98211147414445232 1.0779157354878688 -0.42787182450096228 0.29843277979659455 0.17730870920999456 -0.046096887385045089 -0.35789690020518528 -0.91282344178089914 1.1327880352686339 -0.6276783959054627 -1.2485717533849807 -0.13798855635121304 -0.0079567486342914558 1.546584017277062 -0.45057833406713538 -0.39567379386581358 -1.9029646862274356 1.5927531610659382 -0.0087191348665970319 -2.3305674912317369 1.3692328886902281 0.16966779666685655 -1.0348555837832911 1.0696367467035908 1.1087072792615402 1.605358539549758 0.039345099991306212 -0.84213580704702617 -1.0699443203775181 0.64468791489532762 -0.2791191655545055 0.1792084596881181 -0.37157579403506474 0.070466652704184909 -0.19307437429742555 0.69160617791448242 0.4943250919531183 -0.3260674204263172 1.2408291035584467 -1.5391373072831143 -0.66986626881647571 -0.61863857542569767 1.1456525356017095 1.346829132713955 -0.17200218370267187 0.15080467613504595 2.3381891023146655 -0.83339906305076294 -0.85925121743200417 0.31930960729224961
