# Created by Octave 6.2.0, Mon Sep 12 17:13:37 2022 GMT <unknown@LAPTOP-P0PV0581>
# name: Theta2
# type: matrix
# rows: 55
# columns: 56
 -0.090780645855202527 -0.2166436929326431 -0.015572011129515317 0.095044712145986199 -0.30439456759290129 -0.060478467017681517 0.084973841418058416 -0.17438558948818855 0.11083463824566768 0.143674682421016 0.52406471368838758 -0.015106809111208146 -0.59154064913710491 -0.66351442043060849 0.053706981548618221 0.45238235549070699 -0.35926101174854286 0.06410391961798477 -0.19760865295592048 -0.076509416756447082 0.23731244864660889 0.516608798352856 -0.47682411521183854 0.20161032036982948 0.50305762666875797 -0.36668813525160487 -0.051305632965225167 0.30815809848388409 0.080476345897488977 0.28765437362119267 -0.35509067100356917 0.17909371816895506 -0.29075501861793601 0.46708788763317433 0.045014342793632672 -0.17716339527851299 -0.23261288840107625 0.24602815627961339 0.77500660444501546 -0.26872873161924749 -0.24828948164226924 0.24385402555053204 0.023064254973611625 0.55105502775107174 0.49815114270529742 0.40205845964682618 -0.094523888801453737 -0.20689465000626817 -0.42735397657973362 0.021406437221874023 -0.032990072560467217 -0.22293766647330907 0.14568444731154759 0.064683051693610216 0.13450545668405198 -0.71321988032530415
 0.065460890854235301 -0.11744355074269257 -0.058215743900808123 0.023945577347571752 -0.066125954091538319 0.092304358715982512 0.25183511663685459 -0.032331983260943789 -0.08544435486852886 0.14771366005082628 -0.018490311297553286 0.49575475605886082 0.32515026758616261 -0.19769097615063511 -0.19394592207788786 -0.035150459453470208 0.40234764179753452 -0.0099563345277677243 0.16287991800942253 -0.0068833952435908502 -0.036447816575505845 -0.27675925751615477 0.14182721113971417 -0.1201475460951528 -0.97742429187956548 0.0042195218373173634 -0.30559169508743855 0.28982109920615212 0.3891685193677768 0.1529300174992716 -0.029889219005362774 0.1309810171011872 0.44020021824444622 -0.14327378768326188 -0.044930352748051107 -0.067669358232443272 0.39107323487748641 0.0070420578313776482 -0.62035403873303852 0.11622572054606667 0.42514742879168632 0.39506018511340402 0.046362237467482352 0.30708242971013222 0.44651447800295269 0.31072285908966535 0.049273087148194977 0.2000855793952174 -0.20075010601663587 0.3581443877458107 -0.41275991037939708 0.013643248571140115 -0.025216410714094892 -0.29288720420018294 -0.42788947388108933 0.16774152543484641
 0.0019527132211217128 0.49347281538203625 0.28236135039089338 -0.36721110113570488 -0.25156633129477513 0.35135013731289466 0.21635473293093876 0.10842032076541423 0.25926275279002708 0.30306542070270787 -0.1986614097325233 0.91995989454594651 0.11953721234995149 -0.13562172110494147 0.66603027062487952 0.24802199967599745 0.39401139356252846 0.40147299409566306 -0.25318034347584317 -0.071687811025669596 -0.0013663931445638646 0.32102742854122829 -0.6971393034933927 -0.071248913236984582 -0.10947761584431671 -0.015597456627773273 0.25693510615906978 -0.14822689837543482 -0.14581438439893732 -0.13330679424082478 0.41161175058414567 0.82380793371492922 0.028080903970181526 0.055586148357941602 -0.10471995654475093 0.21661331742731316 0.22499681549418185 -0.25998750016998001 -0.47226804314034998 -0.2405254900272023 0.49183139536026182 -0.25320290369127624 0.26277409609902191 0.27934903565982305 -0.019774783281447685 -0.58281341985955926 -0.11234974288116546 0.091787870788318626 -0.36336622418550146 0.014833933132062074 -1.0337052632432508 0.0013861802053083642 -0.42682794639511884 0.79811402214452143 -0.74748185084729091 -0.52113487776771916
 -0.055109694366091484 -0.4374106979727167 -0.34866325777256224 0.20675794633780001 -0.042661095044144476 0.69672966849403473 0.41638712683933499 0.30231106887983472 0.34128562423899023 -0.1817886117419778 -0.18336049352672448 0.75216975661680152 0.057188987400232628 0.17435045974412669 0.26531729416562633 0.28750152507313448 0.073645251799330694 0.94248698517691087 0.13310128301456153 0.19325651892559295 0.29409978674804382 0.21392002573636049 -0.79391040828489934 -0.32586643453656639 0.38225757404041116 -0.239111597982924 0.53087854229851394 -0.024603328754913761 -0.45743589740963475 -0.93870508226052207 -0.89702795345938524 0.76119731702424698 0.43885777754104671 0.14079391216924605 0.070481616905169395 -0.32072595211654864 -0.7722222506866756 0.19736326585478631 0.6033826858004111 -0.87597261891794931 -0.18101305323086622 0.56043447074645558 0.79955578648982117 0.95134943367565894 -1.0290744780217358 -0.37163618855418024 -0.66689691587261279 -0.18141546361114255 -0.018748400324178804 0.32390095098513916 0.36789162112865725 -0.31855807086241966 0.20895618727348464 0.42938690265051532 -0.59757878687781907 -0.61557100252589125
 0.060415613415307809 0.46841141919283885 0.32685459325212868 -0.052421132167620878 -0.018690706637403433 0.35066776691277451 -0.48698793337972301 0.35692522654085052 0.15572741641111373 0.095242418789502098 0.015661216628355182 0.2537937085482781 -0.62009504136521154 -0.0088261427568359831 0.066377793371321617 -0.045212942855801387 0.11466792081302393 0.32066086595406695 -0.25922024663775528 0.1006540385200346 -0.11645309241415826 -0.1359329473601581 -0.22393811778238232 0.14006419237425083 0.54537089876653255 0.10694298470498252 0.19319627023001298 -1.0142586444923569 -0.41536641551908715 -0.031234008606173803 0.52550817000293815 -0.18013996130283355 0.85414877791238486 0.0591006094248306 0.053659428722541092 -0.076961123032042153 -0.2551928462392386 -0.02203585532706016 -0.24903458556850522 -0.049241872797212712 -0.52469916293604246 -0.044098739687429486 -0.00032725120441067261 -0.35346495996573168 -0.82474213536728624 -1.1641577733045398 0.18431770093312619 -0.30279118249256542 0.54631250968281753 -0.56343527732413734 0.28789066990866002 -0.035055527435893935 -0.087316905121607002 0.3653624002322286 -0.060791112201072466 -0.37404630562738705
 0.043558790217184493 -0.034260117377316039 0.12636862394180767 0.2660927925358117 -0.1812974973620668 -0.070020626556609025 -0.6344566428424826 -0.11936568169477366 -0.19621398381324073 -0.010455906052978917 0.46727356587943875 -0.3498425874137932 -0.61768462697543258 -0.2305031231980989 -0.091210512929866761 0.1330671631047067 -0.071403269714434323 -0.25282149828944483 0.28958213009091333 -0.093149636599250796 -0.10598830005468088 -0.69763728817128889 0.5168676975442994 0.35351202928432546 -0.11294528979966012 0.18383659543883141 -0.55650011648017306 -0.40780083727078403 0.10109067645045738 1.0785924297174143 0.42305151112175399 -0.69894562948757177 1.2734786192536147 0.7274597231965102 0.00074339090942116427 -0.23478159810138971 0.109507789440147 0.1082785117515304 -0.48736935714681018 0.21591614716008162 -0.79410317774052397 0.3075762522853373 -0.026209841497269099 -0.11982531700406064 0.35356268134125463 0.010528758002353533 0.37118571852094379 -0.53461850897493235 0.066400666079281412 -0.46621672766816707 0.38715381666804022 0.047994568176048913 0.12488500469957013 -0.60864307972106224 0.4297780400688157 -0.058692027478452036
