# Created by Octave 6.2.0, Mon Sep 12 13:25:06 2022 GMT <unknown@LAPTOP-P0PV0581>
# name: Theta2
# type: matrix
# rows: 25
# columns: 26
 -0.22553683831681176 0.59728011892581934 -0.39681408934234685 -1.5977454848202775 -0.13345355763906808 -0.58063968649782149 0.80821971475887844 -0.8155375648856219 1.2571610880398665 -0.4266947693365763 0.70411287363483588 0.15138378262782104 -0.06960966023399881 -0.38064454668753633 -0.88955025578947355 -0.039467859240358963 -0.35885354151657067 -0.2549797103454417 -0.52591312303448534 -0.21541347613289444 0.24891769879106534 -0.60340438441660849 0.44333081514993705 -0.093484349816297038 -0.2374177822497347 0.82963532893356828
 0.036245660556845534 1.1731791200033572 -0.10843472537963171 0.0064205666647806124 -0.095129846933478993 -0.21166354058963435 -0.3475093217130733 0.30513925642721462 -0.2440115568529404 -0.42811093325818472 0.13973434246166255 -0.1151913144062843 -0.092632443349235594 -0.11925624872132477 -0.16109313189172877 0.2427595962692001 -0.39799170630434705 -0.2590319633482564 -0.50996006302483177 -0.082739453297608234 0.87050386078107067 0.45135925500000112 -0.44204032930611487 -0.16561589822682865 0.17042898959851105 0.89560677425210622
 -0.019564292689350098 0.26836846210767734 0.96442849411333542 0.64481201889539652 0.3434588332061157 0.71691071461165079 -1.1796162469029665 0.60401659741999714 -1.7645711002959854 -0.27313982483196281 -0.085410958953657523 0.74882096867411041 -0.53917929865189518 -0.42673952389396291 0.95214465693029315 -0.90967358452638569 0.39067461685034433 0.41052909065607601 -0.34907205325720891 -0.089379491976480527 -0.73652815288895956 0.53098236522788789 1.2432495104821333 -1.2165628060462887 -0.086518260381925435 -1.5133141610837657
 0.006420745752209028 0.72726717413713882 0.5124515866482261 -0.086561869514979642 0.77156038195237042 -0.36994168712780801 -0.011200528116467268 0.13687834875035212 -0.21571695058717741 -0.06920891694364982 -0.30046479617740401 -0.1429407524586519 -0.34258670714866468 0.33309651071323976 0.92636055014168472 -0.21686278929835132 -0.342760428184675 -0.020054695926784782 -0.63045748693787595 -0.27744165445587282 0.37152412560630971 0.59394704670947263 0.88751660659076881 -0.065995389763698342 0.04684061924276077 -0.896856054704951
 0.091607122003383071 -0.82210912598170016 0.26882294781920058 0.15565657174242645 -0.270766190481044 -0.39302863665268939 0.64044155569706085 -0.18252733570315213 -0.027573931999649047 0.61045131912956341 -0.18936162173233864 -0.35278618045225418 -0.14184735204937934 0.6289931392560153 0.30324784971393859 -0.18146988960823726 -0.36657354673180848 0.11596822318982168 -0.25530762258512635 0.014089876424666107 -0.58489230513781709 -0.5590989483840122 0.97898453880353997 1.0807307005725126 -0.022685914464625173 -0.22326410319523965
 -0.11002690825641949 -0.39746624473864045 0.024345755863384097 0.56156008193237739 -0.57119551722157924 -0.24095959157947716 0.81846028893585332 -0.77298095667235134 0.12826636475408704 0.60268090411690434 -0.3122622719613467 -0.47718690447334977 -0.099714573211251642 0.42533977659761596 -0.63537112349274349 -0.042770504135464779 -0.43484920272571365 0.36133882582916638 -0.073988476925782989 0.075149140576605919 -0.51977233936467404 -0.64597785911815664 1.2563585407721922 1.1670757046688149 -0.05019828220582475 0.15853712696614169
 0.057072799486164186 0.4507648580870745 -0.080453828489097101 1.7605918257896043 -0.069184216702982471 0.31962008320286039 -0.1516464282931515 0.53928616764012394 -1.0939959793788205 0.69355325088379616 0.37172073205929923 -0.12925633557857716 0.073886311616437494 0.16144392044877751 0.18837180099701212 -0.31102486600843088 0.012180947707004864 -0.093277016112836356 -0.50303013607062119 0.062566161631534181 -0.55189361878596244 -0.19899057379881854 -0.28364544755518067 0.35681902962417456 0.19768089179627443 -0.17706411873692868
 0.076205357247120215 -0.99893475999975245 1.0565269878755077 -0.25234148675881385 0.29799454579016976 0.49376570722072982 -0.78744731255520295 0.60183419448063669 -0.41910032744728337 0.10234089101210427 -0.47341828891063598 0.55587524789574549 -0.4176083242247004 -0.26586589283763662 1.1074674928497912 -0.46710972019036684 1.2799623487820422 0.11611442742497255 0.20811590353161805 -0.15310981712891419 -0.53231794921667763 0.17022140641734276 0.14432158553551158 -0.069789360268584524 0.26294728614002955 -0.27868340893714832
 -0.013794633860149567 0.56879356492915256 -0.30074733033835144 -0.45250558010347458 -0.70428838646970926 0.3439763073905831 -0.32958983863733854 -0.24671157062275825 -0.12282714412536791 -0.58654949979929238 1.5627623191486431 0.73250421946668842 -0.20375611844008468 -0.77247290349715192 -0.92312525903689568 -0.38508460824160834 -0.0096690185723180347 0.19993854839299516 0.21141845012693669 0.10813684218551602 0.090200035319673091 -0.31357817494788193 0.25438177583761229 -0.85877731448747785 -0.19964895969624899 0.5868326840977458
 -0.26672681476404864 -0.86601071716391986 1.1196027391653069 -1.5068471132553285 0.012893043671212976 0.6568906476685098 -0.49126824521742063 -0.075146115186992504 -0.02558204843021461 -0.74646074374369886 1.3043783996688472 0.58392321490815557 -0.61714292599468368 -0.34503904784213557 0.53074974361697524 -0.70612246122887268 0.58238079479232707 -0.11708883772074806 0.53045809033376734 -0.20651152149374671 -0.2559360291255236 -0.73996192002618277 -0.045030032863331786 -0.92210368214964733 -0.37712934235585255 -0.44183820679137392
 -0.056595448090806348 1.3567116690408223 -0.79717810427354907 -0.76705477548239165 -0.37735940417601593 -0.35868837867372039 0.79289400121222464 -0.81439996058723907 0.35591419965409887 0.17759258217010049 0.44898692610473295 -0.12903680992069436 0.27379243719932334 -0.19198437830393686 -1.626966789530023 0.24768133704742118 -1.0141549112792749 -0.20455413402254013 1.1726048307341546 0.20307167875791396 0.45280822291803113 -0.52104823966252845 -0.2775218441626674 -0.047256334734896467 -0.069919004650281613 2.3170378868369683
 0.22686420280576916 -0.23704191218686166 0.02738506620175702 -0.021620175041063099 0.61231277816986052 0.58001373101611531 -0.80840408246187989 0.54710650153392204 0.431441321744652 -0.37429322831766793 -0.18482986063944939 0.19577949722199389 0.10417168874723842 -0.45203981232492568 0.24996707104506244 0.2746934616296971 1.552412929133393 0.076381092710548826 -0.59396206157705578 -0.051734723942964266 0.51814362327165497 0.21455815490167263 -1.3600242558741904 -0.50312326921054329 0.2808300691996049 -0.23416728910760554
 0.10299540154195487 1.7661392843577743 -0.040845392854069643 0.20181417498165527 -0.38940794657799882 0.13058213447748951 -0.19278992717878299 -0.16972155049243628 0.27614640798570239 -0.46188703064325226 1.5360261534338759 -0.058029185509234048 -0.17049470777716808 -0.15740587970321174 -0.41978148462372578 0.24120494922836391 -0.71227351279213236 0.20703499244777168 -0.19567838643348917 0.11833002707399572 1.3625334126438684 0.31003148008025927 -0.23826615018658334 -0.53995381333415049 0.017313910565569225 -0.56712926702058408
 -0.012166304052712454 -0.81730225271320867 1.0208633825165687 -0.17238708575040754 -0.034382547602649062 1.307643621243215 -1.4704923841372908 0.94425088254746481 -1.026613900710724 -0.89210538414734264 0.38789881412627275 0.97617471166742964 -0.49682856314900536 -0.63558615113760675 1.1216283477974542 -0.7142208300141184 1.2379436366399261 -0.043231922506387861 -0.77632657523710191 -0.21699021783661132 -0.34286085495991325 0.36872405963721627 -0.65574857247575635 -1.2417372826506221 -0.045752277372291907 -1.3447274019774149
