# Created by Octave 6.2.0, Mon Sep 12 16:43:56 2022 GMT <unknown@LAPTOP-P0PV0581>
# name: Theta2
# type: matrix
# rows: 35
# columns: 36
 -0.095473618233321095 -0.42174064634701114 -0.97700073943769905 -0.30672652167261011 -0.24165302958473642 0.17498674781483373 0.43955114029212927 0.22273432118695982 1.3605686994525441 -0.56018478801903171 -0.83668294428932921 -0.39039703218383781 0.81126448169058685 -0.52471804830157198 0.64873376796988069 0.63942609361722003 -1.1274308880329158 -0.27480546914408166 -0.42798670598216315 -0.3289985682452049 -0.6928711603384895 -0.67778390550411849 0.72195881370010895 0.17620693720344302 -0.12987581380792251 -0.68250344788816986 -0.72331350459349286 -0.71525773838675644 0.29050099293876991 -0.59390754838832149 0.14448816037897982 -0.22411050079082456 0.24906069111493287 0.086751006369081854 -0.69445015418410583 -0.13651464153478246
 -0.098049582806611052 -0.44594429831541038 -0.033486749927795316 -0.42706903268235324 -0.093962137021582959 -0.16605954712001919 -0.27738519261608829 0.35748672810955928 0.35091541921402175 -0.16504016005466696 -0.53872580838850548 0.044692236345652302 0.17956412755446188 0.13356483109926112 0.23709756747288679 0.23234688740267734 -0.34349486151654984 0.079750837978642061 -0.24686291105851246 -0.51918318587648149 0.53770617790486008 -0.48251188408031837 0.23104481605156268 0.3893428504788064 -0.090102113311659224 0.30835225693197688 -0.7908768956260811 0.013467734104756504 0.35992184999272686 -0.10273993226156708 -0.66455220453744523 -0.26418958561122136 -0.23771902084335497 -0.67809344334199084 0.62657874547656045 -0.36225539418523078
 0.042090158923143099 0.047172354207001409 1.8052231649262418 1.3424446699529007 -0.50160531825510868 -0.084364537962512962 -0.15365505588434974 0.747082794703397 -1.2860727498447071 0.29916794823712806 1.2013008057031156 0.11462058118478712 -1.0605065904947284 1.0912147328588293 1.5410838435327288 0.35166340131269447 0.73475269705800306 0.75010054309486363 0.55214003250134702 0.079695286981752142 0.84852436847955814 0.55794032652579939 -1.3012911001642296 0.36680214273727635 -0.20874763270526059 0.62457058223371231 1.1139079524650999 -0.033146475001484182 0.90294484397387909 0.24912381169582506 -0.21690288076950379 -0.2080404444005392 0.78982853458326641 -0.29707357808869744 0.48345827669870123 -0.15265911911182087
 -0.1911496596444916 0.61516160647797913 0.53629542017953458 0.74849248461124906 -0.42992804970786602 0.42345622075703521 -0.045258352809816577 0.11052282142636947 -0.22808059255601154 -0.65717355569813329 0.37227497280556615 -0.010430592171704009 -0.48538646275090708 0.2893808463891801 -0.1351507546995232 0.60376170782197425 0.31895048154113215 0.50083824772552288 -0.10323129460936545 0.081010862584109611 -0.0098744782570751328 0.25447760157226357 -0.22907383854920052 0.023644801918770185 -0.38180140590395101 0.74479010834500281 0.46489849570873809 -0.19235091823186778 0.7649282761525058 0.080516793369163162 -0.64767562113508637 -0.99117388573699372 0.82880430977465847 0.1286178492887235 -0.52404357729480211 -0.014235646536081005
 -0.079761102737725367 -0.045077024307837853 0.22918306518858039 0.75908965588251753 -0.034109149299611514 -0.74269232218908787 0.30288503866857797 0.88476672414385049 0.0062788057307676028 -0.65787796325436709 -0.3508940102000972 -0.31851708081079494 -0.22880989437952357 0.50641706237424622 0.95814998074512459 -0.29017347697552603 -0.1966506342138627 -0.097939851821980534 -0.092211453177086317 0.32030332673573825 -0.19971117261744567 -0.036898292994080574 -0.75681971039334428 0.28105316219677978 0.22077326575104272 -0.74713479490386769 0.34077478167490866 -0.5656428313228119 0.065043963180869691 -0.36106487365337425 0.82245139490195129 -0.29483189481263583 -0.073659943094602096 0.36027718880723753 -0.3647621430553899 0.66381543180194846
 0.17584186227714893 -0.13044634690662027 -0.84560871307415197 -1.0343427114284447 0.01431790199633529 -0.20478626974644934 0.58915544915971862 -0.24152365754559124 1.1058505107928054 -0.06248591574085946 -1.1912456146675992 0.305509196207638 0.66929484993637289 -0.96389068073296214 -0.029780187677535395 0.10545073055518991 -0.67880619177762302 -0.18189154530207247 -0.88702088998572048 -0.45470786928998935 -0.37667094344690666 -0.41796750545080769 1.306750390951507 0.084974935398208884 -0.10152009036243315 0.084883393697603754 -0.20529686971824432 0.0040883805976115791 -0.049153057418178402 -0.35327253703309669 0.1563821947688219 -0.038504647582555993 -0.54454211745667003 -0.55311060756975061 -0.51200733714778335 -0.10272191771549741
 -0.089198217286027989 -0.71365909711604714 -0.41699407495065011 0.68981102908045022 -0.1079837372656941 0.64918585714785315 0.80241528639783211 0.47705581005197356 0.8803973554656509 -0.72304642188856294 0.0023981946921528964 -1.1011463985809313 -0.13770310913595155 -0.49157040642590594 0.14122999648353213 1.0272344043060218 -0.17261903305522747 0.21281286363290633 0.3462554042274073 -0.24184431012018243 -1.1217572017327002 -0.082636105885241368 -0.18827137074240827 0.2518064286686732 -0.30353560501325866 0.66484018256121946 -0.2808453665230744 -0.90097166379010984 0.27484402591626994 0.35647659535305742 -0.9020530756327424 -0.28733542751637664 0.93767326812547891 1.0604086260482088 0.60585715265587825 -0.13278707386628275
 0.044275436829562004 0.11397043394648547 0.38456931393694926 -0.4579350737364552 0.19760110897165237 -0.41823943733566216 -0.18136805922662325 -0.18373019944877844 -0.66481070884534132 0.85966436633108045 0.31436485158854832 0.60436059104085549 -0.15320479413259841 0.49093299430793913 0.36406654197857735 -0.31954232996350651 0.44700068880333849 0.34238565480753924 -0.018781169291732819 -0.069824496757614735 0.32205923340546871 0.55632901216703556 0.33575094286713453 -0.25277733667272922 0.30441023803678247 0.43173660019665666 0.22781402530554085 0.58647314866701117 -0.2731762378689751 -0.58577731798674793 -0.14191930274888881 0.79671130167360338 -0.21334159797355234 -0.46585757564811181 0.31426360073391835 -0.006926117595839644
 -0.29953302344654859 -0.37110619300575454 1.1764445025399355 -0.77828307180177314 -0.0045109380838770441 -0.36812178608673624 -1.2349398051689517 -0.24510526833500099 -1.0255461028474675 0.12648501952236924 0.60551964756034349 1.193299806215155 -0.57384942714521292 0.74472131660686502 0.77558092452869032 0.0095316784352715359 0.23813209910686545 0.0063725256102671792 -0.087010758608941877 -0.38452758280243954 2.2029935607688853 -0.07640725303265776 -0.11828877308706535 0.20839603710053786 0.16887513418233635 -0.032635604218159399 -0.25573445312953003 0.92323010075045664 0.77547382902906314 -0.54152334854911599 -0.078822054538933983 -0.030006328031835571 -0.061273598230878641 -1.6983788964658697 0.76007923682544198 -0.43160372929920832
 -0.05221042705008188 0.22255275604026781 -1.1471257386079068 0.023276737866449595 0.29837009118831842 0.27692960286322166 0.22997376805159359 -0.35826951840016802 0.62000686281194761 -0.51792304686647983 -0.37999060517304067 -0.49061626570751105 0.41206411456472952 -0.82090239057141945 -1.439801511438775 -0.12512266086698953 -0.61656864583643012 -0.73736436972571928 -0.10729523770794414 0.35988921069169688 -0.69042164359743263 -0.49948690397999113 0.10802607895535142 -0.066478751961792926 0.020515242769757778 -1.2807860544679814 -0.13561280099962067 -0.17346542821033795 -0.9509112644808364 0.32577353570599926 1.0468600137892443 -0.16832669388617708 -0.35302732510871049 0.60146413992289072 -0.71310281998801694 0.22093449610362198
