# Created by Octave 6.2.0, Mon Sep 12 17:09:43 2022 GMT <unknown@LAPTOP-P0PV0581>
# name: Theta4
# type: matrix
# rows: 10
# columns: 46
 -0.07169188546284988 -1.5705511052578831 -0.55456272212829105 1.2170628315176428 -1.4392502089645625 1.7871985398374006 -0.16397273947227425 1.2012211379509168 -2.1698182512724258 0.21702577512204416 -0.58899080115979752 2.3933784221090217 2.8437903228732835 -0.40905119617125341 -0.61347905137810776 2.4239553432361323 -1.6491511862148787 0.80201164784527057 -1.6093195780301708 -0.7777383265523683 -2.3940041156618084 -1.6596173359067861 -2.8264522406164541 0.21619942690363037 -0.25637727844370684 -0.54755855841013679 3.2168318975805863 2.5157542122175891 1.4353176739218025 -1.2559207844974436 0.19779725474304202 2.195242296941307 0.10378125684183966 0.40972726366288975 -0.49441879929865373 3.2371269631672615 2.8335977167119037 0.29505816373605265 0.84182452977876876 -2.2770983383747683 0.70650331345494144 -0.53860631529485115 -3.3614452397179462 -0.61066618440270459 -2.856333449850609 1.8281808063286953
 0.042872603958850626 2.0123472645468339 0.19186888549043124 0.24902456822211178 -1.3603721170722793 1.2192998184828507 -1.4270886311674278 -1.7093047459083235 -0.38512347862514729 0.30223206029449379 0.51190481413470335 -1.2855381460053812 1.0592354491401095 0.72055252575403717 -0.62766725172335225 0.54859536894557825 1.6957546318353813 0.32371739151114337 1.0495713976076277 -0.88315470416759723 0.3063316575193612 -0.98592282727392366 0.19576078707834665 -0.38581609993003085 0.43342409816228317 0.86685793306647618 -0.7732978156241237 -0.32831118323380465 0.93501803531689087 0.45111870510629831 -0.26658541853153145 1.518972873259151 2.1847105480322546 1.3496683177351558 0.36586575966123575 -0.21004302289664267 -0.7608464425644289 0.15308983976764851 -1.4762625201776898 -0.2997739612760536 0.86854758652088004 -0.42217204590491669 0.80641930185647981 -0.78962929440532337 -0.7675817752672387 -1.4274545804334147
 0.17942307189224782 0.066244573648589641 1.1775992286764643 0.4608704697738788 -0.14562977533628965 0.2000688123708857 -0.50106600687685321 -0.16968787651951814 0.070654371021953544 -1.3291661186771397 -0.41076979433354222 0.13736335518399509 -0.27938250903806711 0.63055066387955261 -0.050598784300756421 0.39245902561040485 0.11955006279704249 1.7547317448150932 -0.77006151965532077 -1.0559093022695052 -1.2243557582234139 1.0488043107926337 -0.7172298336760411 1.955319984372544 -1.0000588596997941 -0.062935553670679767 1.4352620473969111 0.60713571868301963 -0.40987398356472493 0.032350663068124431 0.4183505446586489 0.57224996574110143 2.8343210173453515 -0.52184455905202942 -0.39754569808190227 2.084263441854906 -0.66721833354093718 -0.58406640279459821 -0.15977523306274308 -0.39165557706433646 -1.9614519298068771 -0.21895795900881629 -0.10643577713173033 -0.87447799254870573 0.68468328749360918 -0.0098875626276818587
 -0.14798370238459674 1.0917167184883156 -0.46352897606707016 -0.58622542476407569 0.7583608257868899 -1.5349703249817843 0.11462002629015262 0.87433530082067057 -0.65047596303569377 0.16528399227610971 -0.30484050173132515 0.62566913587835771 -2.1358852721604475 0.62705446312070101 0.35072957925070614 -1.1537834739712201 -1.2271217355769961 -1.8447528493067655 0.79869593010579365 0.53948030911350431 1.8026706391377261 -1.464451327379737 2.1590224747812079 -1.5502726358490224 1.0270099063714881 -0.98664710899201202 -1.0766946405483295 -1.8471751087797132 -0.27363779919529335 0.43175441816373267 -0.13814929221570493 -0.94501246313166554 -3.2193881404980527 -0.67303687528461331 0.87248850338653239 -2.7110539175467192 -1.3674057972677776 -0.25795436271298056 0.11057992644410465 1.7776590948696136 2.7736164971612274 -1.8068027382466167 2.2642356368976118 0.95593534099356925 0.5678543298201838 -1.1735853384814987
 0.10082676969617602 -0.18754162084295761 0.7244321669274747 -0.26025829095383096 0.77582974624682843 0.069043711861689741 0.77632184249734071 0.73580312638344592 0.59904001653958538 -0.46809167233284688 0.28271390000427721 0.27730727590735083 -0.13192566651874865 -0.74575688645955596 0.23464751714612112 0.8208080518167522 0.10970098895934703 0.7141577938833843 -0.28102716306952535 0.8344116159018663 -0.30410518022365723 0.38642770419180689 -0.40638041432159833 0.13490159429125012 -0.62164080342969519 -0.5465648664772238 0.36995297379404629 0.84695620270409167 -0.70377510155482847 -0.47223559202475984 -0.61145702151047854 -0.14244782631783004 0.22364625077317316 -0.92406537212869611 0.11849188001121234 0.13160972290212172 -0.32202950453442564 0.09669297162935947 1.1262961637555706 -0.75153865497662375 -1.8959194780977966 0.92044438157983177 -0.18030950749651842 0.10259871174472841 0.086332874749132163 0.74674798553599697
 -0.37870124783091513 2.6388904940953197 -1.4427359622707623 -0.11919687844086492 1.1868731405722959 0.10369723018316673 -1.2328154846101349 0.14650947968337 0.37799121857124707 0.71329992572820389 1.3722448879114684 -1.4687841029969415 1.5679800231106813 -1.4859049034266338 -0.47815330747568252 0.17439139094009051 1.2659644721920218 0.80022671659694788 2.1694903588767893 0.97822177086500306 1.5371980891167774 -1.9539824160635813 -0.25998502352205355 -0.91820132810307886 0.88418738315028478 -1.3275110055821464 0.14722914238548507 -1.2494124010716934 -0.24671916865658253 1.2824552238630145 -0.95150115546467517 -1.532258761758482 -0.76199276798835214 -0.66462546904516751 0.58793909028791502 -3.075475931653568 -0.29449353963965502 1.180094746034321 0.040144225121100441 -0.99164794506794207 -0.72630056982086744 -0.070259516018053997 0.29702896589348554 0.030094313765652327 -0.46934576662767924 -0.29298765350130429
 0.11856742167067355 -2.1907125703296688 -1.3242916939280942 -0.85806424452213459 -1.0482337733796854 -1.6239967781208922 0.39273177735437759 0.50347303195679272 -0.46386748890236057 -0.20861694770611983 -0.46742825594525528 0.50850346168198235 -0.50173944246785662 0.57420416068677893 0.16647364253575825 -1.7057882840061049 -2.8472850581494877 -1.2654945579679664 -2.2404980930202765 -0.57503335450422521 0.86615964761838582 1.0324188512286705 1.9456640631236144 -1.0170685112274662 1.453752071607179 1.0114577654351919 -0.96439801858812824 0.53519208768602522 0.54706754854322792 0.33526865574523229 1.4115836726115145 -0.32652963291599885 -1.3890606770193941 2.155623983518419 -0.58218773531720369 0.64836234141596605 -0.45149777848855788 -0.007256111757347191 -0.77974635425121985 1.3631276687680218 1.7348116103312223 0.43794324734750906 0.13590898321132255 0.19869138825230501 2.7606286629800776 0.017503511350286091
 0.039006198231957181 -0.57276158243784447 0.65657650203115181 0.89907923873479867 -0.55797759529673896 1.6585915556210924 0.82248927218364409 0.10781811826111855 1.0436841235785959 -0.046180259321540448 -0.51061193219296364 0.80132279658126304 -1.0717059750931499 0.38422374549739419 -0.16650254986758903 -0.04489656442433463 0.82302130269353235 -0.071392271515748493 -0.0030668943006166792 -0.39909918223068397 -1.0278246466438681 0.84225657902867979 -0.30499849119347738 0.54706154485346603 -0.9279989237227404 0.98954016125359079 -0.36942522569991953 -1.100451335096216 -0.84482212852026417 -0.87487208822197471 0.057591090265136084 1.3105705596667623 0.94599234409615718 -0.39967762680573554 0.47550753857681505 0.64567896095574773 0.39092955226650772 -1.5188161999120404 0.15092402612081968 0.69825338977225071 -1.1644954555927556 0.076364847696554577 -0.33671479218117206 0.93038844286975941 -1.1401010832171032 0.82185258782209158
