# Created by Octave 6.2.0, Mon Sep 12 13:29:34 2022 GMT <unknown@LAPTOP-P0PV0581>
# name: Theta3
# type: matrix
# rows: 45
# columns: 46
 -0.091703580492077663 0.26877292790137858 -0.52193271317846435 -0.38951147386776486 -0.4503303330977948 0.51194199937954854 -0.39950664879680037 0.33605855821527902 0.49617493397771184 0.32013876721757173 0.46883758996041858 -0.27220447802546749 -0.43047779158005001 -0.14691210531846868 -0.25150722325957198 0.080170697996489501 -0.50408335763693146 -0.28601711640275507 -0.44615793462248698 0.28658085847610015 -0.29501657025005962 -0.13085260654386791 -0.4430565059926192 -0.76507169737345981 0.30305056355118221 -0.68771048305758242 -0.077257226485442393 0.012076761181418429 -0.29052449126960112 0.15166835141577883 -0.35635819835156157 -0.19321406325726467 0.64214933470570057 0.056509574102429086 -0.66850629456009969 -0.19458073232076653 -0.25230370690193438 -0.3509489247467813 0.20499228519758753 0.5058454784581341 0.026369393915609513 -0.39753528825452406 -0.3835259536677566 -0.2546724898967182 0.12200390603807397 -0.33895547464143305
 -0.19026264695869843 -0.097105130223220329 -0.16520607118141553 -0.57148511497957266 -0.2374387488154929 0.15963552268094355 -0.56802873111918528 -0.18187977117441551 -0.22167373711949942 0.018897617899962232 0.061118240399247015 -0.4510114786685992 -0.61850142774707095 0.20195868439765713 0.029889029370939287 0.7032641280855022 -0.16774342545671808 0.096457336251551229 -0.26116656230567686 0.16347097747991529 -0.31858945677083833 0.43604145043985859 0.071865139860742375 -0.47307249025028109 -0.46546451256886218 -0.3260398193987592 -0.51476611770174385 0.1112447706588494 -0.25195419677175662 0.17978114031559822 -0.24954272944433117 0.18467951239457295 0.057757637511231995 -0.29028250047750648 -0.080316468741955638 -0.025589289733697927 -0.73941787019541472 0.35285066932228698 0.13838987710536266 -0.33059709701541884 0.07656386824379656 0.024989001601915136 0.11863034528788824 -0.26023619828919597 0.098598322051183046 0.27164533109617345
 -0.12709876222081945 0.50213692879558935 -0.49303038270455168 0.22911813331216402 0.23887903094959859 -0.066505792236429079 -0.0023974616390966511 -0.27116799728669927 -0.35910384005087026 0.1934033074814307 -0.37095558965679176 -0.180595204514475 -0.036792946202641626 -0.10710988323099783 -0.13801662148786975 0.14663557301247046 0.13245692817185634 0.26374482373358171 -0.52147330607225595 -0.25737947523960847 -0.048045479274886699 -0.25295408881154186 -0.60638045728127499 -0.045423411994850969 -0.17268173392991776 -0.066233127399135588 0.18716348083593037 0.0069053517158304129 -0.36684131353647847 0.2672324488838228 -0.12427733934574262 -0.28223895156035039 -0.1286113152820241 0.17824244382650115 -0.09114492019179557 -0.078830198021583739 -0.53061551140626828 -0.23591422136972653 0.36640183481905853 0.26758780648023278 -0.096311566414425787 0.26576849893245758 -0.48854326343684346 -0.32832813388985405 -0.44410113064194168 -0.17202227324918776
 -0.077371298754009332 -0.25123863446044647 -0.2197880193144609 0.03225405948027775 0.036947228524981224 -0.036931953525050042 -0.21066687071874204 0.12312803972408572 0.021498208616221315 0.30533350642126361 0.4512063884154075 -0.53573396706514131 0.16116755125543766 0.30729558084759112 -0.026936265688492955 -0.091645200218092096 -0.38503297163314604 -0.47145271390872451 -0.75301998239794965 0.16907602820738382 0.08931924826617102 -0.36062177061585932 -0.29087448279822531 0.3986462212070031 -0.6508431721958281 -0.29196767390903622 0.43521895599631782 0.22098376373656872 -0.72130240492058573 0.17287369734450633 0.91746668444309343 0.035393199325334149 0.098078133665054357 0.55052783701450381 0.143014371155782 0.6130107666796295 0.72113203588303754 0.069568258982164677 0.42197497740574302 -0.40484431087280565 0.71457243244797075 -0.47774684844484988 -0.87645365260769581 0.011109327806053629 0.6179015988660419 -0.55752788864170799
 0.022217943317327335 -0.010505040252054778 0.4176435269111845 0.35987179021178967 0.42029709175520963 0.48554949343477821 0.32666333689689458 0.23764513250850788 0.35612551147050031 0.076699566270939046 0.49425250783690666 0.51905356456730556 0.37656564116202978 -0.19207051833222244 -0.019747359572317085 0.078155466096918674 -0.021423191903242 -0.22692518342651058 0.40108467014998017 0.16280291132258584 0.14159560516814082 -0.25694416670779896 0.15456843268303846 0.21969750343504588 -0.27878584171266452 -0.015212374083267189 0.23261436548728182 0.077087405288097668 0.60453394867310406 -0.10096779229074515 -0.021999572835180684 0.36279589570129861 0.40193953785339759 -0.2310222953009255 -0.13970502350902597 0.33629641833856139 0.30239439442932198 -0.056564338867987431 0.006713963646142674 0.27402672293406183 0.23766160801045336 -0.095776465646602998 -0.039822698337261334 0.022140365139788745 0.20782455219581814 0.016373892850810663
 -0.07597278095886667 -0.042584299410962145 -0.12557658881349237 -0.060569505665294961 0.26090300036168196 0.17686817088797296 -0.28884448536080026 0.14151461111565186 -0.14431269343907607 0.5429753712335621 0.13705447277044228 0.32542652997186544 -0.20770341087601377 -0.22821455329468679 0.25359399334251398 0.43595675035095666 -0.19035006320260439 0.14915541382256309 0.17751122744619033 -0.25062641224161664 -0.20790612575517353 -0.2162746943997334 -0.33431234477831689 0.03869831823616824 -0.75156777539702158 -0.23462362034538953 -0.36162011219498402 0.23585056091727058 -0.38148415509934641 0.27370089320700869 0.030604654830257452 0.22316880737489778 0.49730595780994447 -0.31279050641850975 -0.56675229288588147 0.54998972112370714 -0.56142388527808884 -0.030801883935651263 0.59725695636710574 -0.20198090481512507 0.24525983728250467 0.21433799485281474 0.18989862532824534 -0.43787280523985844 0.1627836270587722 0.54346241306029552
 -0.029600182314942793 -0.52075509630764227 0.1796331287265685 -0.25085025655501114 0.10019082604784764 -0.069517925756033744 0.19251935860507555 -0.30976059864605987 -0.1344001675888174 0.14910166389685134 0.39269517442162016 0.73571536740787802 0.094322409810835367 -0.80943243942150189 0.36290501239438633 -0.16909885714661266 0.12009158493899033 -0.7453896873575846 0.80470784803134598 -0.53401843825137785 -0.11690511445776899 -0.19565620266726 0.022819455899828235 0.053290046127262222 0.20779290431593039 -1.375732861627599 -0.7287649095487172 0.0058966904176883644 0.90146035217333098 -0.64528099562902896 -0.14186952168713876 0.12710231012757664 0.54479763049399377 -0.33999788346675336 -0.20988627263916523 0.088643410217166291 0.38577362416361044 -0.10077276182455606 -0.17345869856488572 0.18404376758962368 -0.36157305129150979 -0.28106339024882654 0.43219906878369158 -0.3828711502730307 -0.13710334596773607 0.59195428443473808
 0.046842871253827842 -1.0685577540736244 0.57364159566234663 -0.57194899854348158 0.052936080832622356 -0.17889111447593006 -0.47236227597821584 0.20994376680991966 0.26940382128957474 -0.25377995623679006 0.31074086845251403 0.61344389127915022 -0.50799509685572897 0.054452336976970987 0.28737552953858975 0.2820772791391879 -0.28982805363938863 -0.0046145535088044408 1.0070579208154651 0.0022033636759224858 -0.210623047318726 -0.0054603832796125051 0.53242528263081512 0.21725639257762422 -0.4315219402544474 0.13139732264543469 -0.9098893653697272 -0.45652800557395845 0.39594554253713538 -0.47267856918096968 0.22691117857364723 0.35037754004546162 0.67692632243812634 -0.5750129528517639 -0.37469339440468868 0.22904643410599038 0.5154195022696314 0.028676239315392763 -0.37919476622510384 -1.1760908942189685 0.020754007268930532 -0.087790861344285737 0.9618367265387836 -0.10195717794685046 0.45862514789770337 0.8187042690180083
