# Created by Octave 6.2.0, Mon Sep 12 16:18:22 2022 GMT <unknown@LAPTOP-P0PV0581>
# name: Theta4
# type: matrix
# rows: 10
# columns: 56
 0.23186717979131688 -1.17492746763046 -1.3326315165542166 0.60856308627011946 -0.58840638413388013 0.90860673266140191 -2.0492374517728931 0.32647624561666738 -1.3491165667311769 1.8991447726410735 -2.0185057672658315 -1.3720709642771904 3.2105291547727717 0.43684407356592153 0.99845395619518706 -1.7794455546448726 1.268291484942689 -0.82905305418658193 0.91330685266994471 -0.67597700598921795 1.2054636582167337 1.393626728507096 0.69462237847544195 -0.12354092209324727 -0.33124867187007567 -1.1200744367087345 -0.40972866701875343 -0.26300149577165671 -1.441061163742998 0.96456003507057753 -1.6654966522994292 -0.096767014792701403 -0.14029474378313311 0.15104712711681514 -0.13071388653331084 -1.2592285660892972 -1.5473203167767962 0.54323021933860649 -1.829680589671957 1.0009852464810529 -0.65121453065172019 -0.1750349559841797 -1.9487884765421839 0.64951723492207569 0.039564196317382005 -0.37382342862755658 0.050814322612818368 2.0125275777604217 0.888900068012906 1.3829223059738485 0.40978311843185827 -0.93467102925233914 0.54626700705030529 0.29189239428100761 -1.3274635212680952 0.37601337126875523
 -0.1448959657912017 1.0148954174871108 -0.056946843229393175 0.46670045943060956 1.0008512724508747 -0.59265262208389002 -0.74650648143374376 0.55093874310795632 0.21886175602864849 -0.75826043369576579 -1.7867726829734938 0.58471100195856429 0.67528399327410504 -1.2446376147151854 0.45210721314742952 0.75579694572270995 -1.5623834703582731 1.6255060472459795 -0.80777028470439194 0.73398421419730342 0.11150300603929017 -0.22446296867634555 -0.31652140579122268 -0.41372059546949791 -0.71394176677023846 0.43470585694344566 0.18360410738388047 0.22462728020523712 0.1222618530765054 -0.40699357105612077 -1.7698587175234795 0.30791815544575574 -0.066976961695490472 0.54991279394240455 0.40060083288897963 -0.57564624086718574 0.000347384491395929 0.093598399704770338 -0.51477173889698991 1.0730974090152525 -0.49065410351645861 -0.12173919988980554 -0.58094368851140976 0.72296743024452459 1.6185349634525918 -0.040114171204589794 -1.1356750412557957 0.27186830661716699 -0.051226082773700228 1.1915584491602278 -0.74496655704281889 1.5439956270761159 0.32785348749609039 -0.30148800011128435 -0.11837507158049748 -1.0310526507385387
 0.022029567867882405 1.1149411725797733 0.56748689694071031 -0.12081002975886965 -0.070991067215820949 0.98198901724319132 -0.36004845672755309 0.41148045943392431 0.3221713185560412 -0.81805048851236806 1.1391487113552381 1.8734341832490373 -0.38497946099517411 -0.65572951468124918 0.41798730812440299 0.047352253348188648 0.37182705513411196 -0.90019120140422881 0.6668486754226014 0.023610500148454294 -0.91507088272813653 -0.4854706789290037 0.042381801696448958 -0.1509106086803263 -1.1687314840171441 -0.47821224847778027 0.21773124928327961 -0.051399375382185454 -0.9812815883912368 0.81362762950587764 1.079349930718527 1.307632616751143 -0.56994986592308849 0.06458596701234233 1.5391685815673042 0.34187086347777262 -0.13449674517282328 0.18565835898337893 1.1112905886009274 -0.03841579494888038 -0.58753903421860598 -0.084536189859575964 0.56440875525225553 -0.12302165109310675 0.54366816964658482 1.3560460736754283 -0.28758678914478741 -0.043854940590417925 -0.37892352908002536 -0.8063170022867524 -0.429418595204281 -0.35134771799320447 -0.4046998563199472 0.25538024068551385 0.31575284690408484 -0.048145569939875649
 0.10282617174118384 -1.6117266758416666 0.18238311665714751 0.23712329851841404 0.2849938888730395 -0.28555582912149691 0.74851297786958948 -0.97308426718173147 0.26522215048533027 0.82100928361704628 1.5543699178170238 -0.86675556659389708 -0.6810047043404106 0.91200072020185263 -1.0249061192766871 -1.0637704476105869 0.95916684643821526 0.19412513721671912 1.0044699785433755 0.041274817163034029 0.95794173090976553 -0.47620997639144602 0.37352302444010715 0.72221176541091037 -0.37237244719268997 -0.29076036821451878 0.44388626769626255 1.4433215682450797 0.24729190918393923 -0.15902133160556889 -0.20817906309577658 -0.34420775351248983 -0.23021823961726173 0.83885119970258049 -1.044341429100651 -0.89951162563250475 -0.02447576863522917 0.077734010106380008 0.58320920784551011 -1.0346343492335393 -0.34868303036036452 -0.38376373097537486 -0.53768535651049332 0.22192218684860834 -1.589223245038889 -0.29641009438739507 1.0785571325408874 0.39717751101357074 0.26257060651039021 -0.78655001091164867 0.1768871767782032 0.67089115330698945 -0.60612597226599718 0.38291809782303771 -0.32435398264712351 -0.52560918444460758
 -0.073785298857274917 0.47857325181394406 0.53181015623500871 0.049575312959654859 0.39890241493630779 -0.17430774528024087 0.83374459725696581 0.6164497246747398 -0.37530064847015476 -0.70111436903491264 0.42566399510889802 0.64210930700005397 -0.99695822989504979 0.41314860602714892 0.80081385373127523 0.45031316599701021 0.14338525440954608 -1.1190216517949383 0.097361098363672363 0.13921151902353668 -0.1934942501384608 0.52298038894354637 -0.12940692917099339 0.32477668027588846 0.18222264191473542 0.32881166053252653 -0.61742210193480551 -0.095457479097917311 0.04607004385267667 0.17296400418108179 1.1877153260660169 -0.27762591533004954 -0.1220081389353599 -0.78680868905334367 -0.58193118001634003 0.64046929366104344 0.65974287746417259 -0.44203564003109491 0.41600810602816779 -0.28084651696746588 -0.17119814838977843 0.70750230977081707 0.95439433685176789 -0.5886378489918852 0.19629004281954565 0.62719695199750092 0.38724284228232719 -1.0744304963767917 0.3135920898317418 -0.82959881184979112 0.15176732757423869 -0.50477026140848325 -0.72498369574297683 0.49831505717060798 -0.025415934735642066 0.53725647676848387
 -0.23921984010948105 -0.98680140114739945 0.2070153432672335 -0.044460463446897525 1.2227956650773515 -0.58222022376182891 0.61650162693629273 -1.0329461291014439 -1.3134861867917043 -1.6747706937551736 0.23303573135086963 0.23049387170822488 -0.21243165575404521 -1.266720688786942 0.50917038721247398 0.86735825344929574 -0.48063644202525008 1.468541307970576 0.35040738986331438 0.82139250524104301 -0.72464612301761666 0.19655513173047662 -0.4162560404991737 -0.39816991489700093 1.3854669671091804 1.32754593724648 -0.06164970042366711 -0.82848204099954226 0.68918555580470076 -0.31804981676637073 -0.31241954263927313 -1.3964806234679117 1.8285659467540389 0.32130603121810003 -1.1060674479447978 0.72921334368874502 -0.32251330750474316 -1.4847995948825403 -0.64872542611586925 0.53583670267724859 0.4331169734124653 0.69356644300685066 -0.031006657757403969 0.20103640495071012 -0.27068906904302403 -0.92530722334186533 -0.28712682495846215 0.22932366892345421 -0.065312421777476162 -0.93541614869438028 -0.48790761956980944 1.6550775784716847 0.58194287465463923 0.12695810800244348 0.44664115017849026 0.036895745596402171
