# Created by Octave 6.2.0, Mon Sep 12 11:28:49 2022 GMT <unknown@LAPTOP-P0PV0581>
# name: Theta3
# type: matrix
# rows: 15
# columns: 16
 0.1306597323796089 0.20028158660305581 0.537615148749787 0.1273918480726742 -0.76130736138507227 0.37677313525858153 -0.54172434191271168 -0.74971701322808726 -0.35705971366516959 -0.58766036644713571 1.8699481601775916 0.32734358853690704 -1.2906919842808975 1.6214838062432175 -0.42779899646609471 -0.13257086918106875
 0.077043151317365305 -0.9207043524022317 0.69137537527450155 1.0889881689390715 -1.6846538176796202 1.0859184051351698 0.90980157952830543 -0.60472379757776562 1.8574058773775561 0.45923866255005569 2.0838527612639748 -0.34789722262110823 -1.6093221409554377 0.59912600390726134 -1.1324153175348874 0.80565692768029051
 -0.42222151708904238 -0.06172586955558669 0.1243112423300512 0.48314533736407717 0.41635290823438653 0.34888610733377284 0.77819323211462332 0.63436939285969773 0.54963440146278564 0.82322468194669474 -1.7370266895348963 -0.055031833154313911 0.48819334164250638 -1.8214419175585919 -0.12748618030556302 0.34468749901770029
 -0.49518607824906463 0.78471547190228208 -0.2103404190933488 -0.54090308525235886 0.21527096507779347 -0.21206581313935061 -0.95708519688427918 1.0191395751967003 -1.7645376053509407 -1.0626693718614537 -1.3555284275849513 1.0683698964072064 0.33948532030521716 -0.055438118041256312 1.3441438921774245 -0.71948763064936572
 0.57247972976898753 -0.84899126683226223 -0.50562620931689517 -0.51243039996847839 0.62123069641836171 -1.0200215383447366 0.04795239199386063 -1.5821453201994127 1.1834470760119216 0.57581363949664066 1.3577353750687111 -0.71456382283481712 0.62234024498292029 0.93001723546223647 -0.74499151092857629 0.31468720331787725
 0.51344772927412874 0.54009047471601423 -1.1183856035258801 -0.788203309265604 1.2462109530726333 -1.1544990270447635 0.29048890958544871 0.2975636020364934 -0.61556278245462093 -0.32369064038737694 -0.19923458207150613 -0.5720032525448665 1.72522979060535 0.25776937397923916 0.27459281953454967 -0.32855665012921603
 0.36608395946791716 -0.48225633518933314 -0.5628917851966323 -0.33590695203565046 0.58900123449404096 -0.74999832469457439 0.40655014727300143 -0.97335459363332111 0.53298476218261137 0.20278537953077999 1.0792897068613667 -0.69404296727344661 0.84343950177181026 0.58885183149952147 -0.88707981803772429 0.22535873989895494
 -0.16022687485420681 -0.026520494800200942 -0.92758058049514469 -0.27135479931257928 0.55715010434600476 -0.71460693693325239 0.72100299787380706 0.36771109435116128 0.69362625474050754 0.51441831152049367 -0.46589453756718813 -0.43414357049373897 0.79800369553068407 -0.58379512987942606 0.23290426005545911 -0.2895107685799681
 0.34169701143870757 1.2468120943127379 -2.1058023793676529e-05 -0.61910414424542226 1.055683584660164 0.026177421106343399 -0.93658394746392737 0.35211764013772057 -2.5581486645259224 -1.7348750458664608 0.50644926140306423 1.132057671369856 0.31295645976957609 0.8111768494582321 0.51074933958548074 -0.71313069330041245
 -0.29108561947079048 1.3004411458942342 1.0409001095040975 0.74760664464434212 -0.72242434924958188 1.4412831640364459 -0.052309936815052589 1.9872894330401474 -0.42752003094571916 -0.30182625126388996 -1.0685875099896842 1.118010003718011 -1.0464177482280259 -0.66042582672832684 0.89158054444282764 0.42838901598386314
 0.089343507365337138 0.069072853377128693 0.42375608772615631 0.075657218789799099 -0.4295662548839807 0.29483671302220876 -0.49739724370201771 0.26064347002825633 -0.51722853629977017 0.19690619221855588 -0.39048301579649819 0.052927761687660932 -0.18588617519375256 -0.023684373906528337 0.13514123997955638 -0.1737667359835878
 -0.029805986236494424 -0.37430165925079534 -0.53593398504820633 -0.30039959469065342 -0.057954929836823182 -0.52177317181447957 -0.071784048066192888 -1.0056493969595499 0.70393193770269391 0.28571840458194719 1.0597235231613655 -0.16391267165478249 0.012232374022362061 0.75439589727081591 -0.30377981232402412 -0.19819903811607303
 -0.32882314016873226 0.11618146802013998 0.3663853208687588 0.25782090721067702 -0.10694842515927072 0.38606898440302539 0.37984707255159417 0.9864072219847797 0.15824719886425812 0.24795674818280428 -1.8543917779399326 0.058154785524098043 0.53057604712409001 -1.3737494500903509 0.51131299954145992 0.41315778729889946
 0.30667610648103211 1.1981582841129923 -0.21436633526456667 -0.26488920297157942 0.96573036013516622 0.09313736359319974 0.37381187586541997 1.5948428901130909 -1.4461395974669147 -0.39172268100602209 -0.99460240036177472 -0.41985836459068748 1.0100605847690778 -0.57037322927833045 0.42351597334046515 -0.41680426035652585
 -0.24318796473053669 0.3861541066721389 1.1271896360340499 0.68603533767605873 -0.7988954169227811 0.95955735191643676 -0.61156077755037519 0.70748270349254805 -0.158457730048916 0.14542746657949607 -0.96589255053997602 0.67787646460130913 -0.78738090281240514 -0.45228431880216474 0.35743569752769633 0.37356490839688694


