# Created by Octave 6.2.0, Mon Sep 12 13:29:56 2022 GMT <unknown@LAPTOP-P0PV0581>
# name: Theta2
# type: matrix
# rows: 15
# columns: 16
 0.17944548022981002 -0.64758688775713102 0.062256382402012755 -0.92792849731336824 1.6979171096844483 -1.1725164767332281 0.6316426902090938 1.7663573905998518 -0.77402722620293596 0.045644209885581634 0.10710830800193265 -1.0967925846581739 -1.6279410093368161 -1.0208485301821086 0.30566842490231266 -1.4167037486093728
 0.42424709393638843 0.62642076831774829 -1.2504344888078776 -0.96335585485079045 0.99688552941000241 0.64979400986540314 -0.7409939719216917 2.175800005824887 0.41786239517510571 1.3138495958541403 0.14115851778779426 -0.33168901952352159 -1.3963532514237402 -1.5967637335300149 -1.3597459167508508 -1.5351849705639455
 0.45273252480840465 0.080663219808247102 0.40093729087850916 -1.4545861031291667 0.86211736733215205 -0.14559114539040699 0.2012791322556142 1.5028163249405984 0.49584217094234562 0.95250988786555646 -1.1784518693346455 -0.50502876284715048 -0.95711441244781781 -1.7055466426739572 -1.4270449517651971 -1.3436494351823078
 0.010124407625318027 -0.09364410132290879 -0.0021229371888966493 1.0844093453762029 0.016254386796402481 -0.65980280692710847 -0.3318758276903771 -0.43659294320054842 -1.3543189935476279 -1.0404215208776582 0.759515180372209 -0.040547036126553332 -0.21733426410307097 1.3136165907191748 1.3913668786850915 0.89461902999453946
 0.091913617899247887 -0.51551673253114405 0.71455051015082738 -0.45499759321097377 -0.22632049775629295 0.090093206185409391 0.91606314149118806 -0.22160302370050389 0.34634013551125653 0.13459789050204898 -0.56156141577192364 -0.5286329359607157 0.30122562116013823 -0.39212303975274237 0.44960606803623909 -0.2280982739770821
 -0.067501516444509635 0.23262034306777102 -0.74190065993585053 -0.25341295855487506 0.016841862370060516 0.60799456256600426 -0.3600233315113236 0.63344958930749373 0.076016256488556894 0.39190898100463956 0.33438887657741834 -0.010434851410629617 -0.0080598666453896694 -0.4266700842629958 -0.68068685861931544 -0.20335359962016367
 0.1882701435636194 0.036147173373819154 -0.29357162589275509 0.17773316816707185 0.90769957382223354 -0.36997869026464059 -0.21172941295881187 0.64557071967393642 -0.88676322822380715 -0.22939007342709211 0.46147670375682787 -0.15710281648577099 -1.0940947265687462 0.21434198728646786 0.2863547891019137 -0.65173923586932603
 -0.21488166398971248 1.3351069659460331 -0.31556677547550704 0.82147712856992861 -2.1640581598024493 1.0149935721390351 -0.86182419967165114 -1.4198780805486835 1.0761745826929263 0.75860918107371778 0.21229539039089448 1.119227507401827 0.82695373197537825 0.2810791112235338 -0.65923401161394657 1.3889913699697467
 -0.05685166885042231 1.0495088191581503 -0.6992803037560702 0.29662649784744582 -1.130917643267469 1.0342802797114605 -0.88500223236613373 0.0017990545374270595 0.87464733271923878 1.0653797604817836 -0.15112490479400245 0.6923221407483483 0.70813364452546812 -0.52876478687926332 -1.3487056196867724 0.87313335427286165
 0.2236774452235655 -0.60230818864254765 1.288091313375318 -0.9136653246498041 0.72782364616678741 -0.88296841035679308 1.1535328811760159 0.43424674763911048 -0.0064677916261589412 -0.22760872472702293 -1.0810732379381427 -0.70652879470924723 -0.34800620703857721 -0.45714211193796855 -0.38971181807566424 -1.0018713309656371
 0.13297158268911125 -0.0098287096379004769 0.6923294089435682 -0.94330610727166675 -0.61467654874094313 -0.034869778587982278 0.97820895176214429 -0.15722005754082269 1.0915071095756699 0.96204639293432648 -1.6943410075730883 -0.068253665106904712 0.85178523767694536 -1.1195053948304134 -1.0856755504705542 -0.13712893361869774
 0.051660186687892302 0.73725873584295953 -1.8635176847248636 0.97052764777011802 0.0010807840127304335 1.0718132206852045 -1.6299148357854607 0.84075319875416055 0.11488859508139171 0.78397657756320049 1.5589451461089794 0.63727485479075807 -0.38676660302520433 -0.16300632557797817 -0.19754153285046566 -0.04436460046963947
 0.082605013884627723 -0.54513253405983364 0.32227123715821493 -0.39185834811549702 0.38744385135850884 -0.16129767670389378 0.50951541476860762 0.29516674976776053 -0.21470519600657323 -0.36974994988859888 -0.11374431105544977 -0.2500428607705204 0.19596665484487188 -0.22456854833939158 0.27822660432804419 -0.82040168936610292
 -0.12591118882025415 0.17924023829294888 -0.25890812722255913 -0.86606352066648951 -1.0414892540633738 1.0672015471779974 0.57532200701487168 0.11051974133764937 1.6921773717661512 1.2155147495325631 -0.46455634168300586 -0.037369261593405576 1.0659484018484344 -1.0502434214769498 -1.0335401139646145 0.023620414541513209
 -0.30531149202776175 -0.19992247334544713 -1.5677464727744364 0.91955465387548618 1.6087648692201086 -1.0205105301374386 -1.0842218776727062 0.47023697380720192 -1.7672585743237592 -0.58036286611641708 1.6765195142421643 -0.18990500841253669 -2.1013247734514695 0.50437157854078019 1.0217743519429456 -0.38939586459877784


