# Created by Octave 6.2.0, Mon Sep 12 16:08:14 2022 GMT <unknown@LAPTOP-P0PV0581>
# name: Theta2
# type: matrix
# rows: 25
# columns: 26
 -0.020233083823719918 -0.17632152037983756 -1.1198746704920055 -0.50330406316805609 0.44297098377754263 1.7941745181663376 0.20482976907210837 0.45192276701733042 0.070476116143582013 0.051719308867383962 0.07352825274988023 0.29927252139594318 0.13021513274485624 1.1153898625579575 0.94953916880655254 -0.82843585676060572 -0.83512911976730475 -1.4919603238687051 0.36293754903635117 -0.9871644153291329 0.080662989285954001 -0.23632723116079027 -0.55100332192398671 -1.6330261981818486 -0.11952751405862035 -0.30679330456885179
 -0.072075144973647878 0.41237669204046806 0.61860000395587744 -0.22715842736406691 -1.0337693560277286 0.70168904801256382 0.95328207261702902 -0.46646206596185608 0.16476610546343629 -0.50086808840480912 0.47897442979074295 1.911881300034961 -0.23596997612326046 -0.58867424463492601 0.20243272771873405 -0.19766375146104015 -0.19914515722672035 0.39886003878760545 -1.1212993677384437 0.090851055669357944 1.2153854255038397 1.4055517206380039 -0.41400304520891196 -0.84320690174409574 -0.11259187437210533 -0.34596993655175873
 -0.22694944469795697 1.1567757174769797 0.29535560377545722 0.72903094464366947 -0.56226861795726935 -0.61409573702987574 -1.1635889907947334 0.039775373123395782 -0.63061932191486181 0.18344916157225 0.47733706087235128 0.63584879802445349 -0.38557145361786188 -0.74376557959307554 -0.00017499934721808505 -0.32059435516047313 1.006708847870857 0.6983389529288403 0.21324218010916929 0.82252351080793829 0.46300526197123115 3.1189012191402083 -0.96342009461216904 0.69277647450783753 -0.66127762520537381 0.62579784898023549
 0.075721576508105806 -1.6397201536661921 2.0883536430321836 -0.075961380078293325 0.80435420427556203 -0.021882328925180827 -0.0076119143938678498 0.12356550221765876 0.29590365425895521 -0.012347593272554679 0.50982581362858714 0.065698579165878221 -0.011241279063431885 0.71308845470709825 -0.56951384163782515 -1.2508710779629855 -1.0375325295901645 -1.0067303877168616 0.76102426948304802 -1.4237890097806201 -0.46753385505599454 0.059836966698903607 -1.629517076759136 -1.2958277972949208 -1.1342902494138152 0.82187361539174431
 -0.074489045039795393 -1.8948169049795007 1.9303053142190323 -0.25234016912435442 0.54240926604569129 -0.62941809992211595 0.53281595135696203 -2.1551539220182714 0.3878409240879957 -0.44963020708407608 -0.11088794540264019 0.79555883265238336 -0.27336465823949829 0.91806160950948956 -1.4121275127173063 -1.984912875963974 -2.0560628783039436 0.045660388018041745 -2.2610951696196975 -1.7107727051740564 0.046715433455713461 -1.2529023663202035 -0.54610501164530112 -2.6593395641891346 -0.76884432314861806 0.32486814237418837
 0.06026503155046075 -0.62836189536692544 -0.76316755341928932 -0.33978944669587924 -1.1940480588377016 1.1673231086177289 0.4595232611353709 0.82980336577781311 -0.23006070741433926 0.60801314265317952 0.72301184423341502 -0.53048563124019177 -0.041741304888221566 -0.20734028001348154 0.17671835042667194 0.0030283893190538595 -0.052230570167186186 -1.3648705646467121 -1.1990456582653601 -0.078909816658977491 1.1667889521253585 0.3137170475749253 0.30734484610383056 -0.24058349133842069 -0.15998064414077248 0.12380870027484289
 -0.11784842243079276 0.87101919945679707 -0.17443426420185387 -0.022673211223177701 -1.0207505268367463 -0.47028776461616789 -0.73620716543857345 0.32470974539961173 0.52287566789660433 0.026806388478937588 0.45148281996704592 0.50164606001610423 -0.23415264438067657 -1.0375862094874135 -0.32741383724878109 0.98418524052531331 1.2673977507129877 0.42489819477908308 -0.43617929142473344 0.78524415327707975 -0.17433765937277113 0.80373090826386651 1.6784890743130361 1.8369284964621613 0.1518260666218238 0.0095977837252058627
 0.089212691154785667 -0.044383468441968332 -0.47976560955815856 0.55876907097468476 0.5054010022934341 -0.90611786210551015 -0.060304477489393105 -0.41448933742201766 -0.52682352995436632 0.12061280963769666 0.19652953029563416 -0.81382923938341412 0.16559075943803361 1.7253124477822512 -0.75906820893177063 -0.95500537959270004 -0.25085606241065828 0.12912814189445418 0.11273768607564784 0.25409085314736085 0.053715010177942411 -1.7513126083160924 0.80620919464648211 -1.4088036573829388 0.75489280520185109 1.0849911508782835
 0.27254298105300329 0.72586061782672706 -0.93434237556086419 0.18600963231502179 0.0041279358476850386 0.56717040910968108 -0.087660826896426097 1.5354107694211629 -0.21301164980560255 0.40925705465188111 0.47309367526061835 -1.1691022325226208 0.43080733509632374 -0.14879896901176762 0.5362338665041706 1.52214797442631 0.78482660920840919 -0.61983415576300671 1.615355081072112 0.8810804643145409 0.54647659515755209 -0.052314120008232483 -0.13065442947072237 1.0900875902476919 0.64605351257997701 0.11917652833134709
 -0.22186827538040141 -0.32031519721182505 0.35323836040432566 0.033407723534708306 -0.34396354916464544 -0.35606436954594661 -0.19899822953664129 -0.75709120802453278 0.59614985437347501 0.21860626821157167 1.111136489613878 1.0364238533249741 -0.18287420336238477 0.42130253458525146 -0.94025072604006354 -0.37923957652322665 -0.44110706197242383 -0.66365780778995898 -1.791625723793963 0.0051328430517460534 -0.76997787131342932 -0.80530113760700106 0.55772480896594079 -2.4351140157383151 0.25595654773686899 -0.4565764365456409
 0.049025011770878181 -1.837326216353335 0.75324892368120622 -0.43530966572505819 -0.49480439138721094 0.2524276346151918 1.1972732774584358 -0.04415800764703965 -0.33737414954068373 0.2581594465851465 0.84594075222038534 -0.31779664228053411 -0.18828265976801381 -0.086934690251072186 -0.2502057668015879 -1.2309594086847242 -1.0241369558576758 -0.80751048596640551 -1.1758608625341245 -0.80482664560261385 1.069125701280182 0.59761883912612124 -1.1623647441959246 -1.7209303551482329 -0.663660431727361 0.5507875185600305
 0.33446357342233957 -1.2623369493412098 1.4530601325641384 0.12293097940634987 0.18679865604275231 0.21833338371426655 0.97262278830511506 -0.24424182862139371 0.54313864822550639 -0.28931049160102035 -0.88656072913203787 0.074353367843125004 0.23685185236124875 -0.71634134026108887 0.47312234837959688 -0.01431646265797048 -0.6427368898186413 1.1736122203333919 -0.37657447423055052 -1.0099225311715732 -0.31139766098282889 0.39186720511914297 -0.2192491979954562 1.0237142105440931 -0.38622133255912405 -0.032609561435544651
 0.076542879295728339 -1.2865501530841803 1.4496488019900344 0.26516161648624648 -0.41932052377145723 0.16663175505189556 0.92854965694492297 -0.75366992060513338 0.52345591020030346 0.44936937599797189 0.092220220644700132 0.98725914371782142 -0.22640056190576069 0.38077801129170924 -0.059915679221247721 -1.3945589782414665 -0.11029903905325157 1.4301843751862051 -1.2193629736232268 -0.40717316887922556 -0.011938868163365295 0.74648066490696707 -0.27980357702721259 -1.1387777185147434 -0.070430447309583047 0.56623321010969663
 -0.3137126181084558 -0.12250135848646197 -0.10073474609706984 -0.12013253941866427 -0.36410597036032366 0.36275356010975246 -1.1349718803744016 0.36689373995466251 -0.49257676524620031 -0.064320084789320928 0.35352449664167562 -0.51666174773355977 -0.24624656846123008 -0.49196440754671461 -0.25841857357086923 -0.20290100124993155 -0.26611673321045448 -1.4598861978509212 0.34978066639105976 -0.50107957486653132 -0.16048012265009146 1.1294490405287503 -0.82178206032468903 0.41801945398580892 -1.277262491771554 0.082433040861783755
