# Created by Octave 6.2.0, Mon Sep 12 13:20:11 2022 GMT <unknown@LAPTOP-P0PV0581>
# name: Theta4
# type: matrix
# rows: 10
# columns: 36
 -0.36784564915213908 1.6975489400980694 -0.24261991498701577 -2.8234823480908511 -1.1385071777933489 1.8181996747125764 0.012961514775627275 2.1053008437372496 0.67451883962378145 -0.88990284157874566 1.1338132440836319 -3.2801197024702726 -0.11635629810347381 -0.21637144109124662 -0.80957143111261132 1.7800459296501652 -0.48324135993254219 -0.79440544292468618 -3.4199007259453054 0.90223966874872819 0.57436835902323535 0.1566666855971135 -1.5574455782639454 0.25538789828651992 -1.1536089802432383 1.4245993893126396 -1.5520111750270444 1.6796817526976937 1.0762581738952168 1.6916442886890626 1.3631836216223256 -0.3122093920409636 0.53459484771148003 -0.71199887399340633 3.5678607691969435 1.9560273293192934
 0.011818725128844701 1.2029556319905537 1.6368657191154532 -0.073376955246403669 -1.1844662553423646 0.35580031616089092 0.64011708394833045 0.29368993176256686 1.4293358690156655 0.68346594001350802 0.50554895552632673 -0.30779129464868116 1.2590060511112142 0.064466378354535114 1.7682264817510602 -1.6834695663069528 0.91975439008273485 -2.1145807804652588 0.097894119391189582 -1.2889431412276662 0.92486098334235056 1.3647457882079468 -1.6332710569145052 0.57663431510597207 0.8427101096051105 1.4242526486129889 -1.7933196184735649 -0.53502272111941473 0.27611265368075 -0.76187507323685277 -0.67411831437783865 0.18662463689453734 -1.5705433097074235 -1.0963886035191062 0.13568388763135267 0.64308100878874375
 -0.37202338647267175 -1.1460626621047578 -1.7208525937257049 -0.63934515169680806 1.0399590998912795 -1.481279914177678 -0.92537197040294361 -1.0819745896204684 -0.41738970680044851 -1.6468471772829438 1.3880798643591714 0.046327085164537735 2.0755876586937139 1.0659310536750055 0.77240619938626121 -0.83801756447927389 0.15489530518951322 -1.9035781411519943 -2.005959445634061 0.59188248677879296 1.3623060944823142 0.74264208528694486 -0.209346519839373 -0.054262381963354672 -1.1849517426438299 2.1567376735342521 1.376889685013392 -1.3428156297760141 0.23649635695074178 1.9301199463389378 -0.47146860070534125 -0.52571071846980011 -0.24318459536423204 -1.3902016532200741 -0.58535657178165823 0.53051965680617374
 0.21337052608738943 0.97300694020468581 1.3050307751372636 1.5261818080241598 0.93463065860639816 1.0485211687162488 1.1368004803384371 0.3611731230587566 0.34996735016364866 1.0323973341943771 -1.5942572376844106 0.97761067165589155 -3.8756977118739759 -0.93696330043988529 -0.49049668020857323 0.48507424382281894 -0.6951298332022785 2.3290163888676312 0.82489120051040898 -0.73021715411178967 -1.1235608112736519 -2.0421559621863348 0.58721089055985554 0.22239179353165858 0.066515642507113934 -1.0308841989435396 -0.023855882985929711 -0.033460292872428153 -0.56700467446459279 -1.2341151505548751 -0.1198024181512108 0.11543545595856874 0.086116272323349577 1.800075819665135 -0.58550345427043271 -2.1615230003006825
 0.30537615159846709 -0.71782725603090103 -1.1959597266973627 -0.09751840397627945 -0.11346217270775627 -0.34637027746101434 -0.13117599846798375 -0.69182571636355328 -0.86200541170243361 -0.88695464041627803 0.93672839145184184 -0.040553909119702941 1.4599933382861552 -0.30345544248737694 0.17470672547102301 0.021693516856080019 -0.088160452453354299 0.040976412128989982 0.88496347586481627 0.043562585326554631 0.57264305564485385 0.6145097908872561 0.94725122210145296 0.031877124734279769 0.31535673721542645 -0.26439668314050618 1.1018370127562525 -0.022149517380500604 -0.46654040764594268 0.17101147559192859 -0.10521588636804655 -0.27556763596058936 0.41973447774441275 0.51212156019721089 -0.53963010869913963 0.082734871748595951
 -0.41672791645254814 -0.37644685344840206 0.0022668450881820875 -0.47096598473889628 -1.030299303618573 0.70814169824174034 0.33966927761573812 1.4802396863825606 -0.66890402319431097 2.4927244801656201 1.4794635703763974 -1.0486117520028675 2.7145527956734798 -0.76823477981975963 -1.2783817780015085 -0.35526996781625925 -0.074451114025458801 -1.6573762098045923 0.38362508795029671 -0.71099433805455137 -0.2687910611667475 0.80147172931921085 -0.099151722479716348 0.41406659589888406 2.4975457505518048 -0.06603808513432767 0.33679103863950433 -0.083008786586376546 -0.45404446839166651 -0.54581604277637452 0.49715415709892058 -0.6185070216079116 -1.1489388781493328 -0.036788620139304326 -0.0099574838203145919 -0.6045642553346966
 0.54463017378009493 0.45511920592281507 0.84472562653125305 0.97259403399316124 0.91019510774722923 -0.74683438262576929 -0.50575637038358112 -1.3186553040417597 -0.81083500634591599 -0.73225787742721116 -2.2396135664121637 1.9035474017286189 -2.2481932792702368 1.6588967382674726 -0.14820189371320552 0.47392546100026245 1.1347504922437122 1.0621447385869001 0.42620130596768963 1.0086181838311337 -2.0242116211789489 -0.39841072667734678 0.20958279219308856 -0.60509360472349283 -2.0728374861948056 -2.2143459239235526 -0.24843185189614225 0.39752646944977954 0.970222713545839 -0.025894805696774079 0.20409158127711802 1.6915949187947437 1.2632061269013757 -0.41693694736655962 -0.50581162016422687 1.1113800290613547
 -0.009173590074942041 -0.34446325105112474 -0.12178102835692661 -0.30043181031926458 1.0198361610749345 -0.3760058955633197 -0.46536089556406818 0.7735702382970171 0.95048885523496285 -0.90986050135659846 -0.23860732770499868 0.30386048017270206 -1.2872992327107522 0.43507523852647212 0.49600619455507478 0.045938354459847952 0.53829492775999432 0.75258639065206578 -0.35681664917449574 0.44676833470863986 1.3521661863654788 -0.20714500147249368 -0.44147928811580028 -0.65472596216720269 -0.92782062363009554 1.0121867245621594 -0.14303772909992102 -0.63783484955424619 0.68555402205077332 0.41861013435656291 -0.31781754992209643 -0.41715758156995736 -1.1980440601852547 0.38088690625470384 0.28635494723732025 -0.53902223247431036
 0.31591134176287439 0.62692695836296231 0.012859920170846407 1.5263861737282671 0.13500733644503185 0.017883743449428748 0.17134278485312951 -0.28494724834085094 0.36568562150220058 -0.10763314555791788 -2.6765900645112688 1.6769115984782248 -3.1085640150586742 0.27737033354810037 1.1903279340093 0.253834812147397 0.44195027657185931 1.529149478885202 0.8272773974257015 0.43575069480184747 -1.1941628920949858 -1.305207400327324 0.56648273251460679 -0.61915576702335784 -0.62724080254920955 -0.59367715006662924 0.057586124306307176 0.40820504481938102 -0.75908229321931897 0.22073478403160843 0.39248434745900862 0.73666183856162282 1.2817474635419375 0.91198105538505703 -0.6907917444202506 -1.2820444973843119
 -0.0848784880519243 -2.3433763682913873 -0.44063211401347507 0.4411626250316078 -0.78535146584785775 -1.0753244345483615 0.022248664893610666 -1.5399852653112902 -0.79855756789978516 1.0080725874318002 1.3350001959230282 -0.33449684129231155 3.0476706839062953 -1.2947175616469597 -1.8108247084825742 -0.2826669116647153 -1.7955525973859874 0.83656405960118629 2.4695297698467371 -0.71576275881356144 -0.029963591818105047 0.18352524140606538 1.8845840583827573 0.33562617430459746 2.0537141303110724 -1.9844102440065305 1.025015866723145 0.082258706851112959 -1.0031011971528807 -1.9896231663009392 -0.43085842771630911 -0.81759273146396771 0.4811042276116323 -0.015775328868615705 -1.3372448954284653 0.26468839879221712


