# Created by Octave 6.2.0, Mon Sep 12 16:24:44 2022 GMT <unknown@LAPTOP-P0PV0581>
# name: Theta4
# type: matrix
# rows: 10
# columns: 36
 -0.74224487275200401 2.8331428952097641 2.1996631344587891 0.69197220903456336 1.8474024418958512 0.2284464935519549 -1.3747443761492359 -3.1478006585009446 -5.5386617118957817 2.0904249135966912 1.6079187294860362 -1.1381564151723969 -1.9228694260207164 1.3013018504594089 -0.38454730467200515 -0.35977791145861682 2.0419562245482954 -4.0371748552273825 -3.5869676837771092 0.78799378920349905 0.63587636424968674 0.17027988972629626 -0.80229710936181931 -0.81449832050310633 -1.5275129489639583 0.41567148505562629 -1.6703198103869124 0.39233086896063107 -0.28579619984517629 3.3780978084716842 2.1757374251631081 0.99107721873162768 0.11966612295579968 -0.50842557322988668 -1.1381623984028064 1.0176928668808192
 -0.33592559206411016 -1.168556106463065 0.0054503039636735005 -0.45822572721462718 0.58379642308521607 -1.401603173249258 1.6975174866836407 0.83745175832378571 1.2210442855536199 1.0824278620314756 1.4474335882657938 0.9966810974425695 -0.33959653559054226 0.16035457313835014 0.72434744969646947 -0.56836769858660974 0.94649385871645086 2.9468503494001239 0.32015022649995156 -0.79999787478360362 -1.5262948849458722 0.301799709274161 -0.24788850192722892 0.28087606830568185 -0.6762966905897172 0.67768376763395377 -0.1503926518170802 -1.929219486887215 0.050800243799329653 1.0238881276762652 -0.61730856377485022 1.1222008355173283 -1.2307688791018601 -0.54632412182558765 -2.42662678037905 -0.21444213716808153
 0.084163883374746506 0.87133176295594295 -0.75163225379112963 1.5410769882019826 0.17061866083266408 -0.84824800681208001 -0.84145402708478745 -0.38758641407225952 -0.43771987441095378 1.022271281401506 1.4286545339274959 -0.00049259201502724803 -0.88329396586044473 1.9857727041751168 0.24638534100718212 -0.37868191160223469 0.54599216038212484 -1.4804477780164493 -1.1289601883403837 -0.18524961414662089 -0.88717353413212974 1.4314658131353553 -2.0899907202189167 -1.5984963966192205 1.0151641980020341 0.29449779806722115 -0.44260805463547959 2.2040821933481687 0.45063578177878294 -1.4598401570934025 -1.166644707267424 0.37456518163163699 0.49402742904242569 -0.88550993798035693 1.4441210973574821 0.016326660232240223
 -0.48773125756552188 0.079288350563559651 1.3528216408910843 -1.1333561139333761 -0.46399362519564863 0.96566640855047625 0.47584890987384193 -0.53398865818006813 0.52141236588817619 -2.0492658236312415 -1.5250438839759985 -0.87932034168772877 0.98572142609790969 -1.4540606940010721 0.89565381438413372 1.2844869151380411 -1.1462228542062716 1.6451252246507806 1.0331435938411802 -0.0018273929397906302 0.44327057389226771 -0.21228214200968848 2.4441811147405086 0.66415312680156879 0.11944584335349923 -1.3959201718783181 -1.7964587034651007 -1.4099423313340984 0.46768751758993748 -0.22939227128460524 0.97273698645877482 -0.16013601907403899 0.54502417146023197 0.842142213285756 0.21462027078805712 -2.07939466129144
 0.33774348854480679 0.15545273666874565 -1.0494274069881793 -0.12972051241766533 0.099520697580123565 0.94391996531457445 -0.4113762264691595 0.10842517585594402 -0.096135491011838103 -0.78546802516693681 0.10095798136569671 -1.3666982337448028 -0.10458341648550087 0.32660930299911478 -1.0679297133647223 -0.77517979686347693 0.79617127194927051 -0.9296811917344171 0.30815878327174445 0.0062209488489911183 0.21586925897180273 -0.55674512897755835 -1.1851483175357946 -0.62431055536959168 -0.0075181919577468788 0.93953391402730813 0.88716066635535196 1.3876139265522043 -0.36977641260022459 0.31012294262608753 -0.22641212728104065 -0.68415816916683825 0.36208496868029338 1.0618821712426132 1.7855401952684149 1.0393306563849349
 0.07457986784026481 0.12758740795298132 0.13495884603642139 -0.055945673494848296 -1.5305084025540827 1.8043558699409326 0.15669071267196447 -1.0444530591269063 -0.3865013571955751 -0.23223408765980991 -1.6098256546338785 0.54928091684856939 1.0865111535503065 -2.5673040760268804 0.4803855650630966 0.58645131956041674 0.0029315940717217011 1.0993728871848674 0.8398137437230726 -0.26577986594953495 -1.1683670903131509 -2.2036819404941586 1.9427543132049958 0.0925716502661829 -1.4333084115065133 0.42961577560724351 1.0501766630520362 0.96806680603640505 0.97722158037017759 2.3592085629468542 1.6305613232486984 -1.148285857524584 -2.5259643573650941 -0.3034283141453965 -0.25614801812389443 0.30719485167054489
 0.57336512030580267 -0.25837471048852828 0.8650449456333954 0.091135935139833008 0.23346457522545294 -1.0485450900821318 0.14460253534118075 2.0327878732845019 0.35657826410851184 0.50919467538704843 -1.6018114271453279 1.7857492222279308 0.11519865033851005 0.79584401310621 -0.80701542123871328 1.1627706016885344 -1.7679061593644299 -1.1015001537213731 -0.48346100503048706 1.3669938953683034 1.6582676675163572 0.78282496386422729 0.89533794403134048 1.0853542911608089 0.2012583769429436 -1.1565054584499062 0.26121174419234444 -0.70903654500171753 -0.37365398538109063 -0.80841484178012635 -0.7909322702500392 -0.57326242031043828 0.44638454039575393 -0.44857558562844907 -1.7022390953449063 0.75050095590780697
 0.099929244068097695 0.36758848311462655 -0.84676884612308478 0.05331005338522754 0.056167744224980554 -0.16345596837181264 -0.54943985807412621 -1.0018167665469568 0.28519521865473985 -0.82523336330619079 0.63460521162536299 -1.5039159511101527 0.31908657062488227 0.41495045795199381 0.3398991089392559 -0.80971653715779046 0.42873486293559704 -1.0097514300190964 0.98672199164574725 -0.60706967246967025 -0.44571536955414032 0.83774957681825402 -0.51338138992016491 0.04986007685307875 0.73336705709075245 -0.68664749637605749 -0.1520497905025828 0.52398785358121769 -0.28300964420997221 -1.319172805944552 0.80941167635198852 0.73376937273058884 1.349000000506839 1.1343696509982997 1.4917298292077645 -1.7620026272820837
 0.48543147939754788 1.3284760034155039 0.60932146748803562 -0.45917036731918404 0.092664495019825308 0.19243305054549131 -0.89631784548203941 0.53207233367855788 0.91054421599537094 -0.8653901551724803 -1.1615195948660904 -0.66802040372782712 1.3571525908183795 -1.2757680095772788 0.81563498683569735 1.661399507156236 -2.4092482537329643 0.31489187749778103 0.29278566226112135 0.3251429537325834 1.9108403158641998 0.40123048676503725 2.0801560202372658 -0.43029852943183977 1.0685374290151568 -1.4716470242349928 -1.1651287122133431 0.39896099404227847 -1.069325835044475 -2.3504136749878435 0.98640992008281381 -0.21357576493062494 0.22111432593564762 -0.93853448459346622 0.54772698100976502 0.060407312585152029
 0.17594170666342721 -4.141761199720368 -2.5737468789665039 -0.32553376324515321 -1.2119747323898693 -0.61031210913507672 1.3273530447569755 2.5756920788180246 3.2165294566281832 -0.12988747631676525 0.59887332775082636 1.849871985138076 -0.86298587754773037 0.44108237127714928 -1.1512360524331122 -2.051667883362513 0.56951315078522846 2.6025320806743153 1.5249936269061293 -0.69994188212961184 -0.76873890648751231 -1.098913998282278 -2.4833542008118941 1.2491685881976309 0.44611297454989068 1.715111178543083 3.0673805370451919 -1.757895329022044 0.44487315036679348 -1.1101408457709285 -3.8937682905872113 -0.65985195682170827 -0.16511735877149578 0.71645888095855137 0.078125191363053972 0.62353869492453662


